4.7379894234863e-08
3.7919946086416e-08
4.7065247065117e-08
5.6422455607494e-08
6.5236743531724e-08
6.3654560896112e-08
3.8293317059271e-08
4.0331379572109e-08
4.4849413543157e-08
5.2443667850087e-08
5.3332968482421e-08
5.1873196327086e-08
3.6390503858994e-08
3.7056525807246e-08
4.6519287053768e-08
3.7673975248853e-08
4.8238150634146e-08
4.4762112585265e-08
6.1633460875715e-08
4.9943658753306e-08
4.4598708528102e-08
3.3902092708787e-08
3.8683303658273e-08
4.2885278168214e-08
4.0888639065084e-08
5.5527175711124e-08
4.0725311210231e-08
2.870530834915e-08
4.2638997745047e-08
5.4810210647964e-08
3.5020009155801e-08
6.1133929388575e-08
6.5453448914478e-08
5.0889696807542e-08
6.2233498119761e-08
3.746110962661e-08
4.1761045474383e-08
5.1871161071755e-08
2.7470082170662e-08
3.3786335336116e-08
5.2982718963641e-08
3.9850898215735e-08
4.3224281726093e-08
3.7756811335258e-08
4.6137607859638e-08
5.1023678158486e-08
4.0587502899289e-08
3.2495008773681e-08
3.6592067972837e-08
3.6020309639971e-08
5.0649186013161e-08
7.576274467791e-08
5.5336304836429e-08
4.5214500656319e-08
6.1382957053985e-08
3.3192731053371e-08
6.3271212377373e-08
6.8111464471123e-08
5.0221732788611e-08
3.9774302301879e-08
5.9995372537543e-08
5.9530865335155e-08
5.0571634424391e-08
5.5569146861506e-08
5.5278257576135e-08
4.5943229159505e-08
4.7553699113499e-08
7.0576366769899e-08
3.5430283822417e-08
4.5407446224705e-08
5.2468698789287e-08
5.327892543956e-08
4.6258427251269e-08
3.9922433259154e-08
4.645229269752e-08
7.1146464676829e-08
5.8163389517176e-08
4.8924296539112e-08
5.4606208325198e-08
4.9889596952855e-08
6.1745912263768e-08
3.4834090219887e-08
4.5934368309283e-08
4.1702208329652e-08
4.3208655783012e-08
5.0911463282118e-08
6.2160508402114e-08
5.638420445611e-08
4.7341811625313e-08
3.9437916483573e-08
4.5634709957302e-08
3.5074541782802e-08
3.8647362419611e-08
6.2120889766054e-08
4.7761698128429e-08
2.9169383150561e-08
4.7305927807994e-08
4.478714140102e-08
4.7968740520557e-08
