4.5993909658168e-08
4.2183650323872e-08
8.7797070381788e-08
3.4389743257669e-08
3.7495317979031e-08
4.4039087485796e-08
5.1820915009961e-08
4.2059843724223e-08
4.2275823898326e-08
4.7665867432287e-08
3.8021105402835e-08
3.8116805927421e-08
3.6027225264867e-08
5.8281716048527e-08
4.36926646398e-08
2.9783118658733e-08
5.3640989607723e-08
4.1531030145108e-08
4.1158708047744e-08
5.2602965182e-08
6.6232455287682e-08
6.7803095644367e-08
4.9389941334448e-08
3.3851669269139e-08
2.2077437711604e-08
4.1087570925169e-08
2.7533178970854e-08
6.259191011007e-08
3.2155629343523e-08
6.0557665199448e-08
5.4823058272272e-08
6.4987111583252e-08
5.8498630915179e-08
5.3925489119223e-08
5.4029127646756e-08
4.1109013057646e-08
5.8880954872427e-08
3.4371461068169e-08
4.8660277542081e-08
3.9410985140864e-08
5.343796064626e-08
5.5744309581249e-08
5.321647408987e-08
4.6259753977241e-08
3.9285061264208e-08
2.9969004299781e-08
5.7938856270402e-08
3.0664423922867e-08
4.4077297955479e-08
4.7801486672043e-08
5.9692026818845e-08
7.5931834019878e-08
4.4322007342e-08
6.1417653248717e-08
3.4432241072485e-08
5.3010307611578e-08
6.1063279863919e-08
5.2279489335409e-08
2.7798121280455e-08
5.2832641158661e-08
3.6425250630905e-08
4.6872871076203e-08
3.9539104634868e-08
5.1129019876504e-08
7.5188486952919e-08
3.3470335939905e-08
5.5404295942162e-08
4.3086720575937e-08
5.2313257459351e-08
3.7603967299807e-08
5.1893147250517e-08
3.3403842127329e-08
5.1783160217786e-08
4.1691429624589e-08
4.9737328203097e-08
4.2197267796327e-08
3.3456316295416e-08
4.7960186616862e-08
4.9591202224191e-08
4.9346817689023e-08
6.3789650601522e-08
4.1227611909145e-08
4.3331761634634e-08
5.3546789614876e-08
4.847922212259e-08
4.6211769707775e-08
4.3792561753631e-08
4.9538367135937e-08
3.5492372387359e-08
5.3586171033033e-08
3.7115179782483e-08
3.2509786923741e-08
4.8612372634771e-08
3.6697824596185e-08
3.6061933930292e-08
3.8620156642353e-08
5.1654279515563e-08
3.9672847967646e-08
4.5735371612646e-08
