2.8777363603411e-07
2.8859541586888e-07
2.8680783987198e-07
2.8808362071504e-07
2.8877610256023e-07
2.9034192853584e-07
2.877990158695e-07
2.8851870853052e-07
2.9004098111029e-07
2.8879723083805e-07
2.8869818674684e-07
2.9034690069832e-07
2.8923564942951e-07
2.8752570022172e-07
2.8690319731703e-07
2.9111322889224e-07
2.9130539796042e-07
2.9000238823294e-07
2.9085637220112e-07
2.9004359731381e-07
2.9081214551079e-07
2.9084320399282e-07
2.8783660032268e-07
2.895581843955e-07
2.9164132223835e-07
2.8923300624646e-07
2.8937921917047e-07
2.9005929267296e-07
2.8898292482071e-07
2.9133861532303e-07
2.9107721028127e-07
2.9050234429548e-07
2.8814200786987e-07
2.8956082930383e-07
2.9112708195223e-07
2.9061684955553e-07
2.9141082683306e-07
2.8948490862618e-07
2.8973475564421e-07
2.9023548121689e-07
2.9013565842801e-07
2.8944737768464e-07
2.8938773883719e-07
2.8813072789515e-07
2.8929529457797e-07
2.8554867251331e-07
2.8928903828284e-07
2.8914187028633e-07
2.8873875708105e-07
2.8710411453488e-07
2.9053191789531e-07
2.894201232153e-07
2.9073593838547e-07
2.8990553647851e-07
2.9030805851572e-07
2.8777043325045e-07
2.8936796459136e-07
2.9011829449032e-07
2.8902884831492e-07
2.906007624785e-07
2.8937981062562e-07
2.9246874007493e-07
2.9008833957075e-07
2.8943478925255e-07
2.8817188342236e-07
2.880568726151e-07
2.8778872931671e-07
2.8813896952534e-07
2.8784932188452e-07
2.8977441578072e-07
2.8947713407685e-07
2.8979360893723e-07
2.8813734974136e-07
2.9032420902296e-07
2.8863619221994e-07
2.9042422921804e-07
2.8749656107466e-07
2.8948557120455e-07
2.8842616730938e-07
2.8740014097245e-07
2.882732126528e-07
2.8941043480864e-07
2.908978516859e-07
2.8849018880229e-07
2.8808299497429e-07
2.8831383169184e-07
2.8879183672646e-07
2.8909139309289e-07
2.8875840350202e-07
2.8937214159654e-07
2.8896128451133e-07
2.9272804360525e-07
2.9062837817409e-07
2.8842096256382e-07
2.8601300883259e-07
2.9088816986395e-07
2.9079486686894e-07
2.9057496739611e-07
2.8867914382997e-07
