1.4510148501084e-07
1.4815684841727e-07
1.4994525366878e-07
1.5007001729153e-07
1.5150242961649e-07
1.4639191671141e-07
1.4650401116452e-07
1.4901275134002e-07
1.4904249265621e-07
1.5120408293919e-07
1.4609871479405e-07
1.4641423422984e-07
1.5024794451587e-07
1.4538735352384e-07
1.5148127131609e-07
1.5103701216413e-07
1.5263878526543e-07
1.4867871216924e-07
1.5042544674899e-07
1.4441290655407e-07
1.4122643253172e-07
1.5111858474168e-07
1.4613621232246e-07
1.5081888543771e-07
1.5438043788507e-07
1.5402292935113e-07
1.536735717537e-07
1.4809851227113e-07
1.4913108211788e-07
1.4775710161885e-07
1.4783783158541e-07
1.4791260953809e-07
1.4769856515017e-07
1.4843362728333e-07
1.437231338784e-07
1.467880576391e-07
1.5007367178202e-07
1.485776448398e-07
1.5045273297607e-07
1.4552941109265e-07
1.5494564497872e-07
1.4434731328111e-07
1.5140983362938e-07
1.4975648536141e-07
1.47409758124e-07
1.4774702785526e-07
1.4662171097416e-07
1.5328434250563e-07
1.4890831938694e-07
1.5200960829703e-07
1.5021270909675e-07
1.5074870283008e-07
1.4950787559704e-07
1.5090117792015e-07
1.4992428324586e-07
1.4936770567597e-07
1.5097279972835e-07
1.4275684395335e-07
1.4829786436552e-07
1.5404633726976e-07
1.4956501005162e-07
1.4727825011502e-07
1.4899204721842e-07
1.5013700832514e-07
1.4987562368622e-07
1.4701926406389e-07
1.4996739677646e-07
1.4790128409223e-07
1.4681678832629e-07
1.4848456642033e-07
1.4753008313511e-07
1.4393227959213e-07
1.5029574779658e-07
1.5515048340104e-07
1.4598270653122e-07
1.4817996755541e-07
1.4441539067444e-07
1.4871952257481e-07
1.4715999063991e-07
1.5023793099841e-07
1.4388730791999e-07
1.4893325627116e-07
1.4821722500777e-07
1.4864576116272e-07
1.5191621474909e-07
1.4877995999215e-07
1.4531705938981e-07
1.4474340998995e-07
1.5664338703694e-07
1.4699186290475e-07
1.5002002566151e-07
1.4888994130703e-07
1.4614756827641e-07
1.5279785622463e-07
1.5253783445459e-07
1.5143851026952e-07
1.4911683327408e-07
1.4706472269852e-07
1.5273068191905e-07
