2.8986690219208e-07
2.8894652282441e-07
2.9034665655306e-07
2.9023486343103e-07
2.8991296143654e-07
2.8946525215142e-07
2.913005844068e-07
2.8953957041854e-07
2.8537468095458e-07
2.9028345268268e-07
2.9027049659855e-07
2.9259415073197e-07
2.9027112251269e-07
2.8995348873756e-07
2.8944392525017e-07
2.8778972941575e-07
2.8944453438462e-07
2.8842608527457e-07
2.8988120261638e-07
2.8904259183178e-07
2.9047612515045e-07
2.8928822304418e-07
2.9229893517518e-07
2.8897636437771e-07
2.8879599658872e-07
2.8997050624298e-07
2.8904951162146e-07
2.8872481341106e-07
2.8694449995154e-07
2.8860485429782e-07
2.8923161083852e-07
2.9136628104668e-07
2.8875347616304e-07
2.8823112616918e-07
2.8806067620323e-07
2.9089497228386e-07
2.8910978429335e-07
2.8862262677259e-07
2.893160680947e-07
2.9067446221013e-07
2.8979914941003e-07
2.8871843925463e-07
2.8994956112499e-07
2.8975761905696e-07
2.8919546354341e-07
2.9034368967277e-07
2.8891375744303e-07
2.8829399248984e-07
2.9117604609362e-07
2.9115022503425e-07
2.9087221245342e-07
2.8897828014885e-07
2.9086237708555e-07
2.8871827807138e-07
2.8827491457755e-07
2.8989825645411e-07
2.9013174498818e-07
2.8718493610457e-07
2.9130475795229e-07
2.916839074909e-07
2.9091022045177e-07
2.8876956784464e-07
2.9002288285426e-07
2.8747773798508e-07
2.8781304308811e-07
2.8900645009485e-07
2.9015261148583e-07
2.9229984184013e-07
2.8804784135259e-07
2.8831642267629e-07
2.8875284316675e-07
2.8868239201749e-07
2.8898192976972e-07
2.8863325610816e-07
2.9074948271088e-07
2.9159075874017e-07
2.9025043621811e-07
2.8861123656666e-07
2.9118608783108e-07
2.9067339595291e-07
2.8907329743264e-07
2.9007677388935e-07
2.8823348034036e-07
2.9029348280027e-07
2.9151248147703e-07
2.9064424668861e-07
2.8936486958243e-07
2.8941341119308e-07
2.8989425585242e-07
2.9195239344845e-07
2.897795457505e-07
2.9155799017709e-07
2.9111853735891e-07
2.8731252355522e-07
2.8978405810597e-07
2.9109997270407e-07
2.9257870608398e-07
2.8961358318285e-07
2.9180530546418e-07
