2.8837750403277e-07
2.8977229556393e-07
2.8723794840464e-07
2.91716581722e-07
2.9133589435302e-07
2.902204722887e-07
2.8876363750756e-07
2.9053248785568e-07
2.9071513234639e-07
2.8925507760774e-07
2.8967120059723e-07
2.9070879568751e-07
2.8849300936269e-07
2.895198678633e-07
2.9026991182481e-07
2.9009464494951e-07
2.9006741349475e-07
2.9071694575552e-07
2.8942691629656e-07
2.9046067755632e-07
2.9031596512367e-07
2.9040526375383e-07
2.8860653261472e-07
2.8833715554545e-07
2.9031437159432e-07
2.8935515802936e-07
2.883504704619e-07
2.8796105837554e-07
2.8935481165964e-07
2.9074247270852e-07
2.8814184141066e-07
2.9206530407657e-07
2.9087610257709e-07
2.8527853661885e-07
2.8824037388587e-07
2.9052211446255e-07
2.8935905649209e-07
2.9076057072668e-07
2.8876993009084e-07
2.9145673656141e-07
2.9036309599654e-07
2.9099298424306e-07
2.8821649258341e-07
2.9054617814376e-07
2.8859501501811e-07
2.8901371708678e-07
2.8991103003996e-07
2.9204956763278e-07
2.8589344101519e-07
2.9311000333238e-07
2.8786368907932e-07
2.8825700298239e-07
2.9027202939505e-07
2.9001683350414e-07
2.8837938779118e-07
2.9117980888711e-07
2.8949288605005e-07
2.8937255958345e-07
2.9106446263014e-07
2.9020889374802e-07
2.9038570904181e-07
2.9323508083269e-07
2.8960557607127e-07
2.8828481667893e-07
2.8832070851885e-07
2.8757528771647e-07
2.9034906326897e-07
2.8787805041557e-07
2.9156108572531e-07
2.8882428790372e-07
2.8808936554454e-07
2.8762686169318e-07
2.8928526101166e-07
2.8996134301617e-07
2.9223450288296e-07
2.8906407374264e-07
2.9097738608176e-07
2.8898236712182e-07
2.9178326601342e-07
2.9114153366217e-07
2.9124748133716e-07
2.9092467652249e-07
2.9206441246597e-07
2.9215945313839e-07
2.8893873553168e-07
2.8978135427674e-07
2.8838035793343e-07
2.9132413428147e-07
2.8998463539488e-07
2.9065193695621e-07
2.8886008064573e-07
2.9130522344653e-07
2.9191262691341e-07
2.9197628938897e-07
2.90098482989e-07
2.9025116684466e-07
2.9043009394238e-07
2.9026873508917e-07
2.8566481327704e-07
