1.4926738402374e-07
1.5102692783186e-07
1.4631406249231e-07
1.5036605464872e-07
1.5467847893304e-07
1.5252725358533e-07
1.4721822358813e-07
1.4480801632839e-07
1.523922476278e-07
1.4880165829163e-07
1.5152890578054e-07
1.4053594497161e-07
1.4723851565398e-07
1.4735438705399e-07
1.4807532506744e-07
1.4824444102577e-07
1.4895591334236e-07
1.5292692257616e-07
1.4755019392067e-07
1.4998143238989e-07
1.5134117692662e-07
1.4590617877727e-07
1.5191897945625e-07
1.493496033724e-07
1.4848708033972e-07
1.4766832481078e-07
1.5008254842286e-07
1.5091618722209e-07
1.4664017411398e-07
1.5168067473478e-07
1.5175665262615e-07
1.5157289157504e-07
1.4640262750454e-07
1.471950354536e-07
1.4603687450571e-07
1.4470563132309e-07
1.440862457664e-07
1.5098949001068e-07
1.4928564755367e-07
1.5208903142783e-07
1.521474813831e-07
1.575574138183e-07
1.531130910401e-07
1.5042312853263e-07
1.5229214784828e-07
1.5150903590041e-07
1.5161186970334e-07
1.5004616513168e-07
1.5213952327234e-07
1.5171562453041e-07
1.4644741505496e-07
1.4944641845644e-07
1.4900755675187e-07
1.5359279505558e-07
1.5048333737037e-07
1.4327113223473e-07
1.5043809670322e-07
1.5453516846558e-07
1.4609200214019e-07
1.5068356406879e-07
1.5384950691442e-07
1.5333194211972e-07
1.4556568996053e-07
1.4468603060014e-07
1.4834882544734e-07
1.5079245646684e-07
1.4901473636762e-07
1.4956023728108e-07
1.5213923180778e-07
1.5190342130483e-07
1.4889255903419e-07
1.5161817983141e-07
1.4681659673902e-07
1.5088813894277e-07
1.4935948269698e-07
1.5355158874778e-07
1.4346140481836e-07
1.4773985345606e-07
1.469000236317e-07
1.4931841894275e-07
1.5334083860417e-07
1.4346019111775e-07
1.5469017777436e-07
1.4745431584279e-07
1.5026052546515e-07
1.4762747856691e-07
1.458566743675e-07
1.489476965456e-07
1.5337844274402e-07
1.5653752556243e-07
1.5067823361971e-07
1.5269826284994e-07
1.4666036864891e-07
1.4758319368446e-07
1.4675417843232e-07
1.4668591165087e-07
1.4957432689968e-07
1.5183848974204e-07
1.486188891062e-07
