10 10
-18379.685546875 -21992.030273438 3139.04296875 -14246.172851562 5187.8649902344 -5216.595703125 16443.704101562 -13768.334960938 -16106.671386719 -4470.533203125 
-13442.92578125 12629.624023438 -191.63098144531 -23082.904296875 -2249.2581176758 29164.936523438 7049.4372558594 -29728.392578125 -4338.3872070312 -11995.177246094 
677.08801269531 -21409.088867188 -22562.333007812 -17866.849609375 2601.7973632812 -22206.321289062 -21884.87890625 5651.43359375 20673.814453125 -6680.9096679688 
3652.4642333984 10801.029296875 5966.5087890625 4708.2133789062 -114.56009292603 15066.384277344 5755.6254882812 257.2884979248 694.63250732422 2383.2766723633 
747.31787109375 6026.6909179688 3405.3815917969 -12337.754882812 -1567.1323852539 15900.6015625 -3851.3251953125 -14885.534179688 -678.6145324707 -5218.958984375 
8588.326171875 -8231.9306640625 5370.6105957031 6024.6079101562 -4592.0388183594 -2073.1169433594 11987.022460938 5253.548828125 -25924.200195312 2701.1831054688 
-5657.7548828125 -3532.383972168 -3489.7979736328 6966.6872558594 -20843.662109375 -10663.2109375 -16835.150390625 2206.0535888672 -10980.077636719 12199.842773438 
6503.8801269531 -12021.837402344 709.5511932373 -1093.9390258789 7228.9245605469 -242.97790527344 19744.874023438 5488.7963867188 14871.763671875 -21200.45703125 
5209.8662109375 -5621.9521484375 19680.96875 11267.40625 -6234.103515625 5260.6245117188 -1651.136505127 -3987.3831176758 -17457.649414062 -6167.3562011719 
-12318.041992188 -20056.374023438 2307.3084716797 -2538.0313720703 3486.3863525391 -13042.03125 599.70205688477 -6851.7290039062 -12745.417480469 -5768.283203125 
