64 64
37905568 96478624 -109681952 229775808 -115387136 -451976960 347751424 -374148864 404596224 265067136 -272774912 211159744 171421888 -229016000 72115552 -276857856 -332291840 -27989672 -45601232 174504704 105845952 -370766592 229688192 9837572 -123375552 -36192928 76581888 -128543520 72531168 -80658592 30743000 219398912 223437568 222164416 119689280 341873920 -277768448 103428544 93591616 -84782720 -605809152 -17865968 378866944 -549603840 -45901616 263168 -2977420 136405312 284890624 -210437120 -58988256 -240185536 -9874160 -150607552 -107859616 708610048 -265182016 -127281536 -167000768 12474016 160337792 134716672 -273314816 451963904 
261896128 -414083584 175775616 128093472 -44791776 -580677120 -69072192 -184306560 76015744 -440382720 12571136 924169216 -310553600 319847936 294555904 -9750416 53648608 107746848 113963872 6462496 -177763328 -355051776 360238848 -389432832 -33548552 -297417984 -347278848 108136384 239995712 -140088256 199502464 397055488 764769280 555407360 -154565632 393132800 188378560 -112319808 -52177312 -269306368 -64730144 350626048 -41566624 -496254976 313142528 122886016 -601774080 437899264 -256803968 -177508096 -21903648 -34533632 -96903136 442541568 427971840 405281792 34133760 -454072576 -29267504 610170880 -13278592 -415949568 164475136 458629376 
-43734160 210031872 5023420 250788608 191389760 698433024 -349869824 -150837568 112103872 354730496 211226048 -252547328 -17557904 116960800 107985152 -117422400 79615328 -221375872 -22349000 378270464 134184032 6974928 -277135104 79765472 -490542592 -211097024 77074080 -203558016 -326479360 433911552 -432052224 -428357888 461332992 41656704 -120251904 -158923328 -99112800 209654656 539800576 83527936 26517688 82229280 93413856 -261050304 81702720 -212356928 -8019734 -138585536 -121297344 -659309568 -149234240 -261504768 30958552 -406768896 -446699776 -184663936 -341001728 -295083776 -227226688 -24503920 -461103872 135539328 -105515872 76256896 
-34505216 310502144 -60950816 43373920 261209472 636181504 105730112 266321344 -353431808 -188866624 -120464064 -619980800 374061056 147461056 98408960 666142720 51822208 34114688 -196077440 -158246016 75572896 107619328 89490592 37887584 139569728 -221919872 68403744 -78019776 -354509312 359556096 108300000 -426286848 -532586752 -114969472 -33547120 -288223232 3596320 42353808 153857856 -37696784 459440128 487256064 266704000 -92969600 -487785216 -314831872 -42998640 144065536 122924416 -173563520 334199552 264275200 -100626880 -165365696 137122688 -77398400 -304901120 224406976 462867456 179612288 -533977856 -249869632 -169936640 -221611008 
38460032 -334486272 454160128 -9386240 -163972864 -268037440 -20265336 -22933048 189894400 -174051392 29645592 102246368 21671984 65191920 -69150560 -353116160 -146638464 -131495936 51997520 307037184 -204158656 193643776 318377984 119274848 115550464 103913440 -58897840 -526397696 182282624 -325792000 248355648 172961472 -5469853 290186496 274189824 158428288 -243638784 182816064 -68987872 302818560 -173666240 -55869728 292585472 -122425440 100579392 31792152 95732224 359368704 -46349216 418936832 -102581824 -48466736 127122624 59480832 65331680 239360384 394400512 -177012480 -322980096 -217782016 -102904608 -144750144 1244096 -144749056 
-68063520 -315164160 6636560 -309690880 478390528 350203392 -252359232 469013504 430982144 -170678400 -184914560 96411008 116015424 -208196864 -500895744 85218944 -104895936 -182484480 279884288 -138032896 -655852544 10039008 2679070 -75291168 245337344 54765488 -10624380 -245397376 -124517024 -51619984 -221010752 -89061408 163127424 108151488 309992960 166416192 -95607296 358419456 -132164064 3467984 311117056 -180040512 -330245120 215047424 -317395712 -553705472 -171126272 -101940896 -190986752 -316676608 -100743488 265182720 -18447616 -181733440 329495808 172542656 102960000 -205843584 -192141312 -107918528 36634496 -465904640 -147435136 50784 
-148529536 258414336 144662656 -292876800 315162880 160751360 186161152 -143887680 -137850880 460905984 276495360 170550656 217534784 34082672 163113088 -400089088 229517312 69599264 204854400 -6110784 -27865920 3107072 -103057248 -150308608 335744256 57080576 388445184 -299712256 268541696 -62158800 -164305024 -9819976 70791744 291595264 -102395296 41028832 -166183616 -20937456 -291619328 154045696 -57907712 5595960 -275025920 4175936 279102720 -188051584 118720576 246627648 -78820320 -287805952 -155666880 15260800 -174822656 -246185920 -102904768 -308310528 1540171 -177241216 504399104 -379645184 -216363648 -427183872 136091456 92558816 
230822272 -110484704 -110743776 -128875776 -24972848 154458624 65287184 149488896 131297888 83134240 269401856 -261486592 -100774464 252195456 199819264 -67433728 -30842016 -600306688 17790224 50292656 -154373568 215795776 424389632 65767424 69831840 9415536 634196992 -81854336 -45231872 -195208960 340376832 -58934736 539946496 151662208 25818304 222132992 625918976 -170154880 200955776 -291049472 -172562368 239024512 -150204864 -184472448 -409462272 -57140368 -166469568 200150912 -139065472 112919712 31197072 423058688 73732096 625166848 120139328 -207890816 -43387328 -531785984 -37030304 246149696 -59779984 193064448 -63638448 264242752 
253466368 492928 92499584 -97438112 -272520704 -613782016 54189360 -24221888 409199104 -513737216 -241894848 54242096 -400585984 -304708096 173248832 91600768 956416 -248284864 -544860672 266357248 61217440 -82585728 309710592 -100670336 -271978496 -177115904 68462592 -292706304 67930816 154452480 669955584 -61087104 -93817504 -323374592 -659884032 -390753792 139011712 43717792 202644864 115186784 -184994432 384180992 -351025664 -117041408 39333664 -96811776 -308540160 236269056 -167130112 311517696 30901760 124871808 -443693312 7650920 19086560 399271168 -232421056 137521472 -77287104 95198528 152548992 427727872 -341676032 149852800 
-691075072 -353068032 -166443456 -202933952 808162304 -176539264 299611136 -217605184 -82382016 258734592 326291456 56178128 149872320 536422144 42591104 21483888 184579136 -10306848 549538816 -305914368 110041344 81107104 62443424 -47400208 384763648 226212736 82373568 -189726592 -13341776 -71477568 -98728064 -3829376 -252229120 1107760 254257920 123324416 -4060880 595030528 -178860160 88034304 -554468352 316480256 -395284224 -162456640 150816512 354619136 -74104320 -75798912 103376512 -613253632 148310784 88692928 -190954496 94114240 401723648 29841560 -95029152 48248432 -78817376 642499584 -20790144 -8419824 -524168448 -344409856 
-217971200 -16949240 294981376 -228912320 185960448 -227640704 -360809472 398539008 -57602496 6369489 -712163328 131851040 -555598336 987587.75 -40276848 -499727616 -177890816 -122067456 -309828608 410037760 -450473216 -19924728 35062432 -49928720 -5661760 296683008 143350400 22720248 -409667584 37402272 -393135616 24058448 406941696 -293187328 163070400 -751502336 -191543424 6852236 75618080 -387505152 -66549264 -66952240 -101522112 283090176 -136024640 121997600 154100032 -299934464 178362752 408767232 -105672288 311984128 56807968 272524800 -321074944 -42449728 420308736 193603712 -471486720 -38080912 90974400 244326848 11841872 182692160 
356183552 -80691200 377400832 459351040 433786624 133756160 306515968 -232711104 434296576 163200128 406128384 -457201920 79255232 -202847744 38034768 -190731008 25828800 -538624000 268857600 -316585472 -387829760 -146889856 -263558784 -98801760 -42691312 112831488 -81865568 -305503488 -343749632 217991168 -620914688 -419912704 -22810640 -146496384 405270784 65262528 -181508544 503150848 484273664 532841216 -101233536 336452864 355444992 -305551360 384447744 -239412544 -232934272 -221171072 558672384 -179169984 -209037184 90717920 -324802816 -469149184 -193993856 -89894368 42925792 -867345920 -339598336 -326003968 -428498176 75145088 -341199104 259234752 
145425536 462378752 391655424 65501472 46828608 578269184 240672896 497161216 -104335104 -137700928 -433318656 -640295424 511579136 -132947072 344617216 -104291968 354668544 -41412864 -367156736 -358504704 122129152 -54692688 -124890848 -318699264 -347160064 298278144 31263488 -50283024 -59896160 -125782560 -293428992 -303953920 -178300800 -126830208 22408920 -133357696 204059136 -111163744 109450176 715147264 327986944 -129224992 -385478912 140837760 59832640 -393956608 259511616 -381035776 68424256 173851456 79601920 492127232 -325550080 17712776 -333256192 -131602112 118645696 165986432 127792384 -355301888 -528166912 11108918 326377216 134593280 
-19473480 -387821312 -74113888 167534848 160051520 -309939456 -132112160 210155584 156634432 -300279296 230067968 -81207648 51381248 32719232 -291474176 -108482336 270168320 -222872960 91450368 -631117312 -237853824 -42983744 -182624576 -118175232 338018560 20511264 -270070272 88478112 -41238416 -450969088 -25909312 -51217952 -270379264 10042964 285998592 31249304 -105930944 404958464 -318420480 14622960 -257107776 227733632 -381752064 -317114112 7962714 -158003264 -140369856 208399552 55015488 -565228544 -38752512 154111616 179898112 32309104 194892672 49872144 32444536 174184384 -48216176 503057408 -529012224 -85988096 -212541440 51206512 
272026368 323641600 82850624 366244352 -95939584 224946240 469625856 197384000 -57142352 65373888 247364800 -21968672 98778496 -103204416 144839232 76336672 124076160 112400384 485723392 8626608 -196762880 74166432 -384298752 -214630400 -12975712 59088880 315291136 -75366464 69923264 177770240 10100934 -13760504 -37149680 -245356096 -241002368 -276916736 -271673856 -146221312 129261440 275709696 -210677824 358579200 -466363904 -337406720 -242521792 89799232 41827440 189542208 -31738784 86318016 -214399872 -18002592 333334784 -363319296 57726528 -316446464 -256002752 -330984704 411291648 -165796160 -125979456 -256063296 181360256 136868544 
-186204032 77641600 -14585140 92452896 103611072 430486272 833038336 -116488800 368158720 -26383584 281093888 -460129536 400944896 -426415360 -306818304 61069376 41964144 -217565696 -4006131 -493221376 -71752320 95671104 -184044352 76601408 -13729612 -224625984 499074816 -359604480 -93048448 59909264 -477205248 -60596192 -274698496 295297280 81632928 -85133312 -292031488 242202304 -14802562 305309696 -626017280 21118912 70425568 -478552576 464215296 85709184 -403965952 138839936 -62308448 -436114688 231063808 -145550784 -147405312 -441023744 329306 237696128 25104448 -252093632 -305140480 279470848 -436778496 149931264 -324110336 -346706944 
-111106528 11306140 102068096 53937888 -130773504 -85343296 -324916480 -726744576 -256865344 100096320 -118387520 -422451456 91143488 441429504 413671680 155676224 62838880 70902080 -80426464 393182976 -3365712 254170496 -14387328 -261343872 47357792 -306084352 -107994496 277099776 -501847296 -170800128 -15554324 13970392 -140841984 -359689984 -522041088 -373969408 -18297408 -84722464 211768256 -131571328 -120347776 -169438336 -729604096 -342360320 58519424 -321548544 -281374976 -99219520 -272031232 -253962624 40982144 235524032 -235025792 -273485312 -111952896 -207251968 363417344 230135552 -48715264 353964288 -155871424 -206578880 125675584 -4491104 
665240 149445632 52835296 586721792 138638080 -441584640 -217563136 -437061888 199172544 -105211456 742625792 -48215312 21868432 -224181568 -143546880 286561024 -32378912 -100251008 -109915168 -71893248 149787328 335507968 -625149952 -68269824 -248811200 -80820320 353344768 -173819008 94224736 60746816 -263561856 -377148416 -156331840 -87272576 334717696 -65168256 -150015360 -109030848 -175184192 -28926992 212728128 216375296 45907872 69453760 172139968 -324638208 194546944 -6047196 -67148480 -93695712 14020736 -111427520 61449824 -435730432 106404320 -181082816 53515008 11908502 143498176 -447524608 130789312 -162634688 162090560 305320448 
-72328000 -130738720 146945920 163216448 129965056 -181831360 -53943280 -509216000 109805984 -146954176 -397118464 -355537152 -255811648 535531520 326356480 107054432 -464886016 289644800 -251416832 -221685184 -250053056 -23878464 451058432 -253263040 -35660960 -125906080 6474762 66407040 -262248448 -217845184 384773632 -278879488 63182752 -40690176 170531520 555012608 -2827752 -107836416 3055039 -168845888 -167813120 426031872 277786368 281160704 -75937824 -54001472 -304340736 -379988992 -573599744 -35090976 98696832 -158105152 465342976 -538836992 -165463104 -472683008 -30441720 57593760 299574528 -200600576 -79100992 -40268208 527006720 278456320 
361451008 86593536 -69068032 336288256 -156440896 448239104 373538048 93867904 23253752 -492091392 94013696 -765647360 301379328 101167296 -130013344 -439902208 -79315808 161560128 60656528 -402465024 -171958144 -248143616 36482288 -117756800 -147240064 -178291072 82893760 -92639552 -49104208 -264322944 86989408 -162631552 -21742776 -331971840 -69089952 -36704432 -272361216 64373824 -160109632 437632000 168494528 290807040 -154172352 266154368 -135337728 -24944512 -327697152 49229632 17159744 189138944 -55419216 54384576 -177321856 212397440 104863168 -185960256 4760280 -145450624 350102784 113140064 -128287488 92032320 329124864 -238436096 
250146816 105758752 -197982784 26667048 -332602624 463999744 13834128 242345152 76298944 -215167616 531095552 -764905984 -255751936 321769984 -324820224 -148054528 52780544 -409444096 12944638 -185353984 -326563328 167749632 92122528 481222144 -59548592 64683968 401123584 553860096 21827712 -170849920 471595264 -685650944 730780672 -151060800 68387552 190794112 84091584 -149611200 131946048 101388736 -268356032 64632192 26053184 -258093248 -339283968 -168821568 -106281024 110673280 140494592 -276589312 -329455360 367378944 167094336 18051064 -229686016 -418700288 116197440 -363220992 68448128 255139904 -16523664 117312384 -8060512 65722640 
69994080 240290496 -298603008 -315752960 -253523712 -397826048 -153990720 69771488 447080448 -92678048 -541785088 265221056 -230362048 -289827328 -161901504 28872088 -343939584 -415666176 15619724 32285024 -808330240 -298390528 184610240 139067456 -85010208 250255616 152576000 48655840 -164601792 170313216 42709904 -22863248 558762496 222540160 41338784 156570368 -227259648 -161250048 410881792 -263727232 -98304000 -3613000 -257578944 577744384 -420815872 -211819584 -253338240 -701486080 -54236912 477673984 -48607984 144571520 305427456 -457277440 387601408 201750400 -53040560 -439707904 -281071616 79154784 440640512 40799648 1250800 125905664 
43662464 103607264 -329648128 384604160 96449856 498009600 295694592 -275240960 -259158784 88884992 356570624 -359236096 319145984 11607270 -175335744 -146221056 -438065920 -230604288 102535136 -209414720 -79667584 161957248 285999616 75364800 -30419872 95124992 551121920 201038208 -274490880 64019296 -86315232 -331108096 -111790464 -518827520 142652928 -72944896 -285069568 296737792 194553728 -6473008 12877232 267396864 285460480 -332996352 -451653120 -286109184 134329408 -52135968 258093632 30870560 174427392 348073728 52364640 -72257152 -310781696 -274998784 -4373316 -506137600 -88451392 392560384 263325312 554229760 -429567744 -27600224 
-556271616 211182080 -83192832 -414979840 -95558528 245360512 289691904 -138356288 -34179648 63967104 -24236768 -121907520 209862272 -149721024 294945536 -236713536 -49536720 321237248 -303314176 177082368 572235776 -121736800 -217432448 49456592 -103992480 121725728 126628768 348963072 -506037504 -296310784 12001846 388316672 -323454976 452077312 16715418 132495808 20004560 52493184 12269040 -103294176 -282981632 -574783488 -578319872 -241560192 102396736 13178320 61568512 -91341824 195750656 -110589088 -21197632 245672832 57343408 82272096 510879488 3522042 232594944 561134080 54792224 297615104 108814048 190633472 -142005696 110704128 
-27312824 -84888320 28449424 -213622272 317340672 96340608 -288584704 -120334336 313224192 -278427392 43553088 -271693056 -224451520 449156096 200176512 -247593536 -69076352 466862080 114214272 337109504 -279945984 -150564992 191545664 96686400 -108725120 -413063168 236527040 241036608 117119072 -30762416 364539904 -145267648 88540928 -259905728 -433800704 -225480320 132493824 -66986112 -234381632 389167104 358755840 16266944 64598400 464433152 -685582336 -180368896 23570712 -28891776 -116746720 375746304 -703216 118139296 -11665536 -80476384 58365952 -425315584 -55051088 192689536 408769024 -243969856 435511552 292225024 224684416 401076480 
-252658240 507571200 -260108800 32281496 -65904496 178328192 -341072384 632787968 -478336256 -62203200 -409937664 53488336 -50082880 244818048 3095856 69620256 -149954752 457565952 -94997056 256710016 224240768 9897438 -458855168 242895872 -266131008 254971264 -168820544 338350848 -156284608 -14851764 190789440 79329760 503674368 -333605120 -160187584 -380923904 226156544 -239272768 60328864 -271791104 490617344 -231415296 -496030208 -5941524 -56981536 279657216 -42580080 -79684448 80657280 9503196 -494102528 -61801248 -55372320 266606976 130991776 259709632 103894080 175358720 187453312 445622784 366551808 -243489280 360459520 -30861720 
-72005184 174195264 293935616 -121283808 -824102912 225200256 458350848 556146688 193001344 -212374080 -213986880 51075136 -365064960 -233345280 298647040 -261234304 -251148608 -348949504 -218997760 442002432 317308928 -76813952 -25460976 -2351434 -268311232 -133278144 -82349440 506317312 -54585792 124574304 322103296 317988864 157438912 312024064 -440531712 271848448 -395270144 -52415600 203726720 186433152 -430766080 -518755584 -377771008 -556972544 111180544 -129298016 -374976000 385929728 137663616 -9962688 -146448064 136603584 385946368 -98754560 84445664 136579776 130003968 96874400 -260936896 523631872 -320558336 694703616 -388313856 209767488 
-262887616 -378680320 174372736 120438240 -89799456 -344300800 53555248 -71717504 -84467424 -513219584 -181463616 577391616 -255186432 328851712 294092288 -239251648 339416832 170010880 97005856 192553344 -458622976 300763904 -46291312 -457477632 49474896 184808064 50882576 -72598880 155533312 115047808 -484350976 258660544 188946112 -6649976 309724672 69940160 -598810624 294352128 -72027424 -498376960 32188656 176939776 -270420992 -83327648 -386438656 280144384 365103872 -189010240 62480080 -105565344 8053456 192510144 -811280 88914752 -24764048 -307540736 380971776 -63172384 305822720 84399520 54785152 -432715520 236487552 -88416992 
72028640 -479800064 -76612032 143088576 -218940800 -27816576 -53129024 82922464 360451328 -85568384 226485248 -67547648 -152161920 -143400832 -124801056 22762768 -133684160 -287316480 -505772544 -191321984 35986064 367200512 37169856 132834528 -9120452 -319042048 -241055424 -310997760 -213526208 11788832 91266016 -651695616 -104729472 -294883584 -105926912 -149839488 104181120 73111488 -318373632 -87173056 -183046592 59118480 41379392 -174267968 457489664 193318912 -295922688 289976576 -191918592 -309862400 228976256 73538560 -105994464 -247257408 241608064 136075968 646218240 84808256 -357166592 680458240 -409264640 322612992 -92700256 -274617856 
36006880 89594720 -86452672 -374798848 -108889344 -288332800 -340594176 -127705664 -175445312 617713152 26553808 -293326848 -117758976 6100269 -41937776 111169824 -199243008 -295398400 -4399084 22856512 74408416 38351120 259965504 255807104 30181816 323225088 599321600 81581728 216317824 -230402816 32683776 -1505664 20568184 -349691648 -83864928 -40666528 239850816 -481184000 -157318400 -160687872 451831552 80609376 105383424 633851392 -512429056 56598368 233491456 -175154624 119045568 225364224 37283056 85715456 -25914208 19422072 193900352 -81416320 -42492384 32655288 202810560 -136621248 328068608 231771584 309508608 -129200896 
-31743768 -95345152 -235111744 -256137024 -112298880 367371264 215601536 -92582752 73718304 -93043872 52304160 -260194368 -91230080 418948352 -162281920 -351075072 -185317632 459762944 311167488 -22408512 -326423808 -340783872 102484832 -3211320 179766528 -79910144 -91589632 -42266656 88473472 -370215936 91438208 -341532160 26765744 -207121664 -25338248 228720064 -546118144 90989792 -243548736 225703552 -763221504 -224020800 -263340672 74903968 -48808272 89638496 -29233440 262004032 51100912 88224640 -180697088 134347648 -263757696 312458752 429109504 -255564416 226245056 12894580 -60012832 -56600272 -54796672 -113677504 -206628864 -29732176 
-173566784 77154560 -343729152 84448128 -89912768 -69109888 -2716448 84884032 -11243384 394397440 301320704 -111568160 -107362112 -399345152 -125520704 87044832 -16461752 -198183232 -215690368 43148336 242861184 438720000 -170377856 13639726 -113187872 -45717920 96431936 33709856 -135798400 309029120 201181824 -414922496 -169469504 -531441408 -36462368 -218036096 -146651456 -327897856 38319040 62792240 -295207936 -125999456 234913600 20292464 564400640 10287040 359494400 134133184 563377152 160287552 -131178560 -206900032 -447865088 -587709440 -82932992 -197603328 19854776 313192960 212355456 -18939624 106065056 620655104 -388079872 230040896 
-179164544 -439053824 -75084832 229158080 129433344 -446266880 -83748928 -140324096 -17243904 -746979840 234909056 94123392 -30274208 -34384624 -455707136 -373804288 -110385088 185642368 71620352 273527552 -119786912 18688928 10943124 -154528192 233970624 -16012162 28475272 105579296 189429504 -418538496 111227904 -158811520 -56583696 -363033856 535025152 219045312 -459135744 303703552 -270592256 -71886688 -138476608 1780982 120304960 66155008 -62902656 -141797760 111760704 -37564800 -541133312 -340427776 -92430688 -70529728 94108928 159986560 -121164704 -209346048 -102128800 93931200 112472128 204401280 402443008 179944704 -159722048 -248630976 
-534123264 -417754368 55292144 -362906368 434978560 -20199024 -121330176 -199618368 327199488 216098432 -141322688 356163072 -325455360 607611904 627431424 -284567552 2325200 63712592 160568640 44710832 -188353216 -499286272 94239552 -310158848 -290605312 -266253248 -430269440 379133184 -103833472 300433408 -146815680 -158043904 368999680 569221120 353606912 936285184 -47310432 443150592 170009088 -54725056 -161028480 118020768 9925056 92725248 470861312 -86388352 -637590528 -8086416 330055168 -353523968 38276960 -208164352 -157423872 -50455296 99386624 263045952 40962880 -24346048 439383296 311626496 11021408 118637120 -70983968 281839104 
-219939840 -205073088 280920320 331032064 355425792 143323136 -393681664 -18072528 -339568896 -399174912 111654336 171159296 179322688 738269184 227654784 -117026912 -140400512 475506432 61482864 160031488 197824064 -258292032 138729088 -91686464 -65061488 3899616 -74344352 481842688 16789120 -108247936 568727040 396131840 355914496 275642624 76835680 432140288 -67032160 146301312 135992000 42671424 -60291648 340741888 -171343616 -28317240 -85517952 -76872384 -351129856 166298176 -179097856 125750560 -126821376 -45471264 408750336 380389632 -121020128 -183261632 34798400 -252741632 -123564416 688997888 48312928 588200960 -121750656 351987712 
-360584192 -26563312 294446848 179120960 19719392 -119954496 -489905664 388041216 -232398016 59935760 -248524608 408682240 -17869536 282358784 82615904 323083776 61993376 134873920 -218801024 417586176 -24677008 601929216 323761408 -359894016 102867648 85857152 322057984 92478240 83049696 180754048 29786144 437005056 146252928 610441728 358055168 162391680 -628600832 -421480192 204726080 180540608 420115456 121857536 333151232 57190944 178372736 -247527744 -105680768 310137600 55244592 252844096 90857312 -366970368 278744064 -168574400 -88056992 238029440 279565312 -46486208 52775728 229304384 -327385600 275594752 -76074048 -51961376 
-87406272 149272320 46558400 -432208384 404144128 -114288576 253415552 290113536 -2968986 22225280 -160398080 183940736 -116601536 -543695360 166361088 -780252672 27603048 -281368320 192962240 -88675936 -41108416 -189454976 -350288384 -115824992 193773440 185428352 -27966872 -238221120 -135716096 -29285360 -751157760 490436608 -71358528 15880576 528026368 -154164224 -477502208 439958016 -287938816 -223130752 -93697088 -296860160 161673792 -130124128 -2384700 49128912 -229051520 -17799072 236545152 -47802624 -14392200 -129316960 -474760960 -126324576 -461671424 -12537192 -46452064 135761600 -34917712 16694234 28823864 -13998000 -67090176 -433853440 
159213632 271074816 -120294752 69456640 -75260512 -112832512 -281201664 -407586048 267999808 351762944 -1549336 -150463552 -301855232 -2375930.5 8849704 -171873792 -231662336 -1392224 -166054848 -338607872 270059264 73344928 134717888 -139483200 -239202816 -492591872 232869632 -12111094 152097152 211742464 -180280192 -223468352 637517312 234192512 -159155136 23368864 -30470544 -540871168 162569664 -423869696 -228393664 433685504 119911456 277288192 276967680 203235648 88472256 58294592 -202844224 76191296 105087680 -416208896 39863072 -475658752 -470477312 7398519 -98571584 -218986304 210313536 -120017824 269281024 -57666672 257166912 47073760 
65244448 238552064 -15891104 -63578944 273484544 251569408 245275648 -16861504 312849920 9159916 164237696 -96229952 -128031488 -226085248 173024448 -133435936 240317824 143908992 429035264 -20710784 30129888 -177756928 -405366016 49238000 -313327872 -175240384 -286108160 -272069888 -131390336 90843456 137896768 268956928 -180653888 345673472 -15556576 337660928 -172217344 158477632 -147577472 488480512 45120176 -247641920 -141363072 129994176 293466112 -361312 -275537664 260498752 93906784 122485152 -514885120 -359963392 -125535744 84487360 49303296 -91339168 -503344640 17470728 8710928 -259068992 -102607904 -238145408 55836112 -470235648 
280571904 -45345888 245352768 -310707712 -174111872 97697120 -89132800 208278848 45064160 103519520 109880672 238609664 116727872 18708480 -398291456 356466688 24806704 -346797056 -89887008 -512381696 -157358336 -527898112 44864816 213268864 -104656416 -165450240 -397649152 156118272 371788544 571098624 211345024 280980736 -222537344 -139758592 -424873984 194598848 6592320 275993088 92828 317295360 -109946112 -117422880 497023744 127654016 391833856 546417664 -248965376 366899968 614297600 190942208 -88798688 -222922432 12572368 226929472 218124288 426813184 306413568 -30637088 -521055232 -74559712 258724032 583091200 -377050624 54774768 
209366720 -26816280 494144512 -87780352 -383436800 -242586944 131834176 85162400 -39727264 -609472512 -369990400 38401792 448567040 -374123264 -516559360 405041408 -118270432 -461326336 -257745536 99336064 -385505280 30960448 224514304 -89687296 307217664 -335286528 232394240 -126492800 193436800 310982144 -162366656 -160785728 -237494080 -252128320 237540032 -623778304 -176231808 215816256 303994880 60714400 -71328768 225773056 69639264 77933312 -90616800 124548224 437014528 595810816 44700960 176366336 240394944 -54012320 456510720 -251286208 -254812608 137339200 199520192 -159169152 -487792640 -396320512 93436416 239053632 -158026176 65653024 
-96007168 113682784 101841216 -165167488 75229952 365386240 -34626624 -187587072 117992128 315361024 -82021472 -337356800 -69750208 -344399104 132713120 178240960 343328256 53979104 27800256 -445700096 2722176 295476992 -21354520 -69385760 -102218272 293723392 -23059440 -92787904 -657214976 -235796672 -50897008 -19440312 -660609024 -344067840 601044992 79323072 257077632 147959168 427685632 413673472 69508832 100458272 -54381824 -54353600 -71409024 -721100800 83742080 -396655360 123868320 -230296832 -486177280 -201915008 -262366272 -202368320 -401206272 -51072560 -367250688 194023552 -89313216 -331073280 -529516032 -417767168 103719808 -431453696 
-105039104 -434550016 398279936 378119680 400498432 360173312 -48084896 170815424 -35595104 -320946688 59227760 36608944 -83671360 -16376158 -56906928 528736256 -15233804 194553408 15038540 146003008 66114048 61715584 -291297536 -342266624 -421879296 220899968 109977056 138251712 -169351808 138896064 -184658304 -431551744 289281024 82437088 277420544 -116008448 160923200 221160128 325263616 373623040 -134858368 84669568 -47511360 -219863552 160332928 -169598848 -52051520 -15947656 -212494080 176714944 143608832 -144863360 296304384 -200929216 -285646848 -123043712 567239680 -134432832 -175471360 -123565664 -161823808 -419578880 118157344 530843648 
44749728 298390272 19761720 -144991488 -202628928 -168346624 -171312832 198893824 -337378816 268867584 -110478688 304589056 163088384 -62604992 -417953536 -223632768 454434304 -148203264 -442180096 -308303360 -55024688 -74565216 -111617504 139769152 134732352 -293134080 -100489600 389401344 205225920 408206848 71512192 214323008 -253334848 -160486464 -293239808 -241719104 374352896 123799936 -343201024 101518048 172811392 -139391488 -31186184 498710272 203924032 -62112544 538905088 45644576 237931264 -120093440 -63255488 -390705408 207841152 66142992 -490616064 -38899584 -365613568 617091584 223705472 -290602240 622569472 3560738.5 128493120 -124207712 
714321408 -209786240 -152699456 22709008 -368402688 -268621824 -344484352 -172612672 -280086016 -187278400 42515072 -15665228 -87541888 129795136 9799034 238993728 -75537024 -278292480 -335417344 -39287200 -96454688 49661248 129037216 -473624064 -198608832 -49840544 295117312 -268188096 219398784 -227442368 -150944064 -268135616 183652224 -370905344 153066624 -371678208 -13923510 7876706 -288710912 -81772704 272352512 191921152 164588160 -188108608 -79567776 128599616 -314061824 188537408 74782272 167135360 278839040 247109312 -79051424 430175232 -202410816 157284224 493023744 -173471424 -59403264 116625792 69090560 -87651488 735686656 548174848 
-60470816 -194440064 264078080 162636352 141037504 -234672960 -121300000 -78068864 124905344 -423777024 -454726144 78589888 -215567168 301339136 -127700864 -12792632 400541440 -160572032 -476056320 -277263360 31875200 135380608 166282176 129367136 -294037760 -360400384 -388226816 428459008 -22882120 491327232 -769467392 -17180184 489970176 -59240512 87992736 -156216384 144893632 175743040 -119234464 -24912840 439302656 -162255936 391490560 -122161824 387973376 -198181888 -329252352 -80831744 369112064 -247771904 631946240 75218848 -158855424 -218667520 -232969216 149273856 316015360 -94430560 -241579520 124175296 -176086400 236101760 -539668992 -139322240 
-345304832 -104613440 198426560 230613248 377149696 -335529984 -304542976 140061888 -639980032 -308780032 155248384 398829824 282646528 124006080 158596928 -231353216 501919744 194836224 106321984 564160512 315923200 279328256 -220426240 194263680 -72367296 667117056 -206913984 -98352192 13613066 54087808 168808064 402770432 -155357696 -128276736 84347840 -246052992 -31733120 305673984 309163776 -94111936 69233120 -217611840 -320562432 -581193216 -126094784 521018112 152592256 -12220986 -55004000 239692928 -131057728 263120320 -27255504 483502848 -269871104 180989184 -40465904 220669376 -353570048 271094528 4021824 -84815424 -173564480 -38978848 
-34985040 518216704 -8376528 136282944 -17847376 232426944 744898048 -32773688 101625152 -158121088 286918400 -193052096 590961664 103998112 189777984 -68848672 412935936 -39656768 155024384 -328003328 432732672 97165248 21645200 224787968 141216384 -7810000 35133952 -323888640 117925760 -124784192 117315552 65149152 -435883520 -172678784 -192661632 -218656512 167082304 180093568 56672608 478942464 -158788160 44704432 -118077632 -635414016 -205127232 -103713536 19753664 387184640 -41701120 -69278848 -36045728 181998912 -140236032 -376157696 17498056 -49151632 -490287616 -79343872 -30618576 -314072320 -168229120 241784768 -275312384 -278438656 
-343411712 -46012272 -49063136 -200617920 -81813952 -58122544 73752288 325905152 104196896 2089413.75 -53313888 677541376 131745120 -318299136 16581610 -280663040 -186746368 -408986880 105611456 491602944 -538040320 121474432 -107210784 212736192 466912768 102707424 308518912 -70385632 209358656 70129088 -291101184 168679488 467249152 442211328 15564852 124263552 340555.75 370532352 328789760 -280272896 78447680 -496162304 -313426688 -53210368 -418932224 127354656 28428136 -123342432 -421607168 -15670574 -30050320 -132577664 318270720 -82072992 -124622656 -54016800 206265152 -499600640 -106030432 103788224 -54450480 -81222272 -36007792 -92228032 
-67361088 32253176 224150720 -403610112 475434496 380380416 -41261936 392367360 112556480 -377825024 -342478080 -441495296 -186937216 -59782352 120914080 -735297024 -64173920 -336137472 -14354012 32907232 -160840448 -162916480 276599040 -229937472 -132528064 66956416 48158688 269093120 -94716608 34381248 -271953920 -27314320 552170496 439113728 222381696 264465408 84287584 244321792 -164566336 444608256 572080128 -341308672 390177792 345637888 -169083712 -621906432 -67479744 -293187584 374846208 -263825728 43852528 372235264 -356394496 31575064 -364406528 -13600920 128666816 -59130640 80071104 -2376748.5 151303872 76040736 283484672 -139229952 
316562176 -212159232 -258666368 -129103808 -44726048 124218144 -552248832 2742038 -15873536 150207488 272516096 -53334928 281781248 286687232 -88589952 23235088 -29440544 -300093952 342795264 170199168 -3634976 -38208192 13905536 113812800 97269760 -92037440 -133166176 482107136 48336400 -58620928 218038080 79252096 360978944 -58301472 231141632 -44921600 397139712 -312668928 -103096608 70659328 694784000 -226772224 360317440 382719744 4794232 -235472576 -25548736 20516472 85279808 25232096 -319788544 -54233776 -35724416 430792960 45039792 63167744 214079424 -275699456 28050880 286465280 237573120 105369728 236383808 -372266752 
-11037858 28451232 -5098307 41391264 619988992 -27197976 -212916160 -449129984 46341264 528167680 -429875456 138242240 -41970928 559652352 198848448 225339264 48461680 4310522 -137403648 -413119744 271361024 27457776 327010560 -395171584 170839104 -25250624 -159590912 -313913600 -230712256 -319896320 -262774400 -75574112 379296256 375709952 326770176 528823040 -29770800 -139958464 30636816 -356645632 441959680 159324992 154285760 -152428096 82894848 -254378752 -23142872 -261761408 -508937728 -170086272 436798976 -218127936 19965288 85881312 -10030308 -180242368 137454720 -192272576 325369856 15349674 -401107968 -629956096 -242133568 10712402 
78097216 15656698 80906624 -331101184 -224873088 234013568 -385728256 -61515936 137675776 939205120 -4803200 368491520 -279446016 1276848 -298876672 -385067776 207721728 208298816 -16880432 -516238592 -199608960 -10029608 96338176 -443843840 -154649920 -407329792 78701728 -20789360 -153031616 149556928 -319678464 318465280 166956480 557607936 124965920 257528832 -135282560 -638489088 -112104576 -153297216 -284648448 75923648 -458753280 499549440 381852416 -90174400 132893568 195934080 -13792696 205428992 -202885248 -119686400 487936512 -169292352 -118208640 -143456576 66268496 159782976 -149911872 -31741992 -99436864 -248379648 301472768 359901184 
192942208 176409088 -299438592 63021680 -149431104 250138816 315041792 -15797816 531159296 -318490112 144204608 -363473664 14044684 -138613824 -55615616 220300928 -571995136 152189056 142658880 6595033 -159276800 -632135680 -121320576 -307327488 -131922976 -251897984 -94902816 241418432 107769344 -396210432 359516160 -337815808 28279808 70254720 -593754624 185966592 613003264 -164355840 78300768 222966272 -275979008 61112912 58445248 -51953104 -364832000 -335920128 57476192 17780696 -668357632 57687648 -184247168 -27496600 363972096 102410432 -87242336 -288886528 -200559168 -18244176 486247936 -212250752 230619840 -161441280 146233216 -90305984 
97773664 -487277056 117894816 157874496 65029472 -173094016 -423953408 -441787392 -28801096 25306184 -442301952 -36121472 -55946592 246467584 -45679744 625181184 -182420224 77925664 -33910016 -32091928 -395322624 -180603264 240500800 48572032 11426314 28657984 -317278208 473970432 -342094080 -40351168 305691648 -552380928 113905952 -550864384 -168059904 -70077184 733873664 238068352 270777600 -79864960 -171316096 70198880 432706816 -25967720 -221789120 -485892096 303152384 -367017728 -188229952 -646096384 -260269440 -125883264 42427680 48705184 -418165760 -51586592 274799360 -61161344 -187849856 41147056 78978976 -171083520 48076448 104328192 
-71892768 -381313024 62632544 32388448 -103164992 313639168 199773824 178951744 19717592 -35832816 124740160 249123264 -107832928 -133367584 -443667712 -119707072 -72525760 315588096 653525504 -13026722 -426627072 -195625344 -118127968 151053376 53739280 329395968 -251571200 -11355176 -186556672 119514816 21254424 284598272 -80749056 -467520768 -299519488 -307179008 218701824 293580544 449178880 -150100224 -377908224 -36668352 52337568 -165985152 -337905408 549777920 184238272 112472 132809376 463582208 -694497792 48895936 122178560 197491584 -207758272 -189573248 377741056 -261493504 -578307072 100008320 435261184 -65489888 -144952448 -244986752 
53415696 160245824 -183029632 -123358688 -100058208 284973824 448721408 -102110848 487141632 88335488 -75917056 228896128 240036736 -138654528 -106676704 -118949760 58076048 -301947136 217002304 -88510144 432050176 -343205888 174411136 90915584 -336896768 -625504768 -49261008 -211910144 35056432 55347376 -69815200 36023520 290526208 284761600 16570408 -2127688 463074048 -70762432 43668576 -179846912 -204791360 -48078080 225837824 -111365600 -40946048 40376784 151817024 308988160 -442609152 116639488 -31745680 -317547520 190171776 181931264 -364747520 240438464 -618822656 -167152512 -176669184 -307047424 238538112 -52627728 -159146880 15145632 
267853120 371489280 -133971456 157965888 -186526144 123862400 251274240 665782784 -186540160 -636782592 -181947584 -254915776 298189824 -311768320 -504013312 -401574656 379014400 -310084608 -324287232 -636446720 -447864576 232564032 98250880 -128559264 197672512 52225456 6636050 -181792640 153140608 352876800 -223353536 530830080 14718312 -96893184 305571072 -71744448 -185811328 558794752 -55293472 179971520 387838464 141668160 112116352 478151936 -149040384 -40951328 367012608 -120010944 140653184 -30013968 -226911552 187354752 -95720480 78246048 -485101056 -354746880 -228789184 160356480 -328627712 -195519424 -8478992 249877888 180782592 -476899328 
-64297168 -163256832 21257104 -374675456 278834176 -108916832 -99160608 310514944 340710656 156886400 250079616 449829120 -398550272 98511008 -268460288 -4077278 -364997120 -154109888 29753960 289263616 104582144 -152710272 -390044160 -43628880 353087744 107989184 -3852309 -169771712 97182496 39740112 -356316928 209263616 252220224 235870784 -279050752 -144433792 97196576 -368674304 -416511744 38596208 78038144 -567045632 352976896 66939056 338048768 -15420190 -389547008 -52645600 119899488 385422080 435998976 -145716096 -133485632 -224017280 548949504 97601184 294050816 -190285312 -39056896 91246848 -147063552 237485760 -15045402 69337600 
-166907776 147476352 295336960 365004544 261247232 -416162304 211045184 -564301312 259936512 375152640 -486923776 264725120 110047200 -73412288 33800288 308713984 265794240 284699648 -229131712 -646808064 216443136 -20455048 46974432 40453984 -353657600 -200771584 -8353702 65814064 178663872 33153336 -105834016 -240368320 -27318784 -123257504 57805328 86399744 -226607424 148718208 -206624768 -55426736 -516932352 366825216 -86711104 -37872912 496147712 179914304 70835872 241117952 -32223624 -38058752 -97490304 -484412928 221919936 -337000448 -880195584 173797312 -114533568 155677120 -371137536 -496784640 163816000 111837312 -110560288 303619584 
38987856 29693016 28900176 44180416 244538432 -434475520 264932096 222181248 218253376 -817180160 90528576 -485123328 -60456464 292949504 61476256 -303906816 107720896 -491786240 -242013376 -292350208 46855872 -58907024 436416000 -195343232 -45868224 293624064 -343486208 274893056 -42612992 -109265856 291171328 -329312256 479547392 -322229248 241400704 82453984 309446656 259126080 178563712 143652224 20591712 404649984 52674352 -349650176 -109756512 66174400 374936064 17378272 156735360 -351380224 -157891968 766063616 -335643904 261861760 -11480448 6050878 212928448 -84220928 -123915904 492295936 492063744 -170177088 -348670976 -77372992 
-143115776 152298688 179330560 -40620752 31080624 -99195584 30312832 -12344976 247387200 -16808488 -237360448 -206243904 106322432 -292028672 -46859248 -305221120 181214400 -116779392 -347654144 -376710144 162862272 108323072 72964096 40735440 -453300736 256659840 209021504 214718400 6442503 -67785632 -506943488 -14593836 524730112 87472128 -57632160 576629248 290662912 -54182864 -23275136 -407730432 136204352 36781280 -175055872 -209466560 -128250848 40603456 49091648 113334528 355599104 -161414784 113189024 -138073984 -218926400 271604224 -549841920 172745408 187022912 -25666616 -121734976 58160768 147695552 -259822080 117022528 -48694176 
301529600 444897792 -371564544 -41485440 303597568 32264000 -36474064 -52058624 -116469184 13075030 -55433168 -276454912 226094080 285922560 -171513984 51794880 10693984 -164345600 110923968 -207934912 -322023680 54987056 -42228800 111228416 -179119104 57138800 98517856 -79361120 -270129920 46021584 -91458944 -17380000 154551296 -441753600 337336320 -360285440 -157974784 218317888 -141747136 297434368 242340480 132635136 45052384 -69018176 -85549088 -291276544 151247360 -134448576 453115136 -195889408 -154867584 70332320 -315392256 243418880 164280768 212538688 -49596336 -225283328 -248621056 149233024 295940352 -406346240 -131040832 -179963648 
125241408 60313504 80272384 -249827072 280187904 163542016 -205011584 -120538272 -272657920 178910592 -215254656 440967168 -16543008 126749280 4883936 -181542528 -97221536 531513344 406213888 -97865472 323288576 -748659712 392081152 -73389792 -166587456 -73530208 -446692352 3877952 447071488 -255712000 -291975168 409630976 186086656 859555840 1509472 69620416 -45482080 105637440 -39278048 474048000 93776576 -66363568 358949120 231480960 218172224 48669280 276930048 -98229888 -524445440 109475584 498895360 -291767552 223947520 280297472 -92797760 193593216 97967040 33339816 -166021376 -492128256 148388224 -370843904 -163982080 304157952 
