16 16
-270806.5625 -216418.65625 -1141768.5 1392975.25 -851800.125 1721988 1025962.5 620072.625 -2329840 -448638.625 603291.1875 -1413456.25 1366845 68770.8046875 -162221.6875 -687177.25 
1416135.75 -362718.1875 -842075 -141256.6875 -401640.25 1384900.75 -2230656.5 -161928.796875 -2406132 -925438.25 1761973.5 -239685.5625 462426.5625 -214406.3125 52889.125 -450722.5625 
148293.59375 -457689.96875 -126947.4453125 300253.46875 -1537960.75 -1156140 984140.25 1712983 555263 -114450.4609375 687062.9375 397384.09375 1599713.75 534818.25 1036063 1330727 
1951896 2151039.5 2436661.5 -298336.1875 1556711 1151452.75 772248.3125 -3762074.5 -799145.6875 577272.8125 -2447922 71774.375 -2030660.75 -585038 579010.4375 -1411378.75 
-3120772.5 160569.0625 546142.9375 504099.875 -711635.3125 -561410.1875 1405582 1609854.5 -928593.8125 1291053.25 -862052.625 -2259712 420744.875 -1262524 -1580924.25 -247342.09375 
200734.546875 -24845.6875 -562929.4375 -1532544.25 664630.625 -1151751 368814.375 115527.5234375 568608.75 851884.375 222539.921875 668283.125 1706202.25 202449.4375 -1145722.5 846467.375 
-1906248 -456386.25 3433075 -417210.9375 1307952.25 881130.1875 793526.875 282070.34375 -532143.9375 -2063565.75 15017.0625 375638.625 -3149704 1834607.75 1023821.1875 644606.6875 
-683464 -1645152.5 1261097 385128.0625 -848623.625 3389650 -394637.5 -2684682.5 -1215641.75 -2806524 2299323 1661596 -134871.25 846901.875 1633007.75 -2338744 
86507.2421875 -221287.1875 1908916.75 326756.9375 -810886.8125 1901596.75 700950 -2632003 -602269.9375 -1682871.5 1432298.25 2170308.5 -1103620.25 1368921.75 1142415.25 -2603194 
588136 172759.3125 113956.2421875 -1336556.5 -867428.125 -709742.4375 -588141.375 -1138495 -1172816.5 1366391.75 582124.375 100946.75 -630282.5625 -1677245.25 -156443.515625 172451.90625 
1115674 -700781.25 -338679.40625 -2461285.5 -1414441.25 1617019.5 546383 -2378009.5 -801586.1875 -1974248 2470959 3954531.5 1005427.875 1524808.75 -852.125 -2858865.5 
-225276.171875 -213347.9375 -1375855.75 -1338422.75 -1779731.25 -280620.1875 51605.453125 268214.5 -108478.3125 487164.46875 191571.03125 702307.4375 658769.875 -1120837.5 -635501.25 -1717824.5 
1593026.25 -3004562.5 -2616445 747309.8125 -273566.40625 585788.6875 -1461305 1394465.75 429050.71875 -1049862 990239.75 -2026014.75 1953446.5 -1933095.5 -466056.71875 339489.53125 
-1515867.5 -157274.875 1153740 2500096 2399924.5 -1295649 -826794.875 2252136 2484521.5 -14664.151367188 -2327474.5 -1876735 -712090 594105.5625 -488024.5625 1859506 
-2483145 799491.875 900415.5625 1220925.25 -948021.875 2921068 3357173 278379.90625 -1835082.5 -1543185.75 -77831.984375 -456534.5625 611594.875 1558675.75 1618086 -1564918.75 
-882585.25 -266675.28125 1248702.5 1239611.25 -191811.46875 -174487.390625 -1360520.25 -822982.4375 -1476613.25 622474.875 1022408.8125 -72405.96875 -55716.171875 -262423.90625 -1901924.5 -301740.375 
