16 16
0.46319476701319 -0.66925673186779 0.19129927456379 0.66354674100876 1.567233376205 -0.83266184478998 0.22532857954502 0.41299726441503 -1.4051144421101 1.1354677975178 0.49376647174358 -1.2873767763376 -2.8295861333609 0.72300886362791 -1.6365842223167 2.2391740381718 
0.49583669751883 -0.10864003933966 -0.081319570541382 -0.60037554055452 2.4397965073586 0.9459610953927 0.67691121995449 0.94365195184946 -1.5128004327416 0.36327110230923 -2.788456350565 0.07087721908465 -0.5815377831459 -2.8264415562153 1.1474105715752 -0.32626052759588 
-1.0527902171016 -0.5587968416512 -1.5103655084968 0.053380946628749 -0.85311248153448 -0.60834489390254 0.86798820272088 0.63787454366684 0.26076769083738 2.1294851601124 -0.73682601749897 -0.105364295654 1.5055395439267 -0.085352615918964 -0.19667078927159 0.32731046527624 
0.57984887808561 -0.64031656086445 0.22522356919944 -0.060713131446391 0.13108573015779 -0.53277969360352 1.6077586784959 0.065916365012527 -1.8894422203302 -1.0212847068906 0.32506010308862 -0.056107446551323 0.072053731884807 -1.2222585678101 2.0201388448477 -1.2083178833127 
-2.6968215107918 0.27964942157269 -1.226840287447 -0.17598770279437 -1.9916938170791 -1.9958342015743 1.0747308135033 -1.0119405016303 -1.7190250307322 1.8389597982168 0.47214886546135 -0.027955035679042 2.9956502318382 0.86491157487035 2.6961601674557 0.67985926568508 
0.15487563889474 -0.83085007593036 -0.2980129327625 -0.5453395023942 1.3099404275417 -0.4753153976053 -1.6175329387188 -0.096592118032277 -0.10902830539271 -1.5531698167324 0.36497615464032 -0.033942951820791 0.032136478926986 -0.62000333890319 -0.44535451382399 1.1235186904669 
0.83555015921593 -1.493542522192 -1.5112167969346 -1.4765573889017 2.998722627759 -0.94112050160766 1.2030854523182 -0.22535068262368 -0.45275054872036 -2.2223330289125 1.8019584193826 0.17432404309511 -1.0597297102213 -2.9187209904194 1.8800148889422 -0.83531402051449 
-1.0724654346704 3.5247906148434 2.1741251051426 -0.7155032902956 1.2450595200062 1.7369080856442 0.50412822514772 -0.63118918985128 1.2586060091853 -1.8831991776824 -2.6432749927044 2.3104278594255 -0.30795427411795 -3.1405473947525 -0.98577302694321 -1.7277746275067 
-2.293807387352 3.5941928327084 -0.034134751651436 -1.0112985670567 0.51092672348022 0.83032536506653 0.64023935049772 0.63168539851904 1.8631986379623 2.1121075600386 -0.67527935281396 1.0968801006675 -0.85502162948251 0.69845139235258 -1.8700155168772 0.78904889523983 
-1.2056198716164 -0.18713214807212 1.4785946756601 -0.25525509752333 0.21663281973451 1.7711026966572 -1.2709682732821 1.6251874566078 2.6962705999613 -0.71045064926147 -0.17258563823998 -0.33487909659743 -0.35604764893651 1.853031411767 -1.6422424614429 0.77565913647413 
3.3548237383366 -3.0031867623329 -0.42995858006179 1.2675634846091 -0.21956702042371 -2.5748263597488 -1.4877062290907 -0.2965425234288 0.50875095278025 -1.3275682255626 1.4751626998186 -0.29986162111163 0.76142458617687 1.1549516245723 2.3784895539284 0.15980813466012 
-1.5241836681962 0.57034949958324 -1.9574205726385 -0.29971764609218 0.2684627044946 0.059126214124262 0.1223185909912 -2.0947834253311 -0.35339697822928 0.21034873463213 -0.74691409990191 -2.1627391576767 -0.95223883539438 -0.81392876803875 0.69070545211434 0.59658745676279 
2.2415472865105 -0.18568106368184 -0.5374762788415 1.1721724569798 0.59100573137403 -3.1436087340117 -0.80388217419386 -2.9213120639324 -1.4222643822432 -0.91176071763039 0.31721293181181 0.073133248835802 0.057076940312982 -2.1845255792141 1.53984336555 -0.55862296745181 
1.1253466308117 0.72439659014344 1.584252640605 -0.24256353452802 1.5695498138666 0.48782781884074 -0.76299077272415 -0.80324592068791 0.96788466721773 -1.5057873129845 3.3396866619587 0.54513396322727 -0.99372081458569 0.26950744912028 0.001888133585453 -1.5091912448406 
0.21318206749856 -0.43066390417516 -0.43078100867569 0.84164397791028 0.37510417588055 -0.97396092489362 -1.2008290141821 -1.6063994988799 -1.4346645101905 -1.6297632977366 0.90557328239083 -0.55539380013943 -0.62208472192287 -1.5016899108887 -1.0976492315531 0.87615238130093 
0.50360003486276 0.13000214286149 0.24154056608677 -0.53950119391084 0.44329591281712 -0.67065077647567 0.59464026987553 0.85065610706806 -0.2012131549418 0.29210310988128 2.0121654570103 0.14704788289964 -1.4118127673864 1.4917766600847 -0.36859168857336 0.2983683180064 
