10 10
-91.487357139587 150.1030921936 2.3954286575317 -74.043028831482 -35.52963924408 9.5495548248291 27.190917730331 -53.579807281494 -50.847298622131 142.37590789795 
74.742227554321 22.013272285461 162.21180343628 92.373476028442 145.76241493225 -35.77799654007 94.799296379089 -7.6655049324036 -30.823568582535 98.800499916077 
-101.94943141937 21.650866508484 179.76696777344 -71.955430984497 -81.238321304321 -225.53453636169 198.0751285553 83.972863197327 11.446204304695 291.70007324219 
-22.417611837387 92.170942306519 187.51305580139 66.685477256775 -18.668899536133 -2.4998709559441 -56.538655757904 220.30728340149 -108.23598194122 108.92993736267 
69.197113037109 -8.3698419928551 203.12913703918 108.29532814026 -12.781561851501 -151.59251022339 99.223210334778 44.083815574646 -84.875492095947 218.28923416138 
-8.8804879188538 36.963295459747 131.51699066162 -76.434943199158 13.312236785889 -30.724859952927 -24.767404317856 6.4369416236877 -103.86834144592 212.21511077881 
77.661966323853 -32.553653240204 -75.731735229492 -23.742593765259 29.963462352753 -136.16662216187 75.193694114685 -101.03303050995 53.816860675812 -160.14507865906 
169.06712150574 -66.686893463135 189.38447952271 311.38196563721 -134.11297798157 105.17907142639 -203.84071350098 116.95843601227 -65.1485414505 101.75096511841 
-66.783509254456 183.42398071289 -183.72821044922 75.16986656189 71.997972488403 61.507118701935 80.475425720215 -38.330829620361 101.50490188599 22.143325567245 
-18.823814868927 186.14232826233 -59.756513118744 72.409986495972 -41.46084022522 45.213883876801 -12.464130163193 -42.716807365417 30.282393217087 -92.026103973389 
