64 64
149123200 -154541696 325218304 -376285440 -11095790 -466428416 -33642080 324966400 -122508736 83461440 330134784 95756352 97291840 28208384 -373128192 104423136 83294976 -156521920 -107483872 480139776 616260096 -167563008 -106330816 -256978432 102431648 -162305216 -79598368 -14298368 -43823328 -73751648 98470304 320551680 -111043648 -50669760 187511424 -170769344 -124283616 36210000 -233071488 265910400 175208896 115465984 -308963072 -711894016 -248201984 -441751040 -410308352 197385664 -213765760 132049120 220999168 -464011264 120051904 208509952 -527361024 196293120 -116099456 43530272 213018944 -258739520 40555488 -398174976 -387850496 158166528 
-46820688 -421951744 -172873664 172520704 46162288 -151077312 161901696 256359424 522680832 137654912 18573616 -199207680 -230675840 -350446592 -67835104 -143662336 44028672 -11093056 -19050192 -179526528 -134997888 251702784 116268320 117840128 8455168 -162097792 -252590016 -47617680 -95592672 35766464 207112320 -202990720 -144495488 329248512 310070016 425604096 6277648 -209686400 -105996416 -394642176 -187078080 53335008 -108985760 357773568 82242464 398801664 -161427520 -367596544 -264528320 -840576 441119488 297223936 -42701824 -53455904 -276753152 270122752 125017600 196528128 -589852672 48397936 -37611584 183736640 17450144 -175689088 
183827072 -112650112 159219136 -149550144 312147968 303951616 353920512 -100989536 -160019328 -294977792 221692288 -468112384 156722624 -299630080 24054960 -101985600 -479278592 79634688 -212786432 176677696 -228387008 49013968 -323812864 -342168832 -87433536 392004608 -305794560 -272028160 -151868672 162473344 -121803520 42484144 328515328 375380224 -18435832 116465728 601105920 -37408768 340669696 5246974 -259214848 67612288 567246848 352719360 122011104 183858112 177247232 238950336 222398272 67955712 181699648 154102144 -666968064 -267496320 -89989408 -129133408 -160674624 -204132672 -62753232 -90664768 -196347904 430693376 -222429696 128717952 
-198178752 -221886464 142239744 -387698176 174021056 132312064 295595264 -50226896 28754184 -298691072 73783232 214923200 18392744 -89386752 -111738656 317658368 179935616 108452992 268804096 -31761032 -146458048 355744512 -122744672 185051456 79501952 -165795904 -326041344 28933312 177569984 -521728000 17240080 -151993472 -825604608 -183919104 -2969930 -103672256 -396146944 390426880 -202460928 -184869056 161343680 -68497600 -17816496 -584413696 -141452352 -99740192 -28539808 499994112 318675200 123377024 -278085632 -322884608 212739136 -286940416 -345050880 203047936 -64250576 22759552 -26072016 -266138368 193880320 32502872 234387008 -428804352 
-171512064 -305574400 222389632 24475984 -939678720 -85020864 -294044928 -163655168 -369630720 165622528 -316679168 -52007856 -71757664 801437696 648467456 335311360 102283328 29819984 232808512 -186426496 -127958944 307404032 474600192 59955360 -146184256 36277776 183491904 -13358530 354654720 445227264 -348449536 -288750848 630145536 -786830848 411201792 -372920320 14453684 -272477952 -146328640 274426368 -94372640 -219387328 -267475392 189503040 -410682368 -136581248 494770432 429998592 283938560 -156440064 436144896 269273088 595410944 96531424 416458240 109426368 63259760 -201366464 -175194624 -398754816 -476897792 -334502144 219852416 -51274144 
586655232 136031872 76354144 -154789120 143465472 -237321088 -58129344 43143232 301422848 -564211200 44664656 -77555264 -310930688 -280249600 -710614016 13712016 400629760 -96154816 -187254464 -104926976 124364128 455673856 132488736 16274272 -48534240 -635746304 276020480 -26415408 13634728 724512768 190865728 -517942016 -344129280 354796544 344775424 -269410816 -276037888 -671325696 53980112 235793728 -439660544 -213873600 135398464 361833472 -467669504 -95457120 -146073024 -101562816 -277546496 -439177984 464232960 -304275712 -201838784 -254496832 -282053120 -536442368 -173203520 -478789888 -9310104 -256130304 -143473408 -400763392 -76309440 -314913280 
21079440 68493312 93049504 361272064 -277553664 146793792 353835008 173831936 -152615104 227991744 -168192256 185982656 -73290528 280977664 536046080 -394247936 -40175440 214675712 -245549376 106100832 -267066112 -320933376 104936128 -244946048 -560168448 -302088960 371020032 -63272720 -335180800 548750336 47385568 91144416 -7244979 262626944 -315704576 -208144384 492948224 -55180448 325657856 -103961088 -120223936 128643392 -147146176 173265920 81792128 -122755328 306797056 -332623360 16107370 -111864736 -396250112 91019008 -359747840 85430304 635395584 -122847360 -33149912 -109604448 -420623104 224282304 -60001376 292325888 214924160 149998976 
184562368 319726848 233548800 -505566464 57222144 -235698752 348528640 -65362128 -242822784 104699840 23733776 295837184 139274112 36186208 -309675520 -611791872 -112285440 392526080 -253373184 -241306112 -275082752 -118754240 402124032 176544576 336097792 -65949328 281584896 323483136 488173056 225500928 688401920 -477048064 -318512384 -438711296 -219477376 392887552 299747328 203112512 427511296 -122870400 95000768 -91909696 543842816 -568951808 20646160 660566528 -181909568 -32798944 -187471744 30668888 -48554032 -29178744 346524160 -8862458 -421456128 -10496690 -17828000 77194016 194339840 258951936 225456128 -112509312 -203618432 -319035648 
5186752 -2108640 -127055488 401580032 27861560 304994304 67103952 -186378112 350420992 -127743104 -103863936 400886784 526415616 -183363648 -354960896 -143621568 258765504 185238400 58055296 -447325184 -16478120 596042752 -169210368 249206720 385018112 -15933600 -208984704 119763424 283628288 -310011392 189399360 -579735040 -91098624 513819136 125635712 345474560 268232320 182062976 118950304 -252782080 24615872 -312199936 410184448 -314822656 -225886912 257024384 422686976 -562882048 -74785792 -134225664 -70684288 45844640 36204928 -509938432 -102047520 -25314280 -161998720 325665536 -77931552 -91223936 91887680 246054912 -12057264 -152007040 
18952976 145949824 -210383040 205458560 429483520 -113321280 128082944 778462208 34723040 -77977248 250961280 14358436 -832437760 -90812608 -314899456 -59615456 -475334912 353015552 -191969536 126106368 -193224576 -723987968 93454624 -525351680 -207975808 234005184 150539328 21942456 -51115456 -766625792 335828480 465115136 -117450720 -70670816 -103466816 12646380 -546469376 -352613376 -446242560 -57920752 459158016 -187089792 -94707456 -193525760 350235904 -460022016 -169700288 142788992 -163156224 -327831808 -192823744 268576512 -611590656 -435987456 -377864960 -270071296 -9851048 155522176 37583072 66756928 458199296 43369104 -177937344 388469760 
-36974160 10590080 207651392 -148987392 -288732160 -393306112 672045568 -152414528 -638994432 617863680 -65916480 -183157952 -234249472 -28539440 191981824 55940368 -125958848 -111157760 -112541760 301435904 -201579712 -387494144 193440448 130011520 -397536256 -33672176 579539456 479904000 -110738432 545630720 312339456 336824576 -58166464 -535389952 -622300672 102585728 59054976 -177127168 -128489856 304798208 -114502560 584288768 26525216 -179980032 10019744 296764160 143597248 898567168 223462592 224230784 70619776 269486080 157440384 -209781056 -16506032 -540624896 -286441216 -104037184 -153201920 -146659840 32550752 -88338624 -283463168 -96868544 
592764928 174153920 336652544 133339392 -147069696 104025856 -219628352 -298179072 344297728 -294054656 -68473920 273746688 -156893056 -95381248 -188284544 48866272 330343680 82054752 -49639968 506778880 614947328 49806784 30684072 -380881408 356179712 -379500032 247165696 89075616 -258568448 277990912 106088288 -59433840 -148367744 615741440 -188136 -739880448 49214128 -145722752 -139671488 251336512 225553984 -193686784 -74150048 -565190144 -872891392 -429141248 529070.3125 -278124032 -89233312 -289458944 -59406944 -505171456 77231648 -280701440 -120976512 -72097920 -62600384 -99813728 198109568 -253636416 39205232 -167431232 -335214592 11801816 
-401280000 -450879744 -26888776 -52216480 77855200 -183478720 392663296 457914880 91279936 -84424672 -511379200 329678848 -435778816 220909120 -116974656 320366080 263718208 -344739072 370770688 304977408 42473344 -256410240 -283581440 -8137536 -40030656 -359553024 -117727136 -88077824 -468374272 -5869824 -27534832 396340736 110730016 335995904 -6959640 -225555008 629285376 -86528256 -263963200 115135712 -394494720 -176351552 280200448 296948224 671572992 37093344 -113739520 -286407424 105432000 292236032 75720736 59463280 -106934816 -86495456 180491712 297457408 -317384704 111840256 44905408 -396904192 307736064 250724608 89740640 205649728 
310461184 17460744 148029952 37820992 -518692096 -564722176 -278489600 -305025024 133149824 -15501902 211539968 303043072 -132408160 -330561024 -92550784 143590016 106520832 498716416 282851328 -68452128 31031120 179156352 408020992 7333728 242701312 288293376 -562073600 -108999136 -35627824 -176063232 315444992 -144509312 186785664 -32966192 -58502128 141113664 203879936 281736448 -202400512 -89700672 -131949504 -59972352 161357888 143874112 -79644864 -330893056 15496768 -137572352 -71589248 180394688 416965120 -63942624 -121463296 517611008 -247162496 -426440704 -268984064 -380680448 -361581824 -266683520 -17799696 -246944320 -189940992 361785088 
215177600 456976128 190992128 -509181952 80684608 -149652608 -640727552 13287598 116354592 322078464 223055232 -263486848 -97309280 -192082048 -152949184 54761904 -371553792 -192827904 -78467328 -249414656 310607872 -137319744 98612256 -274130688 467304192 86796640 -265316224 61559984 -275197696 -103433632 -113095808 181976320 153669824 -521840384 -478703360 -398011136 214344960 126982304 -63612864 -263301312 -121693696 -94784672 20706104 217375616 27820184 -340978688 223634816 100758176 -559313920 -128781728 229368128 -145878464 66072096 -102451584 -188408960 -107493696 -193088896 283437056 -10190074 -327094016 892773376 -13991656 164473472 315148288 
129722912 236309312 262472512 283228928 -196058368 -145813056 -148896576 -380608768 -184263936 126949888 170777920 -251004160 -163944512 -251851776 21569688 259020672 -265389952 91580416 222607744 39104288 283585024 -168413376 304480000 167302528 -264729216 -309728768 -95131488 -124957440 63928832 154031744 -213616000 186564544 -177396800 438176000 -148589312 268905728 -58151776 235484096 220556480 329137408 -83248192 312764160 -510245888 -215583680 377414912 -101976032 -148814528 -118426688 -252913984 -259428928 71820576 75726784 -725766144 587604992 665647104 -192771264 393906688 -275261440 -524621312 486584320 180265600 -131414720 18485680 -235354368 
-122239072 -404824832 315788288 205735808 464132352 94384672 315117568 84414368 190407168 149281472 385081600 329280000 -160591360 -219474880 -9806344 -23514560 -363596288 260453568 153259264 487493376 196513216 -338899456 -626628608 -464579328 -143038144 190223808 141667392 -379456768 -291968512 -71717920 305768448 -207172288 -207911168 448750592 -488622592 361635072 -329673728 13913688 -272996096 136220736 108298112 254925632 207739776 -127399680 138311424 -185655936 98177280 301734144 -616303 277866240 -161343360 -182448896 -118684768 294974720 -331983616 295052032 247746560 92291712 -305684480 243976256 -114435040 56483152 379536896 -94161024 
379369216 -456672512 85972800 -128560192 -144109568 -160838656 68799584 540608000 127608672 53324064 -34008064 338492672 62794720 277000192 466560768 -416339456 -422465536 -161693568 108436032 490876928 64537120 -305761024 -127370656 -92988288 -116987968 -420885248 -169130688 -690633728 -76344448 453337856 -255281728 -186314560 -77000640 54745152 88463072 65219008 -328404224 -18587040 -96354656 516068352 -124285984 77743424 -367320576 113664000 236810816 -139805184 -1887492 -156063040 162430720 502580992 -65178752 -41404128 230080896 196028992 316438272 -381618176 -176082816 -89743616 -325472256 -109343040 231856960 37801472 355930112 -62143936 
-561006592 104752576 202002624 11440432 -359813888 -11241524 -472978944 -412140800 -277830400 196617280 380604416 -333109248 140253312 180656192 -58278272 253624576 314279424 43180128 341153536 -367914496 139877056 -196038720 369988864 253677248 694597632 -1918992 144739072 118020384 -168613952 257739776 345217792 -52288864 -338554624 -41392032 -380297728 187229568 74455168 377929216 -209213504 143600000 -37328064 299416320 -205163264 -459687168 14678272 -280692736 57154800 156817792 268619008 438626048 88618080 -310187264 -20190560 488158976 -46816400 -30638560 154171136 3878208 238631104 -86222176 -189282816 -385746176 565780480 -165890688 
72672256 331792384 319562240 -17114720 311249920 75290496 -378429696 209540928 -340308992 -140684032 -173529664 -36392160 23082720 231851392 -478247936 69263488 141406144 -89365120 -614132736 -242184320 -253054336 529591040 16987840 203367936 -428006656 402977280 289599488 216992896 109801952 -132094656 -398741504 83261344 144483648 105515552 577421312 -188884608 -262722176 -1310048 -26240448 152701504 65158768 -47313664 102645504 332332544 560998400 220059520 38299536 122964864 -223666432 -600897536 6952512 680789504 -65523344 146828160 180563968 440473088 500432384 -257929600 -244488960 195534848 -614640 144727552 -4876624 -345997824 
286942208 -217792320 -303001344 28635144 -71491360 -146455168 46080336 386957312 223413696 421440512 -189704256 -455439616 151125632 -42953728 -434820608 473023744 -112419456 -171647872 275570432 89310400 376279040 -116020032 -490394368 292803584 -219909184 -149852480 -258574912 344990208 241869952 -251011072 123090048 180411136 -217137024 93945152 -292473088 -34259712 -504262144 -75608384 -229669120 -266177216 -363435776 94146560 -443513344 -182500608 -434097920 -320843264 117441056 283057920 91835648 -40320304 -71603360 -181583744 -152211136 -129777152 136312128 -87966400 143931392 158636736 -143017408 -4918976 -263218688 15524536 159013888 -261969664 
109729344 296958464 -390334976 -267760576 157228416 -126742144 -309626112 118869856 -318636288 253303872 21451064 225347008 557434368 -9234432 -239123456 -81786880 -199261248 -391971072 -247932224 268646656 374568704 -35990240 -286917888 -478420224 -600980992 37474496 -443187968 -272286464 468462336 -193785728 -222144192 645664768 301377280 246700416 -25018480 -281136128 -46328992 -70795104 64253792 -86334784 485727488 236317952 -16967408 -376245504 139470336 -338730752 -507879680 466828544 -278339072 -52068320 -427101952 2505520 404361216 -300888832 -618324480 111372864 -220762368 240750080 100810048 -241683520 287328512 160845184 -128236224 354530560 
455630592 131051136 50762784 234900928 -174284608 -137564416 -411902208 233086848 -72125824 396885248 95295424 29995488 12005028 29561952 70137216 74686272 -126045216 -199040000 -210687424 -271842816 86705056 -301246720 294687488 -176387456 -311327232 -89040832 399682816 -9958660 -7993282 472234496 -55703536 -372194304 -139268032 -279764736 -302697472 -287148800 43996304 -193704320 -116354048 102071040 -622195200 191363840 -184656064 24977824 -161717504 -354944256 -27169816 91386688 -591297536 -229707264 129223872 -211856640 -78337376 299505664 25648840 87897344 -47726800 -3194772.5 -271586560 -210317312 -78496832 -402174720 389278976 -372453120 
-487381504 -248798400 244835840 660553216 -14921106 -312524800 51216320 64063856 -96889728 25554560 231302336 380137728 -349747712 -85427552 -410548992 48933888 -68640832 150351552 377385472 -381308928 -73034368 162412928 -21014520 329576192 175454592 -64999872 -232590528 35431296 -34619456 -288453888 552698880 -73135232 -289687040 -146804224 286343936 351077632 191630528 326851072 128857120 75256128 -117515456 -182416064 307570944 -77444704 328164864 -79659200 216873024 92459872 72768256 -19435264 67679136 155836480 222609280 153744640 201841792 55727072 259259200 101245472 136349888 515494400 -117793056 127827264 -69421600 169888128 
215967744 -380205824 121224640 -35513632 -283445248 -49441728 -744730 425018624 144972416 -357959936 865640448 -36921728 -191992640 245952576 246092352 -244787072 -176546624 579513344 469741056 -68092384 -280240128 -28033728 -62360704 -213874496 249016576 79925984 -618825728 -352060672 115385472 -230264576 -178344704 -126625184 19801216 -181915264 -437730304 461063424 -613207040 -281718272 -254294400 -246526784 117943232 280318976 -474919424 385844992 460491776 -500934656 180923712 165402688 -9555812 -36308496 -64094720 185112576 -118928480 69560192 -256906176 -333789696 127751392 106278016 94747840 246754944 67165504 -371578880 265781888 178383296 
81395040 -420032000 -510894336 -91296224 -152835776 -460445184 119817792 102150976 501117952 123481696 126616736 -15990896 -512921600 -530585088 186073600 255129536 -265720896 44601216 473163776 336099840 192251008 182146496 122661344 -9128428 -172609984 228713344 -327652864 -83011040 -37764448 -235623168 -174429504 163761280 -801268736 -107910720 41863328 268029248 -884200448 -245110272 -489811200 232931712 -105189184 -147612224 -411192064 -39468160 -540950016 -308957952 -617498624 -13874692 71651744 404636416 -3008107 -188416448 233704512 380987904 -151494272 307629312 8895910 -131660096 -260854336 6000718 -102488960 -390164224 -248311872 -225684160 
-85673216 -114941344 -34488576 -143938432 -210979520 -11523768 155529984 -786002432 -119582016 -13251518 -168208896 153780224 35881088 -458018304 227394176 -27987864 -378010368 -9999776 174765312 -408477952 -124536864 -119004800 262173760 -104547136 266346560 -114986336 11844750 -152766912 -351558400 274760192 238126592 -289059328 -176743168 -496181760 -50563872 48081296 2102272 216603008 52032576 395776000 -420937984 -153417472 72855936 278264064 238861952 -55579584 135439744 -2735328 96867936 57738144 35956992 563137536 20545696 -242838016 497339136 -651549696 -153319936 -223788736 -726430208 64848288 142649280 76698432 -3388352 169507136 
238060992 -434936064 -53257200 -42635904 680877056 -29833168 -136757696 232304320 -123336384 -72226784 -207475840 265135936 195863680 36417680 -224347136 -496581120 -535160832 -218538112 -603808256 -256697216 -396669952 144834688 -129958080 56738752 -183514816 143296960 -165333184 -37883872 238439872 -342077184 189290048 -273563136 -122717376 9390448 517959168 348120832 -303474176 -62519584 421208064 29589576 145415168 -36265248 343983104 -283423232 179012544 29257728 -497775616 -309201664 33705424 -282699520 -137389184 35129568 501960192 -83983744 -236396160 -127078528 -14962944 174539776 126216448 29396824 -215202240 -407378688 84481600 -77669920 
-315806976 -436327680 98682624 -553085952 411066624 396988672 -186953792 2900707 -27648464 -215249600 315025408 -43363472 205147392 364203776 156066048 250083712 -126770048 94671744 31852816 -192148480 153294208 313940736 125375744 15477568 300414976 241427584 -101633408 73617760 35464352 -461300224 -187057856 -442085632 68361280 -568575488 -4084272 269838848 -368646912 -305049856 -123023744 -80031552 92263328 19811680 -34413280 44077264 -113821312 271605248 428899840 -504814848 140283648 -31442536 417953792 129086720 482470912 102464896 109622912 -121033408 354828800 -154416576 -82668064 -42788800 460631552 -14549296 39349088 -299534848 
-46498864 -339977472 319596800 -101291008 444532480 47918288 -125351328 -183211200 355846400 -97052608 -235680896 229809728 23402192 -110677824 -196147840 -207223424 179298112 221599744 -322217984 70899072 -39242304 169247040 -259490688 124685696 -153193664 199372288 -22013184 244437248 -115350624 -291370240 5784664 20428784 263453760 482163200 124332800 -277645568 293435904 -410085376 112786112 -5630354 -13946520 91649600 -55751520 -262979136 -92591872 206719360 -126155168 -448254720 -76776096 -419079936 -185191872 -459855360 128015456 -7595492 -273717504 625185280 19728016 300054272 -5440892 53614944 -464342272 -25693744 29096120 271207424 
-207743424 -153921536 258257856 -8174920 171701056 -190586688 -95293120 -365628416 -131694432 42228352 514200320 -147704832 155437888 -813433856 30484128 -162577600 -67900128 302577152 228094464 -462071808 -160002112 7382424 169476608 280463360 -298541824 -80551712 -397223168 -387124992 168368704 -243480384 -204577088 -129064832 -37254992 29550992 218005312 314523392 -455040512 -150743552 14498986 -30071160 134890560 342537472 -420091392 -39618240 109208928 -9274480 348708096 86407712 125633088 -512634368 -5636672 272643584 -568029696 -51892144 394921216 206375040 356835328 -72674240 187868928 136274432 -178429120 -375072000 -21567200 -325129472 
-208718656 490777344 -228086400 -198928768 -91352032 -20523112 -242153600 -229749824 -409262080 52328720 -111617344 192252416 148465728 235525440 -786788864 154467456 365134592 -303098880 -314713856 -205180288 25351968 -6444904 -330343936 138513024 -291099648 89438784 475478784 302560256 98487744 -264381568 -198193664 454536192 417175296 73702016 56886688 -393223680 96762304 89883008 164126528 8604302 65443888 -8124736 344766208 -45901664 366030848 -285288192 69792096 -21598320 -330934016 250710720 82400896 -351436288 -58995200 -160833152 -232770624 -213663552 -273311488 186993408 186067776 -322381312 -27643560 287970048 73086016 240099840 
269581568 -88122016 -50818704 39516048 -305147136 -146419904 -329889280 -33813488 122855488 44450848 -103456448 -3487040 103066816 103588192 247011392 261246016 224439552 -141880256 319041024 -262853824 147232960 -86250112 116991168 -213396160 156838976 273086208 -235913920 -399156224 -114629984 -138893312 -350648832 -9898788 321105664 -407074304 181162176 59992256 238521344 110136768 239775872 -317091072 98066016 6965856 -36474608 149231744 -194622144 66017776 205345088 -304168448 -127007264 174215360 45569536 46409536 98402848 -139575744 274902784 251385984 -171242048 364354560 295271424 -23527152 -191409600 -60704224 288191232 13186048 
-196895616 -223878400 126663328 -329885952 -336097792 5634768 -108975168 -68565504 -240051584 -406625280 -320058624 -65186416 -334305536 -440250880 -382926336 -603040768 -285804288 170417536 359859200 -337287168 -4087104 387632128 70389728 399451904 -146022016 734182400 73952096 257870592 551625728 -115542784 25974960 -80109440 -111784608 -31560376 125992800 41362416 8493144 25810944 268034816 200587648 -256523648 -290852352 -39976224 526041856 282657024 -581852672 313725952 250193472 -180692672 -43451040 -20935040 172870400 218540032 54369888 -11706480 -15928664 109871680 -379324416 -68225536 373573120 -106458944 -380799744 -28023360 264546368 
-329256448 -568640512 319165184 -121956224 428785408 -132009856 -341381376 434200064 302332928 -133023808 243338112 197354112 170149632 -322055168 -68544768 -32805656 55713856 -164330048 -374216192 166703552 130789056 136448640 -338360832 453786624 -22136192 -153816576 -103417312 -322244096 -339738112 172842880 136834112 -137663040 -106768352 -281412864 52802944 -34723360 -112208064 -418691584 -448923648 -40951008 -172048512 78020352 -95211008 145595328 309902848 421396992 -349539328 -45841296 74603232 26615600 -21763296 -24539392 72993216 103485088 -2622256 546962944 749626880 374900992 -65469536 -567835136 9935656 13696520 -127058752 -168322944 
462528512 113928864 -74551328 385774592 475747584 -44197792 -144834688 289000960 146688192 14294684 458022656 -306567680 -296677888 -344815360 124197792 -156418176 -55848688 122682784 -313446912 143270464 -392532480 359387904 16215368 -216696640 -115925888 142302336 -129946976 362640384 -75996608 307839488 246568512 19167472 -382049536 -120456096 58738448 257791040 -224988096 -680884736 -199656640 -486873088 -135872640 115080640 79070400 68769312 -334713856 -167653312 -259313408 123508992 -513986560 -512412160 11597896 93680864 -101130560 -232861504 -261485952 594574336 694394368 172868096 15073808 -224021120 -190211392 -21652832 -114147840 -641253888 
-118882880 -200365632 177646272 427315200 205581696 -239920704 -227053824 140934208 -64416928 283621632 -194026176 -76886528 182359168 422336256 222437888 253436352 -227339968 -631153152 77365792 -182746624 124038848 411964416 406712320 138098432 101411648 81003552 -374511360 77124288 306587392 -75317728 -155255680 129994144 -44593584 -117441888 402778624 112716640 138976832 319735808 143235840 -65275248 307968768 165229888 108129408 -503484928 -366226688 123033664 -74942944 71526144 224030528 -170241024 30927104 44230896 444129024 122189344 103071296 215704832 -24260736 35459200 48885664 408808960 -24526056 -378455296 38152144 -111426304 
-161839424 -222223040 193466176 -15993642 307994624 -175747520 133665792 -202344256 -419675904 260126208 356369152 -389357824 326219264 35598304 191618944 4859022 -199333632 230112000 -207316864 -44536672 -15215360 -77644800 -250643264 -229721920 -263010304 118380064 -24022384 432971776 -198288000 -205543680 -28388936 155390720 358662656 -216888512 59059456 247082176 -97568128 -328853504 -50316528 435474432 -73543840 276506880 -428607488 -93187296 286470656 -70217088 208223552 -376076032 -9062400 -938853376 358924032 285494016 29243688 227029824 -28591440 157231040 -76417024 -374919424 -23227944 272431616 143903424 45166656 6749984 -26351176 
49989664 -313072384 9669224 453061120 15790198 -47459120 72867840 187313472 -89799424 452728064 313675264 -94922304 8467104 160853632 302359552 264223552 -153251776 509107200 13299344 -280975872 427315712 -286901248 -225421056 -9614336 183815296 4454208 -764295680 -432224256 -7633800 68717664 3287376 259424896 227430144 -329603584 94805472 429747200 -159941440 -186054720 -10444352 278669312 -436759296 130089888 -615814656 71581536 17803296 -58871696 281049344 -406646272 -28427096 -62367504 103174720 114669664 -133762144 303404288 468014080 -391205120 -194085760 -262368128 110661984 692987904 -51076816 -15158096 -80501888 234329728 
30517264 88039424 207896448 -221097600 -254873088 251149440 -5443536 55761440 -58086224 111325536 278987264 35274976 -235725824 15582304 180172800 -40416256 426451712 602937344 249213248 -204551936 -187924800 330509568 340723456 -94307456 -54039696 -218257408 -244027584 -18571776 47331968 283337728 -29344208 -296787712 -542295552 16081928 -126347648 -274555648 -165254272 248369536 -414519296 43026112 -389902336 29107488 -222321792 135359936 -29265264 92348480 -128018272 318906880 139012992 443997184 302409216 -58184288 -122515776 356418304 200876288 9861152 -15257376 -329521152 -166875456 -19032736 435784960 -354164480 155694080 -723394560 
3581888 334913024 -79054080 -733891584 77823424 -92555296 319200768 -299127808 55836928 -373006848 224477888 -118076864 -489791232 -716789248 -424885504 -192074688 -316011520 322847232 46459904 -114715072 205609664 -303950080 -79349088 -209354880 -152461760 -152433088 -483852544 -5008448 178584832 236013824 219279232 -180083584 -288770048 1228441 -251705408 -162558912 -258123648 -456455680 -60548704 -104224608 -577992192 185099328 258071040 552312832 -88389952 -223192512 -146736384 709485568 -158537472 34257840 433650944 -278785280 -371941888 -10699486 -331939840 -432382976 20305408 -300291072 -51818816 -314701568 350894336 -39866000 -120865888 161961728 
-393245440 307515648 290409984 -441823744 183882240 319840512 466216448 60554560 -5415544 67852096 150994432 178766336 -100654080 15398280 158801536 -163918912 120777664 124722208 386184704 445023232 86557088 -373320960 162641664 200342528 149117184 107078656 456278272 121477184 59508832 -155765952 571974656 -413914624 416570112 87473408 -230263616 298406144 613989888 -51829584 -64652384 -643799552 167142656 390355968 69428192 57285136 -67402496 697325056 240804736 44238528 301461504 241302976 210380032 33824384 159718848 467196928 -311995904 492114176 251593536 -17299328 300676608 99070208 -318526464 85987648 -207230656 -103728096 
401722112 -109237664 396433152 579795968 344196864 -19837872 -212804672 7236401 50870048 22598696 -199917376 586900992 1580448 157761856 -295991040 -48160608 290187264 -80764352 -819717632 -162304384 292921600 302337280 -58339008 -86485312 260460160 80144448 139060800 617293312 -126290880 70454400 129069440 -310343168 241987520 388950784 -186879232 -295174144 245894016 -40697744 246724608 390905856 -66692832 -138707648 219304960 -529539328 -154474432 -157466752 410978560 -350556928 -288310528 -389439744 -261432064 141191552 93461472 -276208128 -202390464 95850272 -93567904 -36432432 31815856 -93410144 122882816 -244123072 -180453120 247412992 
275283712 -577390592 -249078784 541627392 108920896 -178025856 13629746 428485888 31327984 209991296 -214469376 33542920 -231237632 -107483296 -347880448 167132352 -203527360 -392038656 -261997824 -484619008 -380922624 -29393088 -11301470 36379728 -43731776 245660416 121916640 -68563936 27809536 -118134880 6610994 242653184 -376116224 -144614336 501975808 331259648 55128880 -52634560 260518400 -161915776 57902944 281324800 22830264 -303347712 66781520 93846880 -225215936 -259974720 -230203264 -83105344 -56099968 -214480768 35794448 -338306560 27544544 -73471040 -222425984 153757120 -81621184 -100051488 -248840256 336599808 33960512 -146134848 
-197466816 -284203520 -333676032 -19727104 189837888 -450002944 240072128 151239488 336074496 -157558208 -356764928 392221696 250006272 59344896 -184063360 -277564416 -40763328 113153600 -61520128 245115648 193514368 260265984 -286523136 -123597120 -478959104 -105634752 -129685440 220833024 -192016000 -496912384 224434432 356604928 51957120 13069068 58882704 119894336 23654744 -470623488 -121093792 -198450816 396646912 -100257344 295718400 -382342912 -326236672 209407424 14512080 -424680192 169581568 -67682624 184536704 3623816 264508672 -466840576 -427907328 62285600 -167549184 388046336 60819744 185308032 -243125760 -330574848 -135481984 288001024 
87827648 -202664960 203755520 66514496 -94794912 -121686112 471101696 -243291328 247884672 48770080 -177279040 283811584 453349120 -210992960 -195505728 99967680 298805760 311469312 -130941184 -213342912 175229056 204107520 -266915328 169762560 -152829248 -149085248 -297612032 32148512 367883520 193667584 -37436800 -110375520 267395456 374762240 66119520 19306304 453402624 -110723552 -8935936 -146356352 99798208 476190208 165588928 -432028672 -173966080 709099008 -91457152 -120112256 104048928 -455030272 399992064 -78349216 1549872 372534016 -135763200 206584832 -264172864 -254996608 51909072 64062816 -100519744 -3000696 -622666752 -171940224 
-66495024 -195664064 237118720 137660032 -28468024 631421952 432521472 -237065984 -64713408 -65612576 -287143168 116836288 -24282640 334294272 -200440896 111957536 -244928512 4128528 -121932000 -152699584 -149995648 22418696 -173914432 175166528 301543680 -243449152 356385280 -129945024 358048256 482617344 70178112 -698045952 -129857984 66891568 -55168528 204820800 107040064 255156224 237924928 45877888 -374616064 -396983296 615756800 -55671760 181751936 715991040 68961376 80886112 99979744 87130560 -65504272 55734688 -9572232 -290664960 211217856 -227602880 105592800 -15998844 -45662032 276444160 -32574968 -92438688 228662656 -438159872 
435213056 34222368 163985408 -15703610 350367744 -356936960 52736112 -145866112 -174231744 90018624 30576528 454345984 -72972736 -515171328 138895872 -340834560 -157562560 -27578280 -97289088 -114985568 90180576 -56843984 83777120 331726848 -102480352 -324701184 -342048768 -184891264 -118959168 153157248 430727168 -605314048 228602880 510312192 97762688 186745152 -326105088 185361024 147330432 190928256 13628568 449259520 273754112 -26499128 -98583712 115235648 10652864 66743408 371716864 -37048144 443923200 167462144 2396074 498645760 479536896 -498381312 229364352 62532384 21884184 -297443584 35643648 12823760 -8499060 -333063936 
266614400 -54416960 -274181376 42656736 -292931584 -249920448 -274565376 450411008 260022784 207565760 472622080 -546795520 205513344 -513267456 -304198400 -208814784 228530368 227346048 449496832 -78717696 49337776 286107648 -280097280 127584 -228680192 88081088 -150808512 232944384 366547968 -211346880 340412672 -179133888 73706176 -487191040 -191083264 23770272 -366721792 -196856576 -58378432 -510276096 123995040 125757024 -140803840 443533568 158125248 -347507968 394300416 438942720 -404343552 71838656 356395776 91124192 189847168 341132288 -241752640 -40759488 119750944 22421216 129582304 399041024 112154816 -327309568 70935360 -10202672 
-234699840 -10773988 -176260032 297598464 505071872 -61997056 42123600 21027984 -83465664 8664330 -112627360 392322816 37279648 -81521280 42143040 -428933632 -113440128 170050496 -176614912 -184824000 -126083488 -131385984 -149113792 72306848 11736408 160572352 118612384 65251232 -172282496 -297215232 390299904 -300051456 12037014 -370799616 5603040 -79651712 261214080 26268248 -141133760 -210937728 302340864 -210811328 364968448 -200939584 -67001248 -124508928 72876576 -133051552 41538336 -84515840 -250120896 1013597 479806976 26732320 -343351808 302731776 8228972 383035392 178389376 -93710912 -202290688 248328320 40818976 528312 
161330304 145869504 5282146 -318391808 78159552 203272320 20121768 173242688 -86344480 -97274272 23078976 -137338688 345032192 -157271488 119440384 -116228384 81682624 -101225600 27479848 405319168 83405248 466121984 -71936192 61598064 144555904 -130264864 17314968 -129881408 -413179904 268575488 384280320 97023072 -420966144 -146110080 152687872 -12301736 100366752 -245240512 -242497024 291182336 -525959168 35538592 -79006016 -68704096 -366628352 -42234656 280515840 129477120 57377264 65180656 106916832 -80267328 -45070624 -255370944 112805344 -452096512 -117353952 -108464704 217732992 -296838912 139302656 109392800 -47860992 -251150016 
175557696 -107387680 -213762432 -246747392 -142981248 -18014152 -102741792 -297456128 -233957248 35613008 29635896 -128496096 458727168 127769344 -174093696 -47340768 133629568 54578112 -220442112 -506671104 241394048 12535808 314297856 -147365632 -238824768 -422100224 -420135936 114168256 74160000 265083456 -208560384 -451499776 -70980160 -199867776 -8568112 62284288 91411040 -2602208 644096000 -59483936 -288689152 -44196576 -77663520 222487360 71705504 -125530144 -336326656 -52023296 -114223104 79744736 -75253408 91765280 -132697120 322804480 355731968 -444558848 -5454200 -354515456 -268112960 -569846784 -14492568 -151624960 156897728 65700080 
-49246624 -88735232 398690560 -362461696 119694176 -443033344 341823232 130459744 -156716288 -651934720 184352576 449708032 250138752 156651264 66175936 -385353472 -338292992 224863936 -67121376 62777216 -122740032 459606272 -39759392 276211968 105108352 334909952 -501789184 -382684416 366591488 -185223296 253480064 -271487488 63203056 97816384 339418112 -3043585 -86675872 -202392320 -616620032 -38707088 86804704 -66587744 -192433408 -89313632 -405019392 -69060832 179271872 180567168 389426176 -103948608 124071968 -151670144 591034880 -401284608 -245458176 -3273779.5 326683392 33404640 -12770380 -52093472 -349917696 -203387008 -596326400 -141743936 
97451008 87941920 69446464 381155328 -159284928 -261171456 -412282880 -285283584 174313536 -125651712 -118484992 316987648 -118395136 101869600 -294859520 288799232 200045440 359254784 67131232 -472299520 284194816 219915840 86366560 -7447760 8283514 101443616 -53772688 -366545152 106539840 6990418 201628800 416784128 -31512048 83715168 38131024 -221764608 -312812032 -300040448 125336992 60818160 483235840 -118578432 7741928 -659059200 -561741312 -370028800 -140057088 122515840 -81860096 90349088 -133178432 -491335936 -219903744 -168959872 57653408 -211810432 210866624 321250304 21683176 99407040 -631620608 -308528640 147638656 -198500864 
65151776 -172292544 215202176 -234280576 477686528 -437851392 -251806336 178350784 -97192928 140472896 -153516480 236200960 -191654336 -93145376 305317888 -207356288 71824704 200324224 82260544 494995712 29321800 -450415616 -116709152 -9125216 -181181056 29784496 -223359232 8990528 -165150848 -147346112 168452736 -88694784 125324416 -86970752 -558681600 -479031040 152255872 117384256 -457669632 187432320 -221985920 -22303520 65269728 153239168 239825344 160829760 261910528 288043520 165873216 -33182088 -57499664 15371250 422688512 -245336320 -192453440 247147392 -347752448 481283584 -125834880 294803712 307312 137068480 105626816 232022784 
8890816 -75558880 -74326528 -352520192 93504992 279290112 -127797760 109841312 82152832 -758672.5 282473984 -215696640 260708992 -20187616 -102609888 -204870016 187097664 -364228096 -16777256 -535929 -112588832 316566528 -11574750 187141376 -27716136 177191680 493682176 617678848 217193472 -78707680 -136497088 -358532096 -667550208 -572334592 -317654528 56510992 -93148224 6137089 322756096 -218103360 -164891520 -33172088 409944832 -25135600 -147908928 260464000 107959840 287953408 -232746048 385187328 13444392 -445011456 665579008 77693344 -631960576 281854208 -223739456 9392064 377133312 -36845056 17658352 -303884800 221046144 -461902336 
447182848 341943808 -39133760 -166585728 145084800 80272640 120179456 -157174528 248162816 -185038144 89552384 -36387792 8192944 -313535744 229686144 207175040 -18127160 -31536904 -361151232 154996992 382293504 -204665216 98442432 -301643008 147886336 -42175104 -419753984 55371920 286513152 126127680 -167550336 -63497120 168076032 426822400 -207651904 -351302912 108122368 -249693888 84705920 -595823104 175624576 526984960 -157848128 -114338784 -516125952 -100037824 -351612928 -61742512 42709424 24809920 66981472 -507239936 -303825920 26466984 26862936 -354917888 53287216 -239662976 202830016 -743244800 6099200 -95016736 -837432320 172932608 
372697344 -8670720 372704512 -43470464 -36919008 27947904 -159732480 394260736 -99516064 16806912 417038592 110176736 289526016 539013632 338975488 -119372288 331023872 689505280 -120034816 -286979840 313707264 -282003968 190283904 -316739328 450486016 176345984 -659616768 -3593152 -125410432 -424640256 -248364160 49986720 855124992 -180397952 -183150272 19027552 211753728 26652480 110284768 -93406400 132877568 -380139008 -339178240 101665792 126796096 -114504736 789448704 -339580416 42907984 -215662272 -75495232 396558336 -200933888 -274240768 -13122976 -323102976 -762836480 -58162800 380819968 64586752 508358400 280240384 186960768 486863104 
-78093216 140100608 -455699200 291303168 -202630336 257774208 182167552 304193536 33181264 132633152 99641504 229851520 -239476992 141271296 318105856 198353728 611905024 -269670656 -279869952 110512480 195303488 -174786944 -103054912 -509102592 -307748352 -437100032 500853248 236938624 -418524416 176328704 -145283520 150594944 -33716352 273495808 -203166336 -387491072 -195374208 -177265856 -54822720 86088800 229653504 -8323391 95435712 -35280992 -76903648 178642240 -475062784 -96233856 -245523008 404690432 218870144 -139993152 -88113504 393181440 -51393456 374007552 14689240 -106577248 2762077 -482919936 254537984 -109841216 -99634240 -293633536 
-63128000 -45845824 500329216 18758592 376224256 284896768 -122814400 -179169024 9245712 -238892096 185513472 -283510784 442284800 -322706432 57323168 115354880 501582080 279019008 -45902560 13939264 405395200 619337216 -387025408 281263360 -249065344 -11687664 -39821776 -187901376 90658464 102706624 -624147968 1071912 391971584 -29861928 541094912 -265113536 119162496 135450688 -48344896 128185152 -197043904 -296904448 20684288 17164832 -77680032 -392907776 332491264 40277040 -326921728 -333067776 410640384 -165149248 -455049472 438908160 239125632 369289472 4127976 -8268816 172113088 318097664 252776320 109910240 -1480160 -284731904 
-501499392 -187709504 113473408 140866816 565382656 153011264 -338373888 -21424456 143194048 -36327808 -51241328 -350684160 -203119424 -437817856 12157008 -224639744 -47915520 34784224 -430979584 1072064 117224640 -183657472 -211708288 -105134080 191670720 132436928 352191232 810221056 -443075840 -398861824 355637760 312377344 -424196608 -247949696 -157417728 -138570688 -79262368 -382918912 -53771664 109218400 -126842432 399836160 -249331136 -262278400 -66463248 18519936 -29148016 -176570880 -146895488 -213104896 163336064 -297835520 109845376 -61598320 -409036544 373487872 285964544 100292544 -34253728 -53352368 -32081696 82566272 -155202688 337239040 
161420544 94803296 231872896 -141350400 7241184 310924544 -29266584 127617952 466313216 -214801280 -225566528 263188672 -161513856 -105299744 143511488 112170880 54215136 -136053888 487864576 292570880 228246208 453667328 -129753952 -140689024 -250258752 135791488 170765376 -16027904 150074304 69010976 -43542128 271295744 -73857472 -73146752 -143029376 -144666880 340080128 258679872 508905216 48333152 -370660096 67157568 136354176 397983744 41420432 -144595968 -285210880 82579008 -574512128 342546432 -296504832 -126473376 -63038368 79931584 296212224 383474688 -44577472 -14211800 -18508392 220015360 450462464 302915072 56951392 -96250784 
-290263040 -300248832 -228453824 -144330752 500650240 50948912 -331422976 84967936 161701440 -196128896 -117157504 -228302784 -81101696 -209128192 60066640 100227136 -106773440 -315373568 -346003200 91259712 441974784 310759936 -226907968 -296465920 -574832640 228730816 -127098240 58462032 33011072 -211453952 -347185664 174841664 273025792 361975808 80872896 -197381888 -332140800 -953017856 -225870336 -128458368 -112715200 141715392 -202360896 606974464 -31236912 341476864 143720704 -24242896 -75912000 -260621312 389414912 18884424 24972784 -342659072 -230781888 259046208 17611920 -70761216 -139850304 -254786368 -107064192 -84202464 -22640240 118338464 
-2888662 64788688 80994752 42614752 -56096784 -205637312 -25006800 -18712832 -288702208 415021056 -58744688 -195802944 258737984 -8489796 -684393472 414537984 120489632 -250937792 -60973456 -20517400 186442240 -110004832 -266704192 -58825280 -25413896 20973248 157896320 -263660736 180741248 273557504 -402441216 302827520 126046592 -128774080 346642688 -295358976 -22471112 -127012864 -380462336 387027712 -464968448 -15379160 -156288896 170770944 307670784 29043376 -182047168 514588672 -620534784 -447186944 -81871552 -182460544 21706552 34562544 229242688 197321152 73643296 71891200 -89469856 273098240 179986560 365355264 -205993344 -48414112 
