16 16
1663745.5 2693408 -43524.46875 -205825.34375 697514.5 -1282830.25 2127329.5 253637.84375 -1867950.25 -781099.6875 113466.75 -2614247 573752.9375 -797042.375 -1206979.25 -284301.3125 
83780.671875 -1195568 -512348.53125 368505.1875 52557.8125 323107 -1020968.75 -2096253.75 -1322179 2152061.5 2464431.5 709047.125 -670046.6875 1892733.5 203787.46875 1326823.25 
1014388.6875 -263759.84375 1171048 63615.953125 -843175.8125 921868.875 -460623.375 736937.125 -215585.0625 2583389 -1120693 -685064.6875 -273305.75 -414533.09375 -2034825.5 1276639.5 
313902.75 1365966.25 2381948.5 622562.875 1411420.5 -25748.578125 -3442385.5 645167.3125 1034076.375 2030317.25 -1170958 1952161.5 -1302958.75 -768062.125 -567216.125 3365283 
-2368116 -1738199.5 -3073358.5 25704.21875 -2146127.5 1963427 3375480 -1646950 547542.6875 -3121202 989485.9375 298047.625 -356619.4375 796984.375 822149.625 -4337065 
-39837.8125 1552612.25 -662469.75 364942.46875 -108690.875 256434.25 2641933 973298.75 -847322.3125 -2060224.5 -1669806.5 374556.40625 -4127450 -178865.625 -310967.3125 -2297061.5 
1142403.75 1989729.5 -374236.1875 308391.96875 2386038.5 -994633.625 -1433003.25 -1392506.75 -1044715.125 1751790 972209 -316915.125 1372641 116542.28125 -632651.625 1304628.75 
-15266.484375 574525.3125 2003409 -1139753.75 1860111 -2627441.5 -549281.5 333228.03125 147787.6875 559427.375 -1561920.5 -1418855 -739596.6875 1939869.25 -1548369.75 154011.890625 
-1205976.75 -2593580.5 -840114.625 245752.484375 -2242756 71323.03125 3184355 319456.78125 -793354.375 -611153.625 1704559.75 -920364.25 101675.46875 745277.8125 103839.453125 -1153738.75 
-1374989.5 423357.5625 -861941 2147834.5 -363193.5625 489116 1695231 -1805724.5 -263659.875 -441536.21875 41515.443359375 1149325.25 -1247069.75 1690048.25 57044.298828125 -776226 
-1912699.25 -1209658.5 -957596.75 -2548099.5 -156869.375 589121.8125 -8465.984375 663312.875 2035660.5 1116646.75 -1573311.5 1256666.75 -1390209.75 -154928.671875 -1920492.75 -476123.9375 
789890.75 -407209.5625 -398610.3125 726662.125 -689895.4375 1823418.5 -2436422 28876.75 1723229.5 -296174.375 422314.25 1740484 1836522.25 -647620.4375 1489114.75 1046186.8125 
1028515.5 1356715 -261983.9375 -1611281.5 2149764.5 -1666969.75 -822369.375 2334366 1204717.5 -1203888.75 -2311704 -248522.28125 -1574020.25 81148.9375 946161.125 -1230088.75 
351212.1875 -112964.5625 34169.015625 903240.875 95323.21875 1917930.75 -929808.625 1896930 -1083420 2513936.5 1718795.5 2348682 -1159719 -531463 616485.125 695276.4375 
-291404.125 1580078.75 815854.875 489161.03125 978262.9375 -1215246.75 -389987.03125 -1396011.75 193636.84375 280042.21875 -927553.8125 -1359504 -169232.84375 -1062148.5 -654223.5 1295200.5 
21267.2734375 -1499631 -578848.6875 -1603041 -280121.875 -718278.1875 1066452.5 -1303352 -2397413 1408490 2007253.25 -2818851 463983.25 -975563.625 -845128.75 -413184.5625 
