10 10
0.46510473638773 0.70458412915468 -0.39907825365663 -0.79747734591365 -0.98515766859055 -1.1669310107827 -0.4220279417932 0.87422342225909 1.1849173381925 0.39107109978795 
-0.7719996497035 -0.82659831643105 1.2763075158 1.0362887904048 0.18217028677464 0.26468281261623 -0.31794439069927 -0.26320539414883 -0.98199455812573 0.96823899447918 
-0.7138730995357 -0.38988540507853 1.0290512964129 0.64108293876052 -0.12714094854891 0.61384120583534 -0.3543540276587 -0.88063850998878 -0.77888647466898 0.85538297146559 
0.52862619236112 1.3000958412886 -0.54002729058266 -0.82929810881615 0.72609477490187 0.79275576770306 0.64309712871909 0.30398037657142 0.073795895557851 -1.3872998133302 
-1.2568485736847 -0.0090759266167879 -1.2194471508265 2.0343596339226 -0.93288414180279 -1.554057225585 -0.14661952853203 -0.35621253587306 0.22230097092688 0.38962195068598 
1.3369549438357 0.15781352203339 0.30511229112744 -1.01159247756 0.022483714856207 -0.37290361896157 0.66861760988832 1.6600058674812 0.051681808661669 -1.1920733228326 
-1.0469254925847 -1.6227637827396 0.66613861173391 0.92764897271991 0.73035375028849 0.29732410609722 -0.0098821949213743 -0.65689756348729 -0.85802790895104 -0.037943031638861 
-0.89309463277459 -0.54313739389181 -0.063434447161853 -1.1986454948783 0.17523236013949 -0.8205802179873 -1.2840586155653 -0.84733009338379 1.4625495001674 0.81569639593363 
0.39522772654891 -1.0645191073418 2.2699891030788 -1.310557872057 -0.18214739114046 -1.5609750747681 -0.49206984601915 3.2410616874695 -0.17063762620091 -0.13848767615855 
2.2369531393051 3.4683343917131 0.10723679512739 -2.8849341124296 0.10752019286156 1.5335947051644 -0.20661865826696 0.073011294007301 0.5853934623301 -0.49261119961739 
