10 10
156921 1583600 1332855.25 -731925 -123923.90625 499555.21875 117782 -2389721 -579.578125 751664.75 
164109.03125 1506571.5 200888.28125 -815112 -299209.75 1294234.25 1168600.5 -563978.6875 1271665.75 -852947.3125 
-52968.25 -388658.1875 -531568 357498.9375 757132.625 -1627889.25 -828169.75 1522710.75 -1082403.25 -1196549 
179798.34375 2975779 -213183.828125 -3439486 -1146873.25 -2762983.5 1030398.625 -1544488.5 -1525386 -1977321.5 
77654.53125 -293249.875 -223828.21875 1145040.25 -470656.0625 1148213.5 167674.375 -242852.171875 518054.375 -1350946.5 
-839408.375 1213349.25 -38687.625 -219026.625 1044972.4375 478.46875 1201909 661918 422701.5 -2071123.5 
-929212.0625 -865662.875 854475.125 611877.75 478297.84375 -416742.4375 -187875.0625 -73374.28125 -373477.9375 2113368 
-556030.5 -657059 339778.46875 1311570.75 602356.125 2542576.5 220437.859375 662090 1301520.25 -221510.625 
-331760.3125 86767.359375 765877.875 -103888.6875 -592128.0625 -164477.65625 89604.09375 -42717.5546875 1079343.75 175897.6875 
-879571.125 -608809.4375 512619.375 1430507.25 596811 702852.625 662858.8125 -1105238.5 291925.125 84680 
