10 10
7536.1423339844 1105.3409729004 4665.7529296875 -11185.413574219 -15572.520996094 -8083.3566894531 4934.4624023438 -6772.5773925781 14117.056640625 -4571.8840332031 
8547.0146484375 1385.717590332 3949.53125 1755.390411377 5110.3251953125 8830.5112304688 -1384.3552246094 -5719.3916015625 -9561.3745117188 -11499.338867188 
19602.721679688 8734.0170898438 5385.8991699219 10639.837402344 2378.264465332 8690.5190429688 -292.70922851562 -6897.2407226562 -5948.171875 -8267.9750976562 
5063.8564453125 3509.1412963867 -2101.428894043 -4455.7836914062 1152.1544189453 -6228.9086914062 -1251.0225830078 -2208.1208496094 18744.375976562 10817.65625 
11333.475585938 -6748.6237792969 -8280.6245117188 -11966.67578125 -7029.4111328125 2355.0456542969 3034.1061401367 -18722.161132812 -5350.83203125 -16370.305664062 
16039.069824219 -576.53880310059 4355.5129394531 4610.4526367188 -14866.086914062 -14212.71484375 1969.712890625 -12595.431152344 9861.5942382812 6534.9631347656 
-4020.291015625 -2094.8363037109 -9133.5004882812 -4927.3999023438 3365.4190673828 4400.5815429688 4182.349609375 -4995.1538085938 -674.54809570312 18157.7734375 
-21638.310546875 -7608.7182617188 4004.1573486328 806.66123962402 12532.59375 7672.3032226562 -292.67602539062 8403.8940429688 -21851.1171875 1192.4836425781 
-2473.3875732422 840.96844482422 1689.9143371582 720.87937927246 23543.028320312 -307.51592254639 -18906.784179688 8734.736328125 -4379.5529785156 -18074.798828125 
-8718.83203125 -7393.9938964844 13579.243652344 -20434.491210938 -21095.108398438 -745.25967407227 3424.0361938477 -2629.2242431641 90.110443115234 6491.4223632812 
