16 16
1180328.75 -889043.6875 -1872664.25 -268092.8125 486165.1875 1188328.5 417532.9375 -795375.4375 -1255351.75 30145.84375 -1867146.5 1636938.25 1440522.75 1502263 -2599467.5 -83140.15625 
1315675 -965779.5 -1449845.5 1773541.75 -2691.9375 -2150734.5 -4547682 -1169497 418095.125 -2197745.5 -2291318.5 -1070544.5 -1032585.4375 1227822.75 158582 1492361 
1219274.75 -178696.90625 -2219801 -478894.46875 717627.0625 -13652.123046875 1279106.75 -1382896.75 -3120441 1925441.5 217979.28125 236380.609375 1214762.5 -1257231 -2377491 1276660 
128728.8671875 -1119108.25 -330323.625 1394351.75 -2771039 -240.9921875 -1638762.75 -157644.90625 -260385.15625 1916395.5 -1677721.25 751093.5625 481380.03125 -125975.140625 -2090461.25 -1089221.75 
1623424.25 -233500.109375 -93650.546875 -58267.916015625 1383574 -2362727 -433429.53125 -90361.0078125 -1923348 -1674301.25 150199.859375 -889347.6875 -327001.28125 161242.640625 -2268864.5 2883488.5 
1881233 1061805.5 -1774370.25 325870.8125 2399769 284619.875 818621.375 -1282482 215307.15625 -818584.625 -3317624 -878681.625 -42505.4296875 2496675 399271.90625 -31831.6015625 
-200459.953125 424436.75 -1324604.5 -601864.875 -1938505.25 3070600 -232203.828125 -1992754.5 353224.25 2906148 -2183931.5 1661895.75 -221848.53125 -192186.875 1355838.25 -2232346 
-1078837.25 -1828545 -391628.21875 480200.9375 -912171.75 -670101.0625 238518.21875 -501046.875 -329330.3125 2470815 -552221.3125 184219.890625 1240447.75 -1961252 -1309710.5 581477.5 
-361586.9375 -1194138 1419855.75 1158206.5 -1836810.25 -241758.453125 1137947.75 1242046.75 523787.875 -400965.96875 673578 72177.3125 -812861.3125 138230.203125 -1241815 121422.34375 
1332075.75 -2630830.5 1719761.5 -1006105.9375 -705054.9375 -1505332.25 778149.5 -490990.8125 -103640.0390625 178949.71875 417431.125 278402.1875 214156.109375 1611248.75 -697130.4375 1891123 
-2430903 203922.375 -141612.125 -1545452.5 1633184.5 1293331 -1952880.5 -1489425.5 -147159.34375 1421862 -959876.875 -1964344.75 231807.1875 -191226.875 530460.75 -381789.84375 
-960392 528787 446713.21875 -1402307 472663.875 -369167.875 3416077 629053.9375 -1253794.5 899948.25 169932.953125 -129403.84375 452895.5625 -1378483.75 -1992920.5 307852.25 
1011778.6875 2695935.5 -588202.8125 -226295.875 616021.5625 697192.6875 770440.5 -1728947.25 -1167174.5 -1418486.25 -1655041.5 1694406.5 -1030677.875 1545645 2291561.5 -511120.3125 
-1402165.75 -901529.9375 1836955.75 -1343190.75 177560.65625 -2566585 -226848.046875 1242068.25 36801.40625 -1158481.75 -472479.875 -108874.203125 473435.4375 2207910 600263.9375 550236.0625 
-441745.84375 477548.125 3094431 400206.46875 -1390330.75 -2567556 297757.875 916508.375 515744.03125 -967365 -590621.5625 -375237.46875 -1842746.75 1461438.5 4132027 429146.9375 
941820.5 -1118326 -1119049 218604.8125 1271843.5 -1971328.5 -524421.625 825448.875 -2615177 -2073943.25 422316.84375 -123805.375 1911999.5 1268290.5 -4272240 1127346.5 
