64 64
-17060896 -70673216 144563648 -220768512 61119392 -168481664 242718464 34133856 143542528 -119371008 -210602880 -556094976 -181327872 204580992 144250496 -168699904 -62999920 -362564096 -87989120 -9865118 176982784 177498944 -9758606 -201939712 -220333824 54231216 297686528 -121629696 -250734592 -361374720 -52975904 -200103488 -302059520 -244728128 -516790016 62154368 59359072 155094656 -228903616 51874720 -303365632 -196753024 -692196864 -136383936 -177449152 -151461184 239476032 -339834112 -334998272 191188544 -173031360 240310016 -145546752 461961728 344813056 592138240 422401536 -119949824 -476035840 -204570688 128988960 126245504 -16138032 -316955392 
-311883776 -524870656 -565626880 220111232 -24495152 88076896 -246993472 -82677344 -297039104 -29635712 45200672 501961472 49523904 -144744640 -189421376 117683264 -381285376 27057288 -139639104 -897748 6973539 -544225792 3765271 -363956736 433959680 179482368 -312491008 590857216 224567232 20815096 -136194560 -85761696 32055424 -360062464 359829760 -133662528 -72475008 198055360 144963712 457337600 -117477312 100245536 321316096 704644096 -332675840 -245757248 -590514688 210959744 -331598080 -69664960 -266698816 57532624 -384894976 129433056 288258304 -365623040 -41539200 154189056 -51809328 132366688 -135773568 -252773376 64460256 311737344 
145804224 -8610192 -283570432 111356192 571294720 -50569216 -532269312 -278444288 366194944 -102092608 -539496448 184227968 -488298496 316132864 16236832 312211200 712256.375 -220943232 326326016 88244736 688650240 -161839360 372809472 -274448128 -104489824 101835168 450426368 -131790880 337124864 544653312 136522816 -49448080 -247578688 -151012288 -239680064 -75862240 131506112 44610528 218745408 76074944 316797952 145856256 319668736 -46142496 235946432 -222481344 -419697152 283507200 -395108864 235861888 131956320 355610368 -398974720 74078272 -51004544 241592192 -551698944 -248238656 263485248 -467311872 452581888 -157698176 -107355200 -149728256 
113963008 208616256 286364160 -1395360 79480224 306883584 386172160 326419200 27053984 -193390656 447541248 275375360 298292224 -170111744 -83006464 112985216 64663392 21339360 170499200 104045184 159132224 -145798912 -22228000 -404587520 -336043264 -30401080 292654592 -44315232 720138240 681486848 -214842112 147316288 261660864 -258536192 -16319776 -322407680 98141632 -44244768 -122789664 81977184 -172961792 -33715232 -110929888 234562176 17460048 -104231968 527142144 125599360 107536608 293928960 95018720 202059584 316326400 -15629520 -413764864 281566720 -23920704 156641024 641728 -426329344 -387851776 113451712 34211792 118307456 
-81186112 -205470720 66974976 66285824 445479680 -170322112 -247733120 -56238720 42286752 178698112 -27106024 -456451072 -142517824 145585088 -18034256 193813824 -455157504 -19227840 -50416800 -210872320 -9161360 251034496 -132980928 -17813056 -509302528 339107840 -133556480 269828096 -140581184 406834176 630521856 -165525248 -490165760 421516544 -95184832 -189831296 244234112 -55828080 -149542784 351331584 -539039232 30925720 -246448192 24579568 -392513792 -27672600 385057024 -301710336 -578826752 208021312 -241416000 513337088 -134470016 230320000 215090240 -71938752 171941120 91295616 -128824192 -59951296 399132416 95994720 115390432 312945408 
53121280 -110188736 -133000448 98351808 729637888 -152484864 -165060096 56505200 66138608 197955136 185604544 15492320 9252512 163499008 196249472 -243238720 -88640928 215744640 -45271408 3887750 -150798848 -57100480 222006272 -130540480 -305352704 16393044 -521466624 72217344 5319134 450818048 -60732448 139387584 -195857600 639451136 375001088 -198629120 5743552 98191712 10906672 -3066752 -231919168 218534592 423286272 48673568 54853776 -478789632 -129570880 -584140288 202380288 -90046720 -320220160 -278746112 -147406784 -388004864 84770432 96983296 7963952 269912832 -178172928 -380711168 340366848 196567552 472664064 19627072 
-87446592 -143270720 294496768 -432438272 425442048 264521536 88799232 72656128 -432362496 -250800704 17355072 -287015680 -168393856 -506828544 -221389824 -553833472 287249408 37499536 -101986336 -503890176 -317513728 266313536 19746896 267001280 -133064608 -207811392 -140035648 35264672 -234518400 -629192192 162992384 153800320 339383296 -81965952 -18103040 -472827648 -97607072 171099264 17645880 -406675968 240630720 -79864160 256231552 258482304 -493714176 74705600 372823296 244048384 144787904 -112879040 -16355696 31744000 371682560 -119103520 45230976 124255904 33215696 302930688 75897184 -34479424 -18356192 484345088 -336522240 345944320 
119512128 -21136816 355053056 83491648 95074656 -474316288 -298815744 358616064 579235840 396695552 -305030400 -108127040 -252960000 592004608 153435776 -36911008 -178496384 476239872 -78656672 -55798656 197979136 186344768 -77836320 38286944 223030848 113524448 -279049216 -150528320 -2110096 212516736 19431872 -451649536 69689792 85750048 102051392 611645440 -236057856 12702944 -163957312 -309531392 286715392 -130511968 -24695312 -528263424 218661248 170526464 -3823392 -171560128 146108608 -502554112 -24644872 -340934912 225529280 401748992 160569024 -105277696 -106122208 59706096 310558208 320306176 -176811648 328860672 306120704 -442181888 
-93556416 40621872 -46899296 188447360 181758976 -142525824 -148076160 157132608 -188549184 216593216 -177527360 166679552 311350016 172365568 -28456760 185408640 208025792 138878464 213921856 452747520 -138292032 141372224 -331934208 370605056 9032768 215430208 -99433056 -334456320 -29592096 -522762752 205195712 482787840 -277292544 235241664 -433416704 -397410048 -82795008 137802048 78288864 -179084160 -192219904 -68919584 -17814288 -1507830 -283289856 -274421248 -284449280 53385504 270078976 -321804544 -417202432 -107245504 -271626240 113017728 107435424 -268793088 -11051456 -67048528 -196814720 -62622336 60666384 274892800 -191314048 110595296 
65599040 124759872 -206874240 -37050976 55067792 -89426464 -209705664 -261451712 152979136 39480576 98389216 -136315008 -235036032 -116428736 300208384 -43847520 73721184 35456832 -81190432 -522783488 -425078016 392768512 -140118144 -285707776 273109504 207989696 352068608 -114901216 56626224 253551936 83237472 483829760 57961072 146709248 -1484794 181740928 -341697024 -108893120 -39563040 -265913856 423825408 56134464 -23007736 -223236288 448548608 -976799 332055808 137293440 290142976 -15375828 54136720 -417178368 153412608 224947200 -248977472 268339776 234056960 313262592 253558464 109613216 -218660352 469550592 57676816 -60569584 
157975680 93532672 183770560 -212258816 -190911872 254657792 30347664 229108736 323742720 34315104 -67190784 53132400 -38270608 -82799744 166136320 -230666048 205709952 63451744 35103280 -29061752 -28461272 -259727040 -90269728 50838480 173829248 -94275136 -34823136 111664096 517009920 -81868288 -186687488 18603840 510546688 56116256 -319340032 -62782336 -234855936 148157312 17315160 68389184 15117664 -123200800 203432128 -77683936 -274143744 3635445 -293915136 185393152 655427072 141530496 193427200 -48303616 171759616 45167968 388141312 -411873536 231692224 -5965856 259093696 -6725684 -319412992 -151244288 -290344448 -259435968 
161836416 234918592 -318370816 -304027392 -237914880 -259622080 451314432 -288881408 -32622704 -620579840 412147456 -236785408 207755840 13607116 -409789952 364413696 -163260160 -266236160 -196259264 -228086144 -53007200 -211588416 142666880 -54492288 163493056 131004480 183234240 396317440 -399677440 354443776 -93902528 455932672 -114128064 -293568256 390830592 -89513472 75424992 -248534336 -258189376 325943296 62610528 -331514624 267946688 147797952 144803840 24862432 11291070 -23647648 -208967552 -196644480 -193880832 -238789504 -282599424 457549312 -281647360 -100127712 328461312 328367104 187752064 -1217460 63604576 -527109888 -337880064 10061104 
320840960 47877792 41748912 -107444224 179818176 279342592 -83179296 617349120 397989376 -433240064 7198914 353135616 649861120 -688693248 -274818048 -105460352 433006848 482539264 374160640 -39993664 23851064 -204332736 323435520 139521792 83254912 -371470336 -139543488 -520210688 119326944 -559162368 -408649216 72776832 140631296 409300224 -46582432 131569376 -35986368 -488835328 -1918992 -404276736 -427758080 224989696 -623922688 167472576 -362913024 -19377792 -416051968 -225976000 200342208 152957696 179651584 -676060672 -47672128 -328784896 503004928 -485414656 128071808 -334805760 -193205760 134107392 -38123280 261485696 -128813248 246867072 
-264747264 134584000 -341274368 -560860672 -356951552 37481264 205582208 -162905344 -163729472 -371019776 -49209408 341267200 -241318528 -76622400 -11890976 135178112 -327982336 -318842368 395550208 47903088 131630272 -278970368 411611136 -556857856 -641878528 29642224 -93224448 296083712 130586880 480257280 135588736 -156979136 380706560 -695805440 -173857856 -298306816 153823488 223254080 1151920 236246720 390124800 94611264 -111874944 132782720 83631040 -60298528 7752448 -129268096 -362989568 265485952 238025216 217596224 53688512 135564736 62289088 240249664 -32677504 207765824 -456280576 -352643840 -15874328 -315225088 253606528 -356628736 
203444544 -17329872 229620096 455101440 -8959696 333921280 -312156672 53251648 -116851552 393381120 -447013888 -41252992 -419076864 -59167536 90870400 -124228256 -7612069 -64962976 208938432 -172061952 83823936 -203325120 -119184064 -121905664 128534080 217537536 190674432 282348544 -181873728 573476864 187232512 -31566944 18557376 342023936 -198031744 -84312864 19882800 -125263392 -79399648 171695296 714399232 160677376 188378240 318567680 231933056 -226996544 121673216 -121741440 -180823104 -53981520 294113792 -71331456 -38935808 254846848 -257866688 -294990336 108624224 -319152128 384627968 204218880 -81844768 -133925536 143732864 -130307776 
158891520 91687840 -325170176 14240704 -389228288 -734985216 -259907520 -101092032 -36644576 437594112 100910720 -104749856 196912832 324708096 664985600 423331072 -517390848 259933760 -278438400 145556928 -13991060 97749792 282930432 -331229952 639824384 145590656 -32071296 -211992128 49937488 101423168 92248288 46723984 -51714736 148280256 377723904 267940416 -369101312 -416322816 242944256 17816808 238533888 243668416 -453610752 -156401152 -403614464 127982048 111135712 48052352 -529911808 137019072 -537100288 201669632 321464576 41426944 -29040536 141035840 -131143712 124759488 85254144 -108182976 -134400704 -195757056 124737600 -125310560 
83008736 49557664 339854592 -202342784 -505183232 11259920 365101312 226799232 -75230336 -150935040 -568262144 -481582336 280909824 218248832 -197021888 -210299520 20991192 -170595136 253403712 195992320 275592192 231909760 23093208 -132042112 63561856 -52592560 356972288 -291527424 -323638016 -552093184 -102925568 -396609280 -176720896 -478283776 -515991040 115130656 -132047744 73360096 118666592 -651867648 75315424 192030016 -303457280 -339790848 -11758568 537949184 722816512 138843520 434358016 -374006784 425949952 -515988480 66111648 354023680 112189408 -151760384 -90979648 -271617024 22839392 59186432 20975744 -139074496 -229319680 -58843040 
152828736 -161314176 301611264 546938880 1093553152 -48824048 171917376 10343200 132407904 85942848 -267417920 -706486784 -208869760 -127356800 46745152 67738880 -95544704 10683040 -153365312 117536256 -319970816 -49400864 270247424 261800320 -23751016 -176293376 -42839856 -288038400 43843904 -281083904 -530718464 121591776 -84266304 316607232 217017536 261006144 426807296 99121472 8473344 190289984 -167574528 65762496 -325118720 -14227168 -258396480 356340736 -120345248 -181369856 31836032 -77368736 18765768 78646464 -175649920 284701184 110090944 367299584 -242620800 -151485568 3642720 149717568 251486016 226145792 -375946752 -438891008 
-49055456 -186067520 267323712 -301396736 14830762 -159879040 299901952 -493044224 21204800 -1069188 -49421760 253843840 -263465600 -202228352 19207968 -46151936 71576672 279597568 367918592 278696960 -31835832 46066272 10302232 54590576 232286016 -298785280 -99901152 -380256512 -101448032 210059840 -323349504 385901568 412416768 248001280 366121216 -75477728 -310444800 94312544 -346793216 -444049920 283886080 -278020608 143439104 3247660 16106952 -323949568 -130772800 66801408 133090752 -177758336 -296833280 -433234432 260693568 52050048 97583232 -37644128 268142656 -245532736 282110464 254979008 -288800768 107542336 66439040 97763200 
222565760 -59595776 -117133824 -14124120 -179488512 -533951232 -227240960 -442017792 308667648 -310568960 492961280 -365511680 91658752 -190444736 302736640 559508480 8679896 -2039776 -48411008 -191413056 -211981440 -259809216 304489984 48552736 -49275712 275406848 -672466432 541026304 605948416 479959552 -318207744 67909216 667751936 179460224 290777088 -259403200 290380800 -189932864 -168039552 80500064 22301952 -298575104 296928512 8600416 -230556224 -72466432 -55159792 390238464 -180687488 -205180864 -404933120 658132480 8735208 -138156032 35229312 392808192 150844992 441300992 12816368 -255474240 -502279936 5833600 -72727168 171522240 
157042304 -95972480 28394896 687054848 329604096 -157938752 -19054424 -925304832 -223544704 296062720 268838656 -300591104 -296164864 32923248 707086848 -33095032 -66673504 499745792 -366399488 425594112 -441945600 360641280 -185733440 121851584 18752816 -198990400 67103840 555338240 -218160768 217274688 74595520 148037120 -15687504 520975360 -66354144 -301399552 381495040 -71806208 -348817152 376967936 -71986784 -24749056 389595648 -324790784 490988800 -21327968 295710208 216406016 -229608768 -530618624 -185910976 624370688 427526912 -175937024 -76192160 337841664 99881216 -407733760 -121020192 301806592 25582968 189170880 229466368 217450176 
-219138688 -188980480 -214822336 88795424 176476480 85418688 569044480 233696192 91985120 190604928 508704768 -365816576 75427072 -4451556 -264700160 -135508544 -57517200 237480384 94329888 -38865520 333047296 138920448 271153152 127299520 -284116480 -307532032 -226710080 -188452928 -67398880 155352064 -128464608 120218112 -252510080 180532800 929874432 -223761024 16961680 526353664 -146433664 -109052384 -437309696 -306149632 -54288736 -148848064 -203944512 249224000 120673408 -335600384 18189496 -65943296 -452330752 35953184 44632416 203976960 -224199488 -312237056 246167872 87492448 -260970240 52389968 -155378496 230523648 -357602560 -351565568 
-225411072 191377088 -208155712 -281253888 44638176 385512704 -26630672 72543104 89230720 324811520 -138329536 -245555328 494746624 109436032 -353165312 -44677856 -321833984 -61941376 -217398336 -122597024 250825024 -169404416 -313273600 165925440 419766272 -13138574 372787712 -99560000 -142300032 -65406208 118389952 -680897536 -373522944 -63414416 166460672 190123520 162905216 81142784 790572032 269273600 -286192896 324821248 92909120 -70537152 -182389568 270010880 362155264 12795584 17379632 364464640 -168367872 32992480 -505688832 331787776 -230257536 19457536 493133056 567534080 54418848 -33867264 264813376 -4019904 -165215872 -160675328 
159421824 51642576 5517627 -104300416 78835968 -260445056 341372672 253028480 422096128 -205564416 -194417408 -104885952 229542464 -105123424 47324320 -71157504 57478528 -264479808 318821888 -26139120 -94677248 531276544 268483328 15396292 -382926848 -39497040 -244754176 -224921600 134245824 -522813952 -203938112 172371008 159604992 178694272 16427012 51152384 -182728832 -42786512 -410971904 -188659072 -183020672 -221708288 -606296576 356135168 56843504 53050272 147631296 -17883976 333488640 172104128 -42336848 -557188608 -93206592 210094720 -70158208 -244420096 -200549696 -120617344 -146029888 -163908928 -241785600 76415232 -36885456 -96648256 
-239228224 -78904480 153668480 9356112 52664960 3095230.5 -60351664 167623488 -206167040 -268867328 -278256384 -76684928 -239011712 -325231360 279095296 36468688 -277725440 243787264 89780800 294732800 -463496192 388859392 24154448 -25168064 212765056 -225587392 37464848 15756160 186335360 -491877376 13850464 395765760 -320059648 284489984 -522401024 -464095488 -90838048 49395904 107719616 128070880 -106400384 -178500928 -82000288 118204736 -148324864 134143968 259985792 502944768 -118172352 -233526976 44978832 -73905248 -37870112 13559728 313238272 356994048 286895616 -353092096 -28344224 157944896 16421384 -196811136 -181028672 475455744 
-67971040 -413624832 -11926880 415974144 259230144 -73573504 -43896416 391878656 -39054912 83488224 -344478720 -167049728 -358935296 105401600 636989440 75226784 -173557120 94852288 -29624240 -454099968 -359919360 200929216 324485888 -130447296 36972928 -189099968 -19199728 291814144 334326528 81956320 341120768 -187264000 203410240 174452160 -90548256 -313206784 596589056 137386880 -263532160 426475520 276210432 -195813632 250768064 352850688 452555776 -318242304 204313472 -184434304 -306953216 48784976 -271426304 -441695488 141654144 167919552 187796544 432150016 -5373720 -125299840 39499360 282504960 -101855360 -17893280 540139520 69642304 
-356000512 423941120 13065536 -8898720 36989248 -346159872 -389073920 -124167360 21508136 -3926552 166641728 -374498816 237831232 346193920 397096192 156386688 -14741446 317937408 -53458688 42708240 -62422912 710440960 48087824 -15124816 -288105216 61434128 -457461248 262401664 -436390656 379432448 279455744 -275664640 -473196544 -210745728 768606720 304505088 264022656 489933056 299449088 533520128 -212350912 240829632 -243244160 102353760 175328064 320063232 -34405184 -508907008 -37039744 -289645824 -301008640 -105289728 258972992 33155424 234997120 -5247328 97572576 18359952 -75714752 366366464 -215152960 -377646336 252476544 -88811712 
-331313920 -262598528 32063472 34896688 48736048 -113378368 264591744 -350257664 128882752 150895872 77661728 121330176 -3560743 191728000 -201767040 116876192 208145984 -519303680 21469576 -97636896 88091680 226038784 -182213824 65910064 196438784 49049648 457327872 -160557440 80763552 90619936 326625024 -208045696 -631269376 -547163648 -83052832 -165271296 37591440 140754688 -208224576 -172473152 37848256 -101605664 -49757568 275802624 445518848 -431009024 -187463232 210432064 38224384 -244709632 -364469504 520984576 -44352112 13180554 -63067232 246297792 -41259696 32052992 -126374816 240652544 6327792 -174488704 -227520384 296521728 
-255919808 383980032 -12521792 -365180928 -333288960 127887488 -292072192 -120381984 -175595776 -227855936 -268575488 43759088 -88171104 -32792176 212853120 234045696 -290205696 480346624 -149652224 -35532992 -431708416 32246168 256693504 -146879104 259108608 419399168 -52660912 175378816 211920576 221122048 412908800 597200896 587887616 117003200 -297816576 -182656960 48525824 108892224 144177024 -226017152 319825664 340990208 422593536 -36560752 27349360 134004064 -45509184 297010944 -225599104 -162072320 -286708480 -507747328 418258944 -171350848 160909632 666331648 322565376 -22871472 233154112 414397440 -163035584 170372288 -14597536 429357824 
-61030464 -302901504 143773568 401271040 -247430912 -238051840 -215395840 -397949184 285340416 58297392 -68601952 -123105568 -191240448 -143806016 67587072 -224966784 -126236512 -449147136 173278016 367777024 272711936 -56898768 48194096 46503840 59959568 -165954368 -491875072 135743616 -164497728 83502496 128884256 -337827072 -196283008 38265872 -65012240 4960222 -54435280 -11148116 -495428608 153954112 -309733632 165681984 22326144 -101230208 -459146496 -218976896 160832000 -652180480 -725721600 51815184 225917248 366490624 -109342528 -185193856 198557248 105924128 -166007808 -190379840 -485847808 267169408 92472768 -143893504 -358815488 214681280 
280447488 236437120 361800192 -288250112 -49402400 48750688 -738037760 -124624576 -12030704 -32027056 120998528 -179906624 -100277184 -76873536 179377152 217077952 120003296 -69667872 73561600 -151962944 87148448 -27842600 111063200 295778048 -131088800 239047232 -157609152 386281728 -73879968 804460032 -4375600 339007744 -157383744 -128372416 -245224448 -324637440 410938368 132664960 -276555264 175736576 328956416 -307451648 -10311264 120459776 124500512 -412507904 -555884032 -3080880 -318800384 -204002560 339448576 428381184 17638944 -331052032 -167073856 -151676672 -6324000 -104413728 7298240 414814720 66889216 -83578720 -795526144 107475520 
-153306368 -552026112 346188800 471554560 115921216 19741672 179733952 205586304 93286048 319297536 78757440 -262874368 218146432 -54168976 307174144 326294528 377583616 368160000 199055616 19388368 -9386464 -134508288 -191176512 -243056960 100070784 -32197928 -934263296 364887040 183835008 -278899200 -110129888 -411703808 340856064 67250368 444195584 -19907880 254194112 249515008 -124620096 325970432 -275089920 -126539456 310874112 440882176 41846064 120312032 213968000 -376765952 -85298464 -262957952 9690016 70163840 118519328 77128576 10414036 -483009792 235289344 68209120 17118248 275483136 -81178272 531474176 340594432 -368774656 
-62063344 -562037760 114631968 264850752 -210488000 -344371968 -113592928 -613030400 218181824 -50200384 -263661376 274895360 171393664 -207058880 303032832 101834176 188234560 27769312 201068672 299950336 -159221120 131339904 -50045808 -203064448 124568160 -147212160 -285028608 5893704 -88546208 -21849448 -108391552 -337582848 438285056 126588640 408453376 -36984880 58545088 -256659456 36500816 -402733824 179488256 152866752 -64513904 -178087936 -56883856 -72272864 -90319968 249996160 -122817536 -6329012 -66745888 94493088 272285952 -132784064 546734080 87549440 -453246976 -244081280 -280867328 226453440 -59594192 -48904336 168320832 -346170624 
98976512 -117290208 486329856 -125352672 308823552 754215424 -101747968 130238336 -176269120 -341785600 58298624 61887264 -413678336 -234096384 -293009408 -234349696 -211036608 156055040 45626048 -167583936 -333822208 -510945280 113960672 67827744 -642912768 168657088 -94566432 228766656 313147136 188444544 -690939392 -81743328 -1903280 -85627072 -197071040 -31125216 12262686 -14373074 351152384 8012176 55438320 84673984 -280515328 -114336768 -104589280 374891520 -224825984 359070464 87104128 13118894 172938304 235723072 220451776 26011024 -79545920 -266510080 33562416 -33880176 -30484560 -237694400 246747456 13235932 -223247552 -108251136 
-115827968 257979136 -76831968 -60670624 -45187888 -520411392 -106094848 -162084416 81761504 18729480 520281856 -242937856 296261120 420621056 123120320 514898944 312103936 331320320 -255388608 74253792 315195136 274354688 635840512 267464320 167607104 110806304 271353088 -2987304 149770048 739808256 -148199936 123972256 -203148608 24184816 366681600 143722240 271643392 166444800 103881024 16029712 -187614336 -156792960 -173054208 131742656 282901760 -216994112 32004736 397713408 -256131776 -289376768 -498325248 399027456 59645904 -467239424 -250647936 472409344 370543616 -271412992 86632000 -48962304 40267456 283518464 -39866112 385932544 
-267251456 -160914432 -70862848 114863232 -54652320 -406158080 173077248 -202863424 283781632 -145462784 -341392128 -47156096 120433184 434385152 80874560 466226176 93353248 6871088 -657736704 139716160 551783424 233133632 -301187840 -20967792 83664864 436286976 290838016 215789952 -672285696 150306688 357160192 -191969408 -42827504 -288461568 -437425152 68478976 510087424 290472960 -13921832 170469632 -39474672 88632800 123523072 -277368832 -45394976 -297218816 13986976 -15191896 -272557056 -342929408 183779392 316394496 -259680960 7667984 293281280 365705216 85669824 423351296 -353165312 435955200 481941248 123782656 243232704 228233664 
-127718304 -216372864 -101379136 104809216 -61557280 149085888 516495616 -49774912 -576357888 -492388608 119309664 607891968 179135104 156434304 -212659072 115229664 225584768 -237479168 250789888 -503569408 -415541760 -322279168 -134507200 40084432 238654784 -43395056 373830656 -261179136 145224640 -603695616 -261127424 -125380288 -164173248 -750581760 225407232 -64456928 173409792 -530238208 -105788736 375971584 375154944 148402432 316549376 447583232 396668672 162763584 -642238464 121963264 34171808 257488000 114468800 311725568 198435712 42229888 -47834336 121692032 -529403136 274542080 -439808512 119560448 -384004096 -451474432 -150683520 -18735664 
67438304 98968576 249902592 371373568 -354706432 -262393856 168794048 -178368896 -482903296 203808768 227054080 -78101664 346953472 310402048 -34152128 735249920 33439160 115538944 15153142 303088128 -621014016 84800096 -360148480 -4333600 169203776 474180096 -22070784 -340283904 -112358816 -213364608 57153472 507475456 -249150016 -100581888 -86334336 23404608 359919616 50676000 350808576 312431616 138761600 120884704 -129174208 89978432 -218144896 415470080 51342272 -70247424 -306994688 170531520 -175412608 627183616 350051584 -86151232 -252033664 -213131072 142686144 -31836128 139381312 168380480 153749632 -314716672 -311243776 -26089952 
-534682880 55417024 -310803200 69014944 320241408 -157471680 -571891200 -41101088 15506632 499591168 -159661312 -15180976 -131933120 422963968 192123776 253029632 -174008576 278742272 -214861632 -88446080 -78893888 -358994432 359065088 -6879920 692708352 277024256 -275804928 107923136 -441038336 -212566464 377945856 387816704 -258854656 267169664 -234120192 -641039872 545157120 -204153856 288976640 133099328 144261312 -142904512 -3855792 65317136 -444526080 -119390624 -569388032 76918208 50571824 -456003584 -281827072 270569472 1624112 -162547072 -581997568 95634880 -27569328 245439232 -188274880 -175245632 116135136 363452416 17890896 -130292608 
207334144 -148629760 151861376 -393619968 -202003072 136237632 -97131232 695288832 -104637696 170990272 576717312 -309424640 135826176 204552704 74812224 218756480 -173383552 -415742976 238856768 -176131968 -10311460 -232105152 364410624 219541952 -369113088 404599296 -213618304 278997504 388087296 284010496 -97266112 43060880 -50935184 135726656 -84465344 -21140992 -108598272 171757184 120054624 -50610352 69533440 -270780672 94441600 -307807744 -385712896 82787872 235553920 -137987072 -391426560 -466860800 282820096 352765696 -284396800 -227108736 -345611264 29618488 287373312 340137216 -297628416 -219667584 -63857488 -165140928 -301935872 -30891248 
14156656 -525688576 -262372672 120928992 -340795648 -149550464 363162624 1175976 -160234048 -481405952 78448224 -157033600 9369792 190007296 351984128 -234094528 -21980736 -467759104 142864960 115071616 -176514880 199374848 270457600 -392528896 -350701824 -198525184 -153142784 106523808 -30541296 -364285952 467330560 123714688 229139776 13695464 92418528 -588548608 -20509696 386718208 -372397568 87605952 70743040 -450724352 -38080528 178223232 -149446848 -159453376 126953472 -231514560 -154405056 -307617792 -358681344 -418391040 -50740192 272854528 315990784 334607360 49007968 -160137792 -437882880 -212638336 -271662848 -483905280 -14126320 54520672 
35020800 -59330016 -40525056 185174400 36469344 219642880 -114147136 -114326144 -255708288 62982096 393473024 93348320 -393588992 104944320 3487135.5 -146840704 -79090496 -124516672 -367331584 -369327360 186257280 -482142720 -23443048 -225386432 62649472 -285248512 -189273344 101376864 -16159436 153216704 240444288 96162816 6568913 -90435008 70480960 9575064 54110960 -119993824 -547794944 -193266816 213435072 -494897920 144999808 -94914048 177120256 -246962624 -181746688 -443292928 113854304 -200771072 146606976 42534256 109180864 -204969984 -462883328 306370816 -299707136 -213110208 -92141216 341587968 416722176 1535385.25 -105682624 -392809728 
77177088 -98951296 -305436672 -131069760 -453306368 -59011184 34532416 38292896 -101283264 225108032 -193506560 -127688896 105505728 106954944 175588096 -303682304 -345350400 -438114816 239822592 277572608 52767616 198208448 387359744 -141692800 -148317184 159506304 -236981696 318372608 137376704 -364913152 282737664 -79548416 4298034 -172131456 -306512640 -48439696 -210996992 260126784 -225199872 -245337728 -125556928 -128266016 -314494720 148076928 89662496 -245382848 118949312 -181058944 -233252992 124932800 -35281520 -111181600 -166220480 316924416 411402752 39590160 144026624 -209147520 -471929344 293137152 57707344 -57302304 -124060928 2933016 
269736704 -148606528 -195601664 -107012160 61409808 228489344 -3622439.5 333302016 -4247561 16487120 261658240 126667232 255472384 -365956864 149350016 261816896 256519744 336608512 -35587744 170804160 608164352 -345429248 -267164736 -342802944 -262898176 62005664 -344238592 141621824 -107476960 -189989696 -378760192 -203141952 -101352640 -29133208 166170112 167533824 -65724272 -104095424 -214088704 156278976 -31460120 177110272 -534112768 138028096 -9313394 108184608 -539696640 -422377984 -34511168 6359713 327637504 431024896 -13215224 468053760 -44661664 -345554688 -4848465 -131644736 -395812096 -48082720 36147344 -401961472 169394048 -200440128 
-176269440 566559232 -109638464 -132886560 90260768 -146505600 -136989120 -188107520 13812808 352706560 -368825856 190374528 -140715136 203593920 136546880 -371141376 -644137984 -111830560 206274816 111282240 495019520 169375872 -261353728 -97640832 94505216 312047616 68108896 -110727616 113131296 -48277856 598394368 -164752512 -260940160 -376121088 -585254912 -208903424 184528576 397284096 -235902144 142684544 399348992 -300431360 -19893280 -167192832 24178424 291607552 633158144 88615360 -228288640 -79903424 -279620608 -227051776 -49639360 828907520 20460240 457113344 164607488 -279738624 282292992 -178311296 -257805568 -209506048 441195008 -17366984 
-378847232 -251374336 -100825792 -178731136 -262216512 -164415360 73200256 269392640 -152329024 -71929952 -41616688 146876800 52931792 -42899360 277761792 72474560 -189273088 119254496 -248395648 -62384608 -309191936 -114369792 -269685248 -247212672 -130253600 181572224 -52764976 303075840 -240035392 -47423808 191094528 -128686976 201156864 146214208 119296384 -412205824 210840256 -10072520 -61360400 471487744 11605136 451101184 24969344 -14497448 -167873664 -100620352 -163320832 -30076992 -496714240 181010304 367640064 47963792 -240751680 91115712 -441176320 49472016 -611406336 802151936 153196288 -183110400 360366848 -156615552 66543680 -293524736 
-163835008 49672128 258348608 -415012608 105574528 137332288 363974656 -24758048 116252480 -201392384 20246584 -127779968 84242752 -329647616 -82618560 -349028608 161501824 193191488 -135846784 27080224 -16273096 209732736 142621376 64997664 -288110336 -209673472 29866424 518974976 253423680 84206048 -213046912 105965024 384982272 -157213248 -202585792 -147448000 10264048 312658944 160938752 118151168 -279734272 64806864 370659328 -4648440 -265702208 -64313840 394921472 376622080 -53665632 54496544 -327802624 456225280 204942720 -301871872 135097088 319495168 402532096 -67983776 -331879168 -293934848 -303836416 330165504 51006464 -25319640 
150019584 62590064 29557280 4903632 -338739712 319476736 135917824 156913664 -77333536 115486208 -538291200 -88619008 50748672 -168162112 -344222208 271358976 235497280 -411389952 233524480 58042720 233490048 -195010432 -292475392 -191979776 -442225920 473000704 100581888 -194919680 199125184 104817152 -28263744 -204711296 149902464 -505869056 -9176880 644840960 -296239360 -44033984 171149312 -143309632 246974528 245835136 -251409344 253613056 -75487040 -236391488 -14907518 -81853696 97585344 754377216 12776110 315627008 -76772672 68354240 -225156736 113713472 -265192320 -204947328 202325376 -476735232 -368068864 -105229408 82612608 -22274688 
185622208 215099840 113564736 72844032 324596224 138082496 20272624 267505280 -99955552 269516288 297797120 440403968 30555056 -79338368 -262364672 -42699568 -438048000 579769344 247959104 282708736 298266624 -73851808 194785728 346512640 1452152 -269944576 -21424304 -173077120 370915840 306108160 -532876032 -188054336 -340687104 148916096 -164979200 -67022544 96484960 -23817952 172589504 -40545376 -145515648 -254931008 144930944 -46509056 247318912 144780224 165115648 125253568 143626368 99507520 -256729088 289137152 95624320 -127866880 11927416 -161145344 540604928 -216929024 23544912 -181527488 -115761536 264472448 371713024 242708352 
264968256 -425955840 483608832 89180224 103506496 -152987712 293422336 -309292800 -257783168 -241488256 194840000 -630623744 -30822016 424576512 17920704 187086208 -56591536 -220751488 -508022272 -207437696 -93094144 420103936 267473728 179604288 338307840 124230336 -155863424 280100608 -646617088 -69153216 119965664 43172448 -207537728 -9958624 167069312 39508192 474512128 83277632 -227698688 462738176 221498880 -309312512 589281792 227660928 4935712 -145181696 383896064 -637957120 -384532736 -572848128 153105472 25374896 268377472 -167368128 -144117888 -402861056 237334592 121094048 52914624 304705536 306203136 -297905408 38112352 161054080 
-107200000 277832960 86040544 -146450496 -246718720 -171254912 41562352 -520118528 -45448224 -407537408 -781199872 -246689408 22698272 -292405504 -137589888 211865088 -66371632 -313198336 -369950208 155937536 40176288 -165575808 51413296 184498176 515553792 -198198528 529676800 516073984 -250638144 43711296 -16268272 -98137440 74514720 -510189824 -910211072 -274211328 131390400 -49638336 105526400 343372032 109844224 18828128 -156230272 9929880 -110965728 -295855616 -181367168 459283968 -155793472 -129248896 -249734528 229371648 -477059072 -472860160 433773568 536349184 478605312 -74950912 139824256 112781568 -376734208 -265309056 170550144 535916032 
-2241088 207646016 98974400 -288782592 22025328 168959232 49766032 219166976 303398400 198061120 88672544 -349259264 260438720 -41119968 -72735296 -108716064 -258566272 73855200 74108832 -8059592 334470912 -250141248 -233597376 58190576 -218486656 80782944 -446723840 190088448 -123631488 17943392 -385628672 -373617664 297380608 -404905472 250743424 420813312 135951744 294241536 45710528 5664288 -356853248 -72828608 -10242144 68018048 -713882112 257008000 328455680 -89594944 465265408 123730080 370440192 -177920064 -214074176 362166016 -140703552 -181425856 83400096 279404800 -36217904 259816448 -157384064 -191632256 -353403136 -12482224 
53096016 -147944704 -188612544 66033120 199985664 -11574050 151107776 -7916768 29466488 -26227808 -147423488 205116544 170384128 67188480 -119387648 162706816 12273560 224096576 -274426368 468416256 -43679328 424605952 80158528 280360960 -12184680 -29633408 1334000 186408000 -770529792 -116172384 26868392 -142053376 -80891744 128139008 265022976 -361118976 -130749696 -45277536 292472064 -67856608 176601344 172146944 612471808 -16939200 -91790432 -294329856 -192501632 239405632 -13974222 -272473600 -33178544 -63973376 -164674624 -200956736 -175184704 -370421760 -94659072 642025472 25984736 -186356416 183313024 101792992 -43457456 -199611712 
87693728 -535815680 207804160 187909504 130533440 131207520 53189952 -606555136 -266407360 38028960 69058912 -509431296 -4774954 -299029504 303841280 386041600 139714816 -268130240 -56590544 -75399264 -538731008 -249332864 -273168640 -110099168 3777473 300128256 99277696 197617856 326095616 141603968 -289968384 316535552 405802752 -277733888 294300416 190824512 88252384 290938880 132879008 -4110434 -370353152 316728064 270351872 313361920 -165393280 -82725856 -145128384 154368192 -18043824 -258152960 -245620480 -201432832 -522206208 -58393120 115077152 -87519712 -1700686 33195272 365858304 317937152 126376000 272564480 141820928 221586688 
303639040 346361088 -51729696 -143764544 -65981888 -256919744 -53916544 640735232 188301120 55513104 32076408 -414484736 16145584 603398656 181011200 43613728 -287089152 -183343104 -25524608 -233938880 113284160 164826816 265113472 -295515648 -4002976 508602368 13606768 296353536 241177600 -71173472 8914560 226840384 -108647872 -109331040 -104177920 124522656 -17957632 153542144 -48801216 -189700992 173982016 109827360 39764368 -90878528 -207331072 64934224 56163840 63603472 61054288 -79229440 -32423056 -84634944 291616000 274837504 330899968 -71515296 -176485952 210830016 198196544 27887640 -186251392 -337431040 -34107936 98605504 
-193731072 326845952 34239040 52033072 -135852160 152252672 -169170048 227851456 -568027648 621907456 166051136 563788288 260518336 147311744 458819072 -106669088 -226251968 -97903392 276659968 -71633728 -157014336 -483269120 -358774784 -6890216 69414272 204005312 -484837120 -224870912 242376448 -106133664 557935616 -289821440 323529472 184178880 -309986560 -165774400 -297594880 -314558976 -154693056 -41008752 486773248 -177951232 236479104 -92301696 -152985024 236305856 -324561408 -159151552 -63908160 -125770784 32750144 267702592 42282560 89225184 -438538240 172131136 14126352 47740224 -534241280 335260416 -539929088 -31099056 -7522272 -39312752 
-128782432 111507840 -312828160 214781504 -233811904 -423882240 -91572992 -17048928 -47806784 158609856 -618815488 99216544 -318717184 99132288 -105394496 101324800 -152851520 -339970048 164197888 95489824 211183168 274909696 458686976 -25148352 638631424 -14477338 668837376 48108592 42830688 164905600 -76360448 298583552 -79708736 13704864 -611703296 -61467840 -126849760 -54120192 -6653152 -533831168 505516800 -74586144 -42284128 285097984 568928256 -415682304 302635776 129024064 433731072 8780856 -1444368 -452177920 791328 -127746368 34622816 138196032 45225072 -202087488 250339456 274684672 -520311552 -307522304 292639744 666460672 
-170101056 -406980352 -135078208 116666496 -28706336 -366596352 -197902336 136721664 -322672384 -461667328 -436444416 -256818560 -293597696 -220055552 -96992512 475128576 -187753344 107075008 -52247888 -321633792 235860480 -301880320 132009952 -668828160 21935528 243306880 -31612768 65516496 186439552 92996224 34829344 124890656 208161344 -46734784 -392940032 -38628416 250014016 -152152640 -282654720 -61964192 -13077632 194770112 41685344 230408128 -201467136 -213554880 116623200 29732624 -569339392 -68224576 141044672 191483264 -437382144 138208704 236490624 659658240 -240460096 -32161376 -353420288 -238894912 -20478960 357814272 341225472 150951040 
-148058752 -458432000 -157400256 282055424 -364042752 -282374400 669678080 89157760 209563520 -545470464 -75787584 -126782656 -142019072 -261205632 6181498 434848768 540790272 -291141888 -48985792 -293604608 271216128 -193865600 501360128 -205726656 280983296 -52457392 1932489 72946944 90661440 37177584 -249591936 -292851712 541399552 -485357312 46210816 274057984 88091872 -12417874 -33768384 -345950976 498354432 54139824 214308672 -39243696 -75582496 -403163648 -70173632 51423840 48325488 62942768 -78428896 -112176928 5530476 -68101792 115540768 -43123504 232980480 176415296 -145406336 68064192 -244684352 -238389440 298792192 266996736 
-660123136 395271936 53313664 391727104 -133199424 -299517440 -11604758 -134064352 154643456 339877120 -226010880 134205344 -22686464 60070816 -434033408 262500736 -192345088 305477376 47120640 246975936 533285376 -187842560 -208319616 -119631712 206058112 340532480 -215504192 281543168 -8144850 305707264 -64044048 -436125952 -639244288 -614264320 -4562020 242985216 327310848 414172160 318877952 -300165376 -215126272 136477568 -55482592 313312256 -448422 -186609344 141764800 235860032 42056336 -179812288 -261452800 149328320 54982288 -34524640 -128632384 -189984640 321748224 -36015488 61561520 385463808 -309564928 -433419520 -187210368 592702464 
189050240 -425441280 537194496 322831104 -191484160 316094720 121971136 183294272 1943600 -359874048 -127928032 301665280 -151278784 -100168736 28600736 -4288672 396487424 133893440 55400416 -150820416 225248256 -52746976 -183940224 -56626592 -110229888 30149224 -241615808 -517005056 378166784 28829888 -58950560 -472742400 487575552 -145318080 465827328 677639680 -185881216 -175811904 95589440 -102160064 338320896 -109722592 13399200 131561280 157346944 -335687168 132561184 -106542272 138365952 53892960 447047936 -206933696 258955136 -59215296 -210202560 -255745280 -228250880 -35411664 92242816 -229522368 -311920896 202011840 60242384 -141582080 
125640512 -468090368 617826304 379970048 535192320 538283520 159643008 -10585296 161432512 403017728 174038208 -105702336 67302208 -10573692 43998400 -113131776 156422400 50350144 99488672 395498496 -36448 -367432192 -98135168 261357312 -280709120 -38137152 -681779712 113034848 -81405504 136431168 109336960 -128840928 149739904 297865472 540457472 2874072 -3523008 216845184 -192637248 -43976448 -343247616 -371558656 228794560 68437120 -383227648 -352412416 -42660704 -395675648 37399040 -677694464 -367768576 -91645120 102701088 -109322624 -244134144 -466577152 232435456 -142600128 30080704 38804448 74913152 250569856 -188772544 -273447680 
9630752 293128448 267067840 -139386304 -255383680 575876608 407639040 140250112 103569888 -198269632 113826304 336934912 -27602896 100744864 -801594880 -326109696 118923840 -201715968 19355816 -208749440 632926720 -96983328 -348134144 916576 -53746000 -152778496 762235392 -313282048 -94977760 373201920 196857088 -159795136 -178944064 -502484992 -105660768 114819360 241694720 75234080 -78974976 51450400 195870016 171191552 15802000 -54443856 -40143744 219738112 498362368 -35019136 213411264 304721920 248257792 90136416 27851464 406883072 -374456576 278661376 22495344 -33838048 340145152 -95313728 19503168 -123333824 89806336 -16405954 
426055680 348666368 -59482816 -309448192 -464367616 26535936 51339264 192685888 -100423840 -626481664 103521536 -196563456 35571792 -115516096 -357059328 60447776 -102485184 257424256 239984640 -95050144 -357640704 69641280 497591808 -17583824 -135821440 -106285664 -35709472 -132589152 132126016 -88733280 -117677632 472185344 372699392 284821760 61176448 -373468928 65206176 -260586560 108452608 -317265920 11576608 -96678112 345682176 42619168 120579680 184330688 383648000 371783680 141907456 -194058624 353339904 -381606400 195771520 -176509568 494303232 -271041280 -105961312 -34499840 -130803168 -126330944 -133928192 187788800 -365645824 -136395840 
