10 10
-0.14091777708381 -0.70897955447435 -1.1835710555315 -1.7390449792147 -0.78528211265802 0.94690999016166 0.79880064725876 -1.8237670436502 1.7884079962969 0.88104087114334 
1.2013531550765 0.39497022144496 0.047164494171739 2.7104532718658 -0.6666768155992 -3.2011600285769 1.4998485594988 0.76782417297363 0.4252208955586 0.29652842879295 
0.23496512603015 0.26876113191247 1.0400296226144 1.0390652492642 0.30769532732666 -0.09583861194551 -0.42683409154415 0.50407417863607 1.0893335714936 -0.62851870432496 
0.039864640682936 0.15815407596529 -2.3319055587053 -1.7525181695819 -0.32316042296588 0.46227675676346 -0.10497204260901 0.30703873746097 -0.2386615537107 0.72659949585795 
-0.20803272724152 -0.14208764024079 0.087989129126072 -0.86663668230176 -1.9105961099267 -1.0105148479342 -0.35651077516377 -1.3476083055139 2.2963074743748 0.56230508163571 
-0.090896235313267 0.37797767296433 -1.2014381587505 2.0009162425995 1.034406632185 -1.0660208836198 1.4398003965616 1.0168779939413 -2.2925374060869 0.68340158462524 
0.47600875236094 2.4091794490814 -0.11817927937955 -0.12941652256995 -2.3136875331402 -0.27294255793095 -0.44161872193217 -0.26686863973737 -0.12865375448018 -0.92574574053288 
0.23119176365435 0.053771341685206 0.62402446195483 -0.0089214760810137 1.0305072590709 0.37832574360073 -0.7786841802299 0.57079134881496 -0.60572316125035 -1.1393050402403 
0.1837206594646 -1.0562022477388 -1.2159598693252 0.45271173492074 2.3826057463884 0.29312502220273 0.28896848857403 1.3755800873041 -1.5528589636087 0.1484698690474 
0.51077650114894 1.1935779750347 2.0437797605991 1.3225113004446 -0.11495881527662 1.7572385072708 0.96406728029251 0.83681181073189 -1.6942533701658 -0.70841946452856 
