10 10
1177176 365132.625 737090.75 87871.21875 1795442.5 -512107.40625 -32467.109375 -291543.25 -1812098.25 240545.921875 
502841 557302.75 180246.09375 756945.375 -1376959.25 -521101.0625 -1063387.75 -1410999.75 -1362656.5 -343950.15625 
504312.25 336142.5625 -1307241.5 1658456.5 531986.0625 -688413.625 -1591691.25 -159376.015625 -1508167.5 -90812.96875 
2863055.5 179204.75 752800.75 -686055.5625 2267112 1014154.25 631328.25 -161066.1875 -2619641.5 1026319.5625 
-530230.4375 -1508717.5 -32205.7890625 -67577.4375 -672601.1875 1046544.25 -572805 284249.375 627317 -36622.421875 
-996405.25 -805072.375 -886007.75 819590.875 52497.875 -1040334.6875 445514.90625 1438133.25 69076.03125 209925.359375 
-245609.15625 980267.375 431111.625 353949.71875 -177851.0625 55788.96875 -383315 -1452151 -2367026 603630.4375 
-1264792.75 -461864.875 667502.9375 333599.46875 186831.5 193415.5625 -1564335.75 -202342.4375 146629.1875 -286122.5 
-332145.28125 800515.625 -476064.1875 1217553.25 -940910.6875 461899.84375 -908204 -579580.75 -917442 -471032.53125 
-816642.125 -875622.1875 1012978.375 -994946.25 -1558045.5 323070.5 355126.125 -1005869.5625 1496475 -655258.125 
