64 64
3573419 -1618762.25 -4892731 4965393 -3944176 5238623 4146232.5 -1758297.5 -899881 2097915.5 -647307.6875 -1789047.75 -12248.75 -920924.4375 675775.4375 -663380.625 1642924.75 -1446071.75 407899.6875 5584798 -2102962 -3093629 2366092.5 -619112.5 -82267.703125 3960007.5 731904.25 -3715854 433116.1875 -2985581 -57565.1875 -2884603 -474300.53125 10721.828125 -469127.125 -1616041.75 2795438.5 1460698.75 -244445.1875 4750474 3494513.5 -191735.4375 -4614295 -232158.578125 -3792406 423233.625 2980765.5 831667.5 2382582 2457173.5 -709084.9375 -1184822.75 439521.84375 -871037.625 235622.9375 1109864.75 -2714273 -2438608.5 -3492554 -1659450.5 1935062.5 966107.6875 -3189062 -2970929 
4760597 815467.25 -2352203.5 -3522543 -152246.140625 -1205442.25 -1387523 2446958 288652.0625 1561458.25 1153904.5 5334172 5778998 -2361056.5 -7031189 -73725.8125 7232000 -1626399 -1486604 -1135233.75 1325049 656568.375 -4467062 6360630 1192710.5 -1370584.5 -6794705 1032815.125 4003844.5 -252732.1875 -3104104 -5134373 -1898715.25 -1812786.75 -1442552.5 -1715548.5 -1583602 3566369.5 -1330811.5 180296.625 -2144267 2143823 1436409 -3607677 -399804.9375 -5065545 -2615292 -2745500.5 486652.25 3404263 1846190 -5061777 -5393037 2449576.5 5431807 -6069874 5473004 -983937.5 -1997459 2170055 -651132.75 3153478 4436012 3944241 
-33275.3984375 -1249648.25 1782581.5 223868.453125 2369139.5 -1103064.75 617695.625 -1765944.25 428680.875 -4245559 3650536 1588403.25 -2825085 740164.5 3134525.5 -3452725.5 -359825.6875 2093437 2994280.5 -2330010.5 -1617343 1348245.25 -1449317 -5457151 2791638 3508041.5 -4092208 999448 4410414 3253591 -4433053 4688405 3695754 2420091.5 -1543178.5 61336.40625 -530607.0625 2281541 -820451 3117213 674347.125 1232365 -3807053.5 -3669881 1335676.25 2655697 1998986 -958789.125 3875405.5 -324336.15625 -883594.9375 -2939715 -2724914 3695829 4661578 -537513.3125 1026337.75 -2262692 -498719.90625 -1428416.5 -2712306.5 -3040370 4986722 -4765901 
1658526.5 -792934.9375 -173152.125 532512.125 1102209.5 -1325624.25 -6979168 1375175 -3784662 1731497.25 4539846 2620868.5 3741225.5 3209186 -1890052.5 -776256.1875 2843422.5 78889.734375 -609989.125 1266700 -1776477.75 2486501.5 736255.8125 -3529808 -6915797 2480941.5 -820264.375 5199961 2397588.5 5401.609375 -3838469 2274032 4451932 578578.6875 5329.03125 6988167 1752429.5 -2300451.5 -1113804.75 -3097634.5 -1349448 -3668412 1632207.5 -3621230 999483 -1615642 443005.9375 2986275.5 2360915 53373.3125 -3525844 -940443.8125 -2669839.5 4589651 3081434.5 -2863318.5 -1014924.625 1433267.5 -755177 -217809.25 -4599874 1059596.25 -1224791 1817273.5 
349242.9375 505830.5 -2401881 -929459.5625 3346337.5 -2923576 -5321136 613884.5 -223731.53125 1350416 3093636 -3142726.5 -870377.75 325511.6875 6663135 1234730.75 -2171463.5 -4368882 -1698247.5 -1773845.5 -5605948 -216683.78125 3546168.5 -868325.75 2398014.5 745271.125 2501000 209921.5625 3029323 1915621.5 608959.375 -2111500 707721.5 2293005.5 5272372 102939.3125 -2376462.5 -4523835 -1172491.25 327376.5 2016936.25 -1252703.5 2315603.5 -1209112.5 2949619.5 3855751 -1420127.25 -3119417 -6259811 966130.0625 334855.625 -1763507 -123506.4375 -4132220 -2149568.5 5726.65625 -3781733 -2111023 -179951.8125 -3510442 5220185 651376.25 -829060.375 3121803 
2074563.5 531194.5625 -3609208 -337896.8125 2392670.5 -1915283.5 -972029.4375 3307362 922671.875 1483441.25 -3033143.5 -1827964.75 -2375533.5 -2434017 1582278 930871.875 1449786.25 1795442.75 -4401305 526552.8125 -3602613.5 1022209.3125 -4239906 1022891.5 -5375596 2413369 2552236.5 -3783599.5 3454681 -2254247.5 -1484089.5 -719738.9375 1911246.25 317831.8125 -148215.21875 1113645 143800.84375 1091101.75 287095.125 3399477.5 6385584 3279955.5 -604878.25 -1175261.5 -3348277 -863401.5 4243851 736010.125 3445502.5 -229079.375 3704970.5 -1159891.25 1787945.25 146870 -2268919 -5132976 -1206998 -733934.5625 -1994459.75 1050138.75 2259170.5 -724830.5625 -2601368.5 -5619.78125 
-4789652 3300187.5 -371021.21875 208790.140625 378543.625 270275.75 -1589299.25 -1520475.5 -1579110.25 3351698 -3253936 670468.3125 3196989 2294552.5 -2071537.5 6058080 -524977.6875 -239577.21875 4802190 1752027.5 125839.8125 203165.4375 -3650808 659889.75 -1725934.5 5892624 904122.4375 5830654 -3541879 -1427710.75 388217.84375 1874147 2720849.5 -1536182 120440.65625 1244169.75 -1336776 -3068837.5 -420151.1875 -4520607 -71985.5625 -547190 -2658065.5 227673.640625 -3297496 -289480.15625 617287.1875 1665931.75 -4461720 -899302.625 -1058703.75 2594223.5 220817.5 2138800.5 -2641094.5 -2360951.5 -52894.609375 -6956937 3006669.5 -1567094.75 -4487665 4566572 -1285852 5540455 
3096531.5 -387918.84375 -49465.2421875 -6863295 865523.9375 -5239031 -7670743 -3738020.5 -3235824.5 390374.46875 4272708 -1566691.75 934556.5 -1507468 2319460 -3560838 -874754.75 -2291775 -5985845 1582728.5 1503246.5 2538282 -6758399 -459312.71875 -4851501 989999.125 1108948.25 -3728613 792622.8125 483608.90625 -4943295 -1148607.75 133102.21875 -1689422.5 2815558.5 -785472.8125 248286.6875 3634324 -2010724.25 2347946.5 2068372.75 1018622.5 1586212.5 -3463037.5 -529179.125 -7385970 -43388.626953125 3518466.5 2111599.5 583981.5 5648028 -142223.234375 792686.1875 -5666667 -411011.0625 -3852096 -2424590.5 1333798.5 3214046 -6379176 895659.0625 -4429612 -67126.84375 -6058614 
-3106176.5 -2396188 2290136.5 393458.0625 4033779 -4124822.5 -3019398.5 1361427 5172007 2377819 345158.0625 -1298464.75 -2337536 1703300.5 2091775 3002064 1250110.25 -1016260.5625 1699038.25 201380.5 -2037546.5 4374601 -2662514.5 933377.375 -1783308.75 1468057.5 2176703.5 -1229215.25 -1800142.25 2328837.5 119571.34375 2376912 447414.4375 3226725 -1199489.25 -1759376 581326.75 -1586731.25 3225913 1286487 4402754 1029358.4375 -1838661.5 1274730.5 -5609373 4199588 5566179 463490.8125 3516293.5 -4039685.5 -858422.8125 1803918 1332168.5 1375300 -1565041.5 1198483 -2385882 120851 2331873 -2979868 553094.875 59288.375 -3189759 -553599.9375 
-3734248 -7845337 105249.5 -2167975.5 3383395.5 -6008726 -4546368 -2761732.5 -680569 2884158.5 -254335.5 619654 -1332505.25 751202.875 1091533 3938082 434760.25 -7023182 -2739315 878169.5 -3371580.5 891802.1875 -833027.8125 4402136 -1065343.75 -2524903.5 -2191146.5 583349.9375 -3107258.5 2836795 -1129378 3411417 -3453690 2459359.5 208050.15625 2824419 799325.3125 -4597070 2772246 -894469.3125 861241 -2455597.5 850316.5 3015104.5 -2080598.75 -379425.1875 1210195.5 2573562.5 4318071 -4192129.5 2170776 1278673.5 765413.625 122273.75 -147400.125 1031570.75 1142398.25 -931764.25 2885744.5 826462.8125 4936555 -2221845 1356000.25 1868685 
4058763.5 -2124926 -4781344 282351.125 440502.625 1862302.5 -589409.8125 1541447.5 -3486478 -4914292 851376.9375 -1044410.25 3709730 -247470.09375 1860542 -5084804 2718995 2962360 4495853 5326319 624109.3125 996848.6875 -2379098.5 -6419724 3087408.5 2930558 -1326580.5 -2044361.75 -5791694 -4288497 -1889137 -4916849 -1117064.25 -860755.5625 -644159.4375 -438815.71875 -2585091 869291.125 -340500.4375 330036.09375 -5765654 991265.4375 -3317261.5 3473603.5 1875659.75 -6481936 2543148.5 3716852.5 2172153 3870330.5 -5510936 687803.3125 -4651703 -1610092.75 12456540 -1003407.0625 -6389444 839472.6875 282041.9375 707569.8125 -1922244.5 772222.5625 -1163828.5 -4957001 
1827508.5 3022639.5 507608.1875 3740162.5 3544732 366583.25 1269123.75 -4089182 -1399545.75 2563768 4903404 1469466.25 -1746558.5 526563.875 114634.84375 1927997.5 3134564.5 -4368040 -1016767.625 -3533938 -384477.9375 -2582946.5 2587994 4381802 8783088 -2027022 -3369725 -2257757.5 5706952 6295756 -709551.875 4689819 4047014 -948216.3125 3292797 2326902 -2086856.5 4564309 2912318 -2871223 -3232683 -1428136.5 -176844.796875 1508601 -2762260.5 2041774 2054330.5 -2826886 -2347079.5 -1893168.5 6044538 -1393016.5 -3177976 -2320975 -4425891 -1114687.5 -1025310.0625 618176.25 1058241.25 2026869.75 -822421.1875 2606169.5 4785332 1367754.75 
4504469 3899863 -67207.421875 -1536923.25 -3706477.5 3523026 3104385.5 1525135 -2969503 1634803.25 1101538 2622616 3736934 794968.1875 -1868661 4112532.5 5232920 -2462117.5 -2133018 243660.71875 -3189915.5 -2954524.5 1744646.5 -981315.0625 3961876.5 3441340 -2285991 -1433814.75 2759624.5 1143460 648180.1875 -6605973 -3663806.5 -709409.3125 -3110105 -3816970 -3540395.5 -2244122.5 -431463.5 3090563.5 -1689788 -3540712.5 -266520.59375 3082702 2506576.5 -3395207 1939559 -3634134 -961399.625 3398415 1949714.5 459548.09375 2917999.5 5424395 -1726200.75 -2931995.5 -365381.53125 -1175838.75 -2355287.5 86389.328125 2115734 3742282.5 3612725 4305429 
491813.1875 1156590.75 -980071.9375 1920607 -1596810 1341612.25 -436487.125 4686574 3049185 -1230630.5 -3671737 1918618.25 -4015390 1115607.25 724034.125 4963006 -2096208.75 6302609 1138623.75 -4381799 -415606.3125 1084375.25 216630.625 -517772.75 1289613 2773273.5 484527.3125 -1618699 3374648 1019645.25 -226700.8125 -1752406 -905935.0625 910984.9375 -3731162 1585691.75 -1793750.5 157578.6875 -850647.375 2315359.5 762242.5625 -2344543 -2337732 770042.5 909451.75 -1194876 -734937.3125 -2393034.5 -420541.8125 -2169739 -2781060 -298433.28125 1886693 -1833378.5 -609121.3125 -3568495.5 1758647.75 -1606253 2430721.5 725688.8125 -3241755 195893.25 2281059.5 1288939.75 
1215750.75 -5194497 -5047402 -1968056.5 2848530 1910629 861357.5625 1266810 -2244352 767054.5 2368252.5 -3145730 -2784730.5 -830622.75 -1803275.5 983735.875 -1588361.75 -973210.625 2643370 1062323.75 -3308048 -1967920 -3994939 376849.28125 -2858915 -204094.1875 1196953 275919.625 -2260056 734049.4375 -2771300.5 2031904.5 1044259.125 366736.375 -1304083.75 -2353273.5 -2210859.5 -457214.03125 810768.875 246525 406425.8125 1606554.75 -2156777 -348286.8125 -1771753.75 -570807.4375 -1698868.75 5482114 -2301954 -4628054 30201.65625 -3781540 643751.5 -3339452 1871640.5 -4580824 60453.875 5293436 2139093 -1359632.5 -601937.5 -1537997.25 717735.375 188985.3125 
830297.8125 3634599 -4826922 1621047.5 -459900.5625 2149403 -2747407 4084741 -7187153 835823.1875 -759799.1875 1249539.75 -224253.546875 199159 -2228240.5 2146068 6299192 3364173.5 3725364 5047713 -4272700 -610860.4375 -1381300.75 -234241.828125 -613816.75 4708472 -3463690 -921977.125 1477513.25 -3248259 -626218.8125 -207267.703125 1807660.25 -1986697.25 -2699511 -5287582 1112074.25 908164.125 1502581.75 3279859.5 2979211.5 -1690269 -3517753.5 948807.75 4231396 -1544519.75 1150007.75 -2386971 1400348.5 2542126 -2359059 -488342.8125 -941459.9375 5842722 4747070 -1953279.25 -885713.25 -2764359.5 28952.1875 -401549.34375 -1046315.875 5006319 3556565 -2615810 
-1272564.5 814117.0625 4398757 1516895.25 -3773032.5 -423666.0625 3110709 4843118 163288.734375 -2690418.5 1522530.5 3802850.5 -2897141 342786 -4042267.5 -756608.875 -4419757 2378513.5 2108386.5 -233120.5625 2569810.5 2263721 590292.8125 -2034855.5 2377084 -2414074 -433379.125 -1106546.5 -2447111 1341107.75 -1585081.5 -1014814.875 3415881.5 1566657 754738.3125 613885.4375 -1034914.6875 -2719711 549932.625 -3274743 -2279011 -4026959.5 2606097.5 520177.75 560732.3125 584477.375 -5498461 3989507 -1524473 -322621.9375 -709373.5 91956.203125 1689366.5 3333997 -2755441.5 269518.1875 3313882 3928869.5 295382.9375 -1354715.5 -5684875 -1970363.25 4858977 -2981092.5 
-2669260 3079011.5 -347191.5 1153885.75 -3581448 321234.84375 3068574.5 2281220.5 1317009.5 -5536161 -5533347 -3819748.5 -249805.25 -3183850 -838225.625 -849065.4375 -2738951.5 -436969 4754498 -1090766.5 2390841.5 5503025 -3107838 -1819544.5 -2480152.5 -2242690 1958461.25 -5805763 -2369375.5 -2697292 -1157711.5 836374.1875 -1963264.25 -72498.125 1000257.125 -4545759 -1262583 2397670.5 2828449.5 -1177777.75 4817468 2247633.5 -5644235 3321633 2382340.5 2099057 4738535 -1544980.25 506523.6875 -4077622 1040304.875 -61266.625 -694930.375 3821477.5 4436479 3599277.5 1448078 -2234669.5 -1414343 1151717.75 6228093 193247.1875 -2159219 -1360387.25 
813172.9375 1347782.25 -273868.625 3586726 1366252.5 -231791.96875 1321177.5 3179967 6173894 1485490.5 -1670718.5 -148744.8125 2555597 49785.125 -2254915 2328978 -2744988 3140019.5 -5009024 -4335716 -473193.09375 -1086727 3552640 3017509.5 -1972715 -1624795.75 3427164.5 1156499.5 4103722 -1449592 4369047 -928599.125 -1121210.25 -92778.78125 1817088 -220167.46875 -1659973.5 -4008612 -249253.8125 1118353 2306384.5 4989746 3206801 -615610.25 -1017500 6690488 -2704213 -563459.8125 -3838720.5 307543.53125 -1217223 -1659519.25 -1588878.5 14671.875 -7150565 3030036 2170027 -5738414 -3543140.5 1201745.75 1367153 1390334.25 -5840795 7356639 
3871399 2226166 -3002814.5 4086465 5301850 4591595 718678.875 1406919.5 4206799 41091.734375 -718190.75 5142713 2548612.5 4436470 -423295.5625 5891429 2452630 1600199 65118.56640625 -3515892 2300947 1541200.25 -1634298.25 19736.203125 -345897.96875 -69983.65625 1603780.75 4716938 -63939.2578125 1628884.75 -230981.3125 821404.5625 -1075127.75 -5231770 352350.46875 -2291166.5 -2443928.5 -711042.5625 987612.375 4546109 -2022980.25 -784383.625 -3958677.5 3889667 -662000.5 517999.4375 1956212 480379.125 -809795.875 1396573 -2198923.5 -2056852.5 21965.125 -1668928.25 1962676.75 -646866.0625 3957409 -1275436.75 3962043 269443.46875 351308.1875 2483556.5 539623.5 -2347304 
-1090428.25 -244136.578125 -6275093 1442631.75 -600504.5625 2692558 1760107.75 -1604319.5 -2743081.5 -4135538 799935.75 -738210.3125 -1513747.5 1611477.5 -2696327 -2440018.5 -2141287 2797858.5 1230388.25 -4019495 -4057101.5 -2128355 2033909.75 -3186843.5 -446144.5625 -2668801 5538736 -1263973.25 -588219 -1923780.5 -347554.3125 423314.46875 4094433.5 2505219 -1835644.75 3407642.5 -74299.234375 -579014.5 -1388676 -2964436.5 -1157543 -3654350.5 -3288857.5 3543739 2756221.5 -357516.75 3529700.5 2637055 -1939269.75 -6172746 -962373 752955.625 -2216268 1043078.5625 -2109864 -196116.28125 -4582848 4922737 4214939 4679947 -1730583.75 -1144234.75 -709824.75 463975.03125 
1757845.25 -1047251.375 1967380.25 -251871.9375 629671.4375 2793688.5 142100.671875 2556723 510691 -4080434 -3684704.5 -1758728.5 -339190.21875 1647199.5 1745962.5 3579162.5 1800623.75 2416642.5 3645569.5 1844175.25 -3783128 3090816.5 -1237012.5 257347.125 -4867098 1217842.5 -626390.9375 1667708.25 -4357736 -3884860.5 211608.46875 -1873608.5 -7825844 62070.88671875 -7402339 -3519198 2011497.75 -1659867.5 -2516504 1501124.25 3911973 -1346274.25 -1502993 1921100.5 762662.625 -1508538.5 309142.90625 815315.4375 15574.765625 -931559.8125 -1561506.25 1538206.75 -2270566 4063446.5 5324736 1089313.75 -368992.09375 -4795013 -5868230 -2460654 581944.875 -826384.625 -1890145 -1775735.5 
-2437160.5 -1192657.25 -281893.375 1668811 -766405.0625 -3130596 3760264 -2803925 -3475336 -1671502.75 -3544126 -720524.5625 -502026.375 -3305512 610198 3657063 -3338884.5 -2538275.5 -733105.375 -1253041.5 -3088094 3493249 2499676.5 -1148228.75 3291581 -2630761 1424121 -3741082 162023.84375 -763803.75 -1832208.75 1892549 1318991.25 1562170.25 778840.875 3083889.5 -14002.31640625 1319114.75 2940627 -4730609 1975326.75 2660926 395516.84375 2995146 -1393091.5 700632.9375 1692497.5 1581211.5 -578201.8125 -2167635.5 5673189 -1483333 -2187409 -268861.46875 -5711666 10434.125 3220531.5 -3055884 -4429799 4442415 4257066 1734874.5 -1784652.5 2011040.5 
-2325796.5 279441.6875 5649197 1833140.75 -3792395.5 2533222 -2139371 -2396350.5 598847.0625 772720.25 -834824.875 2131124 -123740.03125 4903.484375 -910496 -1329787 304066.40625 -5784021 -136462.234375 2362519 4141214.5 -286885.34375 -3326949.5 336595.78125 -1238459 1913943.5 -1725083.25 -1991117.75 -3945902.5 -1300906.5 512591.8125 2122807 2332795 -825045.375 1037250.75 -791848.8125 9334490 2384159.5 2536520 1465975.75 -2933961.5 1956820.75 3314553 -3084468.5 -492713.6875 -3291572 955085.625 1930296.5 3801144.5 -2231278 167881.96875 1265147.5 -3612247.5 -419595.09375 -2351796.5 1154318 -974647.75 -844499 -1803381.5 -1209178 -554828.3125 1811892.25 2874044.5 -6492819 
1015686.875 -149145.53125 681116.125 -1262250.25 -3822729 4044277.5 -2781299 2836760.5 -4046339 341268.59375 2795489.5 1219019.25 2550189.5 -151855.84375 -2776246.5 -1505821.25 443203.5625 -711847.625 -2558293.5 2532500 1643232.5 1828564 -1607486.5 2212728.5 -999186.0625 -945053.875 -1050909.75 1829412.75 -2030806 -5047988 -2897063.5 -5230054 1662122.75 1004698 -784757.9375 -1103640.25 5560093 216847.34375 2355420.5 -3978168.5 3887147 -3637768.5 616440.125 1577797 996266.5625 -803504.875 -863066.8125 1075221 2162798 719483.5 1681194.75 -357516.4375 -773627.5 657763.375 1576414.25 244870.671875 -397723.875 1550321.75 3355532 528775.125 1530682 1124436.75 2909630.5 1281044 
4944815 795782.1875 3085898 4150796 -1514210.5 3682042 -1994951.5 -489153.6875 -9686188 -2729328 5121926 -1681015.5 1646142.75 2882164.5 -2093153.25 -3253909.5 -2464790.5 2549665 -3280060.5 898256.8125 1939947.25 1233075.25 3107842 3236625 -2459991.5 -452456.125 2384171.5 387038.8125 -195803.828125 616793 -2254601.5 412720.34375 160861.8125 2629183.5 1647164.5 -4078005.5 4961757 461097.25 -919518.875 327675 1719709.25 -8060663 478736.75 -5878450 3216561.5 -3646864 -5430448 -1879574 -396452.84375 -1349932.5 -1538903.25 -786748.625 2856297.5 -1689458 -47461.65625 -5254226 3385787.5 5538511 491501.8125 255667.96875 2646501 213668.75 3107910.5 -908861.8125 
-767866.9375 928.43627929688 740755.375 -1039350.1875 873578.375 -1927228 -374982.5625 -5942822 1611792.5 345030.40625 -3085962 -87376.7421875 -919897.75 -3180015.5 55895.0625 547165.375 -3123913 -2596730 1423333 -2952218 2309911 -1781332.75 2598008 3587450.5 4824564 -907224.75 -1207592.5 -2111454 -231522.125 2789739 3495142 109274.828125 520459.59375 -1925266.5 -709865.5 4526689 -4687209 2252955 2993442 2369750 -4304437 3912452 1676824.75 -562943.6875 -1438628.75 798547.125 -331824.78125 -263562.90625 -744118.8125 2749108 1985515 -809604.375 -1801420.25 -5535417 -1725661.25 -4178482.5 6908005 -798138.625 -285623.84375 1647018.25 1894959.25 1953263 -2093462 -2534900 
243586.421875 -3228714 -2433241.5 1423747.5 1563237 -789669.75 1714162.75 1127757 -647094.25 -794597.8125 -4060461.5 741779.1875 -1524325.5 -6279680 799248.75 -3202212 -3961603.5 -1399217.25 -2429305.5 3855526 5130632 3810492.5 135542.609375 1277967.5 -455279.25 -4417474 360500.0625 -3066352 -2784098 -905500.375 -4920783 238458.796875 3474470.5 1118853.5 363048.3125 -2287584.5 4130897 1081311.5 -763413.9375 1714879 1301324.5 5667634 1848112 513467.25 348908.96875 -2126846 -1175469.25 248666.4375 2380498 2150546 1115531.25 -8465356 -1364202 -1133920 4284612 3349914.5 6275614 194200.421875 1736394.75 3891405.5 632149.8125 -2169447 -1371499.25 -3336640 
1002178.625 1939206.5 866362.375 435075.375 -2557074 8893166 1757410.5 1798810 6036487 2108802 -4549960 1149479 -1944474 2569276.5 -1857280 1945597.25 1462684.5 618565.625 2813742 -790686 -437483.125 1859586.5 13006.8359375 3413798 4877260 -1155576 1969825.75 8330096 -112591.4765625 696179 2440394 -658813.4375 -91286.96875 -2234207 -783398.3125 2004115.5 -1360503.25 -2064683.75 1229867.5 2810444.5 -7166968 -1690195.25 -845369 6314933 -1451199.75 3696360.5 2616068.5 -2624123.5 1079990 6706683 641720.875 2975656.5 -95124.9453125 2428206 2164433 2053068.25 1402422.25 3904247 1707730 2033878.5 907894.5 1809551.75 -1093274 -6310726 
1615028.75 1738138.5 -595082.5 46118.900390625 -108770.5 -1851872.25 180979.390625 1350029.75 -4778051 236289.4375 5642899 -261871.859375 969392.6875 -1356146.25 -479652.71875 -5273106 -1185411.75 2587828 -3484717.5 2781939.5 2286920.5 -260130.421875 683709.25 -4095248.5 1178896.25 -1336672.5 -114980.875 -672528.3125 -2619720.5 1045703.125 -1425008.5 -264492.3125 1473555 4068137.5 2354639.5 -2326419.5 4060806.5 2347059.5 2901425.5 -3100842 -120921.8515625 -4097321.5 831423.5 -2144095 3609700.5 -3481570.5 -807084.375 2790774.5 -1192785.25 -3473580.5 -2582515.5 392029.40625 1514870.75 -701701.5 -2591400.5 -2878188 -1392595.25 2679033 -434121.59375 -5280215 -2889526 -1973522.25 1135789.5 -3856111 
-151426.84375 580.0068359375 2473919 -1275261.25 -533098.3125 684944.75 157013.78125 2202250 -995228.0625 -638979.4375 130454.59375 -2989238.5 1049330 -3014459.5 864459.1875 4972586 -3351389.5 -559158.9375 339826.15625 312158.03125 -337912.78125 -1130672.5 3964916.5 -3267424.5 400895.3125 -651499.0625 4732606 2097036.25 2490096 -1953036.75 817871.125 -28790.104492188 -181003.84375 -2521209 -1668378.25 226777.75 -2541506 1438943.5 1608051.75 -5359224 2281133.5 -3402874 -3880601 586300.5 695303.125 2509679 2290183.5 274376 -5744537 -3338588.5 -743204.75 2779655 1656769 -206246.90625 1059477.75 -247292.15625 111866.2421875 -1495414.25 -542733.0625 555026.9375 3885195.5 1329020.25 -7226547 4440363 
2903232.5 643072.5625 -1184053 3430441.5 1331535.25 5559795 -1651590.25 518833.28125 370900.46875 -3130782 1338777.5 -1232130 562823.375 1314255 -313837.4375 99329.375 2924794.5 -632721.9375 1116218.75 -2588510 621201.4375 1390106.75 -222510.296875 1065320 -4145720 1734793.5 -247773.265625 785449.25 -962897.125 512784.03125 4204382 -842176 -3604919.5 -3674638 -3220515.5 -5465376 -1377342.5 -1985902.25 -823692.375 2317000 352928.21875 -229360.8125 175502.59375 343057.875 793716.9375 -686425.3125 1541079.75 -2642385 5592730 -2227598 -1934850 777587.1875 1091054.5 2449366 3329367.5 -538336.1875 -3640650.5 1011129.1875 -1727745.5 237834.46875 -1041099.0625 -4037949 1381953.5 -4543607 
1776483 1679158.75 -1857844 2944203 -1191802.75 2963720 -1238557.75 966684.125 1342614.5 2396847 -3254537.5 -2008406.5 757244 1062426.75 2491615 -1055882.5 4163866.5 4530937 1955692.25 -771730 -2297625 958649.1875 -1425380.5 1632927.25 -3116487.5 1901515.5 701475.25 -429032.875 -3880691 -7725332 4201856 1954981.75 -742078.875 1285737 -1977844.25 -1813082.5 6577137 -3158632.5 -3755252 5776350 -2193840.5 -2115117 -7880762 3146931 5420580 947657.75 3502358.5 -1803597.5 576270.625 2225122.5 688680.5 1031122.75 -3909695.5 4526153 3617917 611019.625 -5832236 -939623 -292277.625 -1834932.25 384237.9375 2389598.5 -2731527.5 1082529.25 
1412839.75 -662986.375 -980694.125 -3018655.5 4479317 -3903961.5 -3577360 -1141962 -2753271 1344088.5 1165582.5 726893.25 -4358761 956248.6875 -1198998 1134475 1054534.25 1875200 -5877121 -228961.125 2078828 -1169787.75 1328896.5 539278.5 -835473.125 -4723215 2656809.5 875180.625 -4540712 4018901 -1355869 -4406135 -2290994.5 -1813415 1239705 -4792325 1259157.5 1012320.8125 -2244123.5 -1205824.5 -176375.0625 -249118.625 2378083 -1268410.75 -1167649.25 -4193741 -2260213.5 -2048624.5 777501.375 -1064796.75 -4036192.5 -3167976.5 2199355.5 -3799373.5 -1728789.5 1983760.5 -2597104.5 -2049062.5 2730236 -1531372.5 -478815.8125 -303158.5 884606.0625 -396426.9375 
1787513.75 -1390708.75 218385.53125 790745.875 1050054.75 1639857 231683.96875 174206.8125 -2592109 416451.0625 -238318.9375 -1449938 4003100.5 222953.65625 -1735040.75 -2978661 3119071.5 4196108 -1535969.75 3274518.5 -2836119 -3147528.5 1829984 -1865101.25 -2632716.5 1288848.5 1266555 344383.90625 5140789 -5851719 1348572.25 -7632.9523925781 533138.625 644245.0625 -4778204 3751361.5 25617.421875 -3496479 853971.3125 771774 -753555.75 58597.8125 -3005443 -1243763 2570724 944249.375 534372.6875 882845.25 -1317917.75 233788.390625 -2883884 3790586 -4324730 2303926 4841246 -3593347 -367366.78125 1113487 -5301857 562525.125 1570435.25 5160283 -3745892 4343467 
2277216 -30239.811523438 -174565.375 -637260.1875 2014416.75 -2836180 1307359 1953826.75 2111099.5 -2093015.25 581675.5 258920.59375 3349543.5 352882.3125 1901332.75 -7178.12890625 1829431 -5663985 2410941 -2215164 -432370.40625 -1568141.25 -4536023 2964215 4510902 2352496 -5573606 -2326854 2499432 -1137196.5 -962247.75 -2763450.5 49737.8203125 1596695.75 -1795489 -3728652.5 -2453935 -693280.6875 2160987 1232136 730917.9375 905448.1875 567964.625 487914.4375 -3940008.5 -1542685.75 3199342 1689262.5 5019390 2456125.5 3561831 -2552858.5 514810.53125 2741988 2463531 -4451941 2982524 549823.5 2398847 2319242.5 1298215 -3283531 -20831.146484375 5712251 
680784.0625 -1433072.5 4250433 -3238159 -1945533 -1454730.5 -1985150.25 248047.5 72817.875 51174.04296875 2346884 3573542 1505481 2285383.5 4124332 -864542.875 -41027.7578125 -1383001.25 -1250560 -99410.234375 -2886944 4033108.5 -1004660.0625 -3723721.5 -2242770.5 162204.390625 2231157 5395262 -4860419 3390755.5 -2521061.5 -2511258 -2253087 321629.625 1665578.25 14043.8984375 2405404 -4260219 -1724329.5 -433155.28125 -300884.1875 -71367.0859375 3734019 -1867982 -2807982 -2712813.5 -2350487 915217.8125 10326.1875 674635.25 -3004581 1772919.5 3111318.5 -362761.6875 -6249657 -352326.875 -1764047.5 3659565 1514659.5 597266.375 197199.0625 -3874367 802604.1875 1317804.75 
-699176.5625 2655406.5 -509192.8125 -2810258 -1635569 -985590.8125 537562.375 266653.59375 3559979 171344.640625 -4383280 4365595 -463840.21875 635244.75 -329211.5625 1420698.5 1064341 2296411.5 -10984.24609375 -2994027.5 520826.0625 -584582.375 -5092680 1509195.75 1404418.75 -962096.75 1032074.6875 -1865520.5 855785.875 1949940.75 -168821.171875 -3150486.5 -3937547 -2558529.5 -724667.375 -2419940 -3925544 1808178.75 -650604.9375 5567298 264316.75 1037433.5 -1939392.25 2411931 -2168710 -1929195 2091568.75 635416.4375 2184465.5 69671.96875 2848910.5 4235803 3182549 938225.5 202551.9375 408147.625 825929.1875 -2455140.5 3925578.5 132156.65625 3617137 -3551101 1841581.5 -5032757 
1033828.5 2692607 3790645 236318.796875 -933236.6875 319822.53125 -2680173.5 789781.3125 4594389 1424341.5 -3981690.5 2900924.5 -1666625.5 7961362 1299886 -1778397.75 3695282 -716531.875 4576452 -5493405 -1579685.5 -196597.09375 -1048575.3125 648143.75 3128028.5 2897385 109998.6875 5196103 -1520860.5 2979113 22996.8125 -2668821 -3303815 44895.5625 -2498443.5 -2727415 -1378456.25 2397899.5 -3930114.5 4041373.5 11617.53125 1543908 -374067.65625 948321.3125 -1370078 570116.9375 4271265 -5974354 3945903.5 5231843 -3016777 -4481777 2769530 660251.875 3109761.5 3319084.5 -579613.5625 -1732098.25 -694269.875 2719904 3095641.5 -2436413.5 -281720.84375 282493.5 
4909980 -4783447 -3266139 911830.6875 -1772330.75 -361323.09375 -3439921.5 -2252628.5 -4172564 -4476363 -543635.25 445913.78125 -180359.3125 -1069165.5 -2461493.5 2850050 1776108.5 2576216.5 -884653.25 1106033.75 890470.875 -262166.78125 -4386262 -2059757.75 1330792.25 1629008.25 -3290273.5 -5443918 -18443.107421875 1988024.25 -2274341.5 -1878101.25 1726605 -3524407.5 -1252907 2082502.5 1530923.5 -471080.6875 -2465445.5 3617048.5 -828824.125 1996964.25 3092703.5 -578620.125 1961976.75 -6291862 -2647866 3536327.5 1176522.75 2183565.5 -2361846.5 -1438567.25 -3763853.5 -949556.25 2577575 -1773737.75 -633843.0625 1898078.5 3097684 7497665 -2054670.75 -1882883.25 4110551.5 2567521 
-1376031.25 2022630.75 80051.4375 4378245 -982813.8125 -1101980.25 -993374.5 -2750251 -672427.9375 -1305929.25 -3401868 -1874886.5 -7759657 -1831807.5 1337139.75 -416197.625 693911.375 -5411724 -451265 1183530.5 -1255876.25 521198.21875 554989 -5094806 -1040019.5 4257442 -509467.5 -1976064.25 -8070305 2556785 3642565 3167649 1583558.5 -372137.65625 1094602.75 599759.375 294893.375 1520586.5 3796488.5 352400.375 959963.375 5736886 -1772673.75 574263.375 -2984567.5 625525.6875 -932041.0625 -4486232 -1101349.5 2981251 -9096386 660127 -641384.875 -4049369 -2342129 249329.5625 -3219165 -1932994.25 3129095 -1057.9375 -4584691 -5781468 1024020.875 -2997674 
-4173003 -2870638.5 -3205601 -24191.533203125 -3866608 4437584 -363281.625 -742409.9375 -911592.625 462725.5 -7945069 1524319.5 471674.09375 -484213.75 -1285525.5 33691.875 -1777581.5 -1608386.75 3168378.5 2672879 -813786.625 1077016.5 1824510.75 -640539.5 -1191869.75 -2162131 139069.96875 7795023 -2958087 -1799749 -3563797 -4320179 -5787550 981047 -2338019 1104254.25 3654182.5 4571164 -1036961.4375 -3326296 926762.125 17723.453125 -3650132 -274701.46875 -244135.296875 932040.625 -4643.2868652344 -192525.5 -3438497.5 -2877922 -1413817.5 1590909.25 1629781 -2770976 1517050.25 373371.84375 4095914 3306164.5 -3816514.5 5853069 3267661 216413.71875 -470483.59375 618724.3125 
-6180588 759960.6875 -598824.375 3186097.5 4124002.5 554086.125 404733.8125 1784228.5 -4743282 -3696236 3872857.5 3880768.5 1701474 4192950 -1708691.75 1817518.75 2331171 -4355604 -1032649.5625 -4046030 -1689645 4492579 913453.875 -3064287 -2844950.5 -580364.5 -1143076.75 -2052783.25 -4469475 -585808 -1364391.25 3261365 1387626.25 6021589 4016993 -391438.875 3470308.5 -973764.25 3820520 -3870591 -4198108 -5943528 -1351226.25 -1370851.75 463947.28125 587646.5625 -5996651 865550.1875 -6070904 760647.9375 -4805329 2446504.5 -1130065 -431931.15625 -2063598 -2784650.5 -3585505 5204642 3281173.5 -170109.765625 -6936516 -433304.5625 3823098 696101.75 
-1827728 -2215227.5 -2302304 1736426 1890656.25 284971.21875 4434059 -707490 -2773996.5 2416828 5010500 1811450.25 2595693.5 1666144.5 -2531428.5 2758900.5 729503.3125 -3105867 -82902.5 -1197775 -2434860.5 2654222 3148345 -77591.4609375 -807028.6875 -14609.125 530982.3125 -569020.8125 -4048241.5 1447810.75 447708.9375 1540594.5 -3835589.5 3504522 -2129637 -4934162 1100099.75 -281268.4375 3830877 -1761392.75 -592437.25 -3463420 -3106723 90765.0625 -738591.5 2958052 746795.8125 -3424834 1641637.25 -2424344.5 -2390702 -932634.3125 -1430168.75 1836053.75 -2979603.5 -93080.234375 813401.375 -3472092.5 4060885.5 -3674284.5 -1106718.5 4711352 1526809.5 1361036 
-1707054.5 -1802883.75 -4257524 -3389382.5 -192549.265625 -237357.09375 511327.28125 4124844.5 35178.396484375 652065.75 -8615866 -3219584 -263472.875 -1501143.25 1163028.75 1083136.5 653433 4897858 1130881.5 -1386097.75 -3028268.5 4130201.5 -816659 2078473.75 -2538493 -8047883 3022003.5 2843908.5 -4147706 -1190676.75 1148751.75 -3900500 248993.171875 372705.03125 -1471848.25 5871561 719565.875 -2368065.5 -3199150 -5283639 391139.71875 491905.6875 8041370 4028133 2560972 635349.0625 -2812587.5 181363.65625 -2939180.5 4374484 -722256.5625 -69043.640625 -1500963.25 -65070.90625 599756 166850.4375 81500.640625 5841887 -2042257.25 6800806 1681712.25 -46653.80859375 -1207102.25 2682860.5 
35493.90625 3759339 1346182 -2483049 -5048991 -1215966 5526275 435454.6875 4742617 1148411.75 -688938.9375 -598827.25 -1159977.75 -3420334.5 -1051596.75 2946560 961734.125 -542552.4375 715977.75 -906292.625 5314593 -1235290.75 -484663.3125 1729501.5 4878200 -300137.1875 -576486.75 -2711873.5 2884207 988640.875 1343315.25 4322944 1421115.5 1696881.75 1587620.5 1844299.5 255525.71875 2938744 6225793 -1294399.5 -2678719 1232956.5 -2148249.5 105219.59375 1432110.75 -665759.625 560498.125 -4908567 4113647.5 1512328.75 6824741 329508.34375 -2220653 1891730.5 -4966775 2043550.75 3758583 -2666694 2972423 -6055496 -1517530 1716642.25 367993.625 -2155774.5 
1913665.5 2233041.5 -1019187.625 1753842.25 577150.3125 -757032.8125 520656.90625 -153842.8125 1340728 6080448 3539452.5 -263792.25 -2059005.5 -609013.875 1066873.25 -3526451 6004387 907325.375 -1588912.75 1342762.75 3525410.5 -1584723.5 1571059.25 2498832.5 -1063635.5 2926417 64143.9296875 -6055774 -2269727.5 -973859.0625 -1717337.5 739014.6875 4489425 3097917 3995650.5 -3007210 2016487.25 588854.8125 3062175.5 946032.1875 5778475 5717153 -834762.125 -1542327.5 2538947 -1664243.75 6473571 -3148461.5 2062210.5 3240027.5 -3430014.5 -3903919.5 -693180 -2983170 -1671168 278203.8125 -6026973 -3024883.5 -4380454 -1854026.5 -238653.875 2492064 -4161082.5 -1841863.75 
-1980001 4855243 -820336.625 2548761 -1071626 2673092.5 1509087.25 -5330778 -3988245 -4127559.5 -3542795 -2305726 1748094.5 71236.15625 -1713298.25 -801893.9375 -508823.375 -2177615.5 4949239 -272758.3125 -786252.5 2399932 -4711439 -1884644.25 667754.625 2151546 -549127.125 -276194.84375 -5083862 -1758244.25 1595314.5 239122.296875 1967038.5 -1097150.25 -2044886.25 3326491.5 2804734 2854399.5 3418878.5 -1104320.5 -962904.75 -463765.21875 -1652886.75 439842.125 -551710.625 -320839.8125 4402673 386252.1875 -688437.1875 1567547 2015795.5 5445726 -4312305 3034036.5 29098.5625 -597332.1875 -3587845 -1245584 725227.625 677243.4375 -298300.9375 -240496.25 2534414 -2289256.5 
-4381195 -1225270 2136686 537944.0625 2395932.5 -2549370.5 -1634471.75 -2722249 2823211.5 -672338.1875 -154426.5 -3447999 -989175.375 1148483.75 -4704.16796875 1312869.5 1106122.75 -1444143.5 -4042519 -553953.25 1970442.75 -308422.53125 33462.650390625 1263315.5 4042782.5 939268 -4304430 1641293.5 -4461870 382417.4375 4600128 6981593 1164422.75 409045.15625 -195480.5625 1849275.25 2130048 -1458098.75 3168051 -471943.15625 -887600.0625 2252612 -3931717.5 3081626.5 -3270143 4406094 4779507 250782.84375 1882449.5 -1302398 689906.25 2622955.5 -379742.15625 -1114370.75 -4258186 2563491.5 924944.5625 2375423 2328780.5 187018.0625 -3626034 385086.84375 557139.5 731242.25 
-1802176.75 -1296517 -7696403 2961838 3973634.5 476384.8125 1894814 -7352247 2035742 -82087.671875 -935667.75 -5305085 -5223125 -1759657 4346271 3125043.5 679103.375 -1739746.5 373344.6875 1666456 -3989475.5 -1109538.5 -2554566.5 2183670 -1241103.75 -824826.875 2705343 -2553335.5 2441374 442321.15625 5435682 1112167.75 3495584 2041092.25 -170549.453125 4298908 2023665.5 -3246569 3277858.5 1058412 3209487.5 -581657.5 -3221779.5 -561935.0625 821895.25 3467818 6606536 -2644210 3687396.5 1457681 795998.125 -164283.5 -4681381 -1917405 -258808.265625 3072794.5 -5318775 -681668.5625 3326263.5 -2792371 3109479.5 -2131559 -2471230.5 -670715.75 
2238313 -3241078 1813424.75 -2688081.5 -4961693 2928277.5 -1873713 4596893 1242160.75 593006.5 -3595212 -4015540.5 -89900.203125 -1842929.5 -1669743.5 -4681130 -3763139.5 1002240.9375 661218.6875 1177192.25 920244.5 -814111.5 -1714897.25 -449603.59375 97560.90625 -745326.625 -1497942.25 -1336422.75 1779821.75 -2310578 498200.25 1584445.75 4581858 2809655 -5863241 740440.8125 3893823 5331.546875 -2469223 -675295.75 -425295 878006.75 1438455 4407935 -629262.0625 -217459.734375 -444157.25 6090302 -1361398.25 -2410055 2700129.5 -2423591.5 625010.5625 1734202.5 5932359 -348335.78125 2103008.5 5677035 -2842855.5 1530847.75 -2178796.5 1860596.25 -343328.09375 2753603 
-3071581 -247648.984375 8141883 2072112.75 1149382.25 603647.1875 -606737.4375 3323329 2063666.75 85573.59375 160479.59375 -563871.3125 1128956.5 3878353 -1964050.25 -4849941 -6436029 -31776.376953125 111362.40625 626546.125 -246089.875 3976719.5 -1022114.3125 -737888.125 -2508208 520367.6875 539089.75 3069456.5 -5226642 -1380459.75 -788158.625 1958766.5 758693 2061435 -1080194.5 -4118533 4302358 579162.0625 -3305486.5 -3263139.5 3827766 2191216 2569529.5 -1694974.25 -569752 2987877.5 966680.9375 3029328.5 -2127325 -4869173 -2314454.5 2367236 1431665.75 3833636 -484794.625 1509061.75 836198.625 2647963 -3027635 -3357036 -919477.25 -1849155.75 778894.75 1896722.75 
-1210832.75 -1316805.25 -3675921 -1087575 547488.75 -3429043.5 -4957015 -2936803.5 2735879 7280177 289530.84375 -449642.375 -2296438 -988255.125 5569784 -661510.0625 4200682 -5534379 466682.21875 -74635.40625 4316316 -2287098 -1573733 941479.875 3121768.5 4364370 396738.75 748555.875 772794.625 -1000849.8125 -374761.125 1104565.25 118824.484375 -38944.37890625 4740007 -425224.21875 1825750 -3289062.5 462976.40625 992667.3125 -1472210.25 -2267730.5 -3356095 1113500 -209024.375 -1175374.25 1796356.5 -3804779.5 4322844 -1088502.5 947218.75 -3041825 6296813 -6528402 167194.46875 2516506.5 -653449.5625 121111.59375 2718402.5 -435353 887679.75 1431850.75 2033212.75 83289 
-4062167.5 517228.59375 -7340645 520644.125 6534270 -5120268 -261944.015625 -526753.125 -2090715 1043732.3125 -4579220 4148006.5 -3140072 -273538.75 3649226.5 2589694.5 1294259.5 2950753.5 -3034024 -6135387 -3534661 1440964.75 2529733 -3231756 1355891.5 -5546415 1831388 909600.5 858943.875 133609.40625 -2684209 -3722626 355185.25 310036.8125 1438519.5 62693.3125 -4305827 4248585 -2701390.5 -1516273.5 -117316.53125 -818197.8125 -499661 1849157 1794048.75 -465715 1555905.25 -2264021 495187.34375 537847.75 -1965729.25 -1988519.5 -1370293.5 -1374597 -1073945.5 414631.4375 1113453.25 -6718571 1370151.25 3892414 4672186 -2510061.5 2318114 287477.4375 
3446808.5 3189318 1621626 -290746.90625 -1540458.25 -1449548.5 2872436 6228984 4017447.5 306662.625 1191090.25 1058170 3575233.5 2663552 -1289008 -53426.125 -718822.5625 1142304.25 -5876251 -3091317.5 4662815 -3577092 -82450.2578125 2578614.5 3836959 -1498557.5 237705.5 -2533578.5 3808795.5 -1660420.5 2247659 -1018873 -2225893 210351.671875 -151411.046875 -2950697 -2704848.5 2149120 864088.1875 -799646.1875 3137481.5 -655076.625 1211019.75 -1519445.5 -2130062.5 -1174809.75 2392463.5 -1813195 3927173.5 1085018.75 6189534 4028209.5 4277435 2373007.5 -105865.3125 -1346871.75 -1005483.625 -3517066.5 168552.53125 -6227687 3260785.5 -2559735.5 -799514.25 275140.125 
1202894.25 -3360796 2490746.5 -2396249.5 -1432467 844366.9375 18136.32421875 -2678139 -2275643.5 -2594267 -2722097 -1298246 -787332.625 -5809342 -2883965 1028448 -493789.84375 -1053641 -3298403.5 5203548 617416.125 179296.9375 -584150.4375 -2558201 1352138.75 -536853.8125 -2570366 -469955.625 -767852.5625 2174826 -352572.8125 -73466.1953125 1346630.75 -4480090 -3217352.5 1742703.25 -364580.09375 1967256.25 2337546.5 2120594 -1291330.75 2564576 2682583 -1896722.25 -6328415 -1046906.5625 -1170706 2789908 1326567.5 -386351.0625 -751120 -67778.875 -1133244 1836987.75 3685905 3215376 57401.603515625 -3015215.5 -1109132.5 3766271.5 -261172 -2991906.5 -1790208.5 -3496811 
-2091434.5 -305255.71875 -1889571.5 816215 5961302 -1334504 1543686.75 -1022991.4375 416777.34375 -1258582 -502962.75 731136.3125 -2630065 4137922 3598305.5 3098821 -585342.1875 2109607 -706387.875 -3403202.5 -4629822 4137617 -231958.734375 -1785712.5 1854751.5 -3649824 3461337.5 -754005.75 534520.3125 4772345 935440 3229062.5 1914460 902548.75 -382609.53125 748465.4375 -1247763.25 -3932074 144200.828125 -1663115.25 3771317 5684693 3281802 6085215 -765552.5625 3155019.5 239351.84375 -2679070 4820690 -25052.71875 2552013 -954888.375 -1410174.25 2267283 -5365323 1351802.5 1004937.125 -349251.6875 4224191 -1088568.5 -710959.375 7384.59375 987503.125 1220796 
2705027.5 -439068.34375 -4552261 -2759913 -2320885 1010729.625 2860532 -950107.25 -361674.8125 -2929571.5 4693120 -5813592 784312.75 -6009002 -4685897 -2072175.5 -537457.375 859148.375 -2888788.5 -1421659 5193680 -4154791 2302741 420304.6875 6507719 -744611.625 896627.0625 -4782345 236782.25 -2106579.5 3007658 2330532.5 2886597.5 -93789.421875 3034111 -2793410.5 335519.71875 1383315.75 4856743 759188.8125 -2522730.5 3951503 -2254633.5 -3892490.5 1326572 -1358385.75 1356242 -1178372.5 -152959.78125 967501.25 2735737 -338683.1875 -2119145 -2680653.5 -2024130.75 -660891.25 -6654605 -1644820.75 -2036115.75 -2461618.5 -2070093.5 2334725 -2795566 -4029497 
2448527 2727066 -2561522.5 -933631.75 -3288352.5 -458961.71875 -145076.515625 -1726842.5 1189001.5 -7989580 -145725.5625 2630693 -1576100.75 3882478 -6883652 -2667364 3172248 1396483.75 2132338.5 -6055664 -841757.4375 1783241 -3140550 -4522633 4260404 2602427 -929807.1875 -875158.75 266974.0625 1174885.5 -5099961 -4713322 2753458 2453763.5 1649204.5 2208905 -3272586 3523355.5 3610607.5 470976.3125 -4657426 -47463.9375 4008263 -439136.8125 2306421 -1718089.5 1451414.5 -2104307 270899.78125 345132.15625 -254138.125 1074877.5 -3616468 2605557 380190.0625 -2129155.5 -2629142.5 2494193.5 5303834 -706678.875 -2164990.5 -1883415 1655954 -3076877.5 
-40980.28125 1092914 402110.46875 -2173901.5 -4287455 2049306.75 -1707847.5 -308579.625 -1465429.5 1549835.75 -627171.875 -1417961.25 -2550.90625 911420.25 339404.5 1340228.75 1897518 -7260166 3495280.5 4266154 2526165 -6629964 -4024006 5174140 1445142 -1316241.25 -1490270.25 -3508244.5 -6695564 2070123 -748507.0625 -416847.3125 -153993.15625 1127566.75 5575152 -5548702 4819045 -209406.265625 43784.767578125 507640.1875 -1935986.25 -1209703.75 -1650592.25 -1243365 -299719.25 -6107997 -617545.125 1920047.25 -5542737 753265.75 -2867890 -3475196 -2427737.5 -1967420 614571.9375 3143216.5 -4947888 -58997.2890625 1853400.75 -278880.03125 2577595 -2099503.5 -1117493.5 -366279.71875 
2949243.5 -6505349 1513852.5 -262616.65625 348460.96875 -4178067 1690007.25 -1381682.5 -1761831.75 920226.6875 668468.3125 -1608019.25 -3159990 -5265602 3394258 3612549.5 2020133 1191261 4223123 6474449 1670766.75 -4311680 1451811.25 779713.8125 402773.625 -611565.4375 512736.28125 -6642894 160989.875 4153773 272978.8125 793390 -4160492 -1849648.5 -3389832 -834125.0625 387102.0625 2386971 -2021945.75 1377782.25 5340179 1295895.75 -1831238.5 -1935889.5 1532898.25 -2416243 957176.6875 -136615.75 3416128 1526375.25 2271437 -1949827.5 565618.8125 21843.625 5064373 4060946.5 -3465624.5 163619.03125 -2557713 5165178 3831820 -2208252.5 -3175961 -125971.078125 
-645795 -3770256.5 -1467952.5 -966128 1028699.5 2797201.5 789740.125 411524.78125 2298230 -996904.1875 -3191229.5 -2465414 643211.125 -4081751 -819620.5 2219011.5 -2221998.5 -3699035.5 -441513.46875 4431626 -973143.0625 3456585 -1370135.75 2111679 751511.375 1339381.75 -777001.375 1669981.25 1402267.5 297211.4375 3582924 2518797.5 886619.125 -2043134.25 -2953372.5 868227.875 1222804.25 -1614509.5 1741412.25 -2665162 -307689.625 -574601.4375 3145204.5 1072900 925027.5625 -3473402.5 -33589.90234375 -1358892 -1019808.0625 3486675.5 -842041.5625 -2600184.5 -2510276.5 -3285624 4640511 5600448 914740.125 2153696 -755403.5 -812095.5 2459251 445196.9375 -2071174.75 -98154.125 
934331.6875 2327430 -6331916 2606897.5 -865891.875 5241338 3900582.5 -3301104.5 2360276.5 -2026293 1059615.5 -1585422.5 2944648 -1295252 1679375.5 -2416420 -513556.21875 -1831400.5 3809939.5 204573.625 -1773121.5 1450265.25 3461216.5 -1561363 -3437255.5 2426282 -216853.984375 -4089757.5 2241501 -2644278.5 4858902 -934493.375 2330881 1859440 -692705.75 1720718.5 -4275824 -6124924 -2273177 -1101037.25 -1707589.75 -19171.3125 -3321628 2630279 2828913.5 1841874.25 1960422.5 1320032.5 -6093109 2225118 -611275.8125 87377.375 -4122236 -511787.46875 2795967.5 -1452918.5 -1980905.25 -1911803.5 -3653689.5 -3097296.5 -3682243 5999653 -3555326.5 3350693 
-3602266 -2868526 1604209 -1996668.25 -3349857.5 -2613844.5 -5025909 -890545.125 -2795850.5 -1679694.5 -4914555 -1857757.25 -1575404.75 2993597.5 -81916.234375 -3986488.5 -4111779 1889155 -2442089.5 -1646200.5 -1069919.25 -1678348.25 -2075171 -3458538 -2973275 -1294903.75 74125.078125 799550.1875 470599.0625 -2065110 -379550.9375 -23173.603515625 2773872.5 -511200.71875 3997263.5 1839727.5 1014037.875 -2566409 -4292752 1240127.25 65224.6875 2439171.5 6315275 3369544.5 1369411.5 922666.1875 283648.59375 6210861 342927.375 934418.0625 -1252614.5 4838390 3069093 278381.375 -834105.3125 -226542.90625 1467044.75 2400764 500384.5 4347127 2771592.5 -2185874.5 980115.4375 507473.1875 
