10 10
-0.35562811978161 0.45434962585568 -1.6355250701308 -0.63091149926186 0.35596328601241 -1.5426681116223 -0.50181038305163 -0.94075138866901 -0.33012909069657 -2.2817981690168 
-1.236146107316 -0.075722738169134 -1.7841724529862 -0.79958871006966 -0.050840253010392 1.4207043126225 -1.1604838818312 -1.8818665370345 0.41852639988065 -0.36930839344859 
0.051409562584013 1.0049535557628 0.21677395142615 -0.60133082419634 -0.97998841106892 0.29498447664082 1.548271894455 0.27560139074922 -0.21707031782717 1.1634202003479 
-1.8842919096351 0.39815773442388 -0.93723040446639 0.5280776321888 -0.15410727076232 0.33661273308098 -0.18390832003206 -2.0085430145264 0.22456814721227 0.67258871346712 
-0.70280645415187 -0.58429974317551 1.3488077744842 0.50941959023476 1.2893364354968 3.0114055871964 -0.37230847217143 0.10105768963695 -0.78769305348396 1.252185203135 
0.62073143944144 0.4193296097219 0.41620609723032 1.043137460947 1.1236693114042 0.40708395093679 -0.54875100404024 0.63070509210229 1.7904486879706 -0.13643410056829 
-0.45018939673901 0.76021251454949 0.31032028049231 1.3048860728741 1.8070679083467 1.4917012229562 0.27779129520059 -0.11011149547994 -0.060464540496469 -0.13387785572559 
0.0030569180380553 -2.1831093132496 -1.7611744403839 -1.188314281404 -0.19244892708957 2.1417583525181 -1.3802672699094 -2.3646542429924 -0.26545171625912 -0.40116066485643 
-0.15303124114871 -0.72903394699097 1.1311184540391 0.66112685203552 1.0705118700862 0.20175714790821 0.36918180435896 0.82199225574732 -1.9103045389056 -0.24462528619915 
0.033178508281708 -0.48414427414536 -1.0245176404715 -0.55579815432429 1.4694567099214 -0.11599864810705 -1.3758404403925 -1.2238027453423 -0.61696469783783 -2.2909753620625 
