10 10
94.532346725464 141.26248168945 2.9938706755638 13.55955851078 52.380082607269 -104.8611125946 212.71257781982 31.21058177948 -37.035573482513 65.268604278564 
-84.621452331543 66.543060302734 -31.579764842987 32.157332420349 -139.16146278381 87.558611869812 20.696112632751 51.770227909088 26.431033372879 17.222113132477 
-124.8559589386 165.31663703918 -138.6101360321 11.166567564011 -93.654596328735 247.50798797607 126.61826705933 -30.257165908813 141.1784286499 111.45726108551 
-16.826962471008 85.061719894409 -8.8887557983398 51.221302032471 -12.204043865204 80.102204322815 76.780817985535 66.9244556427 -290.66456604004 60.425236225128 
-22.664708614349 60.799788475037 61.06636095047 13.642197608948 149.73203849792 -128.39058494568 -49.859435081482 112.77188873291 73.418771743774 15.397893249989 
-208.58798027039 76.368633270264 119.25152778625 113.46933174133 -262.27610015869 47.00185585022 -277.23126220703 -182.03981781006 67.153127670288 39.23553276062 
-170.82599067688 67.495924949646 7.4808707237244 44.203184127808 -133.24213981628 110.54106330872 -79.41871547699 48.308354854584 -30.302003145218 50.30305814743 
86.357503890991 83.053186416626 26.022480249405 34.487174987793 234.8497505188 -188.8916015625 193.37865829468 65.222629547119 -27.075362205505 53.130546569824 
111.67219352722 -135.88249588013 -33.88515996933 8.295380115509 173.36343002319 -170.40573501587 150.32775497437 -101.69346809387 -0.14823913574219 -39.093455314636 
-8.7214832305908 95.868537902832 77.674325942993 5.8680238723755 -159.63228988647 18.724451541901 18.079577922821 -198.9118270874 -20.895636558533 77.98508644104 
