10 10
-957579.75 -198255.15625 653050.75 -282391.3125 697644.25 352288.4375 -1837358.25 -821030.25 898254.0625 -1156447.75 
130782.0625 736012.5625 -1596341 -54123.5625 -46845.34375 -1070635.5 -505313.15625 28156.75 441293.6875 877446.125 
826253.3125 8607.4453125 36864.140625 -519770.6875 469770.6875 -1128722.5 775518 -996693.1875 -1119415 1052271.25 
946408.25 857783.6875 79555.1484375 -482877.78125 -1318677 1118590 1782247.5 1650217.25 -485648.28125 -4106.408203125 
-255753.09375 -814294.75 198757.125 122842.8125 872417.625 -890847.125 -1401305.5 -1914712 -194975.21875 582449.125 
-255405.328125 -542470.875 200443.21875 41050.74609375 -39866.51953125 1569044.75 224926.421875 -56983.69921875 176310.46875 -1664515 
-311629.9375 625748.5 1320842.75 -764601.25 1369179 2380860.5 1227422 1149.625 -2308821 -1074878.75 
-139622 -581896.6875 2147794 -588380.6875 758217.1875 1556850.25 1373747.25 -278487.625 -2072358 -438728 
109859.578125 -259901.828125 987917.9375 -14189.6328125 -584492.375 -649402.1875 -148339.671875 219716.9375 1143234.75 -149347.765625 
-458563.96875 2739543.5 -198620.109375 -1356035 567220 744905.5 -1077084.75 1304916 1232808.25 -59307.4375 
