64 64
-342614016 273379840 -90860928 -662347776 137184000 231828864 160588352 13244944 -236317056 17567024 6050888 99356320 -300164864 353773824 -452068096 -12821264 111317632 350516992 -88905344 -96102464 165484800 65630112 -209311104 -265323520 -70249888 -58036896 -82021088 258209024 -132138208 -70591168 -457085184 355548672 -138970368 -39777536 248469248 -363959552 275203072 -348711424 46923232 -387028992 -390681856 -326606592 65186688 407649280 -353015552 -51619648 -263366208 -149255360 502939904 -88120448 15552160 227450624 751336448 394434560 348903680 324947968 82522304 -350341376 269315328 176705920 332492800 33685568 -291363328 38533856 
74748384 -323216640 63980656 25362832 67900768 -574876672 169961728 -436181760 -130876736 98063616 62392992 -144181952 -402263296 151738688 107697216 -235950464 -66779200 208463936 156779456 -616966656 83026016 -190219776 221579584 -213299328 329903104 -524831488 498043904 -334041856 -67115776 314155520 242210880 -19437064 -267543424 -271791872 -231246720 -292993536 224716800 -139339008 48718976 50353872 -14389688 40019552 147220608 253898560 -87353216 -141501184 393106432 384797184 64695536 -291204864 -319517184 -180091584 750688768 293744128 546001408 -110875840 180585856 -138469184 87038816 -132707424 19251240 325047552 190274944 -74480384 
336737536 237421376 -317223168 -324971520 718667776 129290976 438483456 300550656 -99925120 88010176 -91062080 162234176 115296736 488120320 177211008 -27663328 304551168 127650272 39387360 352539904 171938944 232521024 -96270208 17624240 95102720 151405312 -363067648 -696377856 5034885 -185413056 -6741376 190213952 -385470720 327181312 100619392 107927808 253716416 106008672 -80055744 364477440 309562624 247568448 62727760 218607232 -239299776 -89779040 -269640192 27493504 -40688416 185953344 -309200896 86758016 495341056 12947664 -349381120 426583040 -272490240 340385536 -197267968 -156087744 -72729504 -106672864 306889728 574741504 
-95677728 112702080 -56151248 140480576 283570688 -471332864 376195840 501638656 -496109568 -311014912 -130953536 -375303680 -112090560 -264017216 -16547328 -86563200 -271083008 688575488 -316295680 -28252544 107896064 49822592 -1827928 -267008704 32380712 450362368 -181457024 343643648 -85193504 487407104 50637248 -438175232 21195024 -158396160 -347053312 140039680 143313088 -325914368 6862080 199949504 179909888 -374542336 461753344 -145251328 104757664 -78672160 61061248 -322381312 -272749056 -52011680 -179770112 262973696 239183296 -784915456 -78805216 306205696 235579776 -125908800 -147413952 188076032 116560384 225942080 137177280 -217759872 
35995600 -281475328 8723126 483446272 50911552 -135120512 106033184 237229312 26782080 -322752256 5239608 -388325376 -164267520 -354483968 457985536 37975568 482965248 293344000 -106898368 -287598848 178478656 172538624 -322707456 226255680 256239232 8879874 789152768 93301120 159531648 64328480 39831856 -43476768 -78358944 -70706720 -112263872 53146736 390692352 -176193408 -25546408 284322304 -69442464 196275392 -301085696 276494848 197473152 362851072 98038176 91525088 -90641536 -360641280 340609024 91435424 513455104 -220705152 -18275376 597884928 760758784 -106496160 -242507264 190485696 333494272 -121631232 275754496 -416351744 
71323712 -186522496 -17021392 -135093312 -48014032 -18713624 -33940400 63460848 -144940736 282643200 316411392 -88106560 -174898048 234205376 -34544752 -87761760 -76162048 53668768 59349680 -144692352 41655072 -123797312 141387072 -154483136 -100949024 -51635760 101449984 -296823040 -32480736 136105472 364947456 -316334848 -248282752 -190521728 -21207752 128652672 -267875584 -54149248 38274832 74890016 357870592 -12062736 95869472 -282830592 -137892544 146098240 197745792 16872352 120001504 -508075776 -8085440 -99373376 -228376064 -181283392 260029824 -735995904 131460032 352585472 -315156992 92208768 -177321344 371577088 -115808224 105309952 
260578688 -373724416 -283290624 -192611264 158327936 -126910720 488013824 28368704 163686976 -168051008 -210904512 -9818976 278796544 96147648 285494528 -361381888 -56752544 -425994752 232084608 -404982016 232217984 203060416 240379136 158702080 142324928 -101284992 -37647872 204713920 -152606336 66696608 121526848 102186240 -168961024 -22029760 -436596992 4433217 1459344 317565184 69284704 -243876224 -2039584 -38741424 243302400 400487680 32225688 -205620864 579160064 85101536 96692672 4354784 -203262976 -290459904 225317696 90242880 314278656 -219574272 -183689856 13235944 72298400 -469283328 -20986904 -220242432 -174446656 355694336 
366138624 -111569024 71282464 -490750720 364188416 -180052736 241290176 124839616 -160535552 -129600960 -655216128 235630080 -425557504 189814848 25686680 131150368 -245195584 -45379232 172423872 -158041792 -128265504 190989632 -121513728 212273408 211873344 -74545984 -379636224 -142116672 319558400 -49577696 -133960576 -289764352 -524942080 -131024800 -109255296 -421248000 -27305616 -207924736 -418358016 -50809216 -48156496 -545116672 183801088 137522048 -105478912 -174279040 -46806624 70211488 -395416832 -143382656 -152398848 -173302656 96568672 -303704576 166936320 282405376 111692352 58136736 85945600 -220986368 -193352512 -132410400 -85579840 353524224 
94741984 664376832 585116672 -132466944 -38547456 -277445888 306114304 -125341888 -402379264 -269627136 107068384 -252534656 175311360 -154200256 -116573280 -495343872 -355271680 548251136 -413394944 24640768 -184794752 534905600 -293736704 -278870016 -363383552 201441024 -303838208 -619763712 203056640 -45533440 -16452408 -145418624 210057920 -632559616 -20453504 -600718848 37647616 -62433920 19471424 391154944 493648384 -435192576 -578956288 -431091712 263409536 149618176 138326272 208968192 -63994368 73514880 -390311680 -51640320 214823168 -104051104 308435712 -294608640 -129104512 334678784 -121255744 -25112736 -284948992 582226944 480315648 131924992 
-187933248 -39536992 289340160 -207352768 -547756032 -19545784 -241674048 -197820032 -68697408 373706240 -134165408 -62456800 -338914560 -640272384 256020352 85097504 102131040 174114688 68931456 -454240256 -69385312 133919520 109111872 123066880 -110992640 -59723840 -208770624 -84136992 106349472 -542756864 207400448 357763840 -601574912 -430907904 -85665504 -201512512 262225728 -310699264 -190551104 63508416 177803584 -205833664 -136865024 -131236512 -178577088 38183392 -223630016 -42102992 27476264 -165924544 -33139704 39174192 347805696 -18696848 -422147840 62111216 104256192 -328513792 -22756416 226785088 -51841904 -169222016 371035648 525313536 
-39538032 51760352 400705280 365816832 201481408 -289080576 375421184 130518784 197450880 33637232 -80921312 -302759168 264612736 -39894832 -27432864 140928960 -39305952 -320134912 -288901632 -197862592 -45700032 735378944 -444978432 291945728 330676992 -171635072 106277216 -283100672 -124497792 824057344 222600064 329883648 67497504 -156749824 -315033088 -194517760 -168012160 -630976512 470894848 242117312 -38551552 13143842 178751552 398911488 153870464 69072064 -85733472 308806144 294178560 1393824 -133283392 -40010560 -83699712 -540642 303040256 458900224 193650304 -236084864 -176240704 -93065088 -185985792 414508032 -201697856 -14027436 
86687968 164101120 329600000 -7651437 400944384 -357882112 392710400 417610240 73897024 -630067712 -84603744 115984544 -105446336 205287232 195577600 270461184 -162701824 -275451392 -308756992 -81351584 -41528352 788751360 30509456 386042624 63862304 470337280 56147248 96273856 226721728 94229024 547414528 -216497664 25700760 105094848 141475072 174509568 -63581600 328868352 -79695840 -38348320 -155204480 -396961792 179138560 150836608 329996800 141718976 277746432 159429760 -95257184 -107977952 131432352 -278792192 -254870848 200222080 -105525152 -28103840 228273280 85034016 -152647808 57311168 291311360 -291283712 36462496 -19122936 
-230387264 5009184 -464818944 209837056 159185536 -227912960 560177152 331615744 -799361536 -63110112 -680909312 343508736 487824896 -463690496 435951360 -197284096 243587904 718707712 -82482048 338580992 -221928128 194120320 -60549056 -105077120 -451915776 126436704 389331968 -487650560 533719040 132447104 -337387264 -295750144 -319770112 -214177472 -84941888 -306754816 -54954240 106770144 -72426080 -101281440 -34215824 -326419968 -163314816 -79613248 -460047104 -55092992 176145280 -475467776 418498816 352954880 -339569408 244486720 -48937776 -132719136 -211341504 -187232512 -9265296 415204352 342038528 190166656 -45403680 -212786432 417234944 389340160 
-321843968 88122464 151469440 183403392 206156480 66584688 119977536 -92352256 -264277376 92006720 176564096 306385664 -334528256 -141224192 -258123264 -382936320 174119424 479240960 -173351936 -218735744 -610723840 79341472 149031552 -18502400 -77592096 372838400 128810592 -72950976 318108928 -130678592 131128448 223618048 228822912 -119179872 -176628928 628448768 74214464 22868992 -252325632 -108889536 299119872 7931888 243578112 -257149376 -313758208 219233152 -384899584 -43692112 101429952 203361216 -148774784 179009792 218771712 -255065664 -537934848 115901248 -8023168 -310134784 -106723424 154818176 214327168 -342682112 540028928 -211786240 
-292051712 48247104 530703872 -33619264 -420082688 129205920 164763776 225169408 -63655616 99855552 50112560 -176884416 65174496 -318625792 264594560 -354266880 -431260928 -65842288 151096192 -339709952 -150266240 236271680 23877568 382897408 -34011680 355252480 251435392 395081984 -199073472 -175271808 514788096 409628672 1935088 -1025400832 116996576 340242432 -271604992 -198416128 -131226048 -242909696 -77926816 42683744 -5107792 315389952 150475392 -197809152 -285923328 243154048 -34723904 -774820864 114396288 245858176 109757728 270300416 -20553312 -237930624 -374894336 90292736 199331008 329708544 39599152 -132926720 432475136 151033984 
45419968 -4329592 -19965744 -12178026 143136128 112041312 -140454976 -246168448 -12893150 83509536 -244408768 -272205824 275955456 -85095552 -576859648 -36898336 -393696512 86850528 -2134784 -41229088 -40195520 297753344 88057728 -133044352 -21648784 -414844160 19761960 -629815296 -81636064 271001344 -415860224 -293411584 430457344 -121230272 217335360 -675139584 -140757504 124593600 94372992 39717920 518420480 4348188 -474334976 -197650368 -139838144 27200896 393552896 216969088 -289282560 82621152 -200725696 96030816 -6082128 -386849280 84287488 59479936 -223628032 -174969856 -25556776 138448192 -211201152 300814592 -417734912 262506112 
81611680 -255135936 -565568000 282497792 -17506560 -278735360 518228736 336461056 52213136 -22605376 -241930880 225084032 -166790016 19752336 -46481600 -25952128 252464832 -103048832 35029552 -287738624 362411264 -212149952 184163648 423583488 197401408 262944384 349620736 -11775024 102626336 697744896 240490944 -23688816 -225902016 702316032 -555348480 532314112 -248468864 -541089792 6703904 270059776 -288266752 -55728688 28610648 51661184 92573504 137012608 76236800 158953536 30096096 26225168 -370390272 114845504 -27226160 -110284192 -108467840 368605952 120497536 185160896 -262085952 112638368 214048192 165916480 -148544832 -145776960 
-153242240 -134121312 215852160 309240576 137713344 -96821152 217124160 25335056 8563812 -40758528 -9231490 53109152 -261405568 -92212128 139824768 -142364864 -109016256 -61439648 159048576 305400320 57167920 274047744 -211627904 255936320 65378032 179246784 -97808640 74773632 26609592 -125256640 41593312 -78745888 545800704 -411421696 342728448 9726560 -20680352 163668992 -89325184 149670144 -81513024 -407078656 121666400 109090336 421502720 250928896 -53860352 967160 -104925376 233314240 -105381536 29513840 -241801984 104151168 111407648 245569664 -138241152 284300800 351591168 -65833360 23116352 167575936 156578816 92265632 
68717184 168135808 347096832 -57515632 33342928 480207360 144622912 130049248 88683872 -323010048 544664576 388081408 -241842688 448947456 -183298048 -242783232 155929024 309541120 23089184 246046400 -65829440 169825920 41276608 -19334176 -405884416 -61368928 -132052192 136980224 2615288 -501519360 -138932224 -202781056 797001216 246299264 182762688 -158619008 -71616384 289164288 -174102016 -40497744 150475456 -389586688 -244723136 -25087520 -285741312 -221989888 7702420 -12360588 -207000384 -22070496 129243040 -72682752 -55013680 871027 -314734080 -118948192 -618834432 141241472 14349996 -351971072 18693472 -234122624 213203328 -247522880 
25094000 19061440 465197824 -164356352 671423488 -19057016 302238208 455698688 142882432 -312170240 -29957200 92196160 -46162512 304919040 34779232 113012160 -494021632 392738816 -303834880 -77116032 -398363136 20578280 361096192 -644238336 153141312 156741632 -67804864 -303476224 180488832 -17018432 -214644800 12566704 -238023808 -128495360 -191979520 120745408 -316267776 365257216 -490454016 6619808 516573440 -50046560 -185407424 306644992 -461330944 638432 397276160 95142720 51515920 -255617920 -100362176 -1410688 -334982400 -367141376 -268557312 -280285440 -6969216 47018336 104816768 -52315248 177245888 407814144 459505664 217168704 
187193024 446958336 535361280 467438592 89997216 157008768 17154872 -272846336 -82169600 55226112 610039808 -376970496 366652928 -414339328 -69738368 226443776 495928064 -59158480 -242074112 3782024 -92248512 229710848 -161191104 -345328128 -88564384 -17056400 -317654016 -271938560 -253146880 -256668608 676866048 186383488 -234810368 -311990528 -112239104 -255623040 22913312 409742336 -94768544 201905152 579847680 -312170496 84043744 -473709568 101631072 187073152 18720112 -200272960 -10612814 65940704 1850938 -137656512 -122017248 264782016 -437222144 -322444288 -179705024 -17105544 -298723584 -387429376 -256400960 86452032 211994112 249923328 
20449792 -16668208 112742976 -205518976 -89862016 40679808 -335903744 -215695744 42631024 24035312 323187456 -168599744 -372197120 50180512 176642944 -27410336 -612231680 -380339712 155998848 -62811872 267064320 194862016 41544416 -311753216 -302985216 151723840 -309203456 -261427840 -332665600 -510221056 133076288 29612624 148243456 53508896 328390144 -214256320 307790592 723714048 257121792 -435739392 -174756480 74248960 873468416 4737584 32419848 447008768 -319577600 -34683536 213228288 71713600 -40177072 47216896 -385115392 27097016 -154713152 -137941248 470882048 -314414848 55642032 -331870976 -37019984 -23670400 -98197920 -125631616 
313540608 -65722880 83910144 62707984 -331673088 -297774592 90469856 216246272 -21821840 579364864 364446208 -291762944 -319398144 -36375568 159431040 -254760704 -7180272 69027776 -318735360 -84299936 119322496 126389824 -183688384 33738432 -324979200 -13100224 -298691072 87139840 -612876288 135997120 -6036656 164005312 543450624 -449984512 109638496 138522752 55320800 -141919808 -65882864 373631232 366453760 252181888 522547712 -196127424 203363456 105743456 -66562448 -179757760 427240704 16318688 -54917696 371226624 317907968 184654144 184601664 43031712 -433810944 200409920 168713088 225741952 -11445690 304858880 185076864 147426432 
157640512 -78974304 43457408 -335072 -68367712 123300448 250873344 -506099968 -237441664 -719970304 -155496960 314553344 283004160 -116708832 -175955840 -593852416 -307460352 32035536 -64496352 -334572032 267895360 363771392 207375552 -393464576 -183962688 510740992 144387456 -232627776 -324250624 -137088576 -145561024 -132329920 10842518 -56929536 -191502336 64258752 -21748984 141451904 -203615488 50565696 292462336 -90465856 -447516672 85947776 -232086208 364161024 337225216 4944722 95294624 -41251808 -24193776 312873984 237749696 -598578176 59480480 143651840 57860240 326419200 -177292736 -21663768 222528384 70952160 475409408 -24313400 
-141022848 51993248 -52231120 -50367312 -21429600 -29623760 -400970752 -113364160 -120175488 247480000 -252703104 -60601872 -100585056 71638848 573220864 284571648 233851200 334591744 -166447488 311296768 -215526528 -288697344 -58300320 236000256 -263163136 -221751168 -149673024 -435568896 110546720 -104645440 -167662400 24440880 -200620672 235399808 137552896 15123182 1735328 226576000 -96652384 347638528 -83410944 169222912 115632512 -336233472 -86489824 -15303472 -320129792 128461056 92565344 111903456 98335040 57560064 -86978016 -440089600 -152737728 203838976 273679616 -161413760 -8344592 -420278016 -502936576 -259478080 210041088 -225541504 
252223488 479257088 335361792 203169088 266994048 -570091520 82782112 -539446272 -123964736 156901120 -69322272 445400064 173445760 -501051648 -328448512 -549825536 -34219520 175838592 -120331072 -483529216 -381985280 298624256 -78439872 -244174208 -122049088 -349675520 394576896 -874113536 -136558208 336648192 4654360 -56358048 -96775840 -414361344 -117227040 -936134144 -472380416 212792832 107047616 300081920 198527488 -210299456 -380083456 50359248 -406079488 396752896 49636256 -208798720 281959168 -17843720 -177250176 -88858496 265761792 397483776 140154304 -590753792 216462592 -35013728 -515641856 -103769824 -99160608 46700368 415368192 -123591616 
417330944 20810880 56963232 282073856 -149140992 83982464 192394816 13091840 -289773824 -230236928 152469184 -265253504 523546624 -175861248 -671469568 -482187520 423898880 161392768 77809472 -274910720 -136677120 -520835328 -89987136 -237933056 -170079808 -407398656 487201280 163345792 65823008 374448640 -482718976 -34010832 214622208 365989376 186660672 -246761792 579151872 -780862976 316540160 84725184 114040448 85339072 -310828288 -244800576 -38186160 11851872 404864512 -227906816 314094592 -182247552 -13620224 152045568 610679296 -176860672 102028960 121130176 32496128 194785280 127994816 -183635520 -473108224 -75481952 130657568 -504942848 
-532767232 -488248064 -40568112 4498770 -302461440 -178179392 -231443904 25605896 -13030544 571724288 -90512768 275622656 267486848 -179457280 29493120 -100985312 -184291392 105274368 -477657856 191060352 -333878016 44684112 80546688 151083904 -299527168 -7533824 -186861376 -110145280 427163904 210843200 -174286080 -19378664 549157376 102773120 234802368 15590386 -204027584 104137376 -473030912 -228997952 -15443536 38870464 -94727488 -465404416 148964416 -616657408 -777526784 -152441216 -273448704 14932992 247471808 -52032208 -63393680 68853696 379720704 -356292352 -101699072 -527108864 201437568 462165760 101709312 -63596704 101434336 199975744 
-154974080 -27018752 -56870208 277181184 303095296 235203456 524022528 141645824 -78448864 -373554688 -411853568 16766488 168184064 -96702976 489954304 21753072 222231360 142139200 82287008 144528640 -370060544 -352079104 707869184 -56887072 165648320 457756160 117943680 -174284928 -129899968 -219986496 495009024 603677184 -287034624 86057952 168806592 -34107568 342026240 -61428352 -98678880 197249856 181627648 -425046784 445720832 -290192640 -404644608 422059776 298350848 -511351808 141679168 200138496 -206110720 -224898176 350032128 -317661440 -861170688 -608698880 -267802368 722913792 -148032128 508625664 57741104 -373240576 529790208 -77069120 
-261902720 45001216 -50854384 198900992 -394175232 -208526080 329666048 182606784 21788840 56852480 -178593344 -48083120 257938880 229719680 147944960 213601344 140176320 52225568 20819536 156566080 36118368 50817088 475085568 136181888 -95430976 68023232 20541208 -108717376 -206857280 154778560 30182544 -39392528 4764088 -91052480 110147264 190545472 303583488 -5471128 256972672 -43159840 -251863360 12721968 619076096 -318609152 103881088 -258238720 191443136 367315712 350224128 427177216 -179453376 121561792 -245333888 -215257152 -78447360 433110784 -125644064 -290557440 106776512 114105152 -352049408 -106720544 -227230912 -177432704 
103745024 57397344 85810528 327942144 -195267264 -145827072 280473600 437551360 553748 -290940416 -289585152 271957248 45598432 -170725696 96454912 -167378112 -185909824 -243707520 46680928 -232098816 -301647872 248599168 180943808 312494080 29244808 195116096 -209559872 -270745088 668056576 283574784 219577088 135517632 -235261120 72313824 -282945792 -100374688 -149334272 -361011968 232227520 -232955392 -77890848 -132600896 -70814816 104028512 197866752 -13405552 185298752 13147592 -81606016 -44235824 53042912 -220519168 -135281792 51915232 69975616 -361458176 229726336 17877184 94997408 238866560 -112609184 -197917376 238427648 -143643776 
-636806656 89610080 -158694144 689602 22309424 415625728 -520034560 238968064 34179008 -183278336 -31957544 96775648 -710918144 -19305160 80684672 -33986528 -101763968 308613632 -684816384 6229760 -487565568 343769344 -255763456 214019392 -10889012 230033536 -162407872 122898176 349092096 -225092544 365129728 -35655392 -305400576 114371008 -250687104 222381056 23719936 424342016 22793696 1895600 138206336 324294144 21222224 -290336768 -100709536 368756480 -288302848 234620992 125452896 -223465984 305052160 -132722720 -159233344 -419888128 -315662080 44936448 -112811648 -52096704 -318162176 370708480 298391040 -174963456 61012320 -223851712 
-4901382 201467456 560846848 393625088 -350951936 -433963520 -577781248 -542282240 730641920 18904768 209684416 -191884416 -393648384 -588004352 -45247680 337831424 -38377184 -260464192 49730128 -225548160 203828096 -190523968 530501632 124039008 -35851920 -331177216 -28968960 -240935424 -212171520 -413396736 155712960 -19561296 -217316096 -171483648 -336119808 -284539136 -18541736 62145696 70240352 40306368 292009216 -53471936 -171134528 31942136 198242176 25167152 326278912 124463264 159097856 96016320 -70485824 -950635520 -4358676 497937152 294828288 -592973824 643220992 -132270432 -182306304 333680384 -163234432 185363072 68161056 442848000 
183388608 -170284608 121604416 420363776 88321600 67976544 -527043584 74228800 -146968128 -42235920 408434944 -193933824 46847696 115141376 111657664 -188507200 170380416 -114096192 -266647808 20465504 146155200 -124138752 -162874496 -488445184 335952640 454959104 351268864 170946880 -368288512 -208395392 -303558656 -226881344 429011712 -378307584 410222336 -58333440 -139972224 508990208 -465466368 51861456 205510912 -219704128 -90628288 178981248 -74748160 82827904 136446336 -512383232 -25222536 16178864 665095680 145880128 37627648 -256016128 -179271296 -23444512 -201358592 295976192 55482272 477983232 -20101048 400817664 93703424 -4968222 
195709696 330627328 -96162144 -276233728 -283014912 178256896 -81549120 -41963568 552397312 -213269952 196927808 -417984768 -603501568 -10257304 224709888 -51930928 103823680 -71732672 -336923392 338176512 -163952896 -76918976 69749440 451513344 -310760448 -193490176 -76219104 368969472 145057856 -295768576 276153344 266534272 118437120 278656256 -84823424 -53050336 92950784 -1734464 300781568 226459648 -70681408 277367040 -12707256 59073376 470126336 584174592 -111562080 264827008 55365296 74583168 211466432 -57074528 -281308672 153882112 -195139712 -208259712 -147859136 -108967328 -333375744 120002080 -104386816 -243508992 -350918400 -585434624 
-161330304 -232780032 -173074688 -6389888 23269392 -16850304 -493637632 138842816 -385347072 154867968 9149040 -310342656 10611648 221765888 13086288 437532160 211909248 -211069696 363226880 150047808 31335944 -53661440 117879680 -50660512 -124434656 85940000 -491564800 174335168 12380022 -346067712 -11898848 -137145728 -89836512 -39273920 304906752 373242368 144187200 17443536 -172672768 74399040 16626176 51201600 77569344 -351026432 -32158048 110704576 12478480 65268080 147832768 262442624 92865696 -407692288 262642688 -58627888 -62239184 -454413824 366865664 489286656 -337524480 37328576 -61719632 -36315920 -219696576 425019904 
28590736 -72506880 393309184 81052192 102621824 -65941696 -269248512 -355824384 -406575360 -31537744 569413120 -401507584 114538912 -198563328 -425768704 69493056 448328704 5495776 619938816 -311869440 125508992 -258562176 -208828928 -164131776 164117184 -98599072 348070656 72032128 88760512 -78139616 -49722432 39861424 219691520 -74490976 357667840 107706368 82846592 211987200 -133617888 -257501248 -222106112 108021248 -476261888 204927360 56080720 115212960 -50851872 -4192688 -300933632 -248819072 -209968704 179158336 411466496 109275968 -58360352 434985728 378758656 -24256152 111497696 -587724800 -181578752 -43952256 209485632 74619072 
105165472 292805888 -102235776 -179276672 27696568 292769536 -208663552 -248281600 -314905856 -683991552 27650360 17272336 -569024000 -421503232 -72829696 -377529088 -119367552 206080896 -123292800 152384640 -47274816 60183712 -140192448 246259584 -477394688 156331264 62713888 -50273392 380434688 -251013632 519181312 184771776 -458133760 490748672 -137186176 -74677152 342281984 305907968 -132812864 -253510400 7247232 -195465728 -319912704 316813824 -264700672 213799680 -327215872 -73393696 -391238656 -39618928 82526080 254717440 37086752 -417335296 -355088896 -129365856 -267856256 11982912 78398688 -53879616 56275184 -610640384 126270976 211115136 
252947904 -11192880 176672064 -536019456 138991552 295072256 -354495232 -252460928 -84260064 81430560 -15103846 -14374592 -45694464 501314304 -154427968 381315328 43491808 271529984 -276434432 247481472 -327318016 224254848 -579611136 147551232 153126080 -185620224 -188295296 -46481264 295865344 -5929862 141272960 -133199040 289801472 -38620032 -36237968 -50464624 -122349376 16573988 59534848 -86637536 119268480 -10845918 -38338464 -477317120 -1317400 99885568 -21052144 240861824 246716160 -127865728 196680000 -142730816 -310168576 3555720 156774272 -154387968 -191778944 -2342265 -138923712 -425428736 -421386240 -7223760 -471663872 -128063552 
-7017484 -5633696 195045824 332590080 123371456 -241049472 28129936 -448453376 27529616 -276891648 -188609792 134756352 -120724608 -127053440 180626432 -143176704 265236992 -55318480 -101511808 -314996992 104045536 164755904 98911520 -330854656 303066880 83159072 44001856 -347924480 52223840 210561664 -23010416 -218583168 -255279872 38907344 -237602368 20093136 -217178496 182353024 -24076640 -38839328 -34917776 -179712512 23500296 -192651456 -134104384 -27158720 620005888 -254792704 176088640 50025424 -348274688 -200073856 95251968 -200415552 -105299200 377460480 487602944 121102400 45486928 126039936 -34406048 381523968 381423872 -128263008 
330169088 275198720 -256056064 -492093952 31884224 -89470880 62800448 -43987920 -446971136 -70420160 -234061184 70890368 -274030848 368538624 161633920 55378144 71048896 145370432 -257348032 -94440320 -197896704 710016000 -44669216 -323337216 317133056 -219440192 -16837472 -373883392 171053568 146849664 395381504 -241455232 -170468992 277544448 71182400 45106320 -5677978 -132765536 304510464 -267396352 -396530176 -135556096 136680768 -191725632 -247606208 -16260832 94460576 -157437888 374065408 -55350128 -97806080 518483968 -135936064 -257626880 -10760430 366588928 60621664 -304958208 187146624 -346376192 33491184 -87096288 -245332672 -223591808 
-238816640 -205016896 -104674688 -222225088 -155335808 260413120 -152785920 105375552 385590016 385511680 -477937408 -308950528 559743488 -40775376 -359676928 220597120 -397706496 -349444096 232427136 339831296 6143792 -178283008 -278514944 308110336 27318792 -175574592 -338302976 50165792 174092736 121592384 -357266432 -499369728 239961408 198674560 474593536 -214034752 -334423552 8368160 212122432 12361968 143076224 56489152 -359456512 84604768 494950144 -334995968 -206262080 -382953472 -524350208 339676672 122001408 81599040 -21602744 69683328 118267264 128533056 -142029312 342896640 443836672 -54430800 -328133120 -25397536 -483976704 311006720 
363878144 -2245536 112882208 -238686848 198210304 -339029248 216782848 -276500992 183437056 15594348 235212416 -126029696 210325376 -23301176 -455737088 -19112336 -459780352 -101728928 616208384 -452570368 271865856 -128770656 -30309232 -140781056 -92223072 88590848 -47195376 -129201984 -340130816 -22770808 -373239808 -111103616 -106293408 -197749568 37484400 -306606080 -287389440 -76491488 -292656640 -316880128 226205504 99766272 84832192 141055744 -295666176 -154548288 -46907984 -392308736 -176625856 -45067952 -493204992 297474304 279129856 130810400 170020736 147567552 314017536 -204969344 -161105856 -150603712 -232705216 299347456 17532072 497166848 
-51631024 194895680 114627584 447287808 191091072 293086464 244727616 -249561152 -596964864 -434998272 221997568 20157216 216351296 174748352 -516791040 -19641936 -191895104 -416343808 -207886528 340830976 676555264 54766480 149084352 9601640 -253361536 315615488 -707169792 -364225024 -528787712 65940000 295114240 19702072 -248019712 -314998016 268557312 -37390288 2970592 149458496 -212976640 -77978080 654661120 -563252224 435712256 -555598848 -116937024 32125952 -6758209 -447778816 360003584 183524096 -69641440 259225280 -212765184 -6313164 -311620608 -127033888 -221342400 -320739584 -83314688 -195935168 -14363480 110173600 107409920 165786496 
191370752 -153530752 -111390080 -221008064 -369125376 -366271744 382966784 389736192 167629376 -114232128 -177647744 -52045184 -107917248 376271872 136858496 -590417408 -496122368 247271552 -101362368 -9107616 -164242752 161585856 -302810368 357874176 217281536 395518976 370990080 237161856 283073024 370700288 22350872 -131321536 170168064 -38571504 -149864192 26697048 -341067776 -332751104 -538127360 -387982336 229993216 65650944 -228796416 161367488 -8738168 -355859968 70174464 -775960576 -332062208 -59244576 2014136 267576704 125927328 -17714768 257655168 -302900992 -443411712 236284672 405905408 294905088 -160788864 316425472 118048672 11146638 
-314068224 -5900280 -266571712 389341440 309817856 -155008000 57081664 -69602560 -148859648 167579584 -337587456 -22264128 -210988160 -221659584 -35138512 -260519104 24263008 96271936 147177920 -201974272 307192320 261884864 -87921632 16689312 -185260736 521505792 170251968 302853888 -453199360 43476592 244652480 -86362912 -107230592 173319104 321318656 218856192 -27880280 42433808 -115313376 403320832 -225054144 -194613568 439703296 246215104 89294112 466832640 -280934912 67794240 20225336 -9825104 -447816704 183542528 -264038784 -250530240 -250572800 206052096 -139728000 185766080 60731520 90474560 314288128 573090304 -16217366 -99981632 
121021312 -313511168 -91223488 84171968 271956480 373931776 -224743104 518260992 -127412480 242543424 36988032 -85940800 -72649888 597477376 63391920 387834624 305553664 -317687040 149847488 27604512 -90475872 -26578984 107226400 -76654976 518926080 505781504 -299415552 360105984 -285858304 121721888 367251968 112378016 -186809792 256554368 95679616 571026432 -72235904 -167589760 293123328 708609536 143610368 506310400 202399232 55340816 40980160 359079680 504237824 28744960 118439936 -6166970 356015360 -173635968 42687248 -419735808 -22061184 206923904 -191221 351055360 -356290304 115571296 179314048 593689088 -327514112 -80436000 
146408704 65687520 152436480 441027072 -192760256 38825584 351888640 226214656 98538464 -96435168 208870016 224091328 263226496 -302448384 264939392 32658272 -8812806 -41429408 282336768 -377802496 47585040 81268544 225600448 -205266304 -100262144 -82193056 3514806 -131692736 340225792 -34621520 -510850816 -136426880 200789120 194904576 -463443200 182421760 -214963008 180716608 -228589760 -182381184 -69013408 89063104 -678457856 -527897600 -269501696 46212256 516848896 93604416 179400576 -31620800 -162491392 -237230912 -173430656 -149174592 -55512288 225917568 370668544 184942144 508887040 -229142464 108936256 153333504 591156224 319346432 
262289344 28373520 -262923520 -333262080 106506112 -158364352 -160617472 -394080256 50623040 17373232 78835392 67484864 -307074560 58677248 -148721280 147397376 251638016 148056384 -42772240 6892824 437003520 -147456576 -92002304 25145328 134462592 -238789568 -250186880 -146561920 22873080 -129329696 -256449920 138906176 -273860352 -67429728 -254442880 11119742 -178412032 179397632 -82373824 -245460352 80506816 724442624 -72788864 205459840 -328793088 -89908000 -132310592 -11086080 384393728 4019912 -276876544 225746304 426013440 238862080 370640384 364816640 343427584 -504978944 -188646464 14184948 59451504 -142374272 26238592 4241158 
-379344640 -155246784 310152704 -240745664 -118951968 -210071296 64506512 -146220160 141182080 121300256 1188005 210582336 -153896512 -59246720 180546240 -374532096 89837024 -208802176 42560336 -195643648 -220705536 260602752 216193664 336473600 213870208 -61607392 226587712 -105868832 238308736 3597740 93666048 152029504 -112393376 -181495936 -68352896 -192804544 -104117504 -41048096 -5228042 -408868352 -105965504 -486338304 -27883176 172943424 -296961536 -24963760 -110311712 -65736816 -71953088 -1750694 37896672 -214455872 220124096 76778016 339237120 21261328 28244488 -291529472 -86242528 -272962304 38467824 -186192640 -103069408 127099424 
-510247424 43686448 -415351296 246812288 -19176032 204741888 53299808 -52116480 55880672 -43171280 -336143104 329140992 -498847744 150766144 -84869888 299765504 -208820800 159389056 -139164736 284034816 -159345856 -742095 224428736 -38739344 -80448416 -284994560 -48481472 -469676032 331905792 -65762112 -101789920 34522944 -332272896 191758208 -309061376 342533632 -196706816 459816448 -168764224 -268852992 -62152256 -74334656 257641536 64170928 -393921280 353629696 -53169456 69100544 279045376 270455296 26637440 282930944 -748517888 32434176 -449471488 -66462624 231050048 -214999680 -161127872 128746048 287964416 -259708544 -86306560 -526678272 
-286823424 -290653696 104191936 236606720 -56958720 -47318480 191258432 -101970816 -241472384 -529318912 104187136 408373248 203573504 -66262864 -307589376 162503936 -290655488 371928320 35254016 -14066656 130231296 -321422336 -141703296 46611392 295648000 57271136 67758976 -81526464 427633408 474705152 -444993024 151357248 245682560 8926944 5760926 -26382896 114882944 121877792 84918688 -6485280 40153920 149376576 -166982912 -239844736 -175605824 178829568 -161620224 109084864 282435840 52154656 276165376 -135871488 81808672 156602688 -65062304 -5169248 272254464 -364825088 141796992 -214109120 396972032 -345641472 432573952 -479558656 
248424896 89186400 357893888 180408256 86965568 -126379008 37215584 -486822656 -15678432 128666688 242148672 -68059680 7192080 -1672190 -110318304 -1379088 -360561152 -394154240 33772432 -223182656 261847104 -83612672 122707072 -155535360 190121344 -101200576 -87076320 -768907264 -148875456 -68065472 440211456 -254384960 -411443712 -64919136 -257056384 -79631136 -321944576 1661504 -63327408 -295630080 283137024 -447923968 351485696 17323072 74938080 -258116736 97888000 -258862016 -119911264 -30825472 -273143808 228138624 127619680 22011472 253756224 -59843728 -198702912 131948256 206143424 -276452864 -169843712 761355776 -72052384 199918464 
144024064 -137337920 28089896 647690240 -201731648 79351424 57083040 -187136704 748052480 -82588480 -78994400 -562778112 636901376 -296683776 260930560 -3528848 -207969472 -679399424 205092928 112857536 383499008 462993152 48601504 105804480 8267060 -114934464 -78305568 -114040096 -681299968 68465280 -153427392 -28705656 489006848 302417152 -23863984 -404811264 -51663264 -251530496 434465536 389815296 263857408 215088064 -51868896 26737352 399082240 277934848 -98485248 -11627256 159880384 134301184 116063648 -176425984 -20537480 -36826096 -83126240 -193387904 172056320 438753280 -564993024 30932272 -277455616 208076160 -192495872 13916106 
179280128 265806336 97679360 73162528 224564032 39384992 -144028032 112026816 40354272 397211648 289265920 -251310464 96361024 -216302720 307791872 -189093376 262930688 -164838144 16928680 -406440192 -84001760 -352198656 186056960 259199360 -411947264 -100350976 -124149888 -637218816 -490665984 -448899584 43332320 206410944 -350731776 -655728640 33052312 42069968 45644400 124709920 305903616 117283904 121743264 216736000 349646080 261232320 35849408 126312800 47319952 391934720 -63445056 -60922192 -47681136 -266820608 639767552 271060480 65599792 -426374656 150569536 501898496 -365421312 -85747552 -133880160 -67515584 8301057 408010240 
-406721280 -62589088 2813132 -4840284 -507941120 7282992 -28153312 451410432 -149964416 163097280 -237123200 231460480 209242048 313277184 328240640 214925696 131426080 356461056 -176717696 279764736 -265249984 -5258894 -224134976 131932096 7882232 -102323648 410583296 -107933920 845888000 11589448 -531080704 -110347936 -32223488 -196623808 -201035072 157775808 -143536064 -153612160 -245006848 -56192624 -149436032 29046952 -265288960 -131850176 -173120256 -522566400 -287681792 313388544 -381224448 119210368 147621248 -375068416 -373720320 258739520 347217920 -373008896 -5021280 -24729688 -104981280 156304384 -218047616 100524736 -29821000 -157555392 
-395014144 -91014432 -328984832 -196851328 -139654912 392725504 268900096 -181893632 91720928 77730880 -160469568 -270940416 -6683760 -130750528 -43845904 -247049408 128195744 96680864 -101169024 -167745472 -380376576 220639680 -23035056 -691695616 85608576 -45379488 324426240 141821824 -51234096 163105792 469251072 463412992 -418208768 -12680208 91011520 205945280 79205792 -297209600 558411264 -332830208 -388845056 48336384 184834624 610461184 41545280 181911424 248385024 82985792 -164429568 -59271600 -106763744 362728192 -146333504 176793792 -286110976 -248686464 70574528 67941984 222160896 -220097728 52750112 2493520 -141352640 -138760960 
7212672 -31902912 98324064 648098816 215157376 127697920 92618016 -379136000 213951488 27787328 71622880 -337026304 -15077792 -218012352 149080896 290520320 50702320 -132816640 310487040 193386624 -59113040 211006144 206472320 38298048 -347967232 -167501120 -207785280 -462381056 80096256 46976400 271307264 109400128 460375296 51421120 -8107408 13448584 -302207232 268929024 479475200 439192832 78729280 196455680 90363616 -52668288 33484352 473856512 25315768 232924352 -130348352 216806336 -140305920 -230798400 -311868672 43604048 1628352 -343213056 525788672 21206832 -448677376 8052896 279953920 63584976 222700032 -465906944 
-242437056 134926912 167356672 -85949024 -19711088 101370976 -122655680 -112630080 304917760 86623520 209029184 -378574592 -203181184 -131336128 229005952 -73170816 277879552 14498032 42520672 -213275136 -610816 433180928 92121536 78311488 296693248 -237158400 279217920 -65460896 36612816 -208653760 289003008 -14443720 -248988416 -145508416 -947511.5 36449360 276912896 -9345328 636251136 16043424 21945648 312993280 116870912 270753536 100005408 -159866816 -105743168 29312632 -14990418 -361623040 532110592 -151085696 442304512 60870016 12260200 405554432 453675776 -461684736 -16591376 -153082880 -200111296 -108211136 -35908976 191905920 
326811904 -169341952 4839511 -144491904 -191966208 1583874 -86997376 -503186176 -122053312 147393728 35782624 735852544 -55700592 -161271168 -325306880 56609104 -240308352 12222070 284587776 -139339200 -104495072 88159488 -532212736 175024192 195108992 -363214080 304984320 -170426496 193937344 -260882624 67057216 290860032 295484416 30486232 51258480 281203456 233563776 -154236096 -274998272 -368607744 -354185216 74754176 160990080 -56225312 -4594993 -197962624 -495002112 44449920 -95942912 -39381952 -169627072 492706560 -62159424 261430976 93239296 277801984 -505311232 -82051200 452223232 -317742080 224807616 -155719040 252729280 -44304128 
-17376720 105590016 -5487790 -305416448 76269536 84755072 171384128 111765920 7562153 -209768896 -298843392 432858880 381727488 364160000 201751552 2011928 -133145664 -148157120 -750712320 89193792 -36547552 505582848 -101289568 122382624 -283017984 -241264832 -123809088 -137209856 85360352 262035712 -282798848 8931424 -118416288 27944728 191791808 -146371392 -80331456 16606676 152638976 -55103520 -152382272 121856576 401824768 -57066944 237567872 -377560832 119915872 205694528 408224768 -197438784 150122624 206045568 -322689792 183938368 15416544 -91829760 -254847488 -327245568 22752736 -201720576 -159417856 -66098816 -124565216 -378745344 
-100989792 -149266880 736381952 515785472 116484000 -598313472 -40365824 -256011072 -248040512 -264093056 289920768 230688384 -114503616 -121999968 40729328 105646496 -23244416 -101471680 478714112 -383547392 -50924272 -106378656 -21836192 18772648 133257920 -207709312 153122560 -345442816 389354752 32685568 379531776 -258871232 -172859136 131564000 269123840 321666048 -9898616 -317237760 394324736 194253696 -223492928 214408576 279378176 -4957696 26418736 221808896 95289984 576448512 8631980 8197648 -741039616 -264303168 -261230400 -9822592 266565248 -71520000 259014144 391061248 49482848 -551692800 -23373792 437335040 470186496 -168651136 
-143753472 -292113664 100852064 -179896384 -220694592 214458112 -152871616 -593419264 -192530240 111051840 115057504 252613568 490345216 95211040 -630636544 152969344 -120545248 -327606784 296080128 -29786480 106372192 223853952 -398154496 127642240 -256198720 -368869376 -30499080 -107598592 -126288832 386320640 -373724416 125767456 143822080 37073600 498298112 -392159488 -243179776 -5332528 -129851424 -138677376 -188672768 -18330512 -162188544 13629776 -14389650 -340336896 -539447808 -226290048 -38244784 -239557184 92322880 424770560 -2922985 169915712 307172608 82661664 -191494272 -197520768 -162483008 -137441536 -100460896 188625728 -181456704 -1058658 
242717952 70173920 248208960 -470725888 23294520 -258018432 -152001280 -74022208 -175067712 410011136 105596608 -430568704 -211167616 164907520 -341312768 334990848 -206983872 301932288 181247488 -320141824 -280766976 -158019392 -60048512 -226483072 432764160 94860288 -345904640 -9562488 -266895744 -236058496 340609280 -38393168 -209170880 -564440064 147645504 176823488 -185107200 -24451280 -215140416 -219255424 -6644032 -82620352 486235392 173445696 17193520 44462928 -242858432 103831488 -487980800 -129989408 -275985664 -21732288 140484096 -201248576 -63942656 -13963424 -149381696 -65171184 -39655872 -138839360 -547246592 320077824 -123315456 118918080 
