16 16
231.23544883728 19.6518907547 -33.210938930511 -204.63382339478 7.3817591369152 -7.7444518208504 -108.03473472595 -6.8533240556717 163.98560714722 127.83883571625 -85.283950805664 -27.682415008545 -2.4786989986897 -15.197639703751 -88.418321609497 97.912281036377 
-62.075790882111 -138.53941917419 -230.12119483948 -151.13266563416 73.146663665771 -117.35075378418 -126.93792057037 97.188316345215 -22.463877916336 260.23347473145 10.387732684612 -40.174337387085 -71.259808540344 13.425982713699 -121.33873176575 176.71731948853 
10.272464752197 -266.08034515381 -245.9864025116 102.37187004089 -184.17644309998 129.71914672852 -68.610824584961 -4.6494808197021 -33.271419525146 -52.441337585449 -77.815013885498 -157.55254936218 -144.04124450684 185.69232940674 -50.784436225891 -144.11613845825 
48.009037017822 93.561679840088 -105.01848316193 -102.76969432831 -212.93601989746 10.060377240181 74.575868606567 -50.899812698364 -86.936211585999 -23.65375494957 72.155462265015 97.731439590454 -214.56109428406 33.289940834045 74.662431716919 94.447607040405 
-82.457921028137 167.95698547363 -76.063152313232 97.633445739746 -164.26440620422 34.690784454346 210.93216323853 41.782976150513 -0.71143317222595 -147.71797943115 -8.6895060539246 -115.45001125336 50.670773983002 177.95503807068 113.35202026367 -56.818907260895 
-26.986234903336 55.05335855484 -28.606378555298 -313.40140533447 11.045962333679 130.06038856506 -51.343173027039 212.32378578186 -64.528192520142 89.650797843933 248.86767578125 203.36527633667 -114.19367980957 63.739520072937 43.421591758728 227.46285247803 
-59.597838878632 -144.11744880676 49.378744125366 121.20706272125 71.744116783142 -32.879064559937 4.3013666272163 -20.30912065506 -125.34494972229 -97.360705375671 -37.668953418732 -99.859001159668 122.49116039276 85.559599876404 90.199654579163 -20.483239412308 
-188.72417449951 25.690526008606 47.068487167358 -21.072994232178 -105.75748634338 92.269638061523 20.485304355621 -18.485560417175 -86.554793357849 -198.89042663574 -105.60560798645 120.47532367706 25.81610918045 187.98439407349 164.04113960266 -42.381022930145 
118.19917488098 -231.3087310791 -129.86647796631 99.538433074951 106.61787986755 13.050609588623 -123.80224990845 -82.444953918457 -43.126229763031 -42.809567928314 -191.81971549988 -221.14037322998 -47.077425003052 80.962406158447 -190.20268821716 0.59746503829956 
84.481412887573 -236.18030548096 -105.91788101196 -79.028744697571 57.675004482269 205.1904258728 -60.115843772888 115.07119369507 10.925124883652 -94.158224105835 -251.72774124146 -140.28435134888 76.688220977783 0.21402430534363 39.196251869202 21.425081253052 
35.819364547729 71.472550392151 -123.50487136841 -32.811176776886 -265.91583251953 -105.20437717438 36.236585617065 27.800122022629 47.638560771942 41.211771011353 -81.429503440857 -44.515835762024 -5.0371569395065 137.25901985168 149.45030975342 -112.72479438782 
106.35144805908 68.16420173645 -3.332038640976 132.93192863464 -127.7573223114 69.618453025818 128.22070884705 159.67512512207 54.382308006287 58.797724246979 107.78578090668 -46.726326942444 -106.56065940857 128.58335876465 -14.678775787354 -248.0545425415 
-222.49737739563 -80.700927734375 -79.843481063843 18.061586618423 -109.21436309814 44.21169757843 -28.453473806381 189.84474754333 188.26295471191 176.45401954651 248.86923980713 -8.0640757679939 -110.74657821655 -91.173956871033 67.628001213074 -69.380598068237 
-71.412323951721 -113.30773162842 -219.01295280457 62.128487586975 -146.99977111816 154.94524383545 105.36491107941 64.633657455444 -52.09570980072 -60.635643959045 110.07827281952 43.994301319122 -174.12524795532 127.78734207153 -65.68103313446 -104.51501464844 
-84.500682830811 118.58176898956 120.23801136017 -20.955749511719 -388.23942565918 -68.980791091919 105.22565841675 -60.591568946838 -15.713356971741 -112.83852100372 -72.772475242615 150.28032875061 22.241543769836 65.306127548218 382.93053436279 -206.02088928223 
-42.121654987335 20.037044525146 212.76966285706 -178.83757781982 -243.44091796875 -76.615793228149 -168.66027450562 11.736832618713 88.744945526123 -76.798587799072 -109.34753894806 9.4065635204315 149.53081512451 -124.77351760864 348.19023895264 28.229771137238 
