16 16
194985536 36815296 36897536 167386240 -8936106 -233052288 203168896 19221776 -93018016 -17733432 -222366208 -230579008 70271968 203060544 93207392 74056640 
-39321344 11943122 -135066304 -107096128 55608816 54998160 -213475264 -159283136 307278848 95286528 53268160 150892288 84219680 -22865240 15569408 -114037728 
-25290376 53790112 101519968 -112800000 104435680 29345928 -29086576 -54641248 -48544352 -218046720 -2009756 382842112 153279616 52103616 -43958080 96922400 
66958384 -43467312 -222869056 -13801014 27889640 7203534 248827456 -80116288 -86754400 -39523680 -192025792 -131583360 34856976 5318243 -39318272 -115949312 
18491176 35466288 -72113568 207684096 10912840 -139062592 -8481664 -132420448 72983872 -79493088 -258120640 -128364704 67000064 313945344 140095680 220010048 
-29560888 43480240 56707616 -208227840 240961088 143627072 -34954000 96316128 -70438400 -168075392 -144939584 108310080 88546432 286373376 52685136 16914336 
172320896 39355728 -166580544 153334976 -39676000 -134811840 284068864 87316096 94685056 23765912 -320546560 -148103104 120333120 -15883760 -94569856 104766496 
-31407736 -88719552 -96112288 -120619232 81114432 328034304 -90095328 100558944 -79124672 -40279056 85538112 66310720 -7312462 -39425040 -120526016 -230231424 
114773472 74358112 132612352 63033584 -223600640 -10727944 -50633504 132279488 74597536 138718848 10588712 -349743360 -261557632 -150684032 123520992 261214848 
102490784 -155219776 55840032 116530176 8198480 -20082360 -63738048 -56613936 156680000 178703616 -21300776 115068608 213328896 -107302976 -159597696 -123169376 
167583680 -117794432 -19852032 48169312 -228000384 2665286 -41167600 21194728 -75948672 67720512 238547648 28970712 -216372608 -209039424 -79446464 -246410880 
44037712 -192133312 123490656 -7615264 -98585024 -157295424 69249056 84688480 -48792192 95140928 -145300864 -148396288 -87618688 62738848 -212113472 130060672 
117271200 28341264 163051904 -119204384 -97739392 107578400 -238197376 -19652304 -33638112 -83658336 182524928 145115008 6808320 -75720576 -15447416 -187452544 
649719.5 -48326272 -35600096 166759680 -113440032 -29148728 -75284512 12414894 -65597632 -107822752 63811984 144333120 -58505856 27480328 -34464864 -16732514 
139716864 100534880 -83140576 -54979024 -149166080 -260638208 76106368 -191711488 369129984 171394880 -151147648 -71214176 28588304 -138867968 -18679288 70339840 
47259920 116066624 160861120 -52648768 15773540 -9858266 53785312 88818112 -111347040 -97463072 -30857928 -105683296 -108157536 193401728 76718880 84628288 
