10 10
9111.3740234375 15610.903808594 -1147.5263671875 1981.0190124512 -9003.3706054688 -15237.822265625 -3681.8428344727 10839.466796875 8567.513671875 -2292.5249633789 
-9305.677734375 -9673.9677734375 5577.5734863281 7593.0024414062 -15101.852539062 1534.2286987305 -3158.6322021484 1608.1478881836 4031.549987793 14966.250488281 
2098.6276855469 -11507.129394531 2162.7055053711 1113.1071166992 -6869.5085449219 8160.185546875 11673.635253906 -3605.3571777344 1152.7201538086 -1686.9102478027 
1053.4641418457 -1465.5786437988 7370.6899414062 1097.5257263184 3313.0189208984 6044.0642089844 4283.1853027344 3936.7530517578 -1548.6169128418 7460.3041992188 
164.68389892578 -976.31213378906 17565.602539062 11326.565917969 -1786.8785400391 -10131.669921875 -6580.3850097656 10210.969726562 -2402.7977294922 3804.1090698242 
-4356.173828125 -4793.373046875 -7774.9377441406 5907.7373046875 -1501.7284240723 -6567.41015625 -12001.162109375 863.06619262695 -15673.796875 2719.1022338867 
-14937.451171875 -10055.07421875 -4424.2172851562 2477.9680175781 -999.96429443359 10944.705566406 1573.8363342285 -10054.882324219 -2824.5545654297 27227.965820312 
6581.2175292969 17089.427734375 11358.583496094 14153.809082031 -6876.7658691406 -10150.030273438 9142.3334960938 -2735.078918457 935.19847106934 -10756.913574219 
7277.5590820312 -1717.8992614746 5010.0368652344 -11502.250488281 -93.85394859314 11233.456542969 13780.242675781 -1914.541809082 9622.8657226562 -6296.9597167969 
6359.7290039062 10468.728027344 1510.8110351562 8876.82421875 4121.1064453125 -8016.470703125 4303.5659179688 5656.4514160156 2721.416015625 -1498.5783691406 
