16 16
28731.692382812 -3486.4483032227 -1649.4349975586 18115.094726562 9757.0620117188 7563.2578125 -4060.9890136719 -8284.345703125 -9261.82421875 -943.32067871094 6717.8159179688 21367.290039062 -2061.9828491211 1603.4919433594 1941.7485351562 -20945.470703125 
-452.20666503906 -8036.4736328125 8384.2490234375 1528.1018066406 -32888.96875 -1355.0562133789 -8899.9521484375 -655.12091064453 -12796.722167969 -11020.533203125 19457.4453125 8153.330078125 -5372.0495605469 18465.91796875 -1155.6719970703 4822.9436035156 
12664.669921875 9778.52734375 4231.5712890625 4580.9665527344 -5865.154296875 13802.282226562 -6439.4995117188 7127.4577636719 15907.397460938 1791.9489746094 261.74755859375 -36846.0625 25019.748046875 -12736.271972656 12298.930664062 4003.0391845703 
22446.333007812 7099.6867675781 10323.795898438 20387.604492188 -20519.486328125 -417.30423736572 -12709.073730469 -10618.339355469 -934.47872924805 13762.375 6766.8303222656 -811.7579498291 16833.391601562 28142.432617188 -573.91621398926 -15693.658203125 
-7344.0173339844 -14610.96484375 -8628.4028320312 -1314.7319946289 83.771484375 7316.4868164062 19409.4609375 17812.803710938 1402.7774658203 -31856.967773438 13114.540527344 15135.270996094 871.70825195312 -11740.147949219 24651.19921875 5406.8676757812 
-7299.1772460938 -1281.836151123 -10955.652832031 -1170.2404785156 -11380.235351562 3522.4714355469 3698.2659301758 454.9740524292 -4806.7145996094 -19265.125 16271.342285156 -7098.8937988281 -24208.852539062 -10879.340820312 -701.37652587891 -4104.8930664062 
-2954.5924682617 9109.7690429688 14741.554199219 2926.2288208008 -2813.3648681641 14090.900390625 -7300.2553710938 4346.9248046875 -11521.512695312 5100.4184570312 7156.5349121094 -2546.0375976562 10552.501464844 -3240.6846313477 -455.14953613281 23065.099609375 
1023.1936950684 17228.551757812 4823.8837890625 -4106.8461914062 -1403.5827636719 -4088.9843139648 -24764.995117188 2452.9725341797 8171.8391113281 -17724.836914062 3122.8773193359 16647.391601562 1091.2128295898 -9957.7465820312 -987.91607666016 -7768.3305664062 
28696.46875 14696.218261719 36373.609375 21374.782226562 -1334.69921875 14828.638671875 -22497.735351562 -5092.0646972656 22217.883789062 15883.693847656 2929.5440673828 -8329.974609375 26509.53515625 3136.8098144531 -4647.8193359375 -3423.3742675781 
-3936.5123291016 -11371.408203125 -9703.298828125 -26871.493164062 9248.66015625 -18121.373046875 2048.0499267578 -15660.050292969 -21300.8984375 1292.8124694824 -18404.360351562 11493.8984375 5193.5698242188 21300.629882812 1802.2522888184 -1251.3848876953 
-20693.328125 -6193.8830566406 13947.619140625 14528.385742188 -10987.834472656 2911.7182617188 -1507.8825683594 -7335.7153320312 -16072.284179688 24003.786132812 4069.3505859375 10533.153808594 454.4658203125 32514.999023438 4922.6979980469 3651.8400878906 
-2066.4183959961 -7208.9040527344 10539.255859375 -1539.9942321777 -3798.5643920898 -10871.590332031 -15609.358886719 -16091.755859375 -2812.2714233398 17461.255859375 -3712.0942382812 7898.4821777344 10176.508300781 16359.142089844 5369.6291503906 -424.54208374023 
18615.229492188 -590.41967773438 -9827.76171875 -12073.705078125 24219.658203125 -1936.3065185547 27670.428710938 12749.785644531 1530.0405273438 -5962.65625 -8026.2541503906 2613.1929931641 -5910.6694335938 565.68676757812 -5343.8828125 -17340.19921875 
5646.3803710938 -5402.3063964844 -12631.106445312 -1470.169708252 24344.805664062 15137.204589844 22468.66796875 6151.8959960938 7399.5283203125 -5914.4194335938 -6207.8078613281 -21020.1953125 7002.0158691406 -36946.650390625 4491.46875 27155.75 
11972.157714844 2718.3716430664 -20172.90625 15024.298339844 -17330.969726562 -15810.770507812 -3798.5205688477 3123.34375 8094.0024414062 -10804.534667969 12179.910644531 30090.767578125 -11952.451171875 21472.889648438 6851.8996582031 -39181.669921875 
6819.2961425781 -4344.22265625 -3010.3790893555 21513.296875 -8211.08984375 6690.8388671875 -3920.8064575195 -14018.762695312 19851.090820312 6395.33984375 -5556.7666015625 -5782.634765625 3761.9594116211 -2279.2934570312 -1934.19140625 1534.912109375 
