10 10
-578215.6875 1744555.5 -1169029 1794375.75 225078.578125 -1402434 401190.5625 241578.78125 -1181134.5 978373.25 
644472.6875 -49099.90625 -818439.75 1053137.25 429727.25 -478083.875 287951.75 -602815.3125 -797098.5 -314966.125 
-1367732.25 464019.21875 -515175.125 -560618.5625 840003.0625 -106377.140625 -590705.125 650330.25 -1123022.25 1101286.25 
1071939.25 -1622207.75 1243524.75 -112745.2890625 44116.1875 -627287.25 98600.1875 -820161.4375 3035107.5 -256187.0625 
-607915.9375 -1209056.25 -1202413.75 1830197.25 -603935.5625 -1372622.75 269742.375 -1069443 476275.625 -1417953.25 
609116.625 1990351.25 466993.8125 240392.3125 -385703.5 -15161.21875 -92483.65625 181209 -448486.6875 552936.875 
-305516.90625 -1424321.5 1387763 -392355.8125 -3392157.5 951497.125 -193597.890625 -390489.40625 1140556.5 -2639407 
-1675574 -289774.65625 -30680.453125 -754328.6875 1510248.75 -959249.75 1243140.5 1144155.5 -16909.6171875 2061818.5 
398950.375 -96114.90625 280048.59375 -170703.453125 1379487.25 -751373.5 527554.1875 93287.2109375 2329729.5 890437.375 
-866204.25 -1330652.5 -1406792.75 1965847.5 -854164.3125 -1188921.75 1831068.75 -62380.59375 -700004.3125 -806739.375 
