10 10
-17.174813508987 -114.27738571167 -60.226459026337 73.453999519348 -69.987101554871 21.878347158432 -47.477365493774 -84.181958198547 0.21133345365524 45.238265991211 
118.3148355484 20.390595197678 -57.596303462982 48.478255748749 -88.906116485596 -41.622672080994 107.631731987 124.14475917816 -93.968523979187 -81.593766212463 
56.97028875351 89.178075790405 184.03254318237 -111.49942016602 84.935104370117 37.125552177429 184.83586883545 82.596413612366 67.702410697937 67.404151916504 
-43.223022460938 -77.024796485901 55.754337787628 13.833350539207 -100.34000110626 114.94830608368 -146.3679561615 -108.16615962982 -41.167479991913 112.93956184387 
-27.608688354492 284.78085327148 250.49650382996 -126.48162078857 -180.91687774658 66.261741638184 -1.9708151817322 19.144048213959 -100.15132522583 -49.192691326141 
-29.390936374664 83.922640800476 -102.07755088806 38.451772212982 9.4675784111023 -116.91295051575 52.469377040863 27.626377344131 27.302904605865 -171.50804901123 
197.97078132629 106.95641994476 166.75540161133 -60.299259185791 57.574792385101 66.275261878967 159.67027664185 36.974906921387 42.430481910706 -24.458426475525 
29.762356519699 242.4292049408 102.37642288208 -59.933492660522 103.2152671814 -86.818198204041 16.432708978653 115.049949646 -15.671051025391 7.0265860557556 
32.268681526184 101.94602394104 118.43611431122 -59.149348258972 -84.55527973175 94.382743835449 75.552236557007 37.385098934174 70.359282493591 53.828340530396 
-210.26914978027 309.0466003418 175.7270488739 -120.97906684875 89.638548851013 9.4674909710884 -71.457122802734 177.68856239319 0.547443151474 -76.545771598816 
