16 16
1058629.5 3515479 -747957.9375 -284287.15625 -670345 -302436.59375 1162340 -790525.25 1325167.75 1113748.75 3068402 58239.5625 -1228658.5 -1981817.75 273439.96875 -2224903 
1480472 -1560549 -542203.375 1591923.25 -1787219 -1117867 -313598.8125 602938.5 2261029 -645535.1875 -1736176 706880.5 3393380 -3070505.5 -1472152.25 1876355.25 
-1906587.5 1159626.25 1129173.5 -2286608 2925282.5 2008210.75 802022.125 326309.65625 -2135473.5 -1758072.25 -2525460.5 470009.65625 -1112067.75 1672212 146403.171875 -894856.0625 
180547.9375 2082045.5 -1619093 291726.375 -1157007.5 156663.96875 306927.28125 -1811497.75 -777679.9375 2090575.5 2834608.5 -827115.75 -2291104.5 2162927.5 595793.25 -835360.75 
-132461.109375 1089228.25 -987598.625 -15372.755859375 -347063.125 -511287.40625 -85420.71875 618002.25 -850329.4375 207835.03125 541345.375 8018.1708984375 -1517956.5 741326.5625 942968.6875 -229623.890625 
-1781684.75 1743717.5 -252139.703125 -1083156.5 -285650.8125 -720450.875 -1596706 -1122305.25 1638473.75 310308.5625 -294205.3125 -419643.5 886650 3125449 278903.03125 -169116.328125 
-1647425 127471.53125 -74796.21875 -1011470.4375 1307955.5 -139376.03125 -310354.1875 -603443.6875 644669.375 511161.9375 -2425792 2824431 840648.75 3135446 1222782.25 747978.875 
-211856.03125 -131172 -879730.25 -487149.875 938898.875 -1771934.25 -2636387.5 -697395.625 532632.6875 1818956 -923812.625 1638343.25 145937.875 3368128.5 -340424.5625 940051.375 
-2211109.5 850746.625 679681.5 -1259728 2812990 450768.0625 1319454.75 1054855 991455.875 1473773.25 54140.6875 4237757 860580.6875 -13778.71875 1747260.75 -616655.1875 
-93659.53125 -1301406.25 1834036 -308763.625 2423330 -786005.1875 -660113.5625 3354882 345933.15625 -470252 -3236434.5 2890046.5 1780962.5 -1183795.75 1662872.5 2500930 
770228.5 -747238.1875 2209797.5 -568931.125 6179.734375 -940663.4375 -316490.625 1848327.25 2258384 -1276037.75 -529602.9375 -1280252.5 2133802 -1330692 -1067019.75 62332.359375 
-1890545.75 1489824.25 240058.40625 -2163123.5 2677607.5 457688.25 1810500.75 2292131 433533.96875 -748222.9375 -1731596 2336181 -92644 1964533 1731508.75 -549258.0625 
-1742675.5 -1154208.25 -869008.25 1014350.5 926342.625 664479 -72619.4375 -629242.125 -2690779 2316480.5 864670.625 1004030.875 -1243489.5 2085759.5 2636269 996220.25 
-431968.25 2681105 271901.6875 -1653807.5 1422370.5 1098117.5 388662.28125 -553683.4375 776730.875 140046.125 -950765.6875 2395152 -1000111.5 2020079.5 -181345.375 -711796.6875 
1722832 402991.1875 396295.8125 -1411611.5 -237033.5625 796278.625 1184425.25 608961.3125 844273 -3252646.5 -828213 -2963691 -261450.125 -819695.75 -1448599.75 -1787184.75 
414547.625 1192699.5 1383873.75 915361.25 -1317499 -332636.625 309476.8125 -1155423.5 1088900 1434910.75 1387325.5 652485.8125 -475598.4375 530971.1875 -346383.875 488593.3125 
