16 16
6.8932631313801 -51.393889904022 5.7583336532116 -220.00315093994 48.181622982025 42.629672527313 -156.30366516113 160.87958717346 16.829646348953 -20.48370552063 -183.3061504364 -122.59598922729 -164.15402793884 -219.38168525696 -90.963250160217 17.453055143356 
-199.30442428589 -78.403405189514 11.515384435654 20.2768907547 61.360768795013 188.5599861145 -112.44195365906 97.290426254272 166.44484710693 -70.021285057068 -22.348763942719 -29.18970823288 -153.20395278931 -9.3647180199623 -123.13444519043 -82.005569458008 
0.3146582134068 -26.488125801086 81.391386032104 -21.03494477272 21.186801195145 -27.49346113205 -162.27727890015 -46.684980392456 194.11205291748 -23.515712022781 61.43822145462 29.746497154236 26.271535158157 -212.32120704651 2.6523621082306 200.5059299469 
-152.28683853149 123.75089454651 -108.20564365387 -32.407555580139 -123.16682815552 307.64238739014 115.40689373016 -12.015318393707 182.28483009338 -202.41759872437 137.27395248413 71.356267929077 46.9401512146 110.26712703705 -273.22497558594 94.224623680115 
-73.102952003479 -160.00291061401 -180.92023277283 282.35478210449 28.836510658264 -63.983114242554 258.3152923584 35.812770366669 174.20024871826 -95.242841720581 21.607571840286 -55.995436668396 -105.62553024292 188.90945625305 -13.550421237946 7.1578464210033 
-142.34467506409 -24.122860193253 214.17935752869 64.967408180237 212.60691261292 51.165576934814 -64.691068649292 -15.151516914368 135.92950248718 154.55486106873 154.01222991943 44.357722759247 129.55987739563 -3.2169066369534 -32.460327148438 21.538974523544 
217.80609893799 40.849126815796 121.81377601624 58.528346061707 -10.73098731041 -436.43644714355 46.628929615021 -91.979544639587 -178.92126846313 54.19993019104 -58.075407505035 71.896687507629 11.734680294991 -129.36481666565 222.06835174561 -74.704785346985 
24.947551965714 41.773308753967 33.023591518402 -42.689907073975 112.71213245392 -95.195711135864 -13.030709266663 180.16332244873 -12.931722462177 221.0569190979 -59.837779998779 -138.350025177 -34.489508628845 25.523441791534 -93.105646133423 -82.103190422058 
27.172187805176 -190.2637348175 140.56052017212 231.37970352173 284.9333114624 -164.23080062866 26.641288280487 62.330003738403 -143.65430259705 109.06046676636 119.46995258331 25.160590410233 -148.94333457947 55.436100959778 252.36372947693 26.947093725204 
191.02243232727 200.62184906006 -184.53222846985 -218.18481254578 -158.17221641541 224.37519264221 115.64806747437 -6.6164050102234 -322.7770690918 -197.05900001526 38.208137512207 163.20993804932 11.784993886948 10.781757295132 35.561028957367 31.279632806778 
121.91891288757 336.51374053955 116.85032749176 -166.17133140564 68.668684959412 -77.499628067017 180.9142742157 68.218065261841 -215.36686897278 31.988745927811 -97.854806900024 146.65622138977 5.2537635564804 -295.38441467285 -15.447095394135 -38.307190418243 
180.59837913513 26.655576467514 6.5736180245876 106.05122089386 43.107475280762 -289.64138793945 208.66669845581 -32.120670318604 -238.88103485107 85.891556739807 -55.646961212158 52.304399967194 46.230362415314 26.725320100784 126.94690036774 11.652072668076 
-12.104054570198 -54.849054336548 16.727151870728 112.97168731689 -29.429638385773 -113.03698921204 60.076776504517 -133.31324577332 100.67356967926 48.93549823761 58.37850522995 38.340669631958 -9.9376264214516 -74.698198318481 224.54892730713 83.67058467865 
70.009923934937 82.100054740906 116.9127035141 32.750976085663 211.59691619873 72.629040718079 -94.357769966125 60.238303661346 -78.110018730164 328.68615722656 10.556360125542 -41.246299266815 194.48680305481 -65.213491439819 112.68730926514 -144.67150115967 
145.70035552979 -34.52874994278 -115.81374931335 207.51475524902 157.91919326782 -160.52170753479 217.86245346069 163.80531692505 -0.54069864749908 5.9963289499283 -140.86355781555 -0.74951815605164 -146.1268901825 -111.23062324524 -144.35912513733 -21.994508743286 
46.673740386963 302.53446960449 -2.4426372051239 -19.843541145325 -136.35289764404 -102.1888628006 -1.758704662323 -324.29959106445 78.243172645569 -145.39825439453 -90.726219177246 -42.085926532745 72.821266174316 117.167552948 117.65071868896 -95.591888427734 
