16 16
-0.45843577943742 -0.71926045417786 -2.1765959858894 -0.806924469769 0.35240821912885 -1.8431763574481 -1.0806961283088 0.57814045995474 -0.24932098388672 0.54387819766998 0.15326717030257 -1.3664771318436 2.9877204298973 -0.61049773544073 -0.99091169238091 -1.7807437628508 
0.45910998620093 -0.42419010959566 1.2219523638487 -0.069123486988246 0.4667737390846 -1.2824130877852 -1.3963239192963 -1.5390628799796 -1.3638022467494 0.35450389236212 2.092716127634 2.224634245038 0.66975319013 0.50855051353574 -3.5371206700802 1.4819304347038 
-1.2100458741188 -0.24640516750515 0.62836247310042 -1.5875348299742 1.4579621255398 -3.1775193214417 -0.85318241268396 -2.1288972198963 2.0424673110247 -0.66613434255123 -0.085595293901861 -1.0060040056705 0.48186824098229 0.48852409049869 -1.8087312057614 -1.9894994422793 
-0.41713230870664 0.091926106251776 -1.4315165728331 0.15746015589684 0.744543813169 1.0889394432306 -0.18583992216736 0.59646643698215 -3.3728352487087 0.0051559275016189 -0.55872673913836 -1.1472038701177 1.1051101610065 0.58115117996931 0.80571013316512 0.95937335863709 
-0.72166084870696 0.99198358505964 -0.35339618101716 -0.95742074400187 -0.39205273985863 -1.2160877808928 0.31771372072399 0.43798099644482 -0.24673895724118 0.60435739904642 -0.44388152845204 1.4930527731776 -0.24033788684756 -0.64003450423479 1.1813948005438 0.66257287189364 
0.66848363354802 -0.94693708047271 -0.19944103434682 0.75589789450169 0.68847410008311 1.8500342741609 -2.291887447238 0.66538536548615 -1.4854959100485 1.2899687290192 0.20053626224399 -2.1363547891378 0.48869428783655 1.2338357046247 -0.77534426748753 1.0818985700607 
1.0176223888993 0.61538446694613 3.070783033967 -0.27370457537472 0.54490304365754 -1.0746534541249 -1.3451821655035 1.0467351600528 2.0791112333536 -0.83086372539401 1.2760506048799 0.90733580291271 -1.2763598635793 -0.54412423074245 1.0126312822104 0.6209846958518 
0.31584726274014 -0.50826437398791 0.024392990395427 -1.1322884336114 -0.11802346911281 -1.7353584691882 -0.23933834210038 1.9438013136387 1.5548982694745 -0.17847864329815 1.4781261458993 0.79352452605963 0.66613670065999 -0.33319479599595 2.2174807786942 2.0981050729752 
-0.71417265757918 1.2413832098246 0.051424132660031 0.86353162676096 0.54910526052117 1.7775659412146 -0.21560757700354 -0.27197989076376 -1.2649756669998 -0.039279796183109 -0.26689067482948 0.27308847382665 -0.37660708650947 0.35575364530087 -0.38612617924809 0.83137414976954 
0.77472342550755 -2.087292522192 0.038741707801819 -0.67638126015663 -1.4686654955149 -2.6043572723866 -1.5538918748498 -0.13898808136582 2.6819557845592 -0.72499193996191 2.3856156468391 -1.0771431475878 2.0707291811705 1.4950229004025 0.42847237549722 0.69630789756775 
0.011588493362069 1.520589210093 0.37903851643205 -1.2008591145277 -1.8140526711941 -1.6150677278638 0.26536878570914 -1.1232403516769 1.4665603041649 -0.27769316732883 -0.70082214102149 0.18512395396829 0.35747523233294 -0.37253711558878 1.1210507750511 -0.92140858992934 
0.16547340713441 1.5932296440005 2.0815220177174 -1.1464066877961 -1.8564358204603 0.57450976967812 -0.40715651586652 0.78674858808517 2.136530533433 0.17157292179763 0.47940677404404 0.5096680149436 -1.7642096281052 -1.1259143203497 1.4031862914562 0.21188201662153 
0.4491344448179 0.81071897596121 0.58191475272179 -1.062474489212 1.6651539728045 0.12785216234624 -2.0530044287443 1.1568135470152 -1.9260652959347 2.6474155783653 -0.21245033480227 0.19539239630103 -0.49451174773276 -0.56091364845634 0.16464792005718 2.0611165314913 
0.71623297780752 0.083314602263272 -0.34571290574968 -0.48457341641188 -0.67815078794956 -0.65360496193171 1.5768157988787 -2.0843787193298 -1.5320405438542 0.18061967380345 0.51865573227406 -0.70150078088045 1.8226387500763 -0.68843578547239 -1.2897829562426 -1.1331491991878 
1.4027484580874 0.32958357036114 2.2836050540209 -1.922656044364 0.4154491648078 -2.2246109098196 -0.19359064102173 0.12656139209867 0.76306267082691 -0.11249785684049 0.87798353284597 0.83321763575077 -0.50994322448969 -1.5578686445951 0.15365045703948 -0.4726249538362 
1.5717339143157 -0.54513632133603 1.4838038757443 -1.1989002153277 1.6400428116322 -2.3258751183748 -1.2320578694344 2.2590355277061 1.1595482453704 -0.96647434681654 0.3742663282901 1.2230817452073 0.11471674218774 -0.074335509445518 1.4289514198899 1.883454926312 
