10 10
521732.3125 -397171.625 641424.3125 -1208430.5 310031.28125 1265128 1034366.375 226710.53125 972952.125 -713062.6875 
592124.0625 -446568.46875 1466069.75 -1375142.5 1765030.75 -961538.625 345856.78125 -75501.7890625 1025964.9375 -284882 
-317013 -604826.625 -518220.3125 -88587.25 -318967.5625 179972.59375 995140.125 25626.989257812 718303.5 -83954.421875 
794627.9375 1243485.75 284556.65625 199136.53125 -86.875 -1893112.75 -705970.25 -1203319.5 -1436074.75 63973.203125 
-484044.3125 -163158.0625 -551981.625 240153.21875 1153243.25 61490.3515625 367814.4375 844452.5 -1184256.25 -114699.1171875 
772575.5 711203.3125 963687.125 52283.09375 1202832.5 72899.25 1879041.25 -651438.6875 1927367 1144386.25 
-373193.5 -1213331.25 -635671 770992.4375 1205381 -532929.8125 1259106.5 736775.5625 -602387.0625 414852.03125 
424692.96875 -509606.96875 -22417.375 -1124525 -141602.375 -516054.4375 1068882 -348339.34375 1652460 1315279.5 
-172444.3125 -224961.8125 -132035.6875 595326.625 464370.40625 -68788.6171875 -1182514.25 -52480.05078125 -1751724.25 -649553.1875 
634814.6875 -280039.78125 1105777.5 182914.75 897421.5 157215.015625 896331.1875 -95309.25 -233608.875 -1647523.5 
