10 10
-41.336071014404 -97.534798622131 -19.388620853424 183.40364074707 -47.999138832092 -75.163751602173 -0.25068571977317 -76.323568344116 -1.2397323250771 -102.5326051712 
44.791132926941 -120.86334514618 56.353384971619 -0.38955390453339 -37.980458259583 113.75413703918 11.588284492493 2.6435470581055 77.45143699646 29.842267274857 
-19.882830619812 175.29102897644 -33.79128074646 -75.089309692383 -61.292204380035 47.750748157501 -8.1176991462708 -23.387134313583 -6.481517791748 14.68864607811 
115.5306892395 -147.96251678467 -99.659720420837 83.613815307617 -106.79175758362 -123.94546413422 44.623888492584 9.5383887290955 -27.442842483521 -66.226765632629 
-133.72703170776 61.22524023056 -124.34699440002 42.745482444763 79.998340606689 -115.39630317688 -117.54190731049 112.97551631927 120.6842212677 0.14816556870937 
8.8217129707336 -14.13230919838 -41.431900978088 75.906640052795 2.2098035812378 -44.643926143646 -118.30417728424 -8.6114494800568 -62.529679298401 -136.06309890747 
-33.996240615845 -121.81930351257 -188.11688232422 63.88712978363 8.4916200637817 -293.26401519775 -20.590260267258 23.904815673828 21.462307929993 -19.823087453842 
-128.12791824341 168.45383071899 -25.977177381516 -84.718721389771 -75.484209060669 -85.420804977417 -165.27356719971 67.045509338379 -27.423899888992 61.425139427185 
29.698268413544 -119.12256717682 -13.503434538841 -91.52214717865 -117.72971248627 -43.575340270996 -120.66400527954 -43.575206756592 -59.900410652161 -26.653726577759 
100.4829826355 -36.105185031891 -42.354259490967 -77.238697052002 33.126416683197 -115.06004238129 -118.22243213654 102.29921340942 -150.09983825684 -76.17790222168 
