10 10
12502.873535156 -8638.3041992188 -2493.5557861328 7534.68359375 6520.3291015625 -4725.3598632812 5966.5236816406 -4225.1723632812 8921.1333007812 7094.1845703125 
990.20263671875 3176.962890625 -27162.010742188 -3076.6645507812 -65.230590820312 112.40484619141 -981.07806396484 -1180.2029418945 -20313.44921875 635.70477294922 
25904.651367188 14042.62890625 -8112.3132324219 -3304.9321289062 9678.859375 7596.6052246094 -3545.369140625 16236.416015625 12032.205078125 -4131.7492675781 
13873.346191406 1517.169708252 10849.151367188 20751.481445312 8511.2661132812 -11131.182128906 -6880.3212890625 -10485.774902344 13780.700683594 3575.3508300781 
-15373.430664062 -3422.9415283203 15536.48828125 -8116.0344238281 -5760.2192382812 20166.508789062 -4852.5458984375 11699.334960938 -5363.9233398438 4878.224609375 
-19288.62109375 -10891.053222656 2275.9184570312 3000.278503418 -27594.200195312 -9704.0400390625 16927.446289062 -17970.322265625 -21616.024414062 10083.01953125 
16975.646484375 4108.0744628906 -3641.7263183594 -8884.1547851562 -460.40179443359 13949.580078125 -2200.1770019531 22028.702148438 -2023.1998901367 -2689.6071777344 
1597.8872070312 13265.520507812 -11405.979980469 -612.33746337891 11038.551269531 1838.6406860352 -2398.0508422852 -489.06443786621 5760.6499023438 -3676.2359008789 
2813.6959838867 -8526.12890625 -7490.1457519531 -1472.9411010742 -1924.421295166 -12413.186523438 8212.8056640625 -6940.3989257812 -7006.0166015625 1744.1087036133 
2883.6110839844 1801.1281738281 20593.833984375 20732.923828125 -83.263854980469 13578.262695312 -30348.02734375 4403.6865234375 -14115.389648438 11595.369140625 
