64 64
-1428953.5 3583936.5 -3063548.5 2990743 2643343.5 -3579654.5 2753150 772231.5 -1478020.25 467308.28125 2889607 1707720 -889273.625 -285898.6875 -2589070 -175165.921875 -1934840.75 -566131.375 -1987019.5 -2240224.5 5430411 4898513 3169219 4046726.5 -1166675 -7081093 14914.697265625 -1656965.25 1198373.75 -1423237 -1144198 -5168783 4310218 1901371.5 -1538296.75 -3670969.5 1741455 5173296 -78628.1640625 -2383680.5 -1995714.5 883228.875 -4625955 4406994 2944473 -3770291.5 3184695 -1830383.5 4623983 -206871.078125 -608555.875 3199032 5403756 -2812510.5 1440018.25 -239241.21875 -866275.0625 1061828.25 207283.734375 1483829.25 837737.8125 1464462.25 -722453.25 -4393568 
1535246.5 -413892.375 -209453.125 3127973.5 -1711978 -379997.28125 2632588 1314177.25 -1966623.5 1066197.75 -2166340 5257586 2876842 -4153327.5 1710890.25 -1021787.0625 1683401.5 361201.3125 918950.125 957161.875 -647852.375 1252195.5 -392948.1875 1903932 1909878.5 523921.84375 -1655177.5 -3882800 -2959598.5 -2107543 1085331 96132 4095979.5 1339329.5 3174577 876419.625 1088199.25 -796131.375 -1242383 5679187 -2667597.5 2119872.5 56422.453125 -3667132.5 4194081 -1651630.5 -540168.1875 3037057.5 -999281.5625 386720.875 -537214.25 -157266.6875 -5768982 -572478.1875 2948475.5 4155249.5 -3780204 -3132453.5 -3497171 311871.375 -2313302 3577548 4302425 -232072.46875 
-202520.46875 4017039.5 2423460 1323249.25 -4490774 -2281204 -2606747.5 1490782.75 1137872.75 -821112.25 1174007 314789.375 2313070 2164115 3516646.5 4946537 4655056 633813.125 408464.6875 -1047279.5 -467553.875 586494.75 2823676 289896.90625 1997394.5 -3365553 -1483197 -3098525.5 -536320.8125 -1110441 -603601.125 -3817414 1345259.25 -3583259 1150665 -2095838 1997401.5 2296464 2139167 -3415736.5 -3789133 577748.75 2368171 1879590.75 5754674 -1373898.25 -535961.25 -8343356 -2314614 13653.9375 483746.125 2843109 4684135 -595310.9375 5230915 -2985967 -277773.46875 312023.75 -497848.625 -2466009.5 -1195228.25 4977452 2306330 -421160.0625 
-2008404 644767.6875 1820753.25 4787996 -2567756.5 -1563601 1374292 3434601 -2460093 -578189.9375 -865745.9375 2742332 -2877527.5 -7544002 -785040.5 -2857163.5 -5515784 987265.625 -1520627.75 -1683051.25 -676048.125 -3050517.5 -1593242.75 2091322 -642698.375 -1000574.375 -547996.75 2366670.5 1583978.5 -2245142.5 -627885.375 807572.5 3138173 -5074195 1044265.8125 -2878216 -6600064 -4378446 -138512.40625 509893.5625 205468.625 -1759735 -1253981.5 1721939.75 374546.375 -1956600.75 2108934 698960.375 2695275 -888865.9375 -356289.5625 1000630.25 2242793.5 -231568.71875 -1603841.5 -732670.125 1579015.5 2055864.25 -733205 -4289790 835853.0625 2630064 1188197 -2117223.5 
4504612 4939521 -4459259 4879.1875 1133115.25 2054203.25 -2935791 2064382.75 -3099860 -4154313 -1015628.5 1013624.4375 1828940.25 329579.6875 2326064.5 -4588498 8188751 -1082532 -1922374.75 2998447 4581314 -1421940.75 -1889596.5 840440.75 -5544452 -342364.4375 5152224 50084.75 -4211852 -1612991.5 -3273965 -411748.25 3292007 -1006327 2935189 2926458.5 1761396.5 -3765840 5045150 3085246 2900961 -1898261.5 -90059.796875 -5703571 4249272 -1555545.5 4225398 3118670 3012261.5 5966665 766256 1272091.75 -1717363.25 3287896 2925349 -868216.875 -2303591.5 -1385655.25 -3836631.5 -67320.84375 1393374.75 -3471957.5 1805274.75 649951.125 
4681070 -1396825.75 52777.46875 -1739909.75 1384616 426894.9375 1072452.75 4126018.5 -5346269 131004.8984375 -1494435.75 3517201.5 -2162680 243481.734375 2141221.5 -2392352.5 -3151194 268305.75 -2661039 697201.1875 912779.5625 -1066108.75 -4494153 -5997038 -828805.0625 1712709.25 -667344.25 2034483.75 4649354 856997 523511.125 -2842223 -1765022.25 -577729.375 3563243 -2851147 2464956 -250069.65625 463200.90625 1693360.75 301968.0625 787837.375 2905112.5 -464595.1875 -3983601 4691018 -2857371.5 -2477997.5 2291844.5 -4123741 1229589 -2038034.25 1252707.25 2610514 18791.09375 -1776415.25 1000217.25 -3714636 -1818122.75 -1565434.5 3426900.5 264007.09375 1708285.25 2389393.5 
2165139 -491657.75 6885510 1494909.25 3621789 -1555606.5 3536318 1188596.75 -1412079.5 1548086.5 -3258190 -1408217 1211326.75 -2562357.5 831361.125 -1433086.75 -568805.5625 2295097.5 -1640221 2713540.5 927202.6875 -233431.03125 1670233.5 -1559616 -1324088.25 1645938.5 2392440 587808.5 -1552809.25 -1628566 974636 678198.875 -4942645 -2871298.5 -1233869.75 -1379906.75 952485.0625 -1803098.5 -1303332.5 -153999.859375 -2510724.5 -2143136.5 -2825260.5 1603599.75 1645473 -1353808 572447.4375 -1365011.5 -2395393 -1565154.25 -2794126 -1025738.4375 1310882.25 1917521 1229249 -6992219 -858692.125 3413917.5 3173414 780721 3102124.5 6487196 -2471889.5 -3002847 
-1111231.25 -3929816 -1334310.25 -1640040 1166239.75 3081253 -397554.125 1430300.25 1415729.25 -3517030.5 -2019627.5 -1611442.75 -2297263.5 681365.25 -2353474.5 1699115.5 5214837 1878964 -977569.9375 5237461 2539600 1597707.75 -3847883 -840211.375 2493134 6607508 3411323 245312.5 -3153361.5 -1920577.25 313967.1875 -551606.0625 2026171.25 -1235925.25 -2300060.5 -444026.34375 2715245 -397600.375 1820277 -4190091.5 3027131 2499019 -1974351 268391 -3175822.5 1403398.5 -36945.03125 -4224243 257418.015625 640022.8125 -1759822.25 2560974.5 -2589996.5 -3841400.5 3473842 865584.125 280075.8125 -833180.1875 -2040817 1469960 -924321.1875 -1868779.75 2384650.5 -4903334 
-258032.15625 -178461.109375 941920.875 773461 1135724.75 -824606 175626.09375 2974689.5 -968565.625 1796365.75 -337695.90625 2191225.5 -1323055 -6788298 -3191528.5 -1296934.75 -4252526 -52176.8125 1972685.5 1869865 -2091656.5 6708617 -1535764 -5424904 -357058.90625 3878982 -5261084 638178.4375 6909978 124101.890625 -3423169.5 2613180 3773173 2186687 -1657978.5 2102776.5 3504730 -4407256 -2318138 -132035.21875 3365682.5 -4442846 142122.140625 -276409.21875 -3307131.5 849108.375 1161870.75 2422180 1927226.5 -2248124.5 2145489 -8371353 2552965.5 650963.625 -1215309.25 3229827.5 2930314 -4647936 325737.65625 1956841.75 -66832.6171875 4393350 976540.1875 1061444.5 
1546532.5 1951708.25 2892103 328117.5625 4004752.5 2133512 2026814.75 -4234994 -1517358.5 963561.125 3285277.5 4900247 3321312 -2499970 304777.4375 4950088 187109.5625 -3391578.5 -2975698.5 821843.75 -86015.921875 992480.8125 3192810.5 -1078265.25 607036.875 -4852339 -1185322 1930985.5 -4764159 -3138297 4025188.5 -3378164 -1016515 2510304 3433113.5 1473471.75 -739551.375 908581.9375 -970607 -1644846 -1032920.375 1092780 2061789.75 1835173 2284159 482090.3125 984779.1875 -2997191.5 671922 -1509270 -1739323.5 2205096 4485172 -827446.75 2205991.5 -6903135 -1145200.25 1419613.75 -1847959 -4929590 341697.5 3910814.5 937048.8125 -5028147 
-29748.7578125 -901718.1875 -322430.5625 -1575177.75 -3398530.5 4903052 2656453.5 -2650484.5 1802988.5 -140824.875 -3419031 3396433.5 5740646 -503166.1875 867418.5625 892035.125 -698167.0625 -5217681 616733.75 -64372.5 480955 3331310 1182826 1266229.25 2051206.75 727439.375 2439160.5 -4832551 -5305756 -1281898.5 2716176 2457324 -4870023 1260418.5 -422186.9375 1873236 2481363 3334855.5 1856207 -1258476.5 1397579.75 1765381 5515836 -2355563.5 3475001.5 3410382 -800699.375 2595305 2790589 -1373491.5 -1118109.5 5349060 -6471341 -1586218 1655354.25 2516712.5 -337696.0625 352176.5625 2962021 4663925 -1791065.75 -5120033 8169662 5102175 
533651.4375 187436.34375 3193135 443204.9375 -6959157 -1163701.75 -3966794.5 4043921 -2614134 483121.34375 -2983160.5 -841723 -1647811.75 -6423071 -1525681 637534.5 -1071815 2618907 4035638 -2033221.25 2598810.5 6384037 -2629620.5 -932044.0625 1040824.8125 4969631 2826553.5 1745430.75 5086005 -5598475 1189896 -524065.375 2366688 -3891603 2383733 -4190771 788030.1875 -2621920.5 -386521.59375 -712852.875 -601554.4375 -855251.9375 -2648983.5 -193262.140625 2251336 -3242219 -3506687 -3584750.5 -1472096.25 -354895.125 3661163.5 399573.4375 856516.75 1007283.8125 -2267671.5 5461177 1521848 -1389455.75 -354258.59375 728486.25 -3793376.5 2156224 -1911578.5 -1168172.75 
1303351.5 -463868.875 676155.625 -2613918.5 1361477 3248530.5 100646.40625 -1288036.5 1969996 936572.8125 -2170546.5 4512880 7153499 149583.5 4208039 -335157.78125 -1966870.5 -5826667 -1171185.5 3121354.5 -1778224.75 530787.3125 2459519 -8871494 2734975.5 1651323.5 1197832.5 944419.75 4220225 -96400.7734375 1203904.5 -334640.5 -3893408.5 1527173.75 -476665.9375 1844929.25 -213975.34375 1040357 -956223.25 -736282.5 1391432.25 646852.1875 2349653 636716.0625 -4067277.5 1116140.75 -466195 -5136597 4366579 -1345314 -1300522.5 4668339 1206424.5 -1960906.5 2685174.5 -499232.875 5093900 -469784.53125 -1984512.25 -1047990.5 2815869 4243580 2908446 2226516.5 
1283260.5 1668931 2499289 -2590888.5 4662021 -433483.59375 129541 -526654.4375 4277674 -243004.09375 3508993.5 -3153731.5 -341527.6875 296895.71875 -964325.875 3309748 -4461742 1151426.25 338573.71875 -881449.625 -215940.8125 6264471 -1833478.25 -2076498.25 -2109120.5 -14007.0625 -995951.5625 660423.75 2933203 581382.5625 -1450702.75 -2065396.5 -2633339.5 354760.15625 2435307 -4665978 -23286.033203125 3363973 -3296754 -1955855.25 -1574405.5 -802587.5 993192.375 1073190.75 -430503.3125 -1574789 -1851802 -1746422 2472630.5 -2271397 -924696.875 86204.75 3011632 375069.4375 -1676093.25 -1053073.5 -2535023 798105.3125 2292794.5 -1937250.5 -2515022 2221643 -3179239 -336945.375 
-1132111.75 -973254 -162403.890625 5125070 -3553649 -216867.46875 -2055620.25 1246385.75 101667.6875 -268655.25 -508301.1875 3445867.5 5138221 762369.75 158318.9375 2275158.5 2526876.5 3648592 5114508 1193107.75 -641787.875 6071307 985140.8125 253232.453125 1034021.25 552873.5 2984113 -2037024.25 -3276514.5 1878746 5375502 -3702068.5 2331007.5 1888083 1664915.5 2572840 -1688787 1939633 -245342.046875 -35852.890625 2429987 -196260.46875 -4023381.5 -265682.21875 -2034552 3390350 -2124590 -1310420.25 1429573.5 5106818 4356965 6048172 -3567712.5 -6770015 1315618 112379.09375 -1813372.5 -1856957.5 -2111256 1145361.5 -1835846.25 -656705.25 -1061380 -998572.5 
784582.25 -3248717.5 1307285.75 -2088877.5 218523.5625 -592466 -3908608.5 1556206.5 -4909567 1588341 -2215837 4857866 1374599.5 2447472 769613.625 -3221466.5 -4252676 73352.75 1991653 522403.8125 1656886.5 2028132.75 -987888.3125 -3876592 -2149861.5 -1035734.625 2057636.25 -3077597 784710.625 6278171 -521837.1875 1581622 294273 1081955.5 -2037375.5 -149215.296875 -617216.5625 -292700.5625 -1348382.5 1477901.75 2515191 -627769.75 -995877.125 1833613.25 -2719872 737343.3125 1166517.25 -1814689.25 5191442 3062407 1456173 1100111.75 -1528674 -1749763.75 1404409.5 3316298 1558304 -2035811.5 -719611.6875 3613582 -1815693.75 961623.5 -1731150.5 -1161877.25 
1701060 -301835.28125 1109689 -4014393.5 3640247 742704.875 6423603 -3112229 4392368 4114378 678575.4375 -2705661.5 1273987.5 2368385 -568101.375 -409993.5 -1308079 2197706.5 -2361672.5 -364237.78125 -1405493.75 -1887112.75 -5870405 -1580288.25 154120.21875 759893.5 -1234682 -598497.9375 -2303554.5 4469294 -185980.90625 -1622743.5 291986.5 3756798 -1827421.5 -800010.4375 1779694 -136968.4375 -1473256.5 -5370241 446380.3125 8333769 1575897.75 -1608606.25 116431.59375 2184954.5 -3999276.5 -783806.125 1437261.75 4511816 3280976 2350999.5 -2439783 -202957.734375 1962565.25 1151288.5 2397392 -1000785.375 1511994.25 -455307.84375 -278359.625 -4312130 -2135337 -978353.25 
2961616.5 -1261390 -1389326.5 -155376.09375 700116.375 -1462832.25 493941.25 1816501.5 644594.5625 1626721 335900.3125 5053308 5327496 71445.40625 -171070.5625 -1595453.5 -2057329.75 1757141.25 1055672.75 2284891.5 2743112.5 711597.625 -4564266 -98516.03125 -1418218 -3778395 1257566.5 160255.03125 1193471.25 2931257.5 1568045.75 1176932.75 2599631 2569517.5 -1827799.75 135451.3125 -3543334 -857813.125 -1607709.5 2538792 -757438 1906941 1152801.75 -5407306 -4929551 880859.8125 2126069 -1297496.25 1387639 -140372.984375 -1813302.5 2225905 -1960102.5 -587185.25 3360968.5 2530258.5 -3572714 -4571318 -3167285.5 -2342527.5 2398371.5 -2210288.5 1815430.25 -2162404.5 
2305780.5 -4137266 1578827 -30050.5625 755283 -594696.5625 773830.5 2778637 -3464980.5 2957114.5 -613788.5625 1757708.5 3399853 -6662564 -1517154.5 2399633 2819750 5226091 -1696535.5 -506290.125 923755.625 -1354747.5 2060323 -2824510.5 -1213335.5 -39210 245711 1549828.25 3725059.5 -1938323 1046778.625 -2981930 366640.875 -1125232.5 -2217793 1160313.25 -1408613.25 -950853.4375 -1885685 -1083157.75 4162313 2275075 -351585.09375 -703270.25 -1963043.25 -2122194.5 -4354413 424723.375 673919.75 -1049658 5487936 -1930576.25 3073667 2697642 -642452 2410733.5 2060889 -4589175 -3405770 -4332037 834494 2193621 -2866076 -2728838.5 
2565401.5 1402064.5 -2870571.5 -2611499.5 2849558 -2261208 -1797873.25 2317345 1352723.25 -2286882.5 -1561562.5 1453290.5 -2319358 1361366.25 2098187.5 -5176748 -2382160 2771629 -2225870 696551 -1762622.25 -2190427.5 -3056377.5 1523513.75 -1631801.75 302137.71875 -273139.28125 271591.28125 1104010.75 1310333.5 -234638.25 -3644102.5 1328649.5 -1258461.75 -372347.1875 -3642362 1459351.5 -1517905.25 3245061 495626.5 -1148093.25 4388346 -1612454.25 974804.6875 -2470632 4040376 7639277 805643 1597541.5 462756.3125 3826431.5 -2060274 -3178215.5 368435.8125 2477379.5 2384853.5 -526444.6875 -1443203 -575572.0625 -3434562.5 3947703 2354918 -1657372.5 676915.9375 
-2356094.5 3852230 4507809 -1588532 -65211.125 -2773727.5 4063751 660107.9375 1711366 1590110.5 -1394254.5 355010.25 4633924 2935818.5 18977.0625 -548129.5 -1133804.5 -931674.9375 -1415801.25 -2385351 -2351977 2408309 4414462 -215605.640625 -2741046 -3322236.5 -3887643 -1908428.5 -4330843 3087035 -569918.75 1282023.5 654871.5625 1831399.25 1453851.5 -4640593 2387120.5 1438887.25 -3115780.5 185926.28125 -2735867.5 -1877533.25 1223906.25 590188.6875 7309900 -4079179 -3217153 -1972429 -666167 -1244715.75 -774834.3125 1165785.75 -2455378.5 3029993.5 4616600 -4489385 868463.875 898746.75 -2888063 303933.09375 -2206774.5 -3022273.5 2120842 1426704 
-286328.25 -5329272 -813317 1109186 1750000.75 177795.734375 -1284156.25 -21233.515625 404944.5625 -2103568.5 -2166582 -4261511 -1682212.5 1796036 -328691.65625 465993.0625 233503.625 7586683 -2472455 -377689.5625 -5295804 -2833342 -2031552 391611.34375 -3581617 3750396 5010893 1673348 2202026.5 -2849314 -1061621.25 2140093 -1510554 -3087460.5 -3294046 -1016191.125 -1782845.75 -1284182.75 -660272.9375 34522.65625 4376021 1594955.5 3482677 2476830.5 -1110373 1118320.75 -571980.875 4056841.5 180048.8125 -636670.875 -1258112.5 -647260.75 -2918356.5 1048534.125 -3500184 150245.46875 2060006 -1286597 -405673 1873137.75 3313527 1400006 -3636193 -2549415.5 
1173082.25 81228.765625 -669860.3125 -618524.0625 1209647.25 2840778 -4294842 2012129 1315751.5 -1575253.25 -2978986 6057293 1008608.8125 -1749976.5 1193136.25 1710996.25 1294622.25 246325.375 354002.96875 2779790 6284240 -1027086.75 -8262967 -349477.53125 -1144529 2240864.5 1070722.5 -73777 578409.25 -248489.609375 -1668869.5 -1792278.5 -1376428.5 4184310 -2423149.5 3076200.5 -506243.59375 1824381.5 3363696 2332915.5 -2212128 324314.375 3038167 11163.677734375 -5644655 3421991 -3001324 462246.5625 1515073.5 5742625 1474033.5 754196.5625 2573675.5 -1483426.25 4080704 1355203 3437845 -2502242.5 1977925 -2848627 -1860404.5 -1947314.5 -159295.5 4540169 
-2764821 458213.375 -267973.65625 3776294.5 187912.40625 3930378.5 -767492.125 -1386982 137298.59375 -2465942.5 -7407.27734375 -782339.3125 2469432.5 -919487.125 1869969.25 3180288.5 -796318.0625 -132394.4375 737935.3125 3124339 2721751.5 4539121 1196426.25 468634.09375 -912914.8125 -586573.25 2115937.5 1337269 2578934 -1871891.25 -2745745 161271.8125 -1918533.5 2206528.5 446536.625 3825237.5 253944.15625 -586793.875 -1685548.25 -568556.1875 1948741.25 420918.5625 990873.625 -3768202.5 -6982999 -5022127 3155004 -283494.84375 -1626517.75 4194986 -1353955.75 -461361.59375 -1700496 -324320.375 1833551.25 5184220 483118.3125 -2723848 1524779.25 -125138.9375 -1725289.75 1422530.25 1036223.125 -943138.625 
1049671.5 3209976 -3728459 2144026 -2963382 2865127.5 -1085529.5 201423.328125 378582.21875 -4028409.5 -379076.5 -1174346 -1667790.25 4736395 -69590.96875 1826052.25 5618059 1586819.75 1572088.5 2697487 548093.3125 -990509.5 -5027791 -1096874 -2968566 3817167 3551312 3963292 2637217 -1820943 -3497422 1962466.25 1254382.75 4949417 -4433630 96816.34375 59267.171875 -3839493 139468.28125 -1970623 910764.5 -885666.375 2773986.5 -3296945 -2957653 2985087 -1587390 3042446.5 -7329454 2418721.5 1404621.5 -5665238 -942491.75 2618799 879937.6875 2819904.5 -1026705.875 -2390598.5 -3885046 -932238.625 632240.5625 -2283664 846541.875 5149905 
4594476 99777.1328125 -3056780 236883.5 -742527.625 1867639.5 -520618.0625 -3156313.5 1225978.25 2916289 8911676 -7318220 -40487.6875 3102875.5 -354644.9375 1536401 2274192 1042394.125 332674.25 -4730269 -4288221 3672612 -1116987.5 3836480 1498777.5 4143867 6576681 4428309 -164865.9375 -3384129 -2559555 4671.0625 2879680 2660577.5 -2346289.5 -1907881.25 -3679930 -4194642 -6326634 -5706967 979715.4375 1060492.75 -1175761.25 -2157413 2664840 -6727764 -1437440.5 1403858 -6377107 -3166451 503164.8125 4477470 -1289766 -2608477.5 -7330609 3531642.5 2827630.5 2471084.5 -6815988 -337290.21875 3794080 2461882.5 -614819.5625 -2993471.5 
-1306658.25 811731.9375 -1107225 1948076.75 1022628.75 -2037586 1241083.5 -1841234.75 1199977.5 3404890.5 2321392 15591.5625 158685.1875 2663856 1542435.25 2951845.5 -773371.875 3181020.5 1717775.75 760810.8125 -4230242 -1848814 2316432 -4604086 4830263 504249.53125 -2545432.5 -614538.9375 -3446354.5 2370508 1028665.5625 3598341 909130.6875 3384307.5 2793237 3540128.5 -2324554 -194141.921875 -413509.6875 1476199.5 3068991.5 2507099 2770335 330121.4375 2217487 -1964672.75 3116172.5 792459.6875 -2100577.5 -1477636.5 -4992313 -856548.5625 -1037244 -2479238 -2541604.5 3171808 -4045549.5 -405118.875 466569.5 -2412.828125 2418944 -1019740.25 5556994 -2727479 
-3556050.5 -1699889 4143999 3157666.5 -1016118.1875 -1405683 1098117.75 301842.75 179113.65625 3759598 1610429.75 -1027875 -3042130.5 -3325668 -532263.1875 -1807028.25 -5348069 2788863.5 627443.5625 10351.56640625 2959073 4434348 -2593137.5 287993.5625 1340178.75 689771 196899.953125 -1160995 -738574.25 -1300723.25 -3523337.5 2093367.5 3208097.5 2277029.5 -1105437.75 1097829.25 -2471043.5 -5736514 -4053985 -1292362.5 2112488.5 -1381863.5 -3498875.5 1142230.5 -2643881.5 -5215013 -168106.625 2898513 -931929.75 -2289266 -1846111 -1527329.75 775942.5 -4372655 -1609736 2991107 1777617 1412142.25 -2493651.5 -2339090.5 -1255140.75 4396833 -1280105.25 -3333142.5 
1806487.75 485369.375 -240729.75 2121134 -4323077 4736440 -2945558 -1091979 3216817.5 -2238473.5 -2264055.5 -4226383 5123264 4049023 278857.28125 -179555.53125 8336.875 601876.6875 1284488.75 6808502 1648680.5 2442908.5 1062876.75 1377481 -3273076.5 349904.46875 1876506 747971.4375 2085124.75 107942.4296875 -3533382.5 3487800 3130289 638816.1875 -2918528 1503232.5 1184564.5 -4050169.5 -325111.65625 729310.25 4234035 -2590444.5 -3409800.5 327883 -2800244 -1054655.25 -1615620.5 2625339 2829167.5 4148255 -3776390 3697677 251410.59375 -1272526 1437141 -1812480 2970494.5 6633086 283070.53125 611097.375 -2213796 -3999982 4450950 -5732374 
-24113.96875 5257448 114986.125 269050.4375 -1271711.25 -4088094 1433660.75 2529958 803736.375 5556728 2141232 406488.9375 -1041297 -2490034.5 2143610 -5895006 -38103.375 -3759037.5 -690361 -3894502 3302335 -151528.25 1978266.75 -2876335 1656113.25 -8960552 -2800720 2541380 3978443.5 -322003 3088840 -5398012 3640234 1709720.5 1472526 -740739.0625 901745.75 2283252 -798041.25 2735545 -2110202 5397965 1291899.25 -3195631.5 -533363.875 3079459 957124 -1075789.75 1990662.5 -2271217 2516190 -1501037 2693583 2471527 2018178.25 2028986 -534690.125 -612515.25 1879118.25 131165.53125 1841838.5 2410971 -3044628 2171532 
2586118 -2105891.5 -1872116.75 -4717188 1921340.75 2684295.5 -2432170.5 -5276754 445022.6875 -802398.1875 -2660707.5 -1923406.75 -1359342.75 -552298.4375 995630.6875 -77874.109375 52336.015625 5138217 -2887320.5 -1189040 127648.4296875 -2369501 -3807304 1058379.75 -151961.96875 -1345856 1438322.5 291130.5 -5020504 252220.78125 -2679907 -757072.5 1442944.5 5176578 1558406.5 3700023 131656.171875 1002837 1980748 -981934.125 -256383.125 2350308.5 725722.75 6066081 -339961.9375 -329802.65625 1270775.5 2854943 -5399373 -861357.125 1731460.5 -3535486 -66131.1640625 -1615734.5 906242.9375 -1641888.75 3459869 -1134037 -2302398.5 1830370.75 1700706 5455224 -2397538 2771933 
-5074213 -3333651 534273.3125 793608.375 -2134420 -341516.375 3496599.5 -1095529.25 -502004.65625 153477.75 2690819 -1829324.75 -3287381 -2709683 -2472196 -852223.8125 4543247 -794803.4375 3866527 -4463275 -459443.75 -838476.25 3948179 156352.28125 1035279.6875 4356503 6080408 -849150.375 1193080 -2524392.5 2495644 5598900 -1584559.5 -1191040.25 -4906694 -613319.75 800635.625 5938588 -2915546.5 2445149 -593378.625 3162603.5 397397.0625 3988428.5 5579103 1760349.75 -1802354.25 4050904 -420090.25 -118162.46875 1851086.5 1202812 -1570838.5 -3485425.5 -6741324 1488164.75 1139108 -636054.4375 -243634.65625 3510122.5 2043134 -1146660.5 -3005261.5 2141913.5 
6443224 -1696307.75 11399.875 -3785450 3181279.5 2829336 3482804.5 -986785.5625 2675331.5 1672376.5 -1651469.5 1930620.75 714848.375 -340010.5625 -4669051 6777552 -4141991 2174930 685001.5625 -2952231.5 -117081.109375 5803613 -1350218 -480391.25 -2797281 1998803.25 -788800.625 -6260543 -5574116 1170601.75 2522161 -1738130.5 -585251.4375 5249337 -211285.421875 -3066827.5 2542244.5 692943.0625 -1788057 -3474773 -1066650.25 2187538 -36063.5 -1135330.5 -1316987 -476761.1875 -4450669 615452.0625 -1007539.375 -2757821 4437456 -3769565 -635484.9375 2437320 3879460 1425683.75 4119585.5 -1909364.25 3024296 1170739.75 -4987563 -2671285 -1716570.75 -1131257.75 
1631366.75 -1905010.75 -1566721.5 3152338.5 855080.25 1115227.25 2520050 3833918.5 -1559711.25 258299.421875 2289735 -1452.755859375 -4150935 -1490196.25 -2179589 4274142 2931549 3081442 1342279.5 1754862.5 2100621.5 -1330339.25 125008.296875 4516758 -279619.4375 2665947.5 6349520 4125379 -869504.125 -5294279 1768979.25 -1684127.5 3645057.5 -2484688 -2672648.5 -3374047 -3191413 -509554.9375 -3123441.5 -2131982 -3993742.5 2531698.5 -3067877 968670.125 1291451.5 -3258735 -3413809.5 -2076295 610841.3125 2703327.5 -845917.3125 4068428 -3971519 -398693.625 -1392515.5 378034.25 -3426059.5 159562.03125 1633182.75 -2664016.5 -1587876.25 -1078613 615937.9375 -2904565.5 
-1040077 -589500.5 377296.5625 1609520.5 -4546240 2595033 -934184.75 -4702297 400715.71875 -2467547.5 4369454 -5088594 -1284926.75 15783.709960938 57624.1171875 1197334 2602908.5 -2357368 2578234 -615638.5625 2096312.25 516602.5625 -1486770.5 -83448.0625 -235250.4375 204126.765625 744675.4375 1703285.5 3678093.5 -3686852 -151371.21875 -451576 -1239667.5 2471377 -2546125.5 2919575.5 523818.6875 1495817.75 -66001.1171875 849381.125 2716952 642912.5625 -1956718.75 1689257.5 3002249 -2927924 -4478092 2476701 -245404.65625 -2094202.5 -1907179.5 1568951.75 131208.671875 -773016.5 76673.4609375 -861295.9375 2607829.5 6110003 -4413386 26945.744140625 910490.0625 -1154219.25 2178095 -1066746.75 
485162.40625 2217026.5 1519255.75 2253315 247395.9375 792082.625 -192672.6875 155098.3125 1961860.75 1258784.25 1758638.25 -1013315.875 3301163 2749420 230148.375 -514982.5625 5284732 -3070452 -2221574.5 -1186074.75 -2711016 -3592035.5 -1645176.25 -5479531 -3191392 1851768.5 -2388897.5 5045448 1927734 -736015.1875 908578.125 -7079409 384731.96875 -1049266.25 1202738.5 2243903 1904577 -1095230.75 2846605.5 2201083 -83324.8125 1777675.75 -1191357 -4226774 -2100695.5 329258.625 -1092872 849264 5747094 492803.6875 -231213.90625 1031879.0625 -1044296.125 2555554.5 4601482 -3072190 677999 -3322101.5 2580782.5 -1551256.5 2424467 -3595735.5 -1818182.75 3326257 
1081535.25 -2460708 -1653343.75 1879396.5 -1226999.75 2946132 1075932.5 -4546570 2116220 -3554237.5 -327652.1875 329101.3125 -1571640 6171278 2869282.5 760486.25 -3938586.5 -672127.4375 3970423.5 3783532.5 328496.3125 253583.78125 -892429.125 -78723.8515625 233684.796875 -1744999.25 3101614.5 -545426.6875 -4902017 1885242.5 1773782.5 -1617516.5 -3007974 1085948 -4812652 3874753 -86543.078125 -1562376.25 1097989.5 618909.1875 -1170093.25 4300752 376964.3125 4088441 -33177.5 3491958.5 -2907359 1715879.25 681907.1875 -592544 766016.75 2397769 -2567619 -2513082 -2307095.5 840605 405595 3689289.5 2606293.5 -2690879 -387506.6875 -5463002 2311514.5 -2297553 
-1493378.25 767549.125 5065840 -557567.8125 -654916.1875 -5233116 4052247 958295.125 1073516.5 2832738 6083114 -2857625 317094.3125 3452514.5 -1342473 -1822194.25 14117.9375 1114021.25 -313014.4375 -2718150 -3369453 2114772.5 3785942.5 -3245984.5 4775408 7170902 -90455.921875 811809.3125 -3209207.5 1569246.25 2298703.5 -376255.53125 343715.09375 -2548683 1173997 -5053578 352041.6875 2062039.25 -1805976 -2645634 -953774.5625 6594190 3333377 5237957 -434150.4375 2464922 790981.875 -1710518.5 -3059666 -4440681 -1603568.25 -2179534 -911442 -731204 -575928.375 -153273.78125 -2339198 3304352 -2660710.5 865792 787437.0625 -2119270 428592.875 -599591.375 
2705723.5 -440251.75 -115425.15625 -907782 -1436836.75 -594786.9375 108142.875 -3559435.5 -218593.421875 2806410.5 -713515.6875 -1162763 -1547200.5 2805493 4434.6015625 5740308 -3038313.5 868897 -520353.34375 -1961403.25 -1098497.5 -664710.25 -1453952.75 -407275.375 3749169 -388530.65625 -1813912 -1890131 -3213795.5 1132161.5 -1377641.75 -191218.21875 -2069191.25 3643629.5 3235750.5 991881.5 1962530.75 347799.5 3339664 -3694651.5 674907.25 3274539.5 1905043 3656027 2607277 1278830.5 -1444622 -3023702.5 -2356697.5 -4299255 505320.84375 -1459064.25 2865401 821521.9375 -511214.0625 -1373141 3181988.5 -533272.625 -517512.84375 401394.5 625441.1875 231378.1875 490106.75 -636972.0625 
-6325758 -333745.40625 1731954.5 -1357265.75 -4489868 1889738.75 -4303862 -3347253 17772.625 -1850952 -231631.296875 -1677144.5 1746982.5 -154552.90625 253672.5 -2178799.5 1793189.25 995611.4375 -3371595 -2501678 781908.8125 248726.25 -1161054.25 -896382.9375 -323650.125 -737318.1875 -3902197 -1967310.25 4029825 -5203185 1128753 -639413.375 2233165 1275413.25 -1771821.25 291792.4375 4994457 2959665 547109.875 -630231.375 -293615.03125 229901.375 -1974230.25 139709.265625 577465.5625 1235622.75 -1078785.5 -1371258 -1422978 2543378 818532.875 -583047.0625 2396902 -3398130 -703114.5 137625.796875 1446212 -286778.9375 3004190.5 6986540 1864033.5 1911949.25 -5625202 98560.9453125 
-1911938.25 2176098 5761087 2928780 -2996888.5 -3779657.5 1645427.25 734422.375 912034.875 1050916.5 -1317796 -954929.0625 1963682.75 4243542 -1833363 -4874047 -678735 2465120.5 -2086044.75 2323958 -167665.078125 -3012784 -354799.875 3695067.5 2866181.5 605921.75 2390130 -378828.09375 -6401802 271421.8125 -1711812.5 1023189.375 579378.6875 -3177648.5 1941863 143203.15625 -2427154.5 -2854775.5 1188488.75 -569561.375 -428501.75 -43570.09375 1857332 -709290.125 3269683 -6307413 530452.6875 -991838.6875 -6374014 1152585.25 -5171617 807632.75 -1400703 2715562.5 2228632 -656813.875 -4198480 731048.25 -1042186.3125 3092883.5 -1517014.25 1049526.5 1311956.5 -1756362 
-3584739 1719603.75 -1463380.5 -2440254 3005413.5 -1121404.75 -691255.25 -2775978 4326593 -2696748 -668716.9375 100093.0625 2917143 1684978 -2846837 -1536208.5 3103028 -798664.25 1554350.25 -4500869 3298952 -1263391 2833570 2751309.5 -1291105 -6159722 -637789.75 -1245021.25 -888585.4375 5412085 -1747671.5 -1559395.75 1180325 390516.3125 70881.40625 340738 716922.4375 5367519 19951.8125 3980892 -4946792 2455423 -1667194 -3435071.5 -2086872 2567014.5 3469502.5 -2613024.5 1117538.75 -3653854.5 847016.3125 -2458537.5 2524292 -4118219.5 2798292 -717359.75 -3780958.5 -359985.59375 37884 -2641737 1467178.75 232446.4375 2321552 -3343210 
-754316.9375 2301074.5 -2731673.5 -2042699 -1643918.5 55019.42578125 -1152670.5 -5783392 1820030 -1439106 -5669702 -3716413 -3643239 100959.640625 2095110.5 -3939349 493753.3125 4622408 -2700166 -1882574.75 -1524946.75 -1482594.5 702690.375 1799278.5 -340271.78125 -5370553 2762587 -806822.875 3961417 -61193.306640625 -1452644.25 932080.0625 2380223 2072036 1226768.25 3344749 1794567 1550360.5 5300405 -1648342.25 -1522747 283549.78125 4564887 39748.728515625 1578361.5 1485677 -1032649.375 -286368.03125 -3774207.5 2061953.5 2790793 -491899.4375 6885780 900993.9375 225256.75 7057.16015625 3881207 -987855.3125 -944724.8125 2867455.5 1090218.75 33129.12890625 -753707.6875 3012984 
1119592.5 -1191594 -1818289.25 1438669 -1491406.5 731811.625 -985284.125 -916010.375 -1942331.5 -1541279.25 -2312404 5080189 -208314.6875 1359389.5 -2623408.5 4448126 604014.5 1578424.25 1582971 5974811 -4078753.5 -670022.1875 -1203930.25 489362.6875 -1125868 -1221666.5 -3757808 -2168127 640644.875 -742737.25 2922665.5 2375714.5 331661.65625 449596.9375 -1915583 -4328997 -2833855 465860.875 -3308804 898741.25 851839.9375 277581.5625 315377.4375 197195.28125 4559185 1562077.25 -1885976.75 -2442108 -1792636 880867.3125 -126668 -55687.375 -2945160 5813.84375 377372.1875 -459454.71875 -4242365 1751736.75 -1661216.5 -3217190.5 -87866.03125 -560056.375 4078137.5 1304110.5 
-6060080 -2969447.5 -4245666 498434.25 -1142134.75 629146.6875 11127.1875 -3048008 3426994 -2819420.5 -4712046 -3108343 -2330285.5 -3376641.5 1601321.75 -5834519 -1703478.5 226383.0625 -458072.9375 4345763 1420850 -691227.4375 2982456 1715001.25 -1714939.25 -2076997 4557954 1210782.5 7323590 -6970885 -1101269.75 2658476.5 4097240 1670280 -3007427 94589.15625 -3689220.5 -3250051 -2174326 1481073.5 -230950.25 -3963698.5 -1846723.25 -459458.3125 -1021228.6875 -5989546 -1346815 517359.5 -158290.34375 -1849935.5 -797165.125 986461.5 -637917.875 -2731820 -32747.21875 3050570 2160948 -2424511.5 -3245518 -1038941.125 -663510 1686637 -3381373 4249764 
3725680 6685555 -2158135.5 -2823040.5 2493387 -2210129 1551091.25 1739636.25 999176.8125 776647.125 1095706.5 -46909.453125 -161224.265625 2561264.5 2066090.25 -4102726.5 -4877410 -2178670.5 -493667.40625 -1440462.25 558998.4375 -2865755 194279.75 -195133.328125 1483727.75 1672237.5 1585531.25 2804985 -2715326 -808740.4375 -3730112 474886.03125 -2098247.5 2382171.5 2782238 -3718505.5 499587.90625 -1607652.5 -789537.0625 -1519848 -3847756 -948920.0625 -1463438.5 1908423 -1691462.5 598413.6875 -1427293 1375886.25 -5597629 -2113457.5 112481.90625 -691043.375 6707010 1811204.25 -3638253 -1163392.75 3165179.5 -170767.8125 -998244.5 -1878482.5 1990232 4759604 -3577595.5 5688060 
-914177 -3656541.5 2650858 -1055851.75 532929.875 1227989.25 -1881940.5 377634.4375 -6167957 3452772.5 1761963 -2582965 -252139.1875 -3290501.5 -1183322 -1272973.75 938984.9375 186352.375 -108394.5625 -5044192 -1870667 163858.15625 4919924 -2612596 -378129.03125 912796.375 2879548 1656883 1382912 638554.875 634661.5625 1275860.5 179317.96875 -2276093 -3159832 -1175042.25 -499768.65625 4299531 -2617992.5 486549.34375 -1732713.5 -3106174 1573964 4771314 -4687982 4743276 4098459.5 356866.75 -683300.875 -6855560 2684787.5 -4443884 -473099.15625 -1220584 -5049640 -1050395.25 -331148.1875 -3753818 -358512.1875 3396819 -46129.734375 5981667 -3346891 1310793.25 
1569266 -2704539.5 1075863.5 -8031721 4519128 6045586 -1171217.75 -6285676 3644341 2261898.5 997444.25 -7814837 3349181 3891857 1244585.75 1535530.5 -2303172 786058.0625 -4893385 -2799195 -964288 -1223543.5 1492916.5 -1901738.5 -2318966.5 -2441569 -657814.25 2192143.5 1318555.25 2098661 -404385.8125 -1360821.5 -695418.8125 -1987772.25 966067.875 -411695 1454550.75 700598.1875 -3975942.5 -3481446.5 -106142.5625 -434474.28125 2066939.25 -2003480.5 -4253875 -82474.609375 -1228029 -5145208 -3133613.5 -4723438 1740460 -1676080 3992625 -236317.84375 -1112292.25 -3536413 1767431.25 -751130.4375 353203.53125 -1118431.75 3910797 386895.03125 -5165958 1264056 
-2724404.5 -2859472 3366669 -4393125 622695.6875 5867976 1927512 -5275507 -21060.9375 497315.25 -876845.25 -2219405 -2474155.5 -2322421 203803.125 2714123 -1281623.75 2417541.5 -1881115.5 -1212468.75 -220834.75 933168.875 1936017.75 116879.96875 -4540543 -1547176 316756.71875 2699949 4955338 -2948407 -517049.625 1437353.25 -2146852 2501502.5 1647362.25 -2659272 44621.068359375 2064012 -4815808 -90200.375 2685382 -817945.75 1595464 -837932.125 -2689488 81211.9375 -3756122 1905748.75 -3840055.5 -2510261 2327842 -6076435 137423.90625 582142.5 -1955915.75 939632.4375 -589894.5625 -2346151.5 233504.8125 580909.625 535674.8125 3502252.5 -4304924 7376249 
3544736 9912.49609375 796605.75 4343476 -2360363.5 -275880.6875 2008205.75 896502.0625 -1453298 1749208.75 1573752.25 3388545.5 -537518.5625 2266628 -2034695.25 4208885 -734434.875 -2318701.5 -474702.6875 -3310123.5 -357373 126969.6875 -2029916.5 -405426.8125 1987550.5 1860680.5 -4707536 -2116885 -3885848 -398051.0625 3404669 -3926312 -1004666.625 -1514876 3994298 299985.9375 -1096011.25 -2920256.5 1143859.5 -1327337.25 2296080 720904.5625 297110.6875 -2769482.5 -2212147.5 2947740 -2690750 4277846 -52830.4765625 -1661132 1610396.25 -203839.5625 -886742.375 1734900 -834919.8125 -2046043 -526714.875 2809562 2857054 -1367385.5 1022435.25 -1457694.25 2221667.5 84343.578125 
-5114192 -1454911.25 3756682 169528.109375 1509218 1843770.25 4171600.5 1873133.5 200477 -42411.15625 -2085832.25 1571133 -175186.453125 -884079.75 1630345.25 -2435488.5 -1906179.25 1341185.25 -345544.0625 2542698.5 4288979 2329174 -757078.4375 4294346 1881853.25 3069505 3280094 -2758871.5 -3638214.5 -577945.1875 -2419898 4092143.5 -2951199.5 -656962.25 -1360191.5 278560.90625 4162256.5 -371804.34375 -345249.1875 -2241650.5 2013145.25 1438435 1161718.25 -345381.34375 3249468 -2669113.5 -5100543 -214318.4375 -2335014.5 1308019.75 -2543921 1486515.75 4320.78125 -2845105 2169391 3085073 2385725.5 -1367774.5 -1614187 304234.6875 -1720134 633342.125 2943284 -2331090.5 
-2247897 -1338221.25 -233161.875 -2528344.5 -103290.875 -678608.375 -3367019 976741.125 3225555.5 -3912654.5 -980305.9375 1944800.25 4838854 -402947.71875 -1718920.5 -1706704.5 -1217511.5 2704957.5 -65810.3125 5736761 -755789 -825819.5625 -79398.28125 -3304355.5 -3308300 519781.75 -2594394 -745703.6875 5612186 43067.15625 -2982349 754850.375 1289951.75 -1555681.75 -3591734.5 -3743687.5 -1471233.5 955783.125 615965.1875 1868294.5 1812992.5 -3480094 3138457.5 599033.875 -1981676.5 -715183.625 -3684656 -3833295 3365866.5 -5033547 -1999465.75 -2984619 970970.75 -2032693 7406795 470568.25 -363884.75 -3089705.5 -1115742 -2857446 286784.6875 1999117.75 2002728 3492091.5 
1834536.5 -224373.765625 521641.375 -5404564 2862388.5 1099467 -1018903 -2425390 -466040.5625 2699204.5 -2307661 -2193181 -4242761 -2823384.5 2095700.75 -508144.90625 -1565354.5 -634870.75 1882908.75 1881349 -242018.90625 -2446838.5 -1345872.5 -559277.75 -822340.3125 -552088.8125 -92737.046875 2243169.5 5125723 307835.5625 -3501514.5 -762060.875 -275894.71875 3355166.5 -2060586.25 984271.375 -2598319.5 -1257544 1660.140625 -1180404.25 -3181610.5 -681915.5 -493024.65625 3797338 -230539.671875 284778.4375 -3038717.5 -530624.5 1768973.75 -2406263 2369204.5 -1272848 -371584.0625 2988250 -1517318 -1274457.75 6442358 68874.296875 -1805416.75 -2630826 -3153518.5 1036301.9375 -690049 4834219 
1715667 -160495.734375 -3628937.5 -759192.5 -336409.25 -2322971.5 3440687 -2568717.5 2249103 -3177437 -969067.5625 1032278.25 -1803812.25 448370.4375 980977.875 -2689319 -6059373 -3515214 -2135737 -4603239 -4694116 2696128 5377615 829513.25 3415106 -2730340 -1515041.75 -867088.625 97839.9375 1725304 -660340.3125 7134759 -2460301.5 1479063 -1160210.25 -3757871.5 1788580.25 1335744.25 -2030967.5 2297706 -2432595.5 2959614 1202598 3307538 2268985 1837493.75 1201687.5 5110870 -4000797 -6375527 -943578.875 -2242861 4348209 -287832.1875 -4710923 1345906.5 668824 7301577 -1008342.375 -395973.625 3210997 3209881.5 -800250.3125 1214243.75 
1496449.5 -709166.8125 -4979007 1381681.75 -1034577.75 852814.125 -711951.0625 -2508868 517788.1875 -2263528.5 3226025.5 -748403.75 -1998299.5 -417478.59375 -3496355 1673093.5 5512417 -1447695.75 856920.875 4445699 -2211955 575538.25 -1520628 -4288449 1710532.75 2630199 844256.6875 -1036147.5 322658.03125 -3610849 -2542466.5 4570375 -235033.890625 1928454 -1317487.5 -1447516.25 579877.1875 1151579 -5600477 3755066.5 3511695 2670547.5 -2690659.5 1026644.5 -392460.09375 1377264.5 -3443046.5 3241730 822236 -6486381 -2128241.5 -342869.6875 -2165577.5 -6007557 -2896660 -153868.4375 -623204.25 1572951.25 218432.21875 408138.40625 704268.1875 -422810.65625 2844918.5 -1484359 
-1324780 1379421.75 -1197538.75 -3088068.5 1375109.5 3991810.5 -1218315 -1097247.75 1130648.25 3640930.5 -5332263 -7196649 906587.25 29700.3203125 2693612 1200469.75 199008.0625 1817438.5 1295166.25 -190838.625 -800288.375 -122351.21875 1747617 3048454 -2240108 -5863076 521468.46875 -2130040.5 -917137.5 3044845.5 -4695844 3455711.5 2799617 2903343 6382597 846734.625 -195093.421875 3263373.5 -2326959 -1125023 -481559.25 -5939511 -464434.0625 -1077309.75 850349.25 -907477.125 -2094762.75 -2310020 -2609377 -259402.65625 1278864 1852451.75 1434158 737076.1875 -433887.4375 -4121382 4943414 -3225659 -4791446 2075834 -4504548 4149361.5 -506417.6875 930241.625 
531722.5 -3752809 1359016.5 -1573768.25 -3928476 -572569.125 4020956.5 4455864 5903685 -2413963.5 2244236.5 3701014 653745.125 -3559339.5 -787808.875 -1100850 -425916.34375 -6007914 3763685.5 -1337740.25 -261377.5 2988208 1224848.5 2443025.5 3590292.5 2748091 4181555.5 -917790.375 -225844.3125 -1602178.25 7038422 987363.4375 -2928566 3190399.5 -3152562.5 -4953291 353945.6875 3208554.5 -19588.8125 638601.4375 -1500616.75 1036627.0625 2570764 3205529 1231108.75 3201407.5 -1679054.25 1091193.75 1579402 -4855829 -3020008.5 1731372.25 1145808.5 -702648.5 159261.8125 -112610 -896396.375 3819688.5 -2243310 2539814 -489461.5625 -3405502.5 1649091.25 4775989 
257449.546875 247519.0625 -2292427.5 972746.875 2725114.5 3937526.5 1187873.75 -1476622.5 -2925900.5 604254.5 -2521024.5 -1512782.75 -1283176.75 -1280447 -3225195 -3760427.5 373817.90625 -2234210.5 -1419324.25 4678847 4155298.5 -1361555 -2633442 -344514.9375 -1778055.25 -298760.40625 26762.8203125 -5652.75 945737.75 -2057315.25 -2511102 638882.6875 634248 433439.4375 -2579704 2072063 -1485326.75 -3447385.5 -790743.25 -97654.6875 2643025 -3408402 -3649362.5 -1259687.5 -1181684.75 385835.25 -140588.03125 1058041.5 3679346 3400047 1856392.25 1383761 -835700.9375 -524197.625 116875.09375 -1474945.75 274842.59375 479127.5625 -531437 86571.890625 -438053.1875 -2805090.5 -2028142.5 1022497.5625 
-461164.21875 -4579498 -1593887 -3905318.5 -239783.5 1992545.5 -1236230.25 872090 18720.7578125 -1672552.75 -5225005 227825.125 5894205 805575.3125 2814843 -136668.3125 2121521.5 280560.3125 593884.9375 1781317 -1102628.75 342453.875 4434498 901590.75 -4295850 1314855.25 3678732 -5115777 -1105658 5761087 -3461579 3825086.5 -502567.84375 456028.6875 -2215590.5 -1533400 375971.1875 2849985.5 2479287.5 -363762.1875 2715064.5 -3051322.5 2479559.5 1581984 1646364.75 4047954.5 190650.328125 640044.0625 1133516.25 -759599.25 2274534.5 679144.75 -3086381 -1616465.5 3167281.5 -1068348.5 6244288 -2430515 -3330785.5 -1523016.5 -3168989 513089.5 4008253 1221109 
3794694 181876.34375 1022385.5625 -8547320 6443956 -3049622 4737486 1523850.75 395089.0625 5007864 -1329909 3555685.5 752665.75 -1179709.75 178114.109375 -2800211 -1890195.5 -1818511 -1753856.5 -1401401.75 3253532.5 -1810505.25 -1348905.75 -4973247 -3866245 -4171960 1456886 -585526.625 1353023.5 302483.8125 -116885.8125 1076289.75 -2551692.5 -254257.5 4706644 256062.53125 -518527.375 3021200.5 -112274.8125 1371605.5 -3013962.5 837063.375 134070.125 443194.96875 -787421.1875 1769827.75 2204632.5 -4281754 6203935 1897673.25 -3085579.5 4097126.5 -484086.3125 -580701.125 5609965 -5632303 -587987.1875 -2911530 5413439 286664.3125 2108953.5 2724844 554197 5907976 
699342.5 1637371 -1789655 3953240.5 573027.8125 -1284974.5 -80046.953125 1598217.25 -2778648.5 -1347875.5 2974403 4252451 -3620856.5 -461243.03125 -555901.875 -4472841 -1582750 189545.34375 -2379964 2324567.5 -748596.5 -57841.265625 -5741917 1034406.1875 2436241 1476436 -2140306 -869484.6875 3064227.5 -3777501 1094020 -5981352 1127923.5 87320.46875 -3102202 2680151.5 -1683786.5 -2009591 4790998 70502.2734375 -2599607.5 210906.125 477351.84375 418506.6875 2629869 833049.125 -657217.25 412370.4375 3128502.5 165706.171875 -2499001.5 631243.875 1110656.25 2119777.5 -2267225 -2425107.5 -392263.125 -2125363 2413347 93991.2578125 1314379.5 240966.375 -1330923.25 -2108952.5 
1469842.5 3618565 -2307838 350627.0625 -524484.875 -3084901 -3151289 2765810.5 -3315080 -2561517 3912799.5 3485215.5 -2656310 1586252 1163202.25 -2436132.5 -3917427.5 -1589230.25 -2413512 -2285981 -3063184 2140532 -1129093.75 1271819.25 -348209.625 -969386.25 -1921933.75 1583403.25 1439352.25 -469333.9375 -3847069 1048967.75 -583763.9375 -2661905 3732840.5 -2203292.5 538054.375 -3618085 -729253.25 -667041.875 -47277.625 848439.375 43490.8125 -1691891.5 -2900202 -776663.4375 5441738 -425986.0625 -3133565 -2537619.5 -113893.4375 -2684017.5 -474817.6875 346099.90625 -1593514.5 3083250.5 270833.5625 -2988795.5 -511717.5 -2021646.5 3731086.5 2614305.5 193358.15625 -1207778 
2633843 -942795.5625 -1484453 -3959307 2936336 3425350 -676548.625 1423261 631076.625 483675.15625 626931.1875 -3167596.5 2794752 4746585 3012739 -2709376.5 -2465496.5 -1420731.5 -3213676 2238348.5 2830655.5 -55105.3125 381543.375 -3462047 -5821040 -816440.375 3275171.5 653390 2757480.5 -2144180.5 -3956851.5 -1035457.125 2289727 -1068267 50300.234375 -2352743 1152989 -1536987 -2933524 469239.625 -1150040.75 -2604096 1847305.75 83354.84375 -4268908 -1120913 -500583.125 -6639828 942342.6875 -1882352.75 -1175203.75 -930683.25 4058848 1495900.5 157406.203125 -2311757.5 592156 -2168860.5 250638.375 -294713.0625 4367741 -167091.9375 -2662892 5479507 
4896841 889294.875 -956907 -2780113.5 1035680.0625 -1723315.75 940872.875 613340.5 1030588 797300.875 3370611 1538532.25 -1301220.25 538181.1875 901070 -814666.375 4164180 -2380368.5 -1371996.5 -1297704.75 -7889151 501976.1875 -1418526.25 -2876117 277043.125 2770408 -2595696 1797890 -1706804 1315752.25 2243811 -939711 -6883.123046875 1175827.75 240941.78125 -529549.3125 1349155 -152536.6875 -3855063 -656160.375 3954538.5 2918324 2566828.5 2245028 5970004 1827840.5 -4060221 3630662.5 8733.78125 -3426664 -76137.75 -2168570 -1336260.5 4295463 -2727926.5 -1337825 933929.5625 2778425.5 -7395018 -1675480.75 878541.125 430000.75 6342028 2756065 
