16 16
-90929088 -161265600 95736192 133874208 22480464 -52574848 -39145184 -133561088 -40341680 -63257696 101317664 -80284384 -146596800 42605632 6134666 65830752 
52607840 -83402560 37197136 -179513728 -147148928 -110703808 303983104 331369472 187642112 -83302976 -159439168 91359232 74573664 -97284224 -85427456 162082240 
-244648832 67149632 34004240 62172912 -138107776 -17372016 -178477312 -171724416 -128461024 -32680864 86217824 -77426176 46311600 -76186624 7539458 -303282944 
-215258432 36304320 192269952 -47964688 81958528 291646976 138700928 -212327808 -41984304 157574656 -45909744 -104335872 20402248 98038496 165390208 -32517456 
77913824 -120143360 -125680768 -30530456 100900896 -128642816 -213757312 117463648 -25108224 -111291392 280500992 -201391680 -263472640 138908736 122446592 9659512 
-176677440 11485920 -118637344 -61010896 -255096576 35580336 -106650624 -76590464 68009248 -141988032 -62779856 238099456 3508346 53591184 263101504 -265666176 
40485056 -1605047 -71233152 -35973632 -356374272 206473664 45311776 46131296 199130944 -238118528 -90054976 23171720 -107673056 140064896 10835948 47281776 
-32313120 -6270210 116715616 -21377048 -121273728 168189312 122543264 67368416 -66337568 -74315456 19603480 58094096 -189753088 -105362432 274059008 -104383872 
-107653824 125632928 185201984 -78063008 366093568 180382912 340960768 -776344 -127622944 392403968 -34356800 -72137152 79994240 48526080 -115054304 175757824 
122965664 -34729008 -258413312 -63563872 -65584432 -61551840 -233556096 -39240512 98505280 -169196096 -5841285 49563152 -2956875.5 -106719712 220615168 -174332800 
-62456944 58655488 36457040 -10814532 -65319728 119907008 -156852480 -73411328 11328956 -4622088 50107712 51887616 -56329392 51867744 113126208 22638656 
-43334592 -188860416 96004608 91348704 32282056 119540416 20134008 -117637056 -50216176 -15095544 -36988608 36858144 91990720 -158615488 33377448 11485834 
36696256 -65972368 -2175087.5 -29258408 170099648 -9373160 54364144 72824704 50694560 47909248 -133408768 11291532 93564384 -408712 313231104 -52297680 
160748160 32127216 21280264 28208784 -1637024 -72855136 -40366592 -11972480 -142349760 42654976 13570304 -166894464 -217279616 477428736 -39187472 133541696 
-63352256 -158338944 -35157744 179347968 -184110528 158890176 157149760 -68993824 -100459616 -104067040 71591712 -244100544 -255038400 39562448 -275559424 79272288 
-93271520 75883392 76905184 36608304 -69605376 24366488 234934592 198325952 147948352 12453216 -220256448 -31584584 142580544 29571448 25306528 -46367776 
