64 64
-276731904 -62012112 331528448 56995024 -452142848 -496498944 -216657664 -256984576 -156176000 613446656 -156029504 -470708224 -307598592 -497743872 -409502208 290680576 -518265856 -87096000 234010560 17203848 438568960 471553280 173443904 -17655344 -63043088 48008400 -9151972 -176068160 -354603264 -9644496 636966912 18453456 131394240 -111387072 49740544 -214969408 194676672 -214435968 -269010688 -153051456 -35240352 -256137792 188929024 -149593280 756869632 -122666944 205703424 188594048 -448698368 -95519520 107203680 -78274368 -170401792 508334848 -267516224 -200996544 144759296 -245972480 259988224 14466836 559482368 162633728 20814008 203081472 
-47646176 -101572448 -356223488 -316595456 325453312 185422400 179739008 19418720 -200894080 -419515392 -199304448 -9911690 -651410432 -156088896 -382333184 95335808 -150377920 -153471616 -346882304 261535104 56017152 101668256 -237102848 88488928 -436606208 -12209162 -123674464 -73153824 -118131552 -555641344 -520441856 228137088 388036352 -163662912 73293472 -274826496 280055552 -21204256 212006272 208918528 62124640 -494486784 -57061792 -129544192 225947072 528200448 -223689280 -418630400 101645984 187652352 -314176768 63007552 380272896 60264928 206527808 -204230400 -127851648 94327328 -408507392 -102626848 157771904 53862368 337905152 -85674080 
108348800 -415434496 -166219904 -523525888 462827008 71543232 39330336 230080512 -232700928 686586368 616012800 -106394208 -79847872 181937600 279475200 -208648832 7390671 63050848 -50334176 -582674432 230505344 -68616128 18703272 -128171296 -245953728 -263987904 -237556672 145175616 -20858984 203124352 -276702464 92459008 -165435008 13031004 -58632288 477003520 -132642688 228466112 218866944 63901600 25008240 142836736 -31978704 -306631424 -5141802 -388659968 27122448 -45395328 58673696 -18464328 -631598080 -85787008 -93409472 271497472 -256890624 -75271424 -233994752 -225902208 227316096 451803392 -422323456 -108690496 -310048000 56469728 
3016842 500679680 -117987744 -85097088 -286147072 202395136 218873472 -187324864 460818688 -525804800 -159154432 121045568 599384576 63768800 -31041472 -86854400 9309136 -184431360 -421909760 -360934144 -452156416 -365597184 -469363200 109305504 482550016 -494799872 -144010624 -87617152 491965952 -93843136 17393248 80104064 -141203456 -125158528 -194454080 153112704 -6893472 -243501184 13063360 408433152 -132145152 39108704 278992128 118904640 -111985024 353929216 42035488 -100865408 346259456 245666304 -52953632 249112320 -128337760 -39858944 -53453056 138511552 -145707520 519215616 60794016 -451583744 13337216 -104508608 37009408 -465854208 
159411648 328161536 301740800 84543168 449687040 62480704 219299008 -651007488 247249792 -559627264 -152083584 350591232 40890688 190796160 -36156384 -303409664 176277632 -312391680 -6635520 -39202656 132225696 -409986304 270979584 272742912 161431040 92848352 305355776 -31106608 -86507936 -294427648 281657088 9478888 99104608 -235784704 204680192 -381720064 -479993600 -138396608 -31215656 355364864 112250976 -191101760 142332672 415211264 163368320 20415488 97970688 77171584 -20062208 280648192 113022560 -99449216 225675136 253827264 -191144704 -280047104 318683136 -83800576 -292509440 147887680 243026368 -618057728 11833152 174960384 
-104331744 240573632 10386720 287485440 -13416558 -398753536 -360558080 269729792 -5543200 509079296 450516224 393777408 21624016 -390966016 98957568 206660480 247760192 -61006272 -81015680 -42616224 -221575360 -495880192 418342912 70417152 680100864 -157092352 -181955072 49804496 251989184 -302401792 -7937024 247269888 165969280 161788032 258594688 314448 -435990016 121260128 399927040 -248315904 -140099328 -137124992 448144384 148875392 328876800 52590096 111498080 -78052480 523934464 -88427488 195740608 159796672 195070336 501039360 132181760 60523616 13781008 149298816 -439608320 -155145088 21108560 -86269760 -483271168 -14452336 
28585168 253689152 82555232 278158848 -168764800 390987520 551673856 -460876032 391483904 -141731840 -283472384 -56890176 -100423968 301882624 -317127680 -188948160 -282890752 -502503424 -315293696 286492672 533536256 51659184 -582583296 736420352 -198572416 184582400 -112913664 -515715584 463655424 184319040 -283218176 491101696 -234984256 -81816096 -211642176 -292259072 81183584 359907584 -31345072 198493184 -143256896 381575168 -11946980 -181706624 127856608 141832448 259157568 202972416 -174790976 186318656 186622656 240752960 173847936 133474720 62309808 78219360 -17883376 104315072 -160024256 -225389696 250492480 261015360 73868832 -145909120 
-243869440 156138432 -219864256 311948544 34340544 -224193920 76419584 -41586624 86995584 60570992 122608096 -320892928 520065280 59270128 -22550288 -218448896 -375760640 69264384 -186239168 -37489568 830498816 179023104 -208955776 -165116608 16557280 -113886912 -112036672 -376508928 511949568 371793664 455142912 -143281856 -143594048 -69889440 110479424 -302595584 22180384 -69157760 -140018816 103525600 -431854080 130886272 -474355200 -613262848 -347156992 -216583552 -19872720 15850528 -446953472 -489498624 158817920 546857984 -509148160 98696832 8028976 135588416 151855104 -319357440 -103904416 217289152 73432352 185793280 16173408 85611072 
258387264 -4046552 -188171200 -256004416 459988736 101837760 -379012864 87267584 -77792576 -212646144 156590976 322435840 -102807072 346819840 713800704 -232431936 -1357108 134788352 -244144832 -305561856 -308490752 -59348992 -88811072 62491328 201611072 -6404168 -2845152 -290397696 -85674304 160133568 150638144 -296321280 15623754 -35638144 -339848704 -446618112 -127375168 -118813248 -18130552 -9803280 471325952 44705328 149471168 291945472 79777504 -244114496 110463552 320519936 -132699456 149092608 -412689408 -161532672 -179039552 649152 71687808 -242282176 251968448 486144512 -269979904 242472832 336462336 1363880 -537082368 -141546240 
76901248 -75357600 463530752 -574313984 -207370048 62286288 275786496 97860000 27510696 102413792 -321926400 -148052032 165260032 81293056 -186284224 -221111040 -471014400 -241859072 -461508608 9096138 -340236288 -92252672 -124151872 -41985120 135858944 -113641664 -79035712 460920832 215494336 30501856 74622784 343122944 -143823168 -320686080 227217472 484256256 -142775424 471794688 169057152 78691776 107485216 434816256 307509248 126085696 186170944 -109709152 -387758592 69186816 247359488 82544736 38769296 49966128 107092160 -507436544 -372518656 -282959616 -296106496 -39826960 131240832 27832144 64027376 -12685408 93470528 -108061248 
-284662784 -267849216 303375616 -263410944 -158199360 206853504 -126002144 -558539264 265647936 -431761152 13159320 337794816 -247610048 225304512 -148106816 137940352 306607104 375181056 -420634112 64073856 -346172160 -139782528 489956864 371312640 374607360 -136886592 296249856 -308112384 -210347904 -362407168 359934464 54610576 977982 22088672 -332729088 18249640 -415300608 -95392384 283117568 233095040 257197184 190863808 542366720 328692480 319089152 131813248 114647296 -143040192 -221795200 466918144 316039936 50633312 169256256 -989104 -191168832 166382080 -107188544 77019456 146723456 42908160 115027424 -160276032 -396724480 106766080 
115640384 402162944 178821504 377056512 -4595196 -85466816 163183296 -230332928 214115584 -173558016 -313342720 -284878848 195692608 35907232 -284907520 -60244320 -234512064 -287809792 -24307816 405171712 241215872 208437760 -374915072 230256320 -190473216 591441408 -291356416 -27681784 61973104 -1048048640 217294656 174716416 -33748320 -49572336 488840960 -230080192 314063616 -381352448 -188756864 68531712 16053656 -391932160 136851584 198643264 347112704 544480256 177898176 -272247296 137567680 -50322032 149701888 109163648 167563776 103583776 -110221472 -193765760 133049472 134846464 -87644896 118281376 -143119168 -68865536 476601856 -269018624 
13801434 -29977024 98872448 -314805248 -26563128 -127757312 125954944 182748032 -213474368 117935104 -297857024 -446761472 -67753088 -335737856 53356064 -102809312 -550970880 -91598720 257614912 -461166336 -287123712 75937664 -231339200 -107240192 401848320 -89193984 -71459168 -286490624 308163328 647706624 -9813168 -309369600 -22331944 50044592 -99727680 24338368 -36962912 -42016240 49237088 -206984832 -17932944 -80880640 495252992 221223168 -175725312 198045312 -462643712 278731520 245244416 468793856 -82195424 -247504320 -404203264 -44210704 132311488 64576368 129544448 549846016 -328095232 -250094592 292549888 325918208 15182128 -79601024 
-282317312 -90723712 95598784 415168000 -101530752 436737024 -73996288 -7208944 -18142864 661610496 140496320 -224536960 70632768 299187456 65490416 -215033536 391695616 -520992 -77821056 16026032 194729280 418845184 348977408 -438205952 -529178880 104348544 4999232 -228881216 -67326848 353043200 144292032 -20266384 -34721296 328191232 51686352 383337216 78571200 -142144512 -469130496 -264202368 -27407048 367966976 -446353920 68764000 -44218528 -217529472 522825984 420460288 15616528 -271814400 -22695656 -325143808 -398429952 -42521264 -257488640 129709760 154956032 -421530112 445307392 407281664 57198784 -34915088 117648704 161739776 
-222494592 468290560 63749264 100200704 -249819904 126586080 226785664 64849888 -370837504 435822592 168620864 255107328 44190512 -212186048 -60472176 54362400 70490880 -373434880 14689236 -26486096 -30846888 248001600 -128925440 -249557120 40685856 213693440 -163323392 309670144 160992256 37113904 183820800 -213906048 -247717632 171111360 67870464 110443648 -89737408 -140786176 -88686976 -377848832 -336460800 15084288 -707129856 -84290560 -561913344 159803328 185362752 122336896 46205216 133229248 -220939008 -322286592 -551325184 265864704 -57303136 12690100 -312527616 -473693440 -274455552 -34734240 260592320 -142439680 408788992 332551680 
211551424 11266064 -47861184 73901888 324827648 398398464 383980032 -199808640 -73228288 57419648 -236930752 -43982912 -357462272 -275379456 -280033280 117408896 197140992 -123045184 -40534976 -185118784 -38914224 260268608 -150448896 -304924672 -615737856 327131904 195311232 314769920 -375100672 13103376 23659840 -97130880 148438144 -229411712 180254464 -58160832 246768640 -238474048 165456000 -160618368 -124195296 68957184 -337041408 -299457280 2317792 -102923136 154573440 -74948288 265754432 -23627840 109564352 -267018880 -21332640 254626048 59225152 -56614432 -248457216 219320320 -180337728 -177066880 168611072 14965664 264500352 144777984 
-624208384 390950400 400649472 524932352 62946896 157640064 603191808 183219712 -313538048 -181942080 -212993984 -317238784 -173559232 -10408182 -323331840 -330994176 -15068688 -342541824 112231488 222877120 353388032 -184105216 -212418752 -388541184 -117568064 -202690880 48082928 -140942976 686013440 -16071696 20639808 -161903360 -123177120 208976 148629888 -79429728 105376992 124966912 -748389888 -136095552 -57746192 -312508160 -29126656 315526400 -209630976 283861760 8032464 407881216 262112000 624658944 -497630208 -378260224 -516243968 135667712 -631579648 8875944 387552256 198049536 -276441600 -86798400 -152755712 36632064 254510464 -338810368 
-102166912 -260567040 -346950400 160906240 -37032608 -17898384 157395328 -358467328 371628288 -367891456 -66875776 -193366272 4264704 136881728 -310338304 -246931648 29443592 -53959792 -244033280 -40346848 -63218848 -50250224 220445952 -22954864 -59956736 -168595456 276493312 312374016 -441802496 -122824512 27150240 -322790912 -135539008 118186560 396122112 -281587968 -563517440 -87059488 344989184 330671360 326166016 -270362368 -172179008 68065152 17700848 400585728 -222796800 -448502272 70768640 337225472 48173776 88663136 175039104 -468481536 -285335552 534718720 -143517824 -56612176 -63343904 77675200 425743360 193077568 501308928 618462208 
283931904 407918336 97196672 -448700928 468255744 -121090944 451752960 -171674624 -286823168 -302197248 -354027776 -124052992 -491163904 -551372800 -252825536 -361558016 166799808 -202964928 192645952 -65960352 -343358464 59397968 -347456768 -106874144 -156870656 -305317120 -215803008 -25133304 -122096384 -491917056 316432384 149523648 491169792 -81739232 -101426400 -81248768 234786240 -143905024 -146290816 -310672640 -48494224 -179158784 339949824 -124372448 14880960 216809600 -241771328 -392756480 275059968 -160816896 32126336 -345393152 50156256 309052928 -249440192 -356883712 73225600 201200768 -113781920 103347776 -21374000 -282290688 176290048 -68670848 
269964032 -281866752 -410822912 -236937984 46995472 89222848 564846080 115804640 -152002688 -239056704 -417256 -90712640 -95202176 86228096 -129574912 200491712 -265257088 -375462400 88967168 254329792 424933120 327460096 -330685696 94130368 55982832 -62826592 -561246720 -377644032 -574897664 3436776 -153581888 -4102384 -273242880 -28482632 233553216 -348163584 263458816 -90509376 -22244240 321179392 358423552 -156098944 -106323712 390635520 147101248 113367872 -240129152 -115321120 -128685504 130741664 451186688 -189474944 146781184 -220062144 99137664 -112676288 -323784704 -402298624 23267368 417886976 295347712 -13989056 449959680 -56724480 
185702592 131097568 99343232 -83217824 221572672 321807360 392419584 -396492800 51437824 -539004928 -301961472 51154736 -237794432 -141156544 -408395264 -11640008 -69043968 -332227328 -211145408 409460480 -210238144 218123904 104711232 537923072 -30229248 368085760 196314432 -16438270 -163559808 -233574592 65714176 392186880 230002944 -7126424 74005632 207591360 -113832512 -68820992 258290304 69205984 -408035584 -20434896 140657920 -75291008 -140143168 374556160 63391232 -472188928 166253888 -419365376 420395264 95126720 474959872 122391904 91374912 -69055904 71387616 109104544 -75607968 -621834240 11317176 -193592512 548858368 90266720 
-689505792 -159813760 -351678464 455970560 9268032 93649088 238506048 -470800384 -538032128 94754688 -344129024 295055104 -502446336 47714624 43603040 193766144 86219776 -340845824 19354128 -215494976 -163144896 288272384 -22237152 -594970112 -43381216 280040448 -286204672 154969088 599075840 -1963288 6567616 27761488 301192704 -276709888 -184151040 -42195024 533323520 -181657920 933632 -127620032 -421953280 -406083328 66709344 368153344 -282115072 45953376 233841984 361798400 104971648 -100717408 -47294608 -411981056 -466126592 -161798784 -81531968 -354823680 -104045312 290847232 110335712 -84017536 108875840 304440320 35826944 -159514880 
315520768 -171865280 -269732864 62313744 710012416 381363968 494432768 -279061248 5390039 -208658560 -309565952 142353920 -124438336 -85462880 80841632 336942080 50702672 -118102208 -261734656 11980480 -184018496 280645376 183260736 160079872 -356709632 8696642 -104192640 471713792 -36518528 -163121728 237511488 288665856 287845632 -563080704 243729856 601308672 -53728688 -490395904 -255824192 -147441920 -190263488 -90617344 132176320 205952320 -103211776 -42611072 213988032 -22777232 316123648 -115119712 -194443968 -414909440 -202870912 -95461056 -459348992 -186795072 98220608 279273984 366754560 -301723392 67982336 -341469440 -84951648 -196392640 
-178312384 -60765072 255448448 23950136 318743552 -177054208 418609664 8053712 217422336 -209684096 292644864 69251520 42450128 209087744 146298880 -58260848 142904576 122889664 -122060160 2583216 -109683904 21654688 -43609600 -205026944 -143919872 -276902912 291667968 112156576 -246376064 34920544 90696128 185704064 257277120 -112878304 208422656 -145195328 -4371632 -204089664 243972544 -43438400 14674432 -116828224 247595904 96914944 -62278368 -137068032 -19724912 -65245536 -119709568 -229253824 -113635840 -148353280 -75826144 446329856 243867840 -152538560 264032512 209711488 97202464 182852480 184836160 -386770176 -438308096 94277888 
186371008 -132217056 -326403584 -343445504 94057824 -178588224 -159575680 195753920 -48030048 -309976064 95084384 -159832448 -64055104 157230464 113608832 -553651200 112063456 103447104 309387520 147376896 74827136 -13936354 -46630384 -582060032 -82036320 -330536960 119207872 -283915264 -108901600 -323011840 267466304 218040576 258744000 332506368 464860160 -400841984 33203328 506677760 469169664 171743936 -241312256 22122328 -210306112 -200135104 -132783072 289317888 358563328 -595656704 -214078144 -80436000 98460672 88011520 187331456 -271488256 -33376328 475931648 -430138368 -124601216 60690192 -19860704 57331280 128697152 437100800 161032000 
532065024 181729536 -28081304 -354238464 197617536 236096256 222173696 -284856064 -80853312 -404571136 -225292480 78618624 -151787264 82397824 -293245696 -482212864 194034816 -153538496 -349998848 -86365408 -105132608 -220389312 249309312 728748544 315796992 328386560 324056064 179777280 -184160000 -57133248 174637184 302061056 -512633344 31788592 473129728 255829184 -711628800 162939072 470131712 96632832 258465536 80183264 250370560 278727680 357982464 37597280 -251862400 -193773184 240144128 308123904 236243840 -168546048 158790144 65384384 -275440128 -388832512 263220736 126918944 -554912768 -135113984 -100162240 -335366912 258352128 -3669024 
306525696 465833472 90018656 -162077184 86473728 343994112 217153408 64917568 419815168 373737728 -183762112 -342148352 -78500032 -19012760 -208661440 6574520 -243585856 -336644096 284226048 -80286656 521787392 240288832 -493145344 134104736 -215545216 497891072 -689407488 -124966976 667681792 -97609120 -27293600 343357952 14655988 -236692160 -10652624 272889600 457002240 -182779776 -533095168 -58666944 -286652672 -27329296 -2357168 -40483216 113405632 485495552 118077696 291490048 24180040 129677984 32965096 -94830304 -402368512 -76920896 -180991360 -246820096 126903232 -223064704 -141245056 -908068352 -286653440 117485984 242168384 -337651712 
-137801536 48783328 125420160 -347254528 -242652544 -13930984 -85631136 334161920 70328288 -338956800 -38616880 -79841440 -317657344 -118313600 73391200 -327228928 -55220800 -65067152 -168085376 -116842720 -103757632 -59691712 90840000 89283232 102528096 233353216 -14259070 -8333294 -84042688 423384320 -233660672 27761384 -44221424 194035456 -152959296 -690902016 105867264 -98659168 10362238 -250912128 73156352 -315945984 189100096 314632704 -97440704 211884800 -461204224 -65088352 -210841344 -99998784 530019072 102022720 -37174272 -244609664 464841216 61148112 146467520 317167872 -317858816 -112578656 524504832 248052032 -397158656 196814464 
266876480 -61474016 -256977408 135417152 422333440 140781696 332652544 -361971968 -416597248 90356064 -105774240 148501824 -130757568 -71038560 -271462144 -28383432 -110491584 -178561152 87853472 126461824 84939264 363002368 -200273280 -37642080 -376233984 623001088 104847392 393661440 -382134016 -250324544 -95610560 361052672 92329184 -284520960 409433088 370926080 46345632 32777568 227871616 -96192672 56515920 -326496512 -392500224 22741560 350285056 -182141888 -18379104 -158175872 129089216 443602688 126075808 -366554624 -76489536 -102792640 -63181904 -357111808 97068512 -49217888 -166113408 -55187376 330383616 -430318848 751474688 66396096 
25794488 67130624 219282688 -28176296 -42932432 230406144 -420718336 -275514112 -325534720 -17398184 -89488256 -88883744 295104000 -75520224 197650432 -160673216 -256897984 74224256 46074784 -206313856 201076928 -221425984 73399072 -89585984 129577696 -5156184 113637728 -76768192 -303567104 333899776 139438720 -207937920 -65996416 94326528 -249718400 294940672 -404274432 -14732816 272762368 -103206912 -368605184 574536704 -180859776 -308532224 -331669760 -343294208 -7819376 113663008 161253952 92548064 66910864 -62139936 122287872 -310199552 -152947648 -271860224 -17765440 -421096448 -292130048 715863040 -256645632 -55053696 13662752 63296576 
226480000 87952832 -488999680 -332927488 -160453120 -333515776 42746784 216844352 -42469584 -62827728 84190304 -77639456 284437504 -133334976 182212480 -146465088 -527067136 -382407936 219350144 79563232 107972928 -80342912 -446479616 -60214544 67723072 -308708608 -535336704 -105682368 262138880 -470088704 -70181504 -85119680 208191744 42534880 168897024 -345055744 225577856 235971712 -225191168 246968640 122984256 -307379456 -305789696 310734336 -523779328 441046272 -249388928 -75816000 154705408 -26067520 223235136 -294795008 256248576 -417437440 29255064 31100608 -165981120 -321220864 115854080 50609376 -21685424 7688960 385336576 131487968 
217718912 221323392 116272064 157219200 -26537472 204013824 289032192 -88147296 -374714880 -117673536 91906752 -641614336 -36830768 66194080 230716288 -329331712 -1738240 -85584800 255215552 28309728 -5337504 -227111168 180472448 121952384 -410126336 66311600 16766904 -351905280 136407424 420338944 -66286112 255449408 -141373120 388117760 238544896 213065472 55278784 565606912 -232719168 157292352 -409090816 -13327848 -159645440 -28936728 -532816896 -304845824 496542720 550643200 -159369216 -26929616 -65058400 -533405952 224942592 -93607712 28408184 65398784 328579840 -410684160 446710784 -131105536 -465736192 48525568 -35880864 213087104 
350500096 231867008 369591296 60019184 -63382416 -178825984 -196484544 -58197472 -88766592 -9557840 -723636736 -262646144 -225468160 -178864192 -273274368 521631488 -87429600 10614224 -219644416 36771968 476924416 -237324672 366565888 -189471424 92323552 -994320 -325694720 -90614432 28341440 -218048320 410768128 -314646528 -97342464 -279838464 -123080960 -8616496 110281984 373772032 -398304256 -124246432 -337230336 -162824512 241287040 53696768 -64480640 -12011616 320815616 266225536 -560687104 292904704 16840496 26537280 -93884160 -808174592 -541992448 -147747712 -22915120 -508099328 213363584 -122367872 1175840 102639168 237926656 356946688 
41044800 350608640 -236745728 475688448 -9729384 91129248 -101083840 142697216 -85369792 -9785460 71064640 -193926272 81782208 -378980096 -355853824 85152320 7780562 -198688256 -220869504 -461403904 235219136 -219886144 -293197312 -197195136 103204800 -319883520 -126023488 -467857920 22507816 -42260272 170437632 14363952 -153714688 -1097424 -9079520 56749696 243559808 -51690928 -47386400 151059456 -13197144 39042368 323748864 -118621408 -62987424 -247218688 62751808 293537024 -132117632 411858944 29103336 -225953984 -635456000 162627712 -477482240 268903424 69612320 -476979712 -170493056 578328064 482808 87885024 -138946816 -212903104 
-522767360 117525376 -96711424 474746880 -119190112 56660112 158631424 424755712 -5804600 136259392 14247566 -165956608 -61947552 -167610240 -157695296 37962512 96069824 60392752 -107178208 362844672 32202576 253106496 118399680 -328022016 -336818432 -88011200 -408677632 64698800 -65297312 257727680 -387414272 161402240 73419168 -55389984 4500143 54018352 148753920 -670046208 -488574464 -423971328 -293302016 -142857984 -34446208 -75259392 -223719424 190774720 -87156544 -345711104 110967712 -369445376 59542640 304588800 -369749248 -250349632 -97974432 535259136 110490464 58980736 237299840 -320917248 221327168 14003022 -39174464 85335936 
-332901888 -74576992 -86612288 -116743136 -19148248 -65933504 213092352 -28183040 -65097216 -369626112 337937408 -139463168 -60055584 45098816 -86675744 -107210592 30566936 59276960 578818560 416139008 -72005120 575746560 -73147072 -164352064 228921792 256173056 -329494528 330452992 -29411744 293783808 -117982656 -104446304 -6589840 -33019112 31613520 299169536 -12640464 18823328 -359248384 -446980864 109835584 -336788736 -115476928 223390208 315089664 68813760 3760728 -24194464 -145229248 -338579200 80783520 -97819808 -11167264 -72627520 55276192 -423052800 -130569600 294356736 118889824 -703881728 -15653824 312128768 -150190080 -329260288 
152614464 -91391744 -147176384 -322312960 -232227840 230926656 -66314704 -187356608 -101017408 -605517312 5649688 181689344 -668497408 -58794848 -239214336 364985088 76264000 -367579648 -480884224 213762304 -165409152 -107597696 -12701736 -343732224 -34650112 7928320 96089856 50037712 -395899392 -179791936 -203291136 -68181632 -270812160 -41816256 -220800448 -162513280 499308288 236323584 578286592 245414592 443345152 -263964416 186814528 546754048 213227520 -77206784 -49750048 -123154304 -196184064 703731712 -209458112 -79944128 184920704 -680131072 -275021824 271265024 -546422784 25324160 -215921472 -97492992 547126784 75255936 350279424 364478720 
-40013696 112222144 -93393376 -400605952 -182817472 -134347776 -195903488 -36397024 96019648 -215302720 237057856 25239160 -61114128 -233473664 -5148176 185308352 34852688 -256868352 628334592 -37607488 -133021760 72771584 -59491200 -43461312 261469632 -293761280 1099888 206852736 226638592 -109441056 154995968 47599840 188888768 147742656 -178270656 -305456640 -123559936 145827648 -14268288 -143760640 47449744 -190302720 -154382848 -50788096 79006368 381472000 -45675744 -85469216 86542848 -160475072 -20602752 -74519360 25913584 251987776 214499456 -136568576 -153572032 -33122576 22039328 138928512 387786240 -84437024 -276439296 110424128 
-2009948 -257892672 135121216 -732119552 -346090496 -204922176 -5667792 94382176 57700608 58393920 153639360 240702592 6059272 -135949696 148051136 8405184 109140288 -6753574 158988416 195503808 -217643456 -105066336 273019648 -53367616 165086336 -368678912 92580864 160651008 38699232 -298752256 -11835712 45838080 129400128 204428416 -179178688 -204627456 136429184 666326016 452014336 99154400 -17924544 228813120 -231590464 -356160768 -115463968 339785728 207411904 -582867456 34665088 -154703488 -239644928 433450752 450976512 57529808 163488704 412751616 -934049792 -193043968 347196160 -15239696 -184868288 63651104 198494720 406192640 
-263614400 95250880 600430080 -199521152 -279858688 101415232 175773568 -88594976 -33967872 107573120 142839040 -49878240 -169693824 -372200960 -427113216 77851264 -103206592 51389376 201455872 -433505024 -488929792 46923472 204328576 -433117952 -181560704 227130176 193186240 590290432 -95057088 86621696 -109069216 494770944 -25916680 171657920 58072912 384283392 405798912 -166354560 476561920 172740096 -304295424 353550592 92156672 -36872480 -205843456 103172480 -482133504 -53140880 59668416 -63275552 -68849024 150226688 6593904 -18080112 -111617344 -39431840 23422048 -91883424 -53372224 -222012416 91660992 -444778752 118908032 -14269312 
405732608 -153497344 52194112 -103258368 21223312 359427072 88034304 -461065216 354892288 -259464448 -22023408 279081216 171730560 333092096 265365504 -405944320 387876096 -116345760 -487609344 -24941952 193224832 -90016864 24480296 -97686912 -144873216 66162944 -197011520 -71205792 -51697520 37403152 -324574976 -281930496 -166872064 -286454528 -247692416 100104704 45006656 -474393600 194993984 -229123584 -75807584 80047872 -374215424 -14091200 106382304 -468559616 266205760 -84139776 -507618048 -336609792 -41808672 269445632 11184800 -136445440 176942528 -212365248 -216807360 229318656 42052496 -31568576 219214720 -113647744 -232380096 -116163488 
-5623022 -345645824 -17870824 -380520704 243283008 320792064 98885568 -54971520 5873600 -233262272 -183291008 56084032 -225026368 150537024 45938144 81209664 167271744 62516240 -20852904 259364480 -208423680 84164832 24584176 -56441536 -105845824 -180878592 350195456 -191436416 -636201472 387135744 -29408496 -557961728 -2994168 132774560 -575203328 -412046848 -72919552 70708800 252725248 -174283968 135362432 102944864 141046336 -8125944 -89298688 176174848 120009888 -173429248 431997184 117222304 189838080 -180279744 84812896 -488843776 -47498464 464251392 -395817728 12914864 -52718240 268789248 106844480 -46197712 253452736 146044416 
-51144208 150576704 -219379904 25585184 366456576 1816328 180739264 -244880384 145944768 258582784 257091072 -125452608 215454208 -197715584 200246976 -354379520 -14450598 -410286592 545885696 -8901128 228317760 -157690688 -170746624 -402869760 -537368064 118843264 -232784832 258376320 -141080064 -318455552 76269536 204846400 191269120 275422464 -8764416 -192150336 348528896 -101621344 -402352128 -50650192 -21081808 -103340064 -569526272 78987584 -402220032 227249600 277351680 48979792 367853312 2283134 304253184 -405812480 -167201152 301393920 -202204032 125469568 -38586304 -307534848 304334592 -9438672 -656906240 -104728640 267780096 -131887808 
128682624 -403579136 155148416 -93704832 -225630656 -145506432 -68981184 -354072064 -435452928 431445760 -458331392 -301706240 -318418944 -160449344 521236480 -491445504 -210284096 88984512 575612928 108523968 172445184 -35436704 -398658560 -359448320 -391960832 -9622304 -214886016 107265280 30739600 510596864 -489052928 140886656 169760192 232340480 -113036032 8565872 438074112 211614976 163788032 -15719696 -111540544 246875136 -280126720 -306080000 -248704576 -178258240 103411136 399651328 -530347008 -53099840 -129015456 -70886880 347071232 -527323648 273873408 -68479616 -154221248 21145312 258295040 221313344 -198343296 338445056 -97758016 -62988432 
107512256 -69978496 -316817664 -185014592 627257344 -59290880 310325760 -241903808 -86981024 -214953152 -464630784 -428004096 -93670656 90813920 97652832 -158806656 78289088 213723584 347110912 -150849472 458342400 242762112 -137841088 100503680 -333386496 150410176 -283921408 -176248960 173839296 -295543808 128997792 -264871424 -30341536 -24054080 115137216 237974080 183052160 46119616 -96230400 -197052672 209342080 117234880 171827968 71912192 195633280 315143424 22628288 -22362920 245531008 -142924416 -8365516 -107283520 158241984 -142002944 -8680248 -263104192 -239329024 74594816 -483605248 382852864 22024688 162442112 -133366528 268740352 
699683840 -224184320 -61679808 79087456 556679168 101646976 -24604272 -106742240 176334976 394337024 289173504 -81307872 -298540032 -222802368 -71021312 -199167744 281408000 -52067424 43173808 -113144128 -205049536 219726336 -37038048 -111178560 -137366016 68241120 -561991168 -101873184 -474240768 278216960 -16279216 84683968 11695608 188554944 571616256 -34141504 -137687744 -21645824 -75645888 -350129664 238456896 563824 245882496 -16213536 700710912 -37601568 133357632 -469069056 101678656 245391744 -4020527 194076096 -185193216 232286848 -98707584 122109408 117154048 -52415168 -8827400 -675817984 313252352 -130146560 10551776 1242256 
-279863296 -572999168 192196416 -257848768 -240066560 -404534784 279205376 139805440 -123527712 222061632 -322944768 -462973440 -283059200 -44221696 -241967616 -48841520 -280518144 -190429248 181399872 309697024 146038848 190826624 -80708640 -564727296 436861696 -314395904 -307814400 -339943168 -168790656 379388672 -357379584 -96107392 -341287168 -140917312 -186037120 -612055040 -157154240 -180862784 411181568 -323321344 19470704 18450656 169712896 -257799552 25385600 281066240 -397930496 -188451456 -730676736 395397888 -271751936 152484352 -316730112 -154744960 30245320 329332992 -485347840 -58819296 182649728 83266624 280754944 410388992 65115024 310433536 
-550982656 -557010432 205267520 50075936 -336061440 231731328 -15469024 -151217280 65371808 -80932352 142501632 220981952 81758400 -6839872 110316416 258033728 9292616 133155968 361175296 156200704 -72788480 433279232 234050880 -131579168 11869424 504662784 -108762048 232758656 250079104 236764416 14012352 -127583552 -51078512 149085376 18522272 -122855872 164000896 -685765120 -427654656 11861536 245759744 -586391040 -310633472 355988992 16933424 -676288 -63553840 439683584 -504347904 278788864 43361360 199115904 -493447680 -70679552 264720384 -350628864 95588064 337014784 18107936 -341700864 335960064 26375520 278396416 -413281792 
-629229056 162916928 392520192 398533120 -370284800 76174656 290071552 -298595328 503483136 194865664 -192398208 45415104 255161728 -177167040 -203355584 223482432 -465985024 -425619200 58606768 222936064 -236033088 205340992 128867232 152375616 302164736 -202431040 -40622560 10417772 148379968 -41217424 -259048448 592784384 344522496 -126779104 -334150912 109320544 -341136128 -856075264 71297536 151865536 -668669440 102868064 141830848 -71047968 -44978672 773308928 -35327696 92481408 5088944 -16772272 -115676544 125902816 170076800 104291680 32743440 115559424 125376640 475942656 121798592 -437562624 134351680 254237312 254092224 293274112 
-221600512 -90660640 -483507200 32731848 -135446656 45156368 -221426240 -172428096 -212029056 174363328 12628946 -127453888 57049488 -23676496 258868096 -305591808 -193445824 -411489792 385444608 335169024 -330590208 -64105856 -30640416 17134208 -42778464 90510912 -25428672 134642752 -52509344 -246330688 -220191808 -203269184 69250880 258060096 63043072 -371879424 31048200 -154551552 -192844928 415277312 149621824 -185228096 -351921920 57802032 172908736 -110676384 251465152 434721792 4426752 -306188288 -68838368 -527524608 -18814352 -82949632 -10069592 -115681664 -152590336 -54567024 89126336 119765824 -99958592 263857664 -129299104 -268396288 
224043264 -68383072 6527504 -2718946.5 276032000 293868800 -77428032 295771392 -89715072 -512321024 150338752 -4197656 -248324480 202270976 -18342720 -424737536 302308352 -40912896 -116738816 -275138816 -117775552 -28024512 133862144 -456042752 147978816 57832560 503131136 -475535360 -17846416 190517568 77535872 381806080 -178740480 83926016 172129792 105643680 -287109120 102290144 220237440 378276608 191669120 247976000 227410688 143335808 -262966912 -403527936 -269758976 83011136 168732544 -64718160 119729056 -303441664 -390351360 -295449600 -260600192 66119472 -3303504 -346992896 -102661376 142769856 -342091264 -8420288 -234029120 443081472 
118147584 -64976320 -49482192 -6047644 225420416 107335680 -269443840 257958336 -337138944 -28693088 -10946648 -143959360 198365184 38500528 -261411392 -359257600 351248384 346795520 -141477120 143534592 -294354944 217410624 39298752 -254989696 112719680 -230427328 -220392704 -474106624 -18398000 -192966464 143991040 359444224 484091136 5103328 337716736 52704224 -158288512 410217728 -112134336 -251886464 -54711360 204535488 297454848 -348741632 355546624 28573472 -14288992 -399132672 187484032 -348683008 97257472 366980864 121916992 -242680064 -349808128 125815808 115241440 -35501072 53954560 -168836992 177073152 -307022848 19831408 -343020288 
-410665984 -52524352 143572736 120624128 -90071168 108855328 -247162624 97446176 132291392 379444736 -82695776 351673344 227985536 -22111120 245096768 182411840 10588604 -174093824 -153214144 -169731200 -252854208 96375936 -184898496 -51617376 11320968 -400875776 49683696 332757248 -249448896 24561576 194164992 -328454912 540516352 -184340992 -162697600 -207291840 -136178944 383180288 -72172544 -735876608 -5606360 323993600 -291236352 -29751328 18487960 153790976 95449408 21089768 306748160 28559456 115413984 122765248 71684864 -71811584 -69675040 190722496 -80665472 79796736 -105319488 -43874336 563700224 133120576 -505244672 -41552608 
3604332 87183232 165843328 39929680 169677568 79213440 49580048 108322048 -228294656 -143196160 137704384 -543067136 -186078848 -301178368 -341597952 -46017248 -836615168 297764864 -76137056 -300804096 35088912 491784960 116637152 159732608 -263704960 187999232 -121252032 -231919296 230571968 23010224 152809920 68664640 272354048 11285032 145852352 151476160 388163584 126647616 -154900992 -72184960 -49007488 -120225888 399295488 -122301472 98321088 322449408 -521369344 -159674880 286190592 10831796 -12280310 315425280 -119784640 -272741376 -232963776 273031168 467181312 -91904608 -170205248 32042064 334464000 -139242880 -77625088 -184759360 
360210432 -35166928 539637760 312305152 -58444432 168496640 -33169384 -54586240 448886016 -4458280 -11241304 124973184 253663680 49087888 234902592 -226391616 -8819980 367325696 -278024192 -83361088 -237131456 8470832 310598400 -26480552 -121814112 179305024 -132067680 69763296 77158496 522105600 -242932160 -217615872 -100823488 89255456 -193273792 -193960000 -390413568 -68367424 -369192704 87640832 -86318656 657940992 -72839072 42290032 24072512 -283081472 -292795136 87867904 -243261312 118349824 -99601152 466268672 -293674240 -87389216 -57045824 241122880 442248704 -94545248 -355751168 76485920 39682944 201897344 -28993920 42462224 
85538464 190542016 -439869696 199960192 187713600 -70583552 -350171904 172837568 98886464 230344064 513955840 488680448 258755904 -417256704 145405952 -11076592 164493760 -227895552 77415424 -688442880 177064832 -157553472 -174197696 -55557600 535751424 290499584 -431150592 24861208 -49087920 45437648 27872 17335600 199595136 180659776 40091664 -341549568 88746368 -25944848 216389184 -36529632 -194548544 -508237056 330200320 171022208 -117380896 174975744 -129822656 -38599040 143788992 -67018912 514563328 -7074960 -82893248 140692352 266238336 -24594752 -8550336 16023608 11742160 -31048352 -24206976 -62799456 24171784 -463948032 
-7616847 -322058496 -18824200 -246027008 467067904 68039776 -147434304 -475543040 -61933088 77887744 487656192 149901120 -215175360 -62081904 162222912 97214080 79824512 145328256 125534944 331605248 -176703680 -380177152 42879424 -225521024 -94226048 -181638144 -111751744 136943296 51718464 257450112 -290699008 172101184 -488896 -8168704 -104217856 478615296 -380957440 -410823168 -198437504 -216475520 266591808 46373632 -536120832 286410496 -396834560 -129981312 -116787328 28156768 -164957760 124217472 64680512 -247857024 -91289728 153999552 72002176 -119083712 12417792 -406017024 -51498512 -150460992 -127893824 -147896000 -440237824 635528704 
372571904 -20583504 -458972416 58713360 346745344 -252271552 54104128 430187264 -44567472 323449600 144821824 -31878768 164811264 192428224 450519808 -165755392 255989504 379924480 508528384 -121280928 395124480 103028256 -542767104 -345214208 -2471205 -100889152 110186560 23424104 163565504 139570176 34493504 -14460156 186499072 240083136 227990912 -89622336 -82219296 -273582336 -288123904 -389366272 -81609536 108087104 -320543488 -354799360 -295332352 -270604288 186489664 240621568 -85435744 -705683456 -20535456 -219349632 -264385920 263502080 133133568 114988256 -155965760 -184382976 260009920 131968512 167730176 -310101504 -474792704 -8856512 
129548384 30387840 179817728 201617088 -364727296 -118192800 -285911552 -83657600 -257825664 2898632 -189027840 205445760 124566464 -180807168 -196940352 -156896512 479478784 79689280 -239611200 -365368832 -110759040 -558825472 121484032 -115747328 360236544 -401161728 298901504 121457536 -419621376 -37364480 297821184 10447576 60170528 201371648 -240910272 -222620928 -336942592 323778304 98412864 -566121984 -151728704 -36614880 326675712 -10620176 361558272 -250957120 358853120 200713600 -260788160 120156832 205112512 -136375808 81582752 174920896 -227170688 78105376 206826944 262508672 175579584 469309696 238587008 77267776 -11115576 342807040 
146258560 -313181696 -276325888 -166812800 491455488 653568 -587710464 -126877184 168406464 -192523584 132253376 167677184 -389483776 -194589504 112275520 -185468032 113237536 438948096 -226884352 -251142720 -35018976 -96725824 345858560 -769289728 -96450304 35492096 447147776 -551546368 178035968 -26338304 470699008 148216704 481632768 97468352 -7513632 -226678976 156592256 -328065024 267805568 549862912 -63996704 238935232 135840512 134052608 -430848256 -143329024 132624768 -146005248 49235552 -28034184 494610176 138482176 -52301792 -265141888 -286525696 131826688 -243901888 -219034752 -46422976 156641344 44306400 -97281952 -18710496 294809856 
237389696 -5717536 -244904128 -227793920 417797888 253247488 -62455120 349685504 -57855664 -223629056 13410844 -16289390 -19766352 111750112 336560384 -95185824 -246575616 1145640 22807704 -341630464 -176356032 205910528 91405248 63420352 -128075072 -237331712 207591424 -344799488 190126464 -104417760 424696832 -280748544 404452864 41206976 -2315712 -110980096 -211889664 745271808 57828128 27004512 -265473600 62011440 -242534912 -192151808 -127858112 276760064 102083232 6196336 375894272 176620992 -282530048 -147208192 159400768 -358000896 -117299648 141254272 64863168 75010208 -180231040 237725120 370656000 271115520 287382528 -109300896 
698621440 97186240 -290740992 241738560 -232450880 71133344 -263558336 264548096 401529344 -152491968 64782064 132354784 -97010400 -18041192 282408448 -68598464 418835712 -59290816 -109640320 -590629888 -97341376 244577536 -96499968 -221473088 -427248384 -4339461 -145315136 186825280 -426325760 -329452544 -479167744 -105579040 -71886784 74387712 -58654928 -271014912 385142016 -246746624 291625728 16946584 -274338048 -280496640 -178632832 -173861504 396661504 -104374240 376005120 -59360480 -615255552 -453098240 -636424192 -10139888 113036416 -321316608 11303152 188522624 -73240736 76896480 584696320 -62088256 273994752 232633792 10534856 220653824 
66863216 -187282752 445874944 -91375744 139646016 -81151232 114710208 -474624512 -453227264 -1329768 607870976 87444832 -50270592 -65953376 251942976 -417082368 191256832 339914496 537777664 -157691456 -22227632 170203392 -114018944 -385124608 -142113792 -129156544 -425105152 147632256 -334007296 453096960 -207807232 -259909056 73893344 361152768 -211981760 -446610176 10725248 186410688 -205238400 -311344128 67870656 63085152 -389218304 -214968128 445397504 -629294080 -39954736 -172602752 -385526784 -42447680 181391168 388719872 -33735760 600593920 -26018544 -275591936 285841152 52086720 71376000 90142336 -53321648 -388313600 -383581696 -459030016 
214726656 254472704 247015872 192630976 -25604320 110797824 -160615296 21520840 79589888 96980928 79166688 -216899904 216973632 392382720 -20038928 -26487248 -200312256 367230464 49282080 -197102912 -134806208 139851648 103623904 189966720 -205177856 -93445312 90801664 -319465472 -282364672 166412480 -48420768 -288637440 -243356672 165174080 106996864 -115068288 -376749312 -119124736 -205803840 -251274624 13136432 210236864 -193037952 -566791168 218136832 219739328 -114127168 33955936 -57406752 -133568832 -437258240 423154176 -143103552 -194579968 -268824576 436610560 295567360 -651196928 9639030 -177113856 89718976 -179320000 -252293504 410024704 
