16 16
-52.749493122101 223.33810806274 160.12083435059 -27.461882591248 -159.14112472534 65.637719154358 -46.935591220856 198.89465713501 88.729163169861 280.18633270264 70.721973419189 31.615078210831 -90.412111282349 -19.806468725204 -108.54033470154 56.751798152924 
-115.30179691315 -36.251436233521 69.692244529724 132.33007240295 -226.85761070251 -127.90699195862 147.64574813843 -193.04613876343 7.634628534317 -110.29906845093 -31.653507947922 285.16941833496 141.78314781189 25.753350019455 43.136849880219 308.45928192139 
-46.936175346375 78.468824386597 -99.60170841217 50.820201396942 -89.210315704346 153.31875801086 -62.645945549011 82.616215705872 -33.171477794647 149.57212257385 317.68669891357 157.35220718384 -217.01497840881 -113.01680278778 -27.857232570648 191.62129211426 
-38.353843688965 -84.742071151733 -73.417259216309 53.942789077759 108.63542175293 3.8710360825062 183.05976867676 -69.076463699341 -77.303804397583 -9.6108953952789 5.3063144683838 138.57164955139 -88.011800765991 -9.9284332990646 129.50953865051 162.54458618164 
84.251954078674 -274.57073974609 125.46051979065 238.40295600891 59.053085803986 157.27305412292 33.368257522583 -88.274580001831 -17.706598520279 -169.10665512085 -6.5997633934021 -135.6134147644 -81.367702484131 23.208284139633 108.11554050446 -160.20882415771 
72.536228179932 81.526320457458 246.31745147705 -5.6118564605713 -8.8971643447876 -58.597811222076 -18.422803163528 -32.565144538879 62.37090587616 -18.469569444656 -417.88919830322 -252.93822669983 321.80007171631 8.9217040538788 -114.59155464172 -27.33421421051 
-72.295302391052 -127.27213859558 -52.848243236542 -131.56918907166 -54.214253425598 62.49037361145 113.18889331818 -24.357331752777 222.99149703979 8.2515382766724 -79.672187805176 -0.091794848442078 -0.07683801651001 -5.4799046516418 54.030431747437 78.953064918518 
-141.45666313171 396.64849090576 -119.19069290161 -278.40922546387 -40.738492965698 13.203792989254 -7.6137800216675 65.050994873047 223.41224861145 219.9645614624 6.6891269683838 -44.411609649658 207.8982963562 -86.380912780762 -188.66703414917 258.48506164551 
59.588614463806 78.870173454285 -7.8613333702087 -36.629834651947 89.330379486084 -66.496760368347 -63.56897354126 220.14405441284 -8.6417787075043 58.57889509201 76.624223709106 124.60375213623 -58.588203430176 -36.609105110168 -100.51242446899 177.02840995789 
46.105612277985 221.30708312988 -82.305513381958 -135.10278892517 91.698079109192 -97.978817939758 -74.646318435669 255.52948760986 69.281090736389 156.74564361572 -173.27296638489 -192.04669952393 5.9271619617939 57.613957881927 -143.84384727478 -103.44094657898 
45.137459754944 61.033493995667 -95.807845115662 37.989993095398 -153.30655670166 72.70642375946 -119.19318389893 183.09259605408 -128.04655838013 154.03390693665 270.78414916992 65.599553108215 -109.29317855835 -45.617199897766 -109.18371009827 -144.64805221558 
-40.004391670227 -9.0795165300369 -10.154328227043 -51.074187278748 -1.2881078720093 45.312139987946 -161.93183326721 -33.695405960083 100.67273044586 -15.901807904243 87.060248374939 84.14123249054 104.17750740051 -111.57931804657 -52.867297649384 48.609347820282 
-24.429971933365 255.93341827393 -239.92765045166 -49.364433765411 -181.78577232361 -137.48206710815 -77.006604194641 245.61696434021 61.448041439056 241.3503112793 207.74137878418 88.008725166321 -49.393995285034 128.97791290283 -103.04748916626 -59.586919784546 
52.431680202484 -78.965253829956 233.22939491272 53.002815246582 42.529741287231 77.647058486938 -90.16944026947 -105.54369544983 87.718041419983 -78.151554107666 -238.11891937256 -201.25803375244 149.15084648132 -42.588304042816 -23.494246006012 -45.886142730713 
-17.292806386948 -11.20267444849 -287.1538848877 -96.608271598816 59.877209663391 41.170016288757 -5.9526824951172 -37.923716068268 -3.1719160079956 110.33287239075 7.7182302474976 48.767169475555 -224.89030456543 -48.030077934265 41.697635173798 166.80118370056 
-48.125546455383 45.228545188904 59.295483112335 -61.28257894516 -113.04198455811 -112.09114456177 -134.53477478027 96.800145149231 -100.72662162781 83.280052185059 139.2531375885 253.02421951294 -296.6936340332 -3.039219930768 -70.567461013794 138.807056427 
