16 16
1.948081433773 0.33188060671091 0.240922389552 0.18712800741196 -0.2416171496734 1.8080783113837 -1.8474855348468 -1.2590007334948 -0.37562299147248 -0.47530562058091 1.0595667213202 -2.4428824931383 -1.0682522132993 -1.3730999678373 -1.6591798663139 -0.26771635189652 
-0.92735259979963 0.54627542942762 0.65337913483381 -0.03360612411052 0.70200478285551 0.91577441990376 -1.2717145308852 -0.72411401569843 0.52810085564852 1.6775313094258 0.062109268736094 0.82938957959414 -1.3650645017624 0.64224621653557 -0.040743208490312 1.2823444753885 
-0.22161042876542 -0.031347716227174 -0.34317206405103 0.053387750405818 -0.17535464465618 3.0411401689053 0.38945886678994 1.2428443580866 0.27708679996431 0.91057692468166 -1.1464278101921 0.22630013525486 1.637805134058 -0.34827727265656 -1.1556321233511 2.9968169778585 
-1.0242874696851 -1.0448986664414 0.86017388850451 -0.97907007113099 0.57805861905217 0.32322605513036 -1.0377644151449 0.10627943277359 0.85426202043891 0.67614864557981 1.451338134706 2.363632902503 -2.5171196460724 -1.0713072568178 0.61617792770267 1.2299056649208 
0.34807780198753 0.0062762629240751 0.7002385109663 0.48579484969378 -0.90872135013342 -0.18687321059406 -0.58529494330287 -2.3256617337465 -0.58032356202602 0.46254618838429 -0.27728726528585 -2.9692489653826 -1.3066618740559 0.22142383828759 0.42203986644745 0.037087142467499 
-0.058201860636473 -1.414958871901 2.4937291145325 -2.2223055660725 0.17406081780791 0.043121591676027 -1.3578961342573 0.16622843034565 0.062801671214402 0.48229845799506 2.2867257595062 1.3248983621597 -2.1884558200836 -0.41214672848582 0.069390636868775 0.87961087375879 
1.0491133034229 0.90240470319986 1.9148634821177 0.55376625806093 0.50637804716825 0.45346899516881 -3.7763100266457 2.2707996815443 -0.44125155545771 1.5198243707418 -0.41642009280622 0.46423671022058 0.25910582393408 -0.99591349065304 -0.50718899443746 2.8602890372276 
1.9801734685898 1.0128199011087 1.0106738507748 1.3859592452645 -0.14933053776622 -0.69734253361821 -1.6148325204849 -1.5555558949709 1.5833446085453 2.8591635525227 -1.0466860979795 -1.2971873879433 -0.23674401454628 0.77290841192007 -0.12199577316642 -0.96873496100307 
-0.41050509363413 0.78891507536173 -0.70564049109817 1.3317190930247 1.5769175887108 0.59437665715814 0.55840177088976 1.6792937964201 -1.5865203738213 2.4778726547956 -1.463265709579 1.4477632418275 1.6849129199982 2.377671867609 1.6741208359599 -0.4133746791631 
1.4190849363804 -0.57106895372272 0.29525490477681 2.5198499262333 1.6933779269457 -0.056813888251781 -1.9590031355619 -0.37221647240222 1.337813988328 0.49956121481955 0.093314836733043 -2.0213860273361 -0.23415777273476 -0.23317843675613 -2.2559676617384 -0.2012924766168 
-0.43017322570086 -1.1165642663836 0.64531609416008 0.13324201945215 0.91513433307409 -3.1140831261873 3.4998732209206 -0.57436905801296 -0.15244259033352 0.21941883210093 0.20568043366075 1.185688778758 0.02641280181706 2.5969274938107 1.1586800217628 -2.5700962543488 
1.0068233087659 -1.3693482652307 1.5435827150941 0.93423344939947 0.30862680636346 -2.5385788530111 -0.77017985284328 0.27212620526552 0.74694545939565 0.049800644163042 0.35248406045139 -0.70770506560802 -1.4988316446543 -0.1732147783041 1.1258818656206 -0.48704924248159 
-2.2549098730087 0.51696506142616 -0.17507726885378 -1.0272680222988 -0.43274074047804 -1.1605034545064 0.28976560756564 0.88532770052552 1.7408888712525 0.89051541686058 -1.3730964586139 2.3157732784748 1.7438118904829 2.019068017602 0.28925278037786 -0.32635147683322 
1.8190338760614 -1.6466916501522 -0.91785668209195 -0.1309510609135 -0.6092980094254 0.4183186031878 2.7732720673084 -1.1718555390835 2.2793397605419 -0.7735503911972 0.66965439170599 -0.74808717519045 -1.1372968107462 -0.16575521416962 0.21822293847799 -1.5215533897281 
-0.12691093981266 1.9404139593244 -0.12386294081807 0.034031080082059 1.0716479495168 -0.0091731608845294 -2.8182597160339 -1.479826502502 -0.5240967720747 1.9864630773664 0.073734351433814 0.60540486127138 -2.0383722484112 2.1653714179993 -1.3433401733637 -0.79569054767489 
0.35180044919252 2.5820662528276 -0.80370248481631 -1.040004350245 -1.2895940393209 0.40874121710658 -1.6278003752232 -0.81160524487495 1.2895880714059 -2.3362767547369 0.2479541413486 -0.73656525462866 0.34364067204297 -2.478996321559 -1.020549736917 0.73286472260952 
