16 16
764347.3125 936246.25 -1592517.5 1339650.25 563708.375 -2143612 2769236.5 -2113985.5 -1438754 1196293.25 1398013 -556073.25 2844113 -528513.5625 859149.6875 902693.75 
1102949.25 -1662102 447025.40625 618307.75 74022.4765625 1021638.125 -131233.328125 2437341.5 -1015990.3125 877164.625 227251.0625 -861992.0625 120331.6875 -964639 -787198.625 -1626477.25 
2812834 538744.1875 263980.53125 352082.40625 -792458.5 776932 -483012.21875 -1209071 73030.6015625 -527331.625 -1061588 1416166.25 568906.5625 -1379294.75 -795293.5625 -1635880.75 
574730.3125 -1767271.25 -547923.8125 901960.875 847875.0625 -2070244.75 762366 -1127508.5 975489.75 1524948.75 -2058954.5 465897.5625 1254779 -1693121 -1319433 -310956.75 
-124398.203125 77050.859375 929879.0625 1060135.25 647132.6875 -2998779.5 152892.4375 -2908028.5 1383339.5 1102220.75 -2036874.25 -152990.203125 1204432 713518.4375 -1197833.75 740543.625 
-1412534 1748987 2503763.5 -475332.625 2425198 -133963.859375 -2993355 675339 1068650.5 -1162495 1121058.75 897175.75 -1530264 -1839406.75 -796902.5 211480.421875 
2112447.5 1575992.25 1470463.75 7830.09375 -1769843.75 1210635.75 -1635249.75 -1181735.5 1665069.25 371977.78125 -1664216.75 630502.875 192370.28125 2846863.5 -437408.3125 -1049499.25 
-2046476.5 -377189.5 -2085589 162701.8125 1034180.25 1189241 2001882.5 -790696 -985925.25 -237201.21875 35493.8125 -1020797.0625 -1824251.25 -606062 1133209.75 877457.875 
1654114 1517203.75 1242418.25 836267.5625 -1030953.75 -600612.1875 -1140854.75 66390.1875 825786.5 1201570.25 355113.40625 500419.9375 1190348.75 74237.875 -1262417.25 -1467601.75 
6070.8125 1493395.5 119266.28125 2779106 1938113.25 -905650.75 1187637 232962.1875 -549583.375 -60233.84375 2550937.5 -1484145.75 1058694.5 -1061505.25 304746.71875 604881.0625 
78237.09375 960438.125 1147842.75 -388809.40625 -471055.375 -375532.53125 -1890947 585536.125 1023680.875 49942.4140625 -664599.375 531228.1875 275352.375 187259.125 -1008405.5 374192.96875 
3231998.5 -30691.328125 -2379945.5 783025.625 -475811.59375 1062338.25 566235.6875 353036.3125 -745160.625 652956.625 -786130.4375 -868467.5 1515642.75 1347053 86214.53125 -1032107.5 
1004859.125 -2282368.5 900825.4375 -1471361.5 999696.25 1356916 -2616884.5 2834911.5 3448449.5 -644886.1875 -1568211.75 -31698.4375 -1780520.5 538241.625 -2423530 -3079272.5 
-339178.25 -1345220.75 270410.90625 540525.75 860480.1875 -1099059 229952.53125 -1634872 226018.21875 211866.921875 -1455768.25 -164499.03125 -621793.0625 179973.953125 -992933.625 -922262 
-335506.5625 833405 -1487878.5 -735599.875 718435.625 -1218316.75 390667.75 1207847 -3105811.5 -1159475 1192935.5 -1414737.75 2398803.5 -1379249.75 1793537.5 3914940 
559043.875 907284 1621869 2637606.5 -358006.0625 252032.71875 -1109178 1509813.75 -860959.9375 165751.78125 779832.375 -1545888 -1285073.5 -518154.90625 -1115991.25 -634578.25 
