16 16
-1.0399246960878 1.8690475672483 0.65318594500422 0.025695364922285 2.7744825035334 0.13045206293464 -0.51726340502501 1.7369310110807 -1.320214651525 1.8635316938162 1.1532150283456 -0.13992983475327 -0.65991053730249 2.3189953565598 1.6421397700906 1.8958976119757 
-2.7659486234188 1.4454585015774 -1.7094280868769 0.368602251634 4.1766951680183 0.33556694537401 1.0615273118019 -1.4253112450242 -0.45665334910154 -1.0572479888797 -0.31192142888904 -0.15214844420552 -0.11905471794307 -0.47427251935005 -0.48657524585724 0.14574611186981 
1.1483864039183 0.17017261870205 -0.96951608359814 0.1217600107193 -0.52760642021894 0.72503912076354 -2.2891194969416 0.52168163657188 -0.6934479214251 -0.81559063121676 -1.4076373577118 0.90785737335682 -0.11525849625468 0.52999524399638 0.35103781893849 0.55509305745363 
-2.4286854416132 1.1007606983185 -1.8795225769281 -1.4113255441189 1.868274949491 1.1898905187845 -0.79665923863649 -3.3608073443174 0.61106292158365 -2.0236072838306 1.1142137795687 0.85524119436741 0.64735466241837 1.0380272641778 1.582730256021 0.97637033089995 
1.333274461329 2.049451738596 -0.76562330126762 3.0520106106997 -0.93951123207808 -0.85313722491264 0.081819804385304 0.82430282980204 -0.97253622114658 0.3937524408102 -1.217489592731 -1.9685417786241 -1.2184860408306 0.69578045606613 -2.9864219427109 -2.3735578507185 
0.69719707965851 0.73371214792132 -1.9147348850965 0.54098347201943 0.11856696475297 0.93424479663372 -0.32914381846786 -1.1169066727161 -0.30290547385812 1.382315710187 0.88051027432084 1.7092901542783 2.0171146541834 1.73773098737 -0.27647581137717 1.1585727781057 
2.2473787516356 0.018165692687035 -0.30032932758331 -1.2988505065441 -0.026126582175493 -1.2446903437376 -1.4702810496092 0.059212220832705 -1.123178049922 -1.4370391145349 -1.4282828867435 -0.31126750633121 1.3571950644255 1.5865641757846 0.49505025148392 -1.0139948129654 
1.3122457712889 0.83011609688401 0.73732144758105 2.3185434788465 1.1020762473345 2.0362832993269 0.74776867777109 0.56560895964503 0.46719810925424 -0.51823462918401 1.4791319817305 -0.41843158565462 1.6300691738725 -0.25965515896678 -0.55597502738237 -1.0841692388058 
2.0229072719812 -2.8915019929409 1.8828917220235 -0.1607564240694 -3.4584072232246 1.2893209084868 -0.98245688900352 -0.21015463862568 3.0360754132271 1.7424193695188 4.4829177260399 0.48636548221111 2.2781252563 0.31961976923048 1.3740535080433 -0.10156869888306 
-0.1644567316398 0.95301064103842 0.92202813178301 -0.93945087864995 1.8862978965044 -1.4812910780311 1.1040580943227 0.45239854231477 -0.37217103876173 -1.9641639962792 2.2946833670139 -2.5665739178658 0.057529333978891 -0.98957655951381 -0.35427725687623 -0.44238635711372 
1.3443378731608 -0.99971850216389 2.0470514893532 -0.53498261421919 -0.69196136295795 0.79125304147601 1.3160166814923 0.10744481394067 1.4409877508879 -0.42038743756711 1.6092478781939 0.88552854210138 0.71814987808466 -0.73393139615655 1.1941876709461 -1.0121133774519 
-1.2732372358441 0.9683087579906 -1.243720985949 1.3671071901917 -1.1562094390392 0.65456167981029 -0.71811164543033 -1.541047334671 -1.6596412807703 -1.5971637293696 -2.2009629309177 -0.060077138245106 -1.6715383529663 0.38271161355078 -0.86074728891253 0.45987142995 
-1.82328928262 2.7675330489874 -0.34717774018645 1.6265470832586 1.2322918847203 0.66807789728045 1.4761351644993 -0.70390747487545 1.1921037435532 -1.1431730464101 0.91648810356855 -2.1643879413605 0.42716456763446 -0.14230784773827 -2.4674634039402 -2.7461570203304 
0.87386237084866 -0.56823749095201 0.74617861583829 0.49726268276572 4.8583972156048 -0.89427616819739 1.8837403580546 -0.03793101478368 -2.4214845597744 -1.0296798497438 -1.2220200002193 -0.64862705767155 0.052309831604362 0.75587149336934 0.90628113597631 -1.6299974769354 
0.11272437963635 0.75879465043545 0.59367297962308 -2.508851274848 -0.44809063710272 -0.26587816514075 0.72545710206032 -0.20905080065131 0.75109610334039 -0.34462537243962 1.7781095206738 0.61565056443214 1.8943244665861 0.61884268000722 0.58749317377806 0.12634149380028 
0.18516217451543 2.0365290641785 -0.34518204629421 -0.37731745839119 -0.035521907731891 0.46289952471852 -1.6362828463316 0.20689417980611 0.37880150973797 -1.6445766538382 -0.51439570263028 -0.2466712910682 -0.37958800047636 0.83985485136509 0.92447137460113 -0.72403188422322 
