16 16
-7465.0310058594 -6581.4665527344 17025.955078125 -1517.2856445312 9368.2651367188 -3254.0203857422 -15358.613769531 19092.819335938 -6971.6372070312 -17765.254882812 22229.938476562 -8103.4523925781 13906.881835938 -5851.3422851562 -13052.499023438 -1575.9819335938 
-15536.625 6333.3356933594 -9725.2329101562 -2855.8034057617 -4366.4731445312 -16326.690917969 -25294.923828125 -18146.732421875 15463.015625 6442.6013183594 28191.202148438 -6398.7114257812 335.15667724609 -5372.1796875 -5332.8671875 -4067.9948730469 
-11188.44921875 4599.3566894531 4736.8532714844 1316.6916503906 4632.4729003906 7883.3742675781 8804.6333007812 -3448.1311035156 -18437.42578125 7378.39453125 -14566.807617188 -388.07934570312 -7487.5419921875 -11476.555175781 -8232.66015625 -4780.2429199219 
-6387.2629394531 79.118728637695 3915.0491333008 -5180.701171875 -540.64624023438 -17142.196289062 3237.1361083984 -907.62156677246 -3332.7775878906 -8192.3139648438 12667.941894531 -370.89013671875 862.02685546875 -7711.275390625 3990.9370117188 -11744.036621094 
6193.7065429688 29718.040039062 -18554.422851562 -283.95739746094 -39313.19140625 26603.052734375 1553.7985839844 -1510.7239074707 12262.424804688 -10534.359375 -3144.3188476562 2778.0020751953 -4326.6704101562 17635.025390625 -29634.774414062 12778.342773438 
10650.857421875 7521.2517089844 -13449.516601562 17542.333007812 -2530.1655883789 24774.454101562 -4600.9147949219 5760.6440429688 5978.1418457031 -8869.6533203125 -5993.5571289062 -23478.120117188 -6357.1420898438 8969.09765625 10083.109863281 25249.142578125 
-8842.0932617188 -13444.243652344 25995.032226562 -7834.4965820312 -49.713607788086 6995.1765136719 -5031.9235839844 -11178.946777344 13068.994140625 5092.5407714844 -2013.6571044922 6896.6713867188 12408.317871094 4111.47265625 -27457.173828125 -8141.7209472656 
5104.40234375 2297.0083618164 -23549.440429688 -3409.0816650391 -8663.8940429688 6617.4362792969 11781.072753906 -1316.4663085938 -4368.7517089844 2890.9499511719 -14957.297363281 8754.802734375 -16107.282714844 11633.51171875 13807.196289062 -517.43612670898 
15722.379882812 -5130.7119140625 -11698.406738281 13185.603515625 11394.551757812 10133.977539062 14036.010742188 -1264.3980712891 -3758.6764526367 -14.960054397583 -17216.923828125 11148.682617188 -5385.7021484375 10366.629882812 17154.612304688 9331.7124023438 
1639.7854614258 5860.6965332031 -59.967239379883 -294.80786132812 -6002.2624511719 -11198.590820312 2329.9396972656 8450.6655273438 220.20341491699 -1681.2960510254 -516.50218200684 1235.1246948242 26832.700195312 -13721.197265625 -6369.1982421875 -1684.7529296875 
-12873.231933594 1406.5507202148 702.45849609375 14272.078125 -4169.7673339844 25600.033203125 -11838.745117188 5532.8596191406 -5658.96484375 11849.301757812 -4712.70703125 -20533.59375 5151.2746582031 -723.75668334961 -7558.2436523438 -3766.3459472656 
4069.0939331055 -9629.9350585938 13328.649902344 11939.673339844 4182.8620605469 16955.346679688 4129.7102050781 3885.5950927734 4462.0500488281 -11577.776855469 7232.6086425781 -3405.0167236328 4480.4851074219 27770.877929688 9191.7758789062 -3435.6115722656 
-5395.5471191406 20678.990234375 -19211.362304688 19239.595703125 -23407.28515625 20290.6640625 -8533.7250976562 -10021.887695312 14453.271972656 15790.376464844 -1642.1473999023 -24213.616210938 -11281.782226562 -13721.205566406 -12963.828613281 7761.6162109375 
-15424.745117188 -42734.525390625 -6636.2387695312 -1048.0697021484 34034.31640625 -17114.666015625 -24911.23046875 2300.654296875 -6313.6499023438 -4433.6494140625 -6156.3334960938 -15534.217773438 -1484.2041015625 -1648.6095275879 27031.309570312 -1220.9075317383 
13149.123046875 -11298.172363281 12962.843261719 -17982.502929688 20854.063476562 -16120.008789062 10642.174316406 -1643.3306884766 1416.8266601562 13449.739257812 4713.4475097656 17842.305664062 -23631.70703125 -4263.9553222656 21046.041015625 4959.9140625 
718.00006103516 11846.5703125 7571.9248046875 -21679.344726562 6123.3569335938 13730.779296875 -12783.58984375 -23487.467773438 7174.9533691406 22777.323242188 -3208.8092041016 -4439.916015625 -8352.5537109375 3956.2069091797 275.28857421875 14355.444824219 
