10 10
338763.625 -558887 -2065760.5 19143.515625 -1435446.75 595804.75 519132.3125 479578.71875 -283726.4375 1189841.75 
634230.875 865545.25 -497871.78125 734496.4375 1193998 -658580.5625 -375193.0625 737708.875 385862.9375 -46270.71875 
-2269390.5 -801256.3125 1448422.75 494275.4375 -772442.4375 1037591.25 -200590.21875 -546443.75 -574853.9375 -510263.25 
-2155180.5 -38797.8203125 1123793.25 1027481 -875775.25 -219960.9375 -541750.625 -1849310.75 634977.5 919593.6875 
1013321.625 -327992.84375 -1139553.5 -798075.5625 515853.40625 -242246 2249365.5 -564358.3125 -782341.8125 1827233.5 
242206.671875 -1725054.5 -2010453.75 2508264 -104155.390625 914592.75 764980.0625 721439.125 2324701 428273 
1030139.375 874802.125 1077734.5 -925888.625 381082 -563863.1875 528958.125 -187042.28125 -437208.9375 -434932.5625 
-632899.9375 -282974.375 1115403.75 -903681.3125 253418.453125 -700428.5 2815060 -1684289 -366299.8125 2034784.75 
323098.8125 85365.1015625 -1145781.75 2652293 427135.53125 683955.875 -1756855.75 -77003.46875 1150411.75 132903.25 
1564915.75 51560.921875 -722205.125 -1370295 145632.296875 496461.625 166739.4375 557582.5 -753381.4375 -571263.375 
