16 16
0.74574493989348 -1.4985410198569 -0.8226347528398 -1.8906574323773 -0.346276095137 0.97227966412902 -1.1052910014987 -0.56229411065578 -0.47799560427666 -1.0113815814257 -0.50086475908756 -2.6191822290421 -1.2471849620342 -0.28836687654257 -0.14250700548291 -0.92549036443233 
0.51820255815983 0.092370722442865 2.0165216326714 -0.36754015088081 -1.5623698607087 3.0303948074579 -1.3298842161894 1.9881741702557 0.35429374501109 1.7961611822248 -1.2117678523064 0.45206643082201 1.7419657856226 -1.468472994864 -0.94773643091321 -0.22750963270664 
1.8127824887633 -0.93669345602393 0.26185428909957 -0.050118111073971 -3.6002369374037 1.141983769834 1.6087674573064 1.1134733706713 -0.15940677374601 1.0803749710321 1.0381225645542 -0.033382980152965 -2.1171751916409 -0.54633913561702 -0.54421943798661 1.7474991753697 
1.5742464736104 -1.0194574296474 0.84372376650572 -0.14146380312741 -1.090131431818 1.3550957739353 0.25208136625588 -0.026538182981312 -0.42626985162497 0.88300587236881 -1.1709674298763 -2.0078822374344 0.25446936115623 0.1086851246655 0.36774518154562 0.078622842207551 
0.46552784740925 0.84341733530164 1.3920056372881 -0.062360388226807 -1.5905349254608 1.1763138324022 -1.5052487030625 0.29539448022842 -0.017161774914712 0.77849452570081 0.77556715905666 -1.1453898474574 2.5014383196831 0.70517874509096 -0.58392990380526 0.4470589440316 
0.3658039085567 3.1496605575085 -2.8181640952826 -1.1617188975215 1.4548804536462 -0.11045808950439 -1.452913351357 -0.75659219548106 -1.5080719739199 -2.6274555772543 2.1718874424696 -2.7964081019163 1.0133850798011 -0.049130010418594 0.92876348271966 -1.0155547559261 
-0.68398553133011 2.279215708375 0.38828525692225 -1.6177757978439 1.2206137105823 -1.5037963911891 -1.3214196264744 -2.0741792619228 -2.3379044085741 -1.9935410171747 -0.25100384280086 -0.63115881383419 0.98036343604326 0.32792686112225 0.87029464915395 -0.56899074465036 
2.6772117316723 0.90705432742834 -1.7974052280188 -3.2260555922985 -2.0940759330988 2.0326057225466 -0.69537657126784 -0.55000055208802 -1.5513447895646 -2.9859164953232 -0.80770152062178 -2.1639545410872 -2.1652559936047 0.78920280560851 0.072106946259737 0.32308372296393 
1.4967706650496 0.8354058265686 0.047108050901443 -0.048479322344065 1.8904104679823 -0.46510128118098 -0.075654495507479 1.4872424155474 0.15714466013014 -0.62143193930387 -1.06280695647 0.91981529444456 -0.94013185799122 0.21565450169146 3.3394165039062 -0.82464569061995 
-0.27923609130085 0.97201884165406 0.0069798806216568 0.4784260392189 1.1246557831764 0.77160036191344 2.0122024565935 -2.9603263437748 0.35547929257154 -0.39740028604865 -1.392604790628 0.38102001696825 0.39285286329687 0.091536877211183 -0.39162180386484 1.3223040029407 
1.7768589928746 2.2238858342171 0.71285328269005 0.27258602716029 -0.79908771812916 0.64344590902328 -2.7629779279232 1.4782348796725 -0.6236156411469 -0.10115381795913 0.98383020982146 1.2874789834023 2.5296261310577 0.031994430348277 2.5326408594847 -0.58071195706725 
1.5831121355295 -1.5065620616078 0.6879878975451 0.051504485309124 -1.1499695703387 0.41129405982792 0.0015911171212792 -1.092554628849 -0.27523213997483 0.49986329302192 -0.46751200780272 -0.5795004144311 -0.91184553876519 -0.43954610079527 0.49125577881932 -0.64456167817116 
-0.63803252950311 0.71420994028449 0.54284405708313 -1.1249337792397 -0.30589719116688 0.31372328661382 1.739853285253 -2.3671364188194 -0.78805204853415 -0.79316093027592 -0.43321136757731 -0.2078088670969 -1.4245475307107 -0.44110418669879 -1.6112444400787 2.0267619788647 
1.5819621831179 0.76333555579185 0.60204735025764 -0.20993508957326 -2.0459702163935 2.0861193686724 0.029477350413799 -2.8172444999218 -0.65533276647329 -0.60933220386505 0.026422496885061 -0.996616397053 -0.71136479079723 -0.65900759398937 -1.5830302387476 1.0060064643621 
-1.6579378321767 -0.64038729667664 2.6048074811697 0.0030647870153189 -0.075743217021227 -1.5194173157215 0.58222511038184 -1.1724255010486 -0.9474312402308 0.17422305606306 -0.55730577558279 -0.19313852488995 0.094510592520237 -0.32030891999602 -0.52867267653346 0.38364938274026 
-1.5973921194673 0.93742062523961 -0.29016481898725 -1.6179374158382 0.033582783304155 -1.8695426136255 0.64050102606416 0.43461516313255 -0.61394710838795 0.25815373659134 -0.11849127430469 1.3808681666851 0.43344814144075 1.2364063039422 -0.55247762799263 -0.68910677731037 
