10 10
2180.2578735352 14719.027832031 7938.2971191406 -3010.5134887695 -13523.251464844 16637.276367188 -2510.1846313477 10976.000976562 -12150.966796875 -14393.576660156 
-4551.5659179688 -18106.74609375 -7975.3640136719 -6211.4978027344 -16440.423828125 -4995.4992675781 -26369.892578125 3972.7710571289 -4732.7939453125 -10577.118164062 
-5841.9990234375 9786.1684570312 -7981.4914550781 -11190.417480469 11705.4765625 -1556.388671875 23030.0703125 19836.150390625 -11832.570800781 10238.173828125 
-9792.4521484375 -10552.594238281 -15960.471191406 -12502.750976562 -2735.4213256836 14701.165527344 8470.6245117188 3657.8895263672 -6438.7697753906 -9463.3530273438 
-7334.9069824219 14634.068847656 -12807.826171875 -8017.2072753906 7596.1435546875 -3039.8203125 4244.8410644531 34259.63671875 -19544.474609375 4971.3483886719 
7776.1166992188 -16541.35546875 9512.7319335938 5986.5859375 18658.502929688 -10379.730957031 11735.029785156 -11258.750976562 -772.1741027832 18347.38671875 
1319.8649902344 -9812.8818359375 4991.8117675781 9174.3657226562 -7932.189453125 -11115.916015625 -2424.6580810547 6078.8063964844 -11543.964355469 13991.28125 
-3107.7837524414 11386.35546875 -2617.1373291016 -9407.841796875 1319.9116516113 27085.338867188 10686.559570312 9256.1157226562 -6573.693359375 -10532.359375 
2452.3402099609 22479.486328125 9768.623046875 10859.447265625 2198.1763916016 2266.6712646484 7863.4338378906 2126.1234741211 12010.289550781 19572.100585938 
4575.6887207031 -4280.8100585938 6994.6342773438 2752.6734619141 -407.82946777344 -10458.059570312 -9789.5942382812 -17954.380859375 4444.9533691406 -3319.8990478516 
