10 10
0.20645496062934 -1.8108355849981 -0.29283140972257 -1.2961533367634 -0.61987197399139 -0.093392882496119 -1.6642675697803 1.1190886497498 0.051082368940115 2.3886841088533 
-1.5792761519551 0.71731287613511 0.79644951596856 0.82304040342569 0.19114370271564 -1.5276442617178 0.2366809938103 0.079668708145618 -0.73734407499433 -0.74281712248921 
1.6842594146729 -1.0192858278751 0.014762387610972 -0.64195675775409 1.0523979887366 0.59189588576555 -0.25359594635665 -0.57291636615992 -0.79804359003901 0.25483822636306 
-0.12506065703928 0.91245097666979 -0.32419856451452 0.88930203765631 0.0085734557360411 -0.33436015993357 0.099496176466346 -1.1564031839371 0.67577914148569 -0.95946083590388 
-0.05192457139492 -0.1629377156496 0.54289716109633 -0.29603132605553 0.4453807938844 0.85328846052289 1.3558587282896 -0.075642183423042 -0.4817258361727 -0.5244497358799 
-1.0683401376009 -0.71664843335748 1.5446679070592 0.29506541788578 -0.72171461954713 -1.7649046927691 -0.21536698751152 2.9971285909414 -0.95031423866749 -0.17093712370843 
-1.0219290852547 1.015175819397 -0.86513712257147 0.10742577817291 -0.63144744932652 -0.10421076603234 -1.0715698897839 0.34434419870377 -0.38468799740076 0.59367049485445 
-2.433862015605 1.7084349542856 -0.34795148856938 -1.0131896361709 -2.0759272426367 -2.0774812698364 -1.3550791367888 2.7287749797106 -0.55580729618669 0.70886521413922 
0.82667760550976 -3.1736135482788 0.6986788213253 -0.051822036504745 1.6034728884697 1.9695075303316 -0.2838702891022 0.1324605718255 -2.0664691627026 1.8749369829893 
-0.81295638158917 0.81219139695168 0.93653094395995 0.069296383298934 -1.3439157307148 -1.7642941996455 0.045273402705789 0.89604542031884 1.6671864390373 -1.0254068374634 
