10 10
-1.2610304579139 0.61174748465419 1.1257728487253 1.7336177378893 0.03420490399003 -2.0100514888763 0.87511530146003 1.119487285614 0.21287414990366 0.52594953030348 
-1.934353441 1.6455271467566 1.069540463388 2.1392758488655 -0.88667176663876 -2.7677230983973 0.52952716872096 1.2588629424572 0.71973080933094 1.3986192345619 
1.3142032027245 0.72773757204413 -0.89137029275298 -2.6951785981655 -1.7040905207396 -1.6190465241671 -2.2513429522514 0.62766532972455 -0.29502666555345 -1.7219251468778 
-0.23694248124957 1.1250280365348 0.1818611100316 -0.83273366838694 -0.4460085388273 1.0489157065749 -1.1450494900346 0.072066532447934 -0.23582891747355 0.10665175877512 
1.1864854991436 -0.29100834205747 0.23168434016407 0.98512415215373 -1.3506497293711 0.93840781226754 0.73016640543938 2.3326774388552 1.8754017576575 -0.71688544750214 
0.51152544096112 -0.088060749694705 0.18620698153973 -0.69066127389669 -0.008751654997468 0.7711336389184 0.38354864157736 -0.45393487624824 -0.15718834660947 0.3774050027132 
-0.28882327675819 -0.91043287143111 -1.701656922698 -1.3302558586001 0.52035328373313 -0.76920207589865 -0.99012394249439 -1.5333516225219 -1.2626670449972 0.20393765345216 
1.1588707491755 0.8532741740346 -1.0148294568062 -1.1055815890431 -1.8993196040392 0.13665818981826 -1.3886009827256 1.0299434661865 0.41021363064647 -0.57980722934008 
-0.37249219045043 0.66695425659418 1.5268349796534 -0.098250038921833 0.6595622934401 2.0817028731108 0.16104532312602 -0.11431050673127 0.4895052947104 -0.31190773099661 
-0.86851644143462 0.82966485619545 -0.28467020764947 -0.39679111540318 -0.72523001953959 -2.7739899307489 -0.60430051758885 1.1870208084583 -1.3949485421181 -1.0193461850286 
