16 16
156.26181030273 257.59428405762 -8.0696911215782 -104.1228055954 -240.42247200012 -146.6189250946 -27.860644578934 185.25164031982 39.373480796814 62.416012763977 73.108001708984 -101.10482501984 -142.15045166016 265.29947662354 72.465837478638 -93.690699577332 
13.674609184265 -14.149983406067 -44.789039611816 48.43394947052 207.68527984619 140.78343009949 -33.776412010193 55.302700519562 -98.196966171265 92.285333633423 -68.111680984497 63.07331609726 67.812307357788 -120.45912075043 -31.349247694016 214.05606079102 
-20.994504451752 267.89434814453 117.85951328278 99.132254600525 101.57571983337 20.971997499466 -220.56756782532 -103.0947303772 98.524837493896 1.0061599314213 -308.04141998291 252.97754669189 -21.313697338104 -69.156730651855 -224.38025283813 368.11574554443 
115.91741371155 112.98191928864 2.8494935035706 -139.09192848206 -0.16816139221191 42.444250106812 -2.3381964564323 4.7740545272827 27.416282892227 158.33537864685 -7.7998900413513 127.1042842865 72.332639694214 357.401512146 77.511871337891 77.367471694946 
29.305491924286 48.401118278503 -175.04143714905 213.74986457825 -108.05976867676 -60.236555099487 154.15552139282 215.0743598938 -58.959722995758 -34.027801513672 146.81448364258 51.384430885315 -174.22741317749 207.74026489258 66.296894073486 -204.21619415283 
-73.82511138916 -79.586019515991 -120.069272995 -0.34811353683472 114.47317504883 161.5721244812 7.4092887639999 -19.47017288208 -84.11665725708 -174.4353313446 -181.02521133423 174.71985816956 3.0275228023529 -86.623568534851 -110.29734230042 126.62476825714 
58.074576377869 -144.54444885254 83.829193115234 87.913113594055 -33.908007621765 -64.13728427887 11.677071154118 -31.488520145416 -35.385942935944 -198.37799835205 -154.83900260925 -59.450953006744 -47.286418914795 -91.528710365295 111.98962020874 -65.396950721741 
173.54417228699 31.738331794739 -12.91129565239 52.151535987854 -270.97220611572 -13.013772964478 80.59707736969 127.25888442993 0.083167135715485 1.997998714447 63.909122943878 57.651896476746 -172.54379272461 179.92131233215 101.28175258636 -301.96550750732 
95.442873001099 -70.43906211853 -211.4930267334 22.756764411926 -89.303001403809 -146.92372322083 7.3724898099899 43.328608989716 -103.76988124847 58.232931613922 190.09615135193 86.249670982361 83.193660736084 216.06949043274 -60.969882965088 201.34843063354 
128.13606452942 91.479907035828 162.5156955719 159.32704734802 -69.579528808594 -94.606658935547 33.328636646271 244.15445327759 -267.93483734131 250.53550720215 102.37152004242 -167.38838577271 -0.48625734448433 -196.44569015503 13.970898985863 -139.80826187134 
-71.19676399231 49.233102798462 117.06746387482 122.26149559021 67.019142150879 138.78815460205 -43.297771453857 -437.76251983643 74.664039611816 -202.77724075317 -282.76821899414 47.058546066284 47.015726089478 -143.36971855164 -7.1335258483887 -4.6801962852478 
-55.154720306396 -2.0110862255096 10.260419011116 59.897006034851 165.41075706482 47.139840602875 42.508639335632 -139.39946174622 -116.91487216949 26.981246232986 -7.3637130856514 -108.70530605316 267.70676422119 -101.06656074524 -21.861299276352 160.28984832764 
-28.795924186707 -135.59474945068 95.688437461853 -208.4199256897 -35.146667480469 -66.740123748779 -8.5624617934227 146.68874931335 125.73379230499 -65.247444152832 -44.952360630035 -116.28988170624 -125.17527580261 -214.04545402527 -95.276255607605 -109.64096736908 
276.20408630371 194.72327041626 -91.291007995605 39.288750648499 -198.43777656555 97.945920944214 15.23809158802 -20.735474586487 -60.504373073578 73.588141441345 -85.800288200378 30.124226331711 69.071018218994 309.88423919678 -17.077915668488 -75.814217567444 
74.220300674438 121.85128211975 -75.53448677063 176.14168739319 -5.4602098464966 -195.60234069824 -62.220674514771 171.54608917236 -9.5755318403244 -185.95350456238 121.58630275726 -75.227198600769 -412.27682495117 68.634019851685 56.193215370178 -220.35284233093 
100.56874084473 -468.76406097412 165.70591163635 -155.19709587097 -28.980799436569 -92.969327926636 106.9436378479 39.040097236633 -50.308253765106 72.153121948242 155.06814575195 44.023066997528 78.331909179688 -96.325977325439 215.13673782349 -49.029954433441 
