64 64
2129103 2528702.5 -972915.9375 -915248.1875 -235294.890625 -801302.9375 -2197302.5 -1750714.25 2629320.5 3647051 -1145135 1863728.25 1312593.25 -125122.3125 -3454449 -1747991 1543182.5 -5504508 -3145328.5 876388.8125 932893.25 3065794 -45970.75 3670661.5 2316330.5 5528524 2028969 4196500 2928132 494403.34375 -1086306.75 575682.5 -1208997 3341386 -806827 772466.625 -5609689 1155966.25 2813536 -1083805 923436.5 -2038365.25 1459763.75 -457530.9375 201348.8125 -1077899 3154689.5 -2243205.5 56192.375 1332879.75 -2495753.5 -699887.375 -2110666 947474.375 3324160.5 6874211 -277653.625 -1441617.75 3167755 518185.4375 -507317.8125 -1194407.5 4212488 1624165.5 
905671.5625 -2352950 492288.6875 4434200 -7259859 -2000312.5 -2256481 -3248606.5 -81821.6875 868020.625 -970338.25 -2416415 2339382 -2732189.5 2942805.5 2203727.5 -3288851.5 -203891.625 1435773.75 -1478345.75 2497942.5 -2842557 -1545168.25 2935098.5 2626992.5 -2876348 -3580032.5 -2676841 -6140745 2118205 1819326.75 -1698196.5 1731630.75 937482.25 -1109755.5 -3072071.5 4610007 2520705 3152259 -7134523 1116869.25 -3535178 3731798.5 -3764212.5 -40901.6875 1525106 4086220.5 -1929133 2401244.5 -2577531 -3646891 1961944.5 2108784.5 700950.875 -3426401.5 1832870 3459899 2294667.5 544872.75 -3609008.5 -3766361.5 -1875447.75 -3259093 3980687.5 
-3107321.5 365489.375 2416504 3050169.5 199841.25 3787856 -166241.921875 551648.5625 -2298265 3984165 1923810.5 -2553170.5 -2379298 3023616.5 641246.5 1148076 -1738716 1577908.25 878555.9375 -1372450.5 -660794 -282780 -797602.375 1171344.75 3255146.5 -743026.125 4319480 -6207894 630627.375 -4362900 1224039.75 -441741.125 -3756328.5 1000376.25 2892074 1462970.75 4067824.5 -5465052 2562501 3448638 -1629769.5 700654.5 -1100752.25 2731854 -2640957.5 2041547.5 -394415.75 -3991324.5 -958747.3125 -134856.671875 -898726.25 2219821.5 3468441.5 177911.9375 -1618063.75 1361858.25 3008807.5 -547306.0625 255341.03125 -330805.625 -3889359 -2143797 -1412711.75 2305375 
-2613974 -1389155.75 -3635597 -1527358.75 806746.1875 1496806.5 5043873 724234.125 -3388355 -2188544 3022315 -2408684 929264.375 944560.75 427725.1875 4029420 -687426.875 4327347 -206039.84375 1477771 -3724062 -1942376 1317243.75 -4188585.5 -1404481.75 -7302659 -1325835 -2066928.5 -91196.3125 4718815 -891968.6875 -1361661 -3809744.5 -1250636.5 -1499226.75 2571810 2780062.5 1034181.75 -2344576 1734811 561349.6875 -707816.5 2200324 427462.84375 -519256.25 -1704647 1057792 -231157.96875 -4049447 -3870976.5 -570345.875 2749594 -89129.5625 10428.0625 -781040 -1164233.75 2539918 464832.25 -350968.28125 -1121852.75 1072725.5 2275309.5 -5463311 -3496044 
-1603533.5 1032881.375 236677.375 211646.75 -2303799.5 1222367 -415364.9375 -4528815 66566.125 -1154058 -544555.875 -412920.625 1341575.5 2396740 2874393.5 -4971077 -4902046 723551.0625 -4971206 1756917 -4849028 1332160 2715992 -999705 -3296148.5 535124.625 1132038.5 5127918 -284005.75 -1903910.75 272766.5625 4420445 -5098894 -4008155 2902961.5 837717.3125 3733841.5 1475679.75 -2420581.5 -3062737.5 3090339 -2383047 951202.6875 4612277 679957 4292735 -1178258.75 -1726085 2412406 -125845.015625 -458487.25 -65911.125 -329497.46875 -3646686 -2895938 -3050094.5 623658.75 -5055136 1685980.5 4233502 2920166 1114236.75 9202498 19232.25 
-2129554.5 -1863058.25 643918.75 -1999031.5 -2936309 -5347900 268086.65625 -69926.78125 -3573278 -1907279 631931.625 2238213 4511411 -676823.5 -1466413.5 2150203 1060484.25 2988164 -2139210 -401447.25 -1295145.75 30810.90625 872994.375 3752885 -3242362.5 -3905359.5 -4465005 2781886.5 -4447103 8466250 2109236 1232163.25 258168.4375 -1215794.25 -1783972 -896526.0625 -679457.125 -455255 5529742 49574.53125 -3708924 -2828677.5 -403689.1875 -1580977.5 6534969 -358502.8125 4851124 -396809.71875 505613 -1814108.75 -5059258 2213982 2983704.5 2125635.5 3086760 940579.875 -4790249 -1823744.25 -5690478 -5074471 1726971.5 489514.375 2515752.5 2019915.5 
-2253157.5 216259.734375 366964.375 4988622 -7838485 -1514015.25 -271666.40625 -8710774 1342790.5 207733.703125 1364665 3988419.5 -1011163.0625 524790.75 1724191.25 2764345 -1899926 1612332 2292345.5 358033 571523.375 1298844.25 -2694007 2444058.5 3224936 -2149689.5 -344839.625 -1794573.75 -1514568.25 -4148745 2547295.5 -1086046.75 -1507159.25 -1828147.25 -1597802.75 2372894 759267.125 2222932 -1152131.25 -1212170.5 1661616.75 -1344186.25 707047.625 -2901220 1005057.6875 1910713 -485923.8125 4992583 675974.1875 24374.921875 -3863287 -1122321.75 -1567965.75 -763584.4375 -1215659.25 -4635536 -2804019 1327307 -2382173 -6016878 -3824610 2985472.5 -2558583.5 3729524 
1159165.75 2485370.5 356842.5625 -1263878 -363020.125 -175301.03125 56805.9296875 3241801.5 -4131694.5 -1112792 -3680698 1340376.5 5979580 1991708 267109.0625 4863630 1894543 2401320.5 2624721 -3589239 -2133919 -4161456 -1946258 -471746.8125 -792980.125 -4586919 -423366.96875 -3220955 711161.4375 2003724.25 -835767.25 -4008224 -4419716 3959660.5 4746155 3750207.5 -2011422 3981569 -2370984 -76298.15625 1926647.25 -198715.3125 1398599.25 -876008.5625 -4762729 -243674.25 3481597.5 1208900 -8692588 -4038125.5 -4024145.5 -1370210.5 1746849.75 28501.2578125 1650987 1421749.75 1335971 2253154.5 687836.625 -160049.5625 -4211992 5215555 -2416106 -955417.3125 
-3973830.5 -4395769 529218.8125 -253879.96875 1162397 -1271683.5 4270924 -3830743 719975.8125 12965.466796875 -3818049 3382915 1980455.75 844717.9375 4214796 -2690195.5 -2794209.5 667500.25 -3275350 2128507 2207842 -3551776.5 -1852262.25 -3465322.5 -773708.0625 1596543.5 -2393524.5 1105461.75 -2857981 -63748.46484375 -3193179.5 -159921.75 -4122139 -1573301.5 3369946.5 1554038.25 -3931860.5 5877784 -2898278.5 835672.5625 3260119.5 -1715330.25 723857.5625 4111253.5 346425.96875 -3040659 -620733.0625 5087793 -1508248.25 5647433 2925804 -3803720 -2289416 1985038.75 1506500.25 -585309.6875 -3835314 -1653586.5 -61220.517578125 3042836.5 2567189.5 2642523.5 1923032.75 -2008611 
-2625832.5 -3166181 -1747040.75 -72786.46875 1727752.25 3467134 -4222209 546718.3125 201806.4375 -1810489.25 -679674.375 -509040.25 -2555196.5 -5999671 -1595456.5 -3363923 -896073.8125 -328204.625 -1275654.25 2863124 -3356515.5 -1165233.5 -667397 764135.125 -4636719 255324.71875 -4312991 -341983.8125 997 1727016.25 -3990.1875 566666.6875 -2645851.5 -1204989.5 -3748590.5 -1504224.25 -1718403.5 -1140313.75 -523305.59375 965495.4375 898161.125 -1221860.5 1272274.75 7307167 1371276.25 -952902.8125 1718924.5 2106133.5 1550678.5 1665108.5 -760539.1875 1459608.25 -112251.40625 -3828341.5 -467791 2308716 -488877.84375 -5148327 1720256.25 5013692 2766068 -1317615 2608334.5 -1217231.75 
-1390838.5 1519780 -1286398.75 -5322778 2145862 -851724.125 2512455.5 -607414 -561184.1875 440044.09375 2329647 392507.625 -482512.15625 5203300 304414.125 953728.25 -2798648.5 600046.8125 529726.4375 4560465 -1680790.5 -1716610.5 2084913.75 -4038357.5 4762563 455837.6875 3363353.5 -2885079 1950655.25 -717884.4375 3282330.5 -2436201.5 -24323.78125 1958926 -21561.28125 3627028 -1817886.25 -4558986 1394821.75 -419286.28125 -5497743 6286723 1203875 -869322.125 -528396.375 4756493 1521876 -1198684 139541.40625 6331139 6004668 4641204 2468907.5 -1139631.25 2562757 3037201.5 -4025176 -15466.75 2097987.5 -1859251 -2429877 -3294471.5 -634270.625 3740791 
-1783891.75 467971.9375 -572367.625 971553.5 2202091.5 1573798.25 -3492277 128578.125 -2008501.5 1592801.5 -1907970.5 1087498.5 4878281 33821.375 1703510.5 -5524225 -2417016.5 -4750299 435045.53125 -1077132.25 -3237844 1032891.5625 766151.25 -3742674 -300228.28125 -406535.71875 -1108329.5 1064723.25 1855538.75 774584.125 -1942105.75 -2324327.5 -674956.125 -944404.375 3032156 -2936340 -3800466.5 -3396422.5 3246014 2441895.5 -1202801.5 -2675504 1676911.75 5263272 533956.1875 -1920020 4704035 -2219022.5 -418974.25 2151958.5 778654 492648.40625 913048.125 -96899.15625 -77472.234375 2153167 -2426729.5 -1960319 -2648795 3133598 4392397 2628140 -1080774 -544740.6875 
-462402 940723 -275290.125 3188545 3868029 -384619.09375 1421151.75 -2502797 -2664284.5 -4921336 -239861.75 2284943.5 -3370196.5 522094.71875 -686806.4375 2902467.5 793029.25 -2575822.5 -56356.109375 1053318 -5837358 1073475.5 -7290259 1166645 726590.3125 -913508.6875 1906087.25 -1563332.25 371396.96875 -905020.125 437079.25 915619 -687103.375 4780962 -3003379 1087944.5 2090497.75 6935187 -2598715 1384237.25 -700838.5625 1010269.25 4429792 -165890.390625 534480.875 537564.375 -1206253.5 592250 -3131806.5 -214147.296875 -3573770.5 -3514549 527802.3125 2179574 6612701 -5216426 -4014038.5 2131453 6699011 -180583.046875 -613455.25 1406940.75 -5431522 4936647 
-1317958 2843595 -2395533 -3470378.5 984100.3125 -5131778 5601890 -181479.359375 -2630852 857204.125 690437.25 1831776.75 2549792.5 3438567.5 -1738636.75 2783325.5 -1126770.25 5299721 -459628.0625 -300368.5 -3642459 1493881 -1518970 3022577.5 3104092 -2141562.5 2166774.5 1128360 1833623.75 4210167 -2851760.5 2496145.5 -2295252 -3261695 1844723.75 960021.375 1716859.25 -426677.25 1560240.75 1175114 -851381.75 4908450 2549362.5 -5372100 7827952 4149402.5 -1744295.25 -825891.5625 750050.875 -186895.140625 -4347833 352723.8125 -2262905.5 2785863.5 4189318.5 1208171 881077.4375 -1267911.75 -2079298.75 -2149838.5 -191629.96875 -736638.25 -5300974 1428360.75 
4779253 1805881.75 -547163.125 -1008343.625 -2645501 4853338 -485347.25 -1374586.5 -2862246.5 197389.6875 2366606.5 -3735354 -535230.125 -1043105.625 734455.625 734570.75 5473707 -3465593 5703162 1115323.25 -3063826 6213257 1418301.25 1638206.25 -3579965 2716431.5 -3137378.5 1053140.25 -2594257.5 -1991386 3244827 -1190144 -157783.375 -2330553 -2150340 -1010990.9375 3037035 -1198116.5 -7862603 -125783.4765625 -4005225 -995045.5 -5650388 -960677.1875 2414889 -1845703.75 2047611.25 -2558846 597991.125 -5264374 6332697 43091.46875 3841908 6389679 -2623805.5 -4526308 5946102 861628.5 1523001 -5724827 1726096.5 -353900.03125 3383011 690370.375 
208888.640625 1164584.75 -2002057 -208098.4375 1985330.25 5423463 -1759192 615374.5625 2998591 2383534.5 2947369.5 -3386582.5 -804875.8125 3131359.5 -2895524 877546.75 -1615264.75 -4395255 -3940125.5 5693357 -1205157 -341250.71875 5332002 49144.828125 1647815 1550417 -54254.2109375 -5314134 -673730.125 2000091.25 -2624833.5 -2626130.5 1542746 3282011 1790887 3030898 -5518954 2272956 2745355 5262940 1812801.25 354800.125 962303.625 -974874.25 1009069.5625 -644767.875 -2380937.5 -3461062 -480937.6875 3260085 725975.375 3416739.5 -1949576.5 -410535.28125 1600622.5 4307131 -2037254 529680.3125 2225175.5 -2658041.5 -1532149.75 544279.6875 266291.1875 223169.65625 
-2532851.5 -163239.15625 2883879.5 286200.03125 -973012.75 1977520.75 -4034581 2737345 -676386.875 -2744699.5 1605671.5 4608058 1726305.75 503346.875 1266553 -2825367.5 2583720.5 585650.8125 775570.375 -970675.1875 477370.5625 2105773.5 -2717144 -4322084 1673934.75 -2212884 3340739 -1601961.75 1023410.625 -1460435.5 3071197.5 -4639523 263356.03125 2990210.5 -5466691 -1996627.5 -1878709.75 734394 3037741.5 1627296.25 -1887681.25 353251.1875 -2074909 -674692.625 -1286132.75 245547.890625 706302.25 1974114 -98753.90625 -3372353.5 1185553.75 1197570.75 -1713156.5 3733125.5 -1150110 1841857.75 -8901186 -4586507 -2153164.5 -7858963 4017815.5 -1818266 -375856.4375 -1647326.75 
-1211225.75 658383.1875 -1958934.25 1271140 -7694064 -1048559.9375 6214576 -4162459 -3086398.5 -841178.25 3710363.5 -1932791.5 576710.5 210493.953125 1136662.5 5197999 541089.6875 5369368 -1594068 -620503.625 -1778327 -79323.1640625 -7237822 2553643 1415450.75 1881764.5 -3015373.5 -1529674 491438.53125 1071805.75 1987215 865796.125 -2022842.5 2647398 -18495.59375 1516273 2941370 5091094 966558.3125 -2302599 -1706303.5 -1366552 649800.375 -2289723.5 3486245 2543275.5 -3267982.5 -475446.59375 322070.46875 -1989257.25 -4821921 963504.5 -2569616.5 2275256.5 -3367444.5 -935801.3125 -964086.75 -890819.125 1619573 -3627139.5 -1707060.5 1638566.75 -4765747 -19501.720703125 
-5017894 -5049289 -514086.1875 -1661482 1336022.75 -165239.4375 -852992 1143347.75 -2422461.5 -2339707 1846126.25 -3323009.5 2090629.5 -1734508 -120164.65625 -2166494 -2759070 5487538 3404165 -58663.96875 -1557999.75 -713477.375 1195867.75 -2662443 -2923002 576921.5 -1206846 2752241.5 1354097 409725.625 168263 1550306.5 -1745120 -316758.71875 -3402799 -165763.65625 436576.09375 3632843.5 -276795.6875 2656552 -495911.28125 1758545.25 -385721.375 -116067.75 3810487 2452694 -682660.4375 -1908174.5 1967153.75 793305.1875 313487.1875 4956478 2497299.5 5492470 2942137.5 -812667.5625 516426.5 1379466 177281.875 4105966 -577075.75 -4960230 -3072520.5 3538022 
2131848.5 -2924317 1235190.75 739449.6875 4734382 -2163917 504264.875 4584089 -4395697 4099342.5 336837.1875 -3638718 4157964 2583680 -269783.96875 5238000 -2686690 -4238493 3900189 2103775 -1387270.25 2143681.5 1986290.75 4101123 4909399 1767692 948460.875 -6612474 -567425.75 213405.15625 -1764587.5 466069.5 2269357.5 361598.625 -889003.375 -410379.6875 1397516.25 -3601700.5 850341 -1314143.75 -3040955 389567.25 424429.6875 -1687274.75 -499426.875 -3648680 -3455598 -1162779.25 -4341216 1035340.75 3210673 -35586.359375 -2207180.5 -1842941.5 614104.3125 -800627.25 5836265 2512288 1836383.5 -3011459.5 -536285.875 -2667738 2532467 -4886712 
-2602273.5 875940.125 2738078 -587555.125 -274983.375 4860401 -1797433.5 3404849 1914846.75 -731212.875 892503.375 947787.125 2679510.5 -366629.34375 -58409.59375 -1350976.25 -1298545 1707127.25 1052661 -2466442.5 -1333365.5 5037245 4203686 2460117.5 -551300.25 179877.359375 4734632 1649063.75 2366412 -1564109 13654.0625 1009028.0625 -889228.5 -2576901.5 -3066001.5 -944293.5 3081499.5 291659.34375 -913988.625 3694466 -768318.75 981580.25 -3072712.5 -1812362.75 -1794172.75 455308.625 64813.59375 3813742 -4159294 -540111.8125 2131704 1732216 -963424.5625 4005983 3961439.5 2228477 6099823 -1623626.75 2314233 1230107.5 1409370.25 -6178001 -29000.65625 -2171564 
-389346.15625 -210228.1875 -3588617 -1406622.25 -2097811.5 3008596.5 -3103113.5 -963678.125 -943355.25 -453446.625 3343835 3687629 -2078664.25 -335039.9375 -2112721 1811872.75 -1134703.75 -3024605.5 207719.34375 -5075028 -4065727.5 1570525.75 808651.9375 -1081457 712678.625 -3743992.5 366612.46875 1379532.75 1532098 3798099.5 189261.359375 -787966.8125 -2105980 732507.4375 -1432572.5 -2233581.5 3150428.5 232468.75 -4453601 871013.375 245898.921875 3510047 -2657034.5 -1465851.25 1954874 796497.125 97163.234375 -1206921.25 -773425.375 -2436490.5 337053.28125 2348189 -1293765 2886277 5080113 -1111065.75 -337419.9375 -4263731 1243404.5 -3359825.5 1090542.75 255148.9375 -4463037 -2880007 
6177824 2535203 -2331793.5 -3707089 2758406.5 -1383603.25 -505894 3234158 -1087863.75 261719.1875 355878.96875 -383595.3125 2922055 4138177 1878152 3022012 2867471.5 157989.84375 956664.375 -159454.59375 173443.625 4058711.5 2395971.5 4178025 -1654570.5 -1887291.75 -5078667 -686167.125 -761930.0625 1506574.25 3296234 173784.0625 2131483 1459528.25 1767150.25 1576184.25 3020528 -3036304 -860221.1875 -3557375 -3974377 2765106 -4456447 -3736334.5 3507031.5 2023086.5 -779141 -3073111.5 6627244 -4143215.5 6863215 -2806830.5 488774.4375 1215182 -2488055.5 -1047869.75 911900.0625 -802197.625 -157439 -2953870.5 4559913 -4181804.5 -1353627 -3110564 
-1316934.75 -1648927.25 2440150.5 1689154 2143179 3878768.5 -1180442.5 4005849 866646.625 -71381.0625 -959650.375 1383361.25 212699.3125 -238978.28125 -814883.375 4540051 -2704402.5 3813736.5 292401 2086831.5 -509473.625 -945904.125 -465273.9375 -226864.90625 -447581.5 -2798753 201628.5 -5261675 982190.5625 -1392429 -261406.5 1150149.5 -2662695.5 200354.015625 5430976 72439.5625 -2516062 615587.5 1650850.5 -485525.3125 303467.375 -492986.25 951399.875 2631812 -104771.40625 -727780.625 447222.375 3704239.5 -948487.375 -160221.859375 4225983 -1246941 3207756.5 25529.15625 -990222.3125 -1626550 -738128.8125 -3045848 1285612.5 236363.453125 -1776881.75 1579150.75 -34237 -2067859.25 
-6250127 1133219 870663.125 1978479.5 -1103552.25 3865360.5 2470725 4641764 6443008 4533684 3820180 -293888.75 -3921304.5 4232883 -1987576.75 6730081 -1980854.75 2680573.5 -1296193.5 2235070 1128642.5 1994965.5 -450381.65625 -2235795.5 2503991.5 -1349442.25 2880585 -3104156 1450433.75 -2934473 -656638.25 -458207.3125 1407.625 -1028802.5 4374863 1834818.75 -2977471.5 -1401636.5 2461172 3840633 -2558502 -1669611.25 207405.25 -2168122 -3688207.5 -2212558 -5208906 4100049 -757038.0625 3340665.5 3644076 -221550.3125 594494.125 1755759 1078767.5 3876527.5 -3873635 443749 -234508.71875 -1168255.25 -1731949.75 -2080014.25 -6666632 -2439238.5 
-2153831 2046573.25 -2346884 2004706.75 -1007429.9375 450343.875 3807358.5 3194028.5 631742.5 5692780 212533 -812371.625 2162313.5 5063573 834463.75 1551392 -2917159.5 353521.0625 2445023 1414392 330939.125 630214.9375 237375.71875 3188528 5498816 -398675 861978.1875 -9181064 2836221 817932.125 -656557.8125 1977626 -1850505.5 -1703724.75 2058281.75 2499787 1984098.25 3246611.5 -191599.5 4838118 813569.25 -29716.1484375 -1565983.25 785322.6875 183404.875 1828378.5 -2418702.5 9838832 -6108875 -100254.65625 -1229023.75 3219027 -5767661 1610947.25 244643.34375 1291489.75 4925862 -2532364.5 1628777.25 -586285.3125 606222.5 -735984.5 -4422754 -7356871 
-709712.25 -3998472 669895.125 -1929640.25 4731844 -1296244 2724778.5 2767907.5 -5398765 -2250274.5 1455605.75 1261061.25 -721936.3125 2298059 -1171967.25 1001320.3125 4586195 -2819280 -2208502.5 3790094.5 -2659019.5 -2235814 101112.1875 -4263182 325311.59375 -390277.03125 -1339149 -196137.25 -7518651 5586471 3747361 -2929862 4698616 192083.859375 -5146590 1226536.75 4480990 -264148.75 -4341902 1599105.75 448360.9375 -187150.53125 -788370.4375 1078916.5 1180122.5 -855978.75 -1198022.75 -3117582 -583236.125 -2602860.5 579219.25 -655874 1004792.6875 -792921.375 12241.2109375 -2394368.5 -2528007 973249.25 3627957.5 -1006802.3125 4178410.5 -3295666.5 215381.125 -2303317 
-590373.6875 4391367 -4212592 -95358.625 4456046 2406631.5 2071825 -522010.40625 926374.75 -1290827.25 -1419951 -1989243.5 -3626469 -2882419 545460.75 -1618053 3784469.5 -2042392 4567711 1659377.25 -669733.3125 164953.140625 -4692165 620294.375 21527.765625 -604080.875 3796179 1696466.75 -358360.1875 -2997034 -842896.875 1043873.25 -1598911.5 -3407576.5 1412227 514057.28125 2101341.5 -1322271 -4682208 -1603552.25 1884309.5 2807605 -2021528.25 2731466.5 1339407 -198200.78125 -649524.75 1926978.75 -3158851.5 -274981.96875 -1591861.5 1213587.5 -654191.875 4862240 -685749.8125 335287 6302557 -1631833.25 790291.9375 -1067209.75 631973.375 -2434369 1297971.5 1712789.5 
-4362166 2837598 1241948.5 2100229 2874716 -2082507.25 1780712.75 121315.546875 -3460678 2531402 1525262.5 693237.5 -2944791.5 -543879.375 1367205.75 46417.322265625 1628262.75 -2094493 1835203.25 4637772 2653170.5 -1426515.5 1427976.25 -2659978 708331.375 -676581.25 -1742878 -477167.71875 -1365891.25 -591432.3125 299860.03125 1933924 -1033106.5625 -1089023.5 -889076.1875 84030.34375 146077.96875 -3592423 855981.0625 -476498.25 -2376689 186833.71875 -2103495 2659105.5 1591187.25 -706707.9375 -1815937 -220498.71875 2920803 2654939 412319.375 492977.4375 81122.328125 -1210898.5 -4029562 -6391542 -2000608.75 -846281.75 -2226421 -1203203.75 3664589 -1334751.75 5038121 -1874730 
-694025.6875 -3855909 1494798.75 956344.0625 2966459.5 -3035237.5 -668296 3226985 822732.875 1581178.25 -962745.625 -3137705 5515293 1611376.75 -947847.1875 1516367.5 -1269178.75 2355213 1949405.75 670312.6875 -518930.5625 3859478 3295794.5 2408270 -1738071.25 -3833854.5 -2980745 1338843.5 1323540.75 3917628.5 -2723958.5 2570725.5 1059613.25 -2830585 199831.84375 2300897 -2851894.5 811073.375 2959841 1424275.75 1867460.75 -325620.4375 -1819203 -1142635.75 2671814.5 -4303471 -1110007 4432923 -6011474 547208.0625 1936935 222136.140625 -2666843 2807676.5 2225522.5 -1612644.5 3976338 -1271797 -4598509 615945.3125 2693795 -1911035.75 24353.8125 -3924125.5 
2385078 -297785.4375 2668540 3531054 2588024.5 699948.5625 -1498853.25 2080236.75 998990.6875 538065.5 1541177 -3742205 1106364 3015765 1260850.75 -1370866.25 4167.798828125 -3548569 -4084664.5 922789.75 213681.5625 4311165 -1600181.5 92067.625 -642720.75 4151479.5 1348953.5 4245564 -2836180.5 -3551512 74408.375 1005130.25 2245081.5 -660877 -272496.6875 -1974237.25 1036068 426349.03125 -2138343.5 444711.9375 -2580896.5 964073.125 496867.375 -654359.1875 -2846403 3724813.5 878399.1875 756444.6875 3391710 -3078558 -136577.96875 46817.5 -556147.5 -4201956 -780821.4375 -2162783 -1366410.5 2876429.5 880539.875 4791804 -3115990 2086239.75 3078534.5 3468345.5 
-5454957 275145.875 -432085.25 2884482.5 3971879 1273982.75 -1001889.625 -3168205 -1315907.75 569230.75 447512.0625 -621098.375 -1417363.5 -764114.4375 -4992149 -3909075.5 -3185197.5 -3774481 -4720164 -1925563 1403239.5 -4155392.5 -1660930.25 -1462469.5 -742339.8125 127532.0625 2692151.5 423388.28125 -389583.59375 -1093945.5 -1251820.25 -2767046.5 1061373.75 2649266.5 1619688 1766763 -1605292 1320618.75 846072.9375 -35834.5625 3328514.5 2188807.5 1277511 2490144 -1029836.875 -192111.171875 2642192 -1273882.25 1955580.25 72065.515625 -1755770.25 497902.46875 285599.25 2058728 2979698.5 1927792 -4511546 1147786.75 817874.375 2460607.5 -2143337.5 2700793.5 -168149.1875 5491791 
1718034 -2780014.5 -680044.375 -4857503 3808119 2323557.5 -2860299.5 3126050 -1395218.5 -1414485.75 1670733.5 545866.9375 4088917.5 1969202.25 -1215531 5408974 -2856508 541402.25 -2876905.5 -1397988.25 -3175229 2115242 3579885 5970367 998966.875 -4703448 4659744 -1420138.5 1662759.5 222532.53125 -2003347 -2223261 -2999165.5 4688999 4683999 -2260759.5 1510793.25 -681159.3125 2233282.5 1759162 -1530500.5 -1196003.75 5997300 73604.3125 -975583.6875 -2527848 -2423692.5 -4009923.5 -661116 -930070.6875 -687603 -3778090 -1282304.5 2310271.5 3288977 6430521 3271922.5 -2207852.5 4060162.5 -1485059 2754018.5 -255591.53125 -2785259 -833560.75 
-7037296 5092089 -1465504 913921.75 -1471920.75 -3013943 1623691.75 -4210436 -5687048 -1736876 1412184.25 2110472.5 -2662331.5 -2753645.5 -616074.625 1184834.75 -334966.71875 4670828 3127933.5 1793691.75 -2400693.5 2301252 -1393961.5 267370.8125 2332918 -931865.625 2016499.75 3961112 3499975 2585070 3064711.5 -1483181.5 -1992153 1507554.5 -2287555.5 5058123 764211.5 1707928.75 -80442.6171875 1629588.5 -1270172.25 1227135 -2623564.5 -1765881 2211818 3400383.5 -923414.0625 3807626 -1921958 -1033014.125 -4669736 4986964 1688013.25 3624673.5 5128731 -436603.75 -2837693.5 510572.125 207335.53125 -2499264.5 -4105724 -2545955.5 -3715059.5 382861.46875 
2242946 3979947 620150.25 3867695.5 -565366.375 -5723052 1814892.5 -2000295.25 -4241601 2500397.5 3571094.5 -5626084 -1709660.25 674912.5625 -5086718 -737883.5 -2547776.5 -2740511 -1971133.5 -777600.5625 675691.125 1675615.5 -1456227.25 3005251 1012089 1177977 1119333 -744039.25 3745394.5 3208365 4964920 -547337.75 5408890 2757833.5 -1962998.5 -1757882.5 -1082240.25 -5372935 600028.5 -4284819 -2896383.5 -863029.75 -1191461.5 -1005806 -1105764.75 1212368 2212951 2169990 1650438 1209419.25 446268.375 1420968.25 -2346865.5 -3412142 241157.125 -1037841.4375 3204911 137906.75 2530787 1356712.75 -1510520.25 2890539.5 4244867 -598799.6875 
5256.115234375 -172958.21875 882163.6875 3186777.5 926607.25 1406007 6179494 3735778 3592044 3588266.5 -2854642.5 -4056741.5 1338153.5 2717725 -1825724.25 1087477 2257498 336903.125 -2816636.5 -2370174.5 413392.21875 -270273.625 -2103872.5 815366.3125 -7944624 2428745 -7096029 2102706 -2309010 904650.3125 -2769932 5623472 1515196.5 -737285 1416170.75 4552068 -1173447.75 -943296.1875 -89714.96875 -4308996 3729442 -3521230 3908809 -2283203.5 -982533.9375 -4961442 364415.5 2710764 -3394733 -990518.125 130860.9296875 2434639 2622760.5 -2548115.5 739251.4375 719894.375 5346928 -1757369 -636377.25 5991071 -1738434.5 -1028860.3125 -292400.4375 49955.869140625 
3297542.5 967134.6875 4204670 2627705 -3018818 -1507208.75 2586021 1035005.125 2142089.5 4702988 4745482 -3631415.5 3399438.5 -2849013 2370624 -507309.6875 -5561500 2638833.5 1503636 -949687.5625 -1023652.5 1947393.25 744864.125 1359101 -2724920 2505942.5 -610046.5 50302.75 1997975 1934108.75 -1012106.75 4457385 1317300.5 863161.9375 308816.0625 2082837.75 534005.5 784520.5625 4893406 -5227652 1477590 -1417806.25 -1007781.125 -3295597.5 1197095.25 1517040.75 -3300616 1227312.5 -1264003 255300.21875 2114447.5 3797429.5 -1414615.5 -26925.9375 527914.25 -3547430.5 4246179 -1990635 -3583458.5 5389685 -4524192 -1462167.25 -547038.75 -8384.4375 
6102756 -323795.21875 -3409692.5 -2004700.5 -1810777.75 -1393348 -2072549.75 34272.625 1290235.25 -3180052 -1351374.25 3665551.5 723255.5625 -1271757.75 -5410984 4903190 175170.578125 3323253 5635053 7461703 -3563777 -1050233.75 -743027 4217328 1802713.75 1993030.25 -2174071 -6099336 5551555 114822.359375 1292728.5 -330289.125 -254578.875 -578710.5625 -6736565 7335957 -4875260 4117636.5 2062863.25 2021303.75 1911709.5 1982633.5 -784824.75 -2029434.25 2963113 100448.25 2265699.5 5899030 -3033763 -1163882.5 -1178553.25 -4917374 -155453.453125 -20918.390625 2791850.5 837348.1875 -1011953.6875 3365586.5 1809340.5 -1140534.25 1827030.25 -404265.90625 -2151385 -1326664.5 
-728274.25 -1838313.75 -122584.7109375 -1306654.25 5817567 1266864 -3763899 6561784 -1946954 -4269305 680372 -429951.8125 2134406.5 -3819394 -6646640 3792362 973975.6875 -1299621.5 -1616409.5 2396034.5 798939.4375 1739481.75 915944 3081614 1435296.75 -376688.25 2246750 1343642.5 440754.5625 1718080 -4260398 -120557.4453125 3203371 -911424 -2736559 -5931546 -2292710.5 -2238931.5 -703071 -2728826 970328.875 2371499 547063.1875 -1418129 4333475 -797121.1875 -61764.234375 -4509789 2297598.5 -585116.125 -3691861 -923671.25 -7257755 -1827669.75 -2120617.5 -241975.546875 677309.875 -2753962.5 -2134680.5 -5147465 915540.125 466180.25 2458645.5 -1327667.5 
1523188 2183113.5 -388078.75 -3293296.5 -1191127.5 -430284.9375 736509.3125 1978122.25 1501994.5 -4109986 1766734 492565.71875 -2116070 1972438.75 1051370 -2573093.5 -2672835.5 1126238.25 -395438.9375 4393603 -4702113 15673.7265625 416668.9375 -363975.75 891789.8125 -3525383 1788188.75 -2772938.5 -1071664 963713.4375 3464397 4374201 786866.875 2092255.5 1116071 11512.15625 -1370437.75 -837509 421875.4375 -62137.765625 -1064591.25 810269.25 -2199279 -966364.5 -1070542 4514598 -1130438.75 2499383.5 1152999.75 -813660.5 2929089.5 -533362.5625 2082017.25 744225.8125 407630.78125 -1795518 -3799309 -1135943.75 595427.375 -1729006.5 3388658.5 -2957040 46034.8984375 2713006 
1240942 416443.15625 -278787.4375 -2150203 3269572 -2255779.5 -1894713.25 800116.6875 357282.90625 3687573.5 131554.359375 -5033342 2037373 3029895 -3813122 -1098189.5 885941.9375 -63176.5 2898088.5 4452810 675172.9375 944788.9375 4755691 -2505506.5 -177410.9375 -1204744.25 3548742 595449.375 631106.625 361648.78125 3319846 -1784751.5 4679682 -634358.25 1380301.5 2964412.5 -1740738.75 -4614495 -61226.8984375 -219109.609375 624485.9375 1907122 -1568041.5 -590051.125 3787317.5 4642789 1218869 -3580522.5 -3589454.5 3381770.5 -2184007.5 884218.0625 1015149.75 -387918.09375 1398530.25 1342579 1614143.5 1279366.25 -6372809 1106160.5 -3032169.5 2648058.5 4614568 -1473610.75 
-439569.3125 -2476366.5 825351.3125 -4219841 -3461640.5 705669.0625 -2741826 -1424847.25 3613121.5 -561873.5 5544067 5136382 2469142.5 -4253679 -1728697.25 -379248.03125 2271516.5 1886478.25 2884664.5 -3487873 -3527061.5 471468.96875 1801957.25 -2843115 -1945500 14823.07421875 -838303.875 -263572.75 1795292.25 4651863 419324.65625 -7671828 398088.5625 752820.1875 -5882397 537808.5 -5788516 168962.546875 1333788.25 -587553.4375 223729.53125 -138438.328125 -1693803.75 129274.96875 -2528388.5 -2127626.5 4413110 -2338028.5 1755189 2686242.5 -1946816.5 4055723.5 -1694329.5 -1490624.25 5121015 1715125 -3910496.5 1769037.25 -5002355 -3693123 -4022634.5 877927.625 -1775795 2550916.5 
-619898.5 3905711 -1992656.5 4266784 -1631148.75 -85267 4169860 -3901558.5 -1433320.5 -2557199.5 -3269976.5 1004096.5 -2769243 -3291174 -4906489 -154086.625 2362592.5 890348.75 1884411 1092158.75 700230.4375 -717770.3125 -5169572 2867959 -2065634.25 1481195.5 -1466247.25 2309423 -871865.25 768928.1875 -90362.59375 -1261633.75 1789337.75 -3357561.5 -3289972 3698405 465067.53125 -3351335 -962314.8125 -5525483 2470368 -348589.5625 91159.453125 -2565255 2907446.5 -507071.03125 3326545.5 2854479.5 26965.65625 -1763209.5 -3874111 1149966 867372.5 -3662070 -2370994.5 867646.625 4426404 399484.03125 -346117.5 714839.75 -1650858.5 -3179085 980781.3125 2314021 
-3760022 4164210.5 -2368685 -317758.125 840145 -3999812.5 -206344.9375 -1383161.25 -1203853 -4642164 -5025936 -3706405 -1987317.25 3191701.5 3380825.5 362497.90625 4296072 2014402.75 487365.4375 2247380 -836665.5625 1431942.5 -675625.9375 -797572.75 -1192711.75 -1269437.25 -81183.828125 5497200 -74158.53125 -4551392 412465.625 3142293 -2033557 -4783586 3603288.5 1525524.25 -581940.5 -2113746 -938460.375 3117530 -772574.8125 -2068460 -2192292.5 1513378.75 -2090997.25 -2578789 -1749179.75 -465596.875 -911917.75 1126691.25 1982880.75 -1528086 145105.015625 2345570 -5041902 747123.3125 601973.25 342397.6875 -1130971.75 -2145474 3580268.5 -1732201.75 766913.4375 876005.6875 
2591744 -300735.59375 -752786.4375 -2189827 5013371 -4053845.5 58202.6484375 1410607 -3193099.5 1088472.25 -2130551 -1128591 4216414 -93654.265625 -1928261.25 2175980 -3749176.5 3450751 -1617702.25 2793657.5 -7640.2265625 -2422069 2249496.5 4300738 2919121.5 230876.96875 4817064 -493351.3125 1371822.25 1824486.75 -2968315.5 1072725 -1032734.25 -792345.875 -1927096 1661225.25 2465167 1115210.5 2922026 1775761.5 -2548622.5 2337838 -556042.625 -966365.4375 595395.6875 -254427.296875 2845059.5 -522687.53125 -1443096.75 -1402611 -3798960.5 -311308.75 1667949.75 1529211 3439285.5 4189703 2964165 3454622 3104481 6450025 -1780783.75 -406804.875 -3389273.5 5210113 
-3489732 -1943844.25 3993640.5 -1838457 2828644 -3819541.5 -197450.96875 4443592 -6903021 -1184808 -1496775 -5369165 4143791.5 886364.25 -3744149 -1932740 -1829831.75 -587412.8125 1825229.25 6189335 1613225.75 2710009 2543789 -4495443 1963812.75 -1272046.25 3620999.5 1174562.5 762749.6875 -2789139 886978.3125 2614983 4183362 -721749.75 -1913745.25 -698807.1875 -2586351.5 1499596 -1958363.5 993470.625 -502840.3125 3721797.5 1710099.25 -1566892.25 1981995 -173917.40625 -2603241 346107.5 -5778842 1057930.5 -1343706.5 -3009114 -3771186 2441949 -2728986.5 -4178554.5 1154965 1314073 -1217640.75 -1094859.75 3953830 2722384 1064520.75 -5786556 
2159360 1812379 -4187907.5 226679.71875 -2772772 -5207329 2313111 -3865068 -896904.25 -870391.625 -1381207.75 794118.25 -1290388.75 1215945.25 2070734.25 2921173 -814855.1875 3408175 437545.71875 2507265 619548.375 -2032031.75 -2927480.5 86793.625 367640.1875 3320947 -3817706 1097795.75 -1186390.5 -584601.625 3773939.5 2273405.5 -152019.875 -8793.125 -569452.5625 4003111.5 1843504 946111.125 -3246505.5 -1999516.25 2289749 -257414.28125 -1013858.9375 923397.875 6215517 5471436 -2297379 892914.25 1262954.25 -3403585.5 3283900.5 3775692 -1351943.5 261764.8125 -2412030.5 -3288380.5 1062660.5 -409473.53125 2747621.5 553883.3125 -4081347 -3346322 -1616626 -39095.671875 
-2915888.5 -1361714.75 -1163094.25 562162.5 -1539929.5 266768.75 -4452288 -3678469.5 2713395.5 -262561.3125 -1568197.25 4607039 4716580 4257240 1944821.5 -492406.5 -3932038 -4493173 211379.53125 1681946.5 2463014.5 3199505 1891439.5 -3074666 1219067 -4598121 -1705396 -1461632 -3972231.5 1193724.25 2757535.5 -1004029.3125 850075.5 -288299.21875 -237753.0625 -3498266 232233.1875 1674898 -1017727.875 -2514253 2542754 -4162415 -1658721 866140.25 1968589.5 1429347 2980744 -2742430.5 1437160.25 1110245.75 1571328.75 35915.40625 -729529.375 1725301 -265884.25 -390751.34375 -3310064.5 -3568147.5 2389361.5 -2155735 4863138 -1961535.5 -902969.25 -87424.171875 
-237505.8125 -3972612 -1859363.5 -1555796.5 -2859650 1897412.25 1693561.5 -104873.96875 1176769.5 -2006235.25 667199.1875 -3014229 789716.9375 -107442.53125 1584260.5 -4830720 -2357393.5 5673476 -207472.0625 -2942968 3668231.5 1858934 -3189093 2155244.5 -3466941 -2589863.5 -637890.125 -2011487.25 -2169821 1152889.75 -562294.6875 2178821 298931.5625 3081512.5 -190031.46875 -5996705 2766931 4876415 -1278764 769725.5 1595692.5 -6186396 -1206016.5 708794 2532558.5 2161007 -1528524 -3004442.5 3563518 -1444555.25 -1765165.25 -43061.4375 2520415.5 4666.125 -1423037 1077285.25 1247859.75 -1778458.5 -1057889.25 3352787.5 736960.4375 4292291 -5819676 1520820.5 
-1386699.5 -362762 -126240.1875 -2031488.75 2503686.5 -1817398 1158401.25 4046160 1431820.5 2592361 586168.8125 758433.3125 677043.75 3624732 -3995018 4292157 -1163849 957535.1875 -760617.125 -984497.125 -538598.375 241648.125 -16207.125 -2601339 -2128958 4382658 2819893 6028988 837167.9375 -4518602 -134007 3965820.5 1152803.75 -2050576.5 982859.6875 2834991.5 -527754.375 1101377 -2942523 -421363.6875 -2479016 2148221.5 2235621.5 -381223.4375 -3008851 -1053483 -2286263.5 -963509.25 -4012578 2137396 -439016.34375 -3136311 1168419 -1686717 4678279 -3081447.5 -1130898.5 4783842 818011.6875 3496304.5 -4359525 -471109.6875 1966872.75 385752.75 
2311870 -1788082.25 1749608.25 -1922477.5 1362804 3801118 -1055189.25 -31751.859375 -2130375 1550422 1338761.5 -2452442.5 -350160 -689131.6875 -961458.75 -545086.625 -18194.803710938 -1649821.5 -236092.609375 1759479.25 1344258.25 -1959505.25 2797684 -2542254 161225.9375 1999497.25 -2860588 -6753175 3774579 2839587 1545710 -1658816.5 1740934.25 3720490 283219.5 4415908 -1466902.5 693122.1875 1567803.25 2540944.5 1225027.5 -742213.875 455819.46875 -1076963.5 1657096.25 464568.53125 992508.0625 1406144.75 -4878088 2568250 2371212 2173047.5 2520465.5 2292397.5 3339420 1133759.5 -725775.6875 889936.75 1365744.25 3515815 -2595409 -3631572 -2276983 -479791.59375 
610173.875 368403.8125 -133161.390625 568684.375 2879189.5 6225457 -2212402 3332274.5 -825778.5 1656882.5 3666430 -3016621.5 -7079888 -3145811 -1978380.25 -4728058 -107386.15625 -3480989.5 627746.3125 -986438.625 2715879 -701000.4375 -255660.53125 2431509 305668.78125 -125903.75 -2679583.5 -1100060.25 -2121775.5 1380951.75 3960756.5 3973831 4409821 3329612 823383.875 -1621126.25 756497.375 -441282.28125 3611786 -3156764.5 -533547.0625 -852646.625 -1257376.25 1492327.5 -307588.53125 2514632.5 2188028 1939390.25 1366983.75 1921022.25 1130459.75 1833510.5 2034923.25 645585.9375 -30574.1171875 -2536542 1502899 -1831965.75 -2223632 3849823 2173701.5 1511868.5 -637215.8125 -340303.0625 
2026986.5 -3663584.5 -3232914.5 -981417.4375 2063463.5 3879656.5 537353.5 -1137754.5 -3052836 -5464534 -1725827 -4288020 -817635.4375 432445.4375 -5263052 -2676871 2601504.5 959967 -2105504 9927794 796217.5 -2265654.5 -2742503.5 2553273 5046.25 2292052 -2779003 406972.5 -2473067.5 -1392470.5 -5248764 -1262251.5 -368933.0625 -1299995 2231723 -2500615 -5644869 6598660 -5030622 989142.0625 2574669 2454049 1792148.5 -3527799 3792283 -343941.8125 -2200870.5 -3961741 2203407 2399139 -2125817 -3482167.5 2770208.5 1738138 -5424347 -956052 -2452882.5 3517043.5 3195485 -1136200.5 2447062.5 923211.625 1788219.5 5422193 
1251932.5 46346.869140625 -4274073 -2504365.5 -1476260 1904910.75 2730965.5 -4559229 1554869.25 7902998 6078778 -2300611 4614247 5136928 -2895253 -1218565.75 -4479361 -5812058 -5954185 216822.328125 -2069345.5 874691.5625 2824420.5 1960015.75 1699609.25 3510371.5 2020154 -2327972 -81740.90625 380332.0625 1342701.5 2837053.5 -320753.375 1977183 1256689.75 666093.25 -156962.78125 307186.625 -3915998.5 -1069692.25 -96521.6484375 -5472684 -685245 1298889 843334.5625 -3142877.5 311765.71875 -3731910 -1201842.25 -112585.0390625 -1532182.5 3502623 -1962144.25 5284901 1728365.25 1134045 1229510.5 1977217.5 7392207 806412.125 -1958301.25 704389.5 -46365.484375 1599997.75 
1011279.875 -2025935.25 -1755024.25 2373191.5 1736728.75 1991537.5 -3467461.5 1750842 730846.375 -323903.28125 -2457820.5 1044076.5625 -1178461.25 -706778 283234.1875 -189305.84375 -4887016 -2803477.5 2596379 1291750 1501808.75 1969590.5 986297 1090908 4020304 1132126 1492067.75 -2829092.5 986597.875 -348258.6875 -1383008.25 -1920277 2250269 767526.5 119272.3125 -4304999 1501212 -785076.875 1811626.75 975414.625 569177.1875 -3829821.5 -4381326 1737349.5 -677539.75 -794461.5625 1544126 -1995973 -2142838.5 -128271.390625 1710231.5 1975322 -1489211.75 -1003837.875 -284120.5625 432854 -653954.9375 -1334439.5 -1557175.25 -1217179 -586675.9375 -1467062.25 -849800.625 1757705 
4403405 2895657 -1974631.75 -580701.1875 2219257.5 -2211119.5 -4739035 -3309341 -166845.125 2449922.5 -831376.875 828066.5625 -2104881 757301.6875 -348345.625 -1273928.75 626605.6875 -5601003 -2136015.5 4269688 -3586689.5 -975298.9375 4615340 -1100648.75 6000910 2712019.5 3571505.5 -543714.125 -1607123.5 -3044351.5 -263641.09375 473951.9375 -826490.5625 2970296.5 -1407395.5 -127485.1875 -975793.25 234190.625 -1153885.25 2430437.5 -1118461 1773772.75 5311628 -750847.375 1490187.25 1295912.5 -3170344.5 -6364031 861278.125 3596100 359372.625 -1890592.5 -740876.75 -1994114.75 484967.59375 -1499302.5 -2305979 -1042401.75 5033585 -921310.125 -1989487.25 1876932 -1357601.5 3066799 
2208492 1870036.5 -4639945 -2809138.5 1766743 -1681156 3619063 -2832690 865650.5 721139.6875 1734380 448482.1875 -327948.875 3244057.5 1152999.5 4790523 5484137 -295294.8125 -40887.2265625 5376293 2594811.5 -1182248.75 -1585696.5 -1485068 2145906.5 -2914851.5 -637641.25 -2519387.5 -2962302.5 -1441478.75 1706856.25 -118228.796875 -650029.875 -4650168 -1034258.4375 2072143.25 -562476.375 2089510.5 -4728171 61693.8984375 1751556 -1802485.75 -1700084.5 -2450222 2246938.5 -4002058 -4375302 2220703 -3106186 3635277 153976.25 -5972431 475287.15625 2452377 -2082876.25 -675400.25 -1270611.75 1485577 192637.125 -1038164.9375 477244 -2826715.5 913954.25 -721054 
3519333 -2567343 -295435.0625 -1011713.625 808294.75 -2735967 978378.5625 4406878 2620511 4336811 212778.453125 -2599806.5 -653586.875 601883.6875 -2435756.5 -1614789.25 -1384167 500113.3125 3205663 1226542 4205525 1377415.75 3751428.5 -1037474.875 960157.1875 4952494 2431983.5 -1965731 5274014 1468865.75 557002.6875 2981305.5 5538406 1133284.75 -3226918.5 -1184508.5 1199551.75 -4207076 3430463.5 725730.5 -3544156.5 922665.375 -5627392 -997932.4375 5246445 878776.625 -106375.109375 -35988.0078125 817153 3200657.5 5307706 671412.625 -1773718.25 -1356451.75 -516916.28125 -64164.5078125 4688219 -194593.15625 -2949160 2767773 1503930.25 -2903518 2207683 -5867641 
-562421.5 -3129774.5 -1940557 1172176 466933.03125 4100288.5 -3323444.5 -478999.90625 2156094 1304810.5 235457.125 -4511529 -4763333 -2990767 885088.125 -2341588.5 313032.71875 -981904.75 -3319491 -2773791 1833569.25 323059.625 -815907.6875 1708861 -2226143.5 1613465 -3450936.5 4295014 -2049918.75 -1532484 280696.1875 810317.5625 -1550888 2651479 -475606.125 -4540817 -326637.28125 -2579324 -1072894.75 -55611.83984375 -2160639 -3094896.5 2054804.5 1690654.25 -2127732 -896144.375 -22887.921875 -3807329 5251889 -1635884.5 387595.125 49192.90625 -127405.1328125 -1679361.5 -1443728.5 3599429.5 995031.9375 1919834.75 1557728.5 2728869.5 -929605 -150247.5625 532312.5 -286167.625 
-922777.5625 888142 -2576943.5 -1806226.75 6220179 2776345.5 1713227.75 -480886.75 2538706.5 -1220729 1854845.75 233475.625 -4902851 860952.875 1754748.75 3319569 628863.875 -5054964 251660.75 2633580 -472710.875 -579706.875 -1589893 811273.5 6502944 2153260.5 2890730.5 379975.15625 -3233144 -2369833 1977413.25 -2624967.5 4785050 3920133 -818620.625 -214216.09375 -323486.375 -1178408 -3330995 -2050495.75 1809779.5 42314.369140625 1021371.0625 494324.21875 -4120579.5 786380.25 -4398939 -1125265.5 3593913.5 1536815.75 -382813.375 1013037.125 -4354254 -1577204.75 1828416 3230829.5 -1485168 2997764 4748721 -907630.1875 -2438399 1255302.5 -1889708.75 3555799 
720795.25 -118232.4921875 -2045921.25 363618.09375 2580635.5 1255887.25 -1360361 993731.875 3765338 -929517.5 1090698.25 2332240.5 4211793 2464639.5 -3165434.5 -831308.125 -4744756 1536687 967461 -1252610.75 -2721633.5 -2978813 3910689 -4157258 -316562.71875 -5043279 3417147 -453421.8125 2762026 3259552.5 -338798.59375 -1320560 623196.1875 -1196121 4208776 1914766 1138218 1147110 -1819245.5 -3742976 4069405 1438988.25 1517764 -2240531.5 1312653.25 6556025 2482505.5 1139339.75 -1990678.5 769431.0625 -1265306.5 2591420 -658325.125 -2261162 2931988 -947188 -2165499.5 -3908401 -2405297.5 2429868 -989974.75 5032191 -1739669.25 -2567845.5 
2753761 3973855.5 -2749626.5 -757117.9375 -1386000.25 107320.65625 -831831.375 1763435 -584087.875 -2503314 727471.0625 -1101976.75 3257439.5 -1238398.5 -3898976.5 -3214570 -2534435.5 -2635603 -5776136 790925 646050.25 -1424508.75 -255574.65625 2212636.5 -1074346.75 -1636571.5 3351878.5 1943873.25 -3879563.5 -976682.6875 2479303.5 -2351728.5 4421680 3572771.5 -1124741.25 -1367125.5 -775784.5 904780.25 -2324485.5 -1143483.5 2041563.25 121651.71875 2156445 -4039249 1695412.5 2426010 2759629 212168.609375 351710.625 -4352190 -4393807 -2605742.5 1465294.25 1298434.75 373316.5 2232261 -1092600 -539247.9375 522065.0625 -2259778 -2364029 2786720 -98334.9375 5624425 
1489109.5 4245841 126716.125 636660.875 283151.03125 597942.1875 -572781.875 1319024.25 -4298288 -8674224 1744419.5 147753.4375 -2701571 690838.1875 -2500632.5 813485.25 5286362 -670531.0625 2272484.5 7353422 -4810919 3016999 -4920984 -1327143.75 -1644340.5 -1792453.25 640668.375 3341954.5 605916.75 331052.15625 2834726.5 1804690 -2748632 2464502.5 -4404927 3460652.5 -3899758.5 3657646.5 -3453612 -2172043.5 -280210.5625 5913094 523826.90625 -2950375.5 935597.625 5367303 1058508 -2352826 -187310.1875 -2863001 -2351815.5 -406749.875 363096.8125 100491 -1588316 -7251091 -1360081 544326.5625 4646093 -4604301 3764399.5 -1600146 2312395.5 1108802.5 
4880976 -5235982 642481.5 1517993 468897.59375 -927311.5 1140313 -2841664 5788823 7278941 -2914400.5 4383927 1293025.75 546323 3611886 -175154.71875 -902903.125 -1070714.75 -4152632.5 -1599245 3355846 -2799554.5 1293411 115281.78125 1131588.75 6719846 -3033230 -4786818 777993.8125 1186986.75 -3834742 4716018 -271009.15625 2434360 -623570.375 2039924.25 -1587991.25 -691701.9375 6432404 2951133.5 402863.1875 -2977668.5 -22502.185546875 1457994.25 47970.15625 -3667868.5 2191662 313179.40625 1660755.25 -1983236.25 1087854.75 43846.4375 -806815.75 -844096.75 1026968.5 536698.5 -1835249.75 3839597.5 3103192.5 6257332 -2167913 594268.125 -2421761.5 2223482 
