10 10
-121.195520401 32.156280517578 -1.704839527607 -61.668405056 -69.349061012268 49.067893505096 -159.74216461182 -153.19031906128 -15.514533996582 30.556766748428 
62.219004154205 -88.938024520874 147.60787963867 -68.542485237122 58.743875026703 -89.33115196228 -142.89810371399 190.47860145569 -134.28288650513 -3.8508604466915 
10.432696580887 176.44304275513 -53.022374153137 -211.60014533997 96.814291000366 -40.662360668182 -140.85966110229 38.075289726257 48.973999500275 -156.78692436218 
60.701601028442 112.65954875946 28.261075019836 64.838706016541 107.5744228363 -78.824563026428 66.4918384552 53.991215705872 41.483333587646 -256.69561767578 
-190.11737060547 -34.566815376282 40.496255874634 -68.362742424011 7.8586674332619 -97.50195980072 -51.01912021637 72.058075904846 -169.15114784241 87.860761642456 
-110.23811435699 -118.69110107422 81.630435943604 -134.39717292786 -63.403019428253 -159.89929580688 -110.71242713928 35.214389801025 -158.68518829346 62.787762641907 
-26.762885332108 157.90917015076 -191.47158050537 74.26162147522 70.231838226318 143.27411651611 110.81545162201 -79.458306312561 49.177484989166 114.84649944305 
-20.068997383118 -23.423529148102 -56.192999362946 55.932240962982 -28.86386013031 91.612025260925 53.71459197998 -359.69507598877 33.529113292694 19.857318401337 
-99.369191169739 -4.2827916145325 160.61196517944 -47.415575027466 -27.55890750885 69.051275253296 -357.39508056641 144.7602596283 -106.9942483902 108.16416072845 
-8.7642488479614 -103.09713554382 30.327502727509 86.839385032654 -10.0718729496 -105.17903709412 203.17561912537 -303.2515335083 -14.659905135632 -177.81148529053 
