10 10
-0.75726941227913 0.55533862859011 -1.2759876027703 2.29069262743 -0.057888089679182 -0.70280724018812 -1.036210089922 -1.2075960040092 -0.45512164756656 1.0690359026194 
-0.75442534312606 -2.0541611015797 0.2505512163043 -0.66182219609618 1.7221022546291 2.0525849461555 -0.1631256910041 2.8997441679239 -0.49221631512046 -0.408675853163 
-1.3115570992231 0.30597194284201 -0.20105163380504 -0.46974347159266 -1.3295574337244 -0.23177776206285 0.95284481719136 0.11025061504915 -0.54920062795281 0.020783297717571 
-1.3239102065563 0.42574156075716 0.501279912889 -1.1894749552011 0.72058141976595 1.744588598609 1.3517926931381 1.6563711091876 1.3514446467161 -1.4058626964688 
-2.9721700847149 1.1295922994614 0.40435699932277 -0.82104156911373 -2.4486484527588 1.3219130560756 1.3325258120894 -0.66547604650259 -0.27123415842652 -1.0936778783798 
1.8411410748959 -2.520186394453 -0.021162135526538 0.61802918463945 -0.50541709363461 0.35279789194465 -1.0837923288345 -0.54170072823763 -1.4970952644944 1.3954042643309 
-2.0108723193407 1.512742638588 -0.29802871868014 0.98057585209608 -0.62913232296705 0.42022825963795 -1.3660693094134 -1.4640682414174 1.2976608797908 0.85186496376991 
0.41804492846131 0.47660295106471 0.36203169636428 0.78307598084211 0.54260830581188 0.86669870838523 0.99157118797302 -0.5212633125484 0.7026899382472 -0.6115254200995 
-1.1567016243935 0.36345396190882 -0.19688895344734 0.081960186827928 -1.9031260833144 0.74202235043049 -0.76929461583495 -0.89067627862096 0.13245499134064 -0.76710765436292 
0.36290235817432 1.226453691721 -0.028683109208941 1.7852836921811 0.021265778690577 0.68656735122204 0.82980596274137 -0.15111173968762 1.0137938633561 -0.52449950575829 
