64 64
-227932352 -313294592 -177574528 266719616 257307200 -295010816 -105528928 663774720 -231922368 -71012896 -505282816 88927104 -313136384 76945472 417449984 -453511680 -144795136 182725760 -424364288 -425034240 274146304 -135017920 45066240 36173520 -322679296 -86031488 -123486432 -149717568 35151536 -219700096 -166737344 -559328768 158883392 -395779840 204371840 17449592 -305013760 49523088 -61002864 163431872 455844096 1186695.5 -90995136 -401740032 178601024 -322524928 597827584 -284163072 306875136 -61948080 392374784 -117400992 -230585664 131244384 -329736448 570169856 -166131264 -313603328 11658384 137292608 581540352 -183186624 -557837824 69905696 
-306787584 38141200 130100352 -693493760 -601398784 148505408 -550462464 270466816 -231296512 186035328 38127280 -363998464 -281759232 11936596 -125705536 373679616 103438848 -2228949.5 86045376 172342656 -60406752 -343507712 -14802576 69514624 237548416 -82175936 195248128 68064512 360244224 -384987904 -49347632 -133228608 -143657152 602504704 -883377.75 -463132160 -324123136 159025152 41012656 93378400 -14971364 381118464 280760064 17816112 501679872 438668800 -740913664 -69963776 84274560 273438720 -120463360 40880176 106942944 -16811240 160285504 -224710848 10308300 -258448640 -291029760 23833848 408351232 -369359360 -189534272 -267427840 
330403840 -277427456 -24445424 -70706080 153175168 -161237952 -71338208 2202635 -180707840 5418066 -319145216 235932608 61614880 -73654528 -44212240 -274817280 -236419008 -388317696 158855424 3433928 901619200 135482944 -369603072 115422816 -203343232 103931488 -342685952 308590848 244252480 65244736 -523392000 184604352 -600958464 28882064 159384448 -244484224 -75353856 220196224 341871104 -80159968 -569526272 -47325216 -67104960 -299783168 -742118400 -269873408 546584576 -71974816 -478673664 -223110144 258719872 -272563200 571126272 199541568 90093120 424957696 173466048 -451331072 338765312 117405472 -337465344 -38753072 -66368256 88662336 
-442576896 373053184 -77471360 330628096 -227290112 -648683520 14358504 706032640 15796576 210969728 219004928 47720400 -316489728 -60997408 441540352 -164442048 277179136 -144992064 32486552 -480987904 -438140416 -12342080 -438996736 -292951296 657743872 95745920 -64701584 -312653056 -305318656 -90276672 57606128 42154336 -75303168 -383551488 443149568 -691951616 206437248 -314242048 -209730368 17312832 20141144 182809024 -126408384 -285735680 40932960 -453336832 -380600064 -168935232 -197724096 -112912096 -33919600 197878784 202983040 287553792 -166669248 38573696 -100417024 69645856 112926944 -303188992 54534272 -273386496 -109454784 77692192 
-48986880 -688793088 -419719680 207149952 59823616 399764480 378649600 -126004608 -369124608 -83512640 136104768 -356881920 -437946624 -45599360 -113881312 261951296 123410880 1157163008 -160171008 317422592 -454162176 -47675120 -113942240 252453184 -138940544 130240064 -82091392 92342592 -495645952 -326508032 633608704 -109552096 165536064 582584320 24574216 126367872 -107687264 761280000 69710880 57218352 -275937024 -616591872 -32138688 -152780032 215434752 205355712 -54790608 16685644 -173915392 -29868960 -322888704 -130185344 108336288 -229187712 12944628 105205728 -727836160 68178592 227514688 -427203 -388426240 -200955648 295173376 386736384 
-178747136 -200064512 183330304 -27169728 -123094752 281391872 -220883328 -165080832 -342312448 -119397184 56687488 430070272 -30810632 45223408 -123156736 -183548864 -11357792 166699264 12092560 210813952 99754496 194993408 -420954112 256899584 -97342688 -695753728 -232360896 132394432 574343168 -200297088 62133392 -267397376 297588480 -87654336 19127104 -342358784 -314328320 -435626240 93460960 251749824 307501568 445305856 164102784 -96967872 203480896 -262712320 138977024 105567296 -119906816 29075096 25020720 -147670144 -648587776 11915664 -362899712 -210754432 -334801664 131993664 -343586048 -112146368 -119069952 349640192 373045760 189695680 
-378377216 -102089376 -260459136 -710565376 108642176 -231386880 313554176 -180119104 -354567680 -326855424 -54040688 559843840 288870400 7087264 -283733504 -398753024 -609026048 -354165504 -289609216 46069856 -21529600 -260302592 53368848 572360704 -179265664 -226995968 47450704 -93102880 -233715008 -284620032 -289692928 -83085344 -188707904 -56323216 -14392412 320743168 -76945440 322384640 -229430656 -474051328 -314526464 -283416576 56576400 -576731136 -54959168 449003776 401380352 257361536 -410412032 -243931456 63493184 -473825536 585770496 272368896 -125675680 175523648 -288757248 -115285856 -110372928 -135287296 -472073984 220764864 -4741176 487387904 
29248592 49622736 326909952 -76314304 73931008 -124747392 -45882432 629450752 164072832 459390720 -145909376 338024448 -48692192 -274959616 179853056 -258460224 -185847424 -279282944 330882560 197836160 90860480 -286291712 92749088 -67230336 140335424 -125217632 -112014688 -3032480 -151831232 257340416 -375468032 254752384 -253932608 17736976 297614848 -105566464 299910912 147957376 6368496 327824128 -260295168 129999680 -162261248 66895424 -282051328 -59784448 -186295808 535912192 100916800 -145774784 358095872 320561152 55852992 -194271168 293899264 76527872 233489280 358770944 -42716480 146676544 -366710784 -453440000 119801824 230827200 
70092416 267669696 61481392 33914208 260446144 353456128 175963456 -355683840 -191493824 -96318144 158695360 168723648 -46304656 -247766464 89443936 -268686848 136929024 -216262016 25245512 73303840 111871776 90340672 -226884480 -291968512 -155737792 -75590464 223115712 8214544 3326640 419455232 -362335744 17985064 67833472 92608192 -99524672 152265216 199286336 -287828992 219087424 295815680 286056192 570330624 -24961864 120491264 -311653632 99030144 -28507568 390925824 304974080 -157253440 -302109440 177483776 -66505696 55099984 364200704 66010864 175888320 -149401216 20301968 241607104 -93272608 119610880 458076928 -125896576 
349822464 176280512 -196572032 -163559104 275575552 -188673408 551765504 -319431424 468525056 17939776 -545750016 435979776 -5712078 -391521792 446039552 27156920 104519264 172966464 -221511744 -120503840 -167999616 210207232 155054208 33833568 -449549568 -138159616 -212207680 -445519104 -50770048 -61868368 -13700174 486843392 248783296 -313902080 -142858816 116676352 127213056 -152977536 -634065920 -396296960 -499905024 -202243072 -149006272 84851456 -15075068 -232283712 57008384 -40911344 -320589056 229694592 59671824 -15667460 118719328 167818368 -86641024 325303296 225494464 111758304 232969536 7833626 341487104 478493184 -377799424 375231232 
45996784 -378223872 -189894912 230104256 -302764800 477562112 -250973632 -112438304 23591040 335081984 165175808 127273472 198426496 -186972032 6213130 -80017760 -57704192 225477248 -22522816 263231104 379611392 -173955456 140376512 158240448 25073664 -244979904 -103932480 -40123904 123378336 -42454656 -115608224 30725128 304772352 168982656 1585932 -31401704 -114001600 249200384 23797952 126381600 355783680 181997632 802450 -140244672 -101114240 -167272 102346368 -661216768 296238848 12389416 254553024 441073152 -273401344 -367776256 -7931014 -388255744 -344035840 -219846016 7795408 -107620192 -7880650 435993856 -164737024 10690170 
569942016 -82354880 -206812096 138439936 5053712 216232768 83651552 -507031808 -77199200 131009632 84203392 420289280 47943120 -629899264 -273395712 -236201792 178020352 -108805088 -356005 553311744 823899648 180378880 410859008 -261945984 -528945664 157055936 314589696 391492352 508128 -276275968 -89310432 -316555776 -33504608 -96307040 -117783424 371600640 -177611136 -134441216 -79194496 131896160 366990080 245592256 -264044800 -310944512 -5591584 208791808 216656384 214041280 502469632 40677664 303921920 -105680384 -83908736 -600730624 -131465472 -134739456 -13276544 -234800512 -226379648 357364992 182150976 280734464 -311514624 -169439488 
312956416 208476672 -54692272 -461750784 -225394816 -106578656 -326765568 -582876672 64904944 -135124352 287541504 -420521984 -77571840 -56655152 454823936 156941120 -77192736 107208864 481359616 8921786 -195183872 29099016 447835136 -153366208 138002688 -239714.5 -67290816 -406201344 -390720256 35007712 -76953152 494879232 -389630464 -333638656 384835840 -199516736 -40509680 70737952 492052736 168276416 -266519488 127560192 -131043552 57903568 -299713536 142989312 -202179456 485647104 30900032 116976064 -184939328 -65682624 151572160 377312768 959999488 -240861952 -105165632 -31047976 806423552 -203803200 250638784 221107264 517154048 -620349952 
203190528 21814328 501282048 -375791360 142028224 -106088672 -407151104 70057024 -149272832 62798080 -147676224 -176035328 9403900 59153280 -699587072 68785184 137875072 -56230080 128241728 -159977728 278471680 21684264 -204433664 -186072576 -32309864 458385152 -336608768 74886144 28975264 422573824 -69138176 71413760 442817792 -152878272 219120320 348728320 423297280 321254912 362652928 89882592 -172569792 -50252176 125653312 190783104 -22887304 16894072 -193506496 -552217600 31509888 403387648 -15164806 164250752 -277778688 103904064 209988928 -154910272 216086784 -461516800 9835846 473693952 144819776 -355385088 -350474752 160435328 
164652992 -168565504 -149270080 376649728 -525693952 214723584 -235773312 151262 147659072 -10068464 -34320480 302550272 242072 392693504 180863808 337821696 280542464 415616000 -4035892 173225408 -289288192 -192227904 -77515104 112020160 -54137344 404074240 -302078720 -117852672 2089840 -140660992 87706176 21557424 470986752 11792928 -88267648 -298287616 -189730304 28117600 -151881984 -553646080 -494763008 -196568384 -86045856 404777216 198335168 -271140864 -187926272 64381024 68498432 106629312 -167194752 59894496 -101341056 -45646928 -346865408 -220343360 -843542528 -135932800 -309712896 53877040 -287319552 -42590384 324066560 190681856 
92620288 490941696 194121984 7914728 402611456 -88264512 -287049984 -339184128 366288640 527984896 -119075360 439650048 -293946624 -313159936 -387676928 -118997152 317978624 -351762432 793946112 223698432 341019136 -598607872 158318144 -241063040 150433728 -89682496 -332790528 -197593024 -160808192 172155392 163505728 -21065104 251980160 -231946624 -157922688 -273239296 71024064 -77570240 76576736 -80606016 201931648 535131136 113422976 333257984 158655360 -80008544 -124757184 193612800 -416708864 -297888256 -31553472 220931520 -24713912 -80080448 -337040640 -438429952 22258392 441291008 221014784 -103107520 103778816 -215783552 -158219008 14569176 
-14543232 87898144 -338148352 351941632 69709184 76056032 323096576 -262896256 678009344 -154753152 -179199232 -122287232 -172744192 -413439488 424499200 570786304 262927872 -37958000 -144869760 343362816 -23741472 -265311424 88150912 -80290176 -250099136 59314336 436882432 -81156672 231377792 -259516032 -26650272 48356128 -376300288 342233344 -194644864 21992736 -141461632 169463168 -174157504 -146778048 -308176896 26786896 -267580736 179424576 154641920 215782400 -170887040 -444430592 209183232 51778112 111514848 -205477632 -58449104 -83985536 -287709696 -45701328 49243328 -40635328 -205171840 466770176 122662784 158215296 -525792256 -122842944 
45248352 -580560896 265164352 -121113216 -135296704 87980576 900952 243488832 -213931392 261584320 -108798720 -180984320 29638432 -14089728 -194719488 -239504384 -263527296 -328154880 150636544 -377828096 -168151616 -130112448 162392576 -166926912 360182016 -8182457 293338368 -311558656 486382080 230452992 17689960 -192467840 -79521536 -417656064 -232648128 13107552 -163270080 -106729568 -101032128 359706624 277069056 -543796224 450337024 -621904384 18603448 179261440 268123072 -216061632 158215552 411611392 161986368 -177164160 -221909120 156504768 -177623040 537353216 106348704 -52219024 242754560 -9993768 -284576768 -2459744 152905792 365760512 
-208103872 149688704 -10367796 397942272 -257041152 54546240 -357110784 285465088 -46220064 188480576 466888.5 -276224000 154245760 -7546844 210608576 -14305356 -88955136 326815488 156533696 -21688728 226815616 233578240 -484438784 -97545280 795798528 -50422464 -272166144 303702016 240827968 182602688 252483392 116070976 48425264 -57960720 237161536 -691212800 7965238 -538830848 34439520 231848704 104945024 19973960 -63852048 -161355456 -369351168 -500893440 -45203712 -339040768 64636912 134300672 -1862869 -467147 -88951040 -225875136 368937472 24920752 -95832.5 66250720 -128269536 -232316544 -224386624 248339520 -82582304 -522687744 
-223423744 101496000 -41043824 -82116832 -473017600 162828288 -14268032 -425580544 -11742384 -135101312 -324776448 249130304 204923904 -68106304 58559232 -282665984 120325920 -57441472 282198272 -75188192 86824288 -289415168 -193265792 137468096 271811072 242887680 -141817792 71616512 -323515392 -116763968 -379927808 -686336000 199199360 31975312 604127744 -326510848 103249152 -234282368 167811008 -67499424 169526976 -51046336 -129594336 -68337920 236368576 408257792 -59825440 21734296 -54869008 -161478784 128865248 4937120 90077280 -98708000 49139088 -235887488 -53955008 440766208 245464448 88301184 138258560 -82295936 10651744 -409585664 
-80833920 239862272 -140802688 722880512 69096512 115736320 -106171392 576118272 99749312 -122924928 -22855456 -219582720 -5478598 696510464 691864064 -565361664 140174912 111696000 220951168 23296880 52802960 -209249152 -63702176 -91642112 289001216 302432256 393328128 10121968 -158201856 82100032 363401984 -86785280 -186096512 133345792 135680000 62828704 -188840896 278229760 210522048 12849260 243659456 462772992 -377238272 -119843808 -217595648 -480897792 392613376 -221665472 362571008 43356912 -183592704 409288192 381287424 -370969344 263895936 79079424 81356512 206142400 -7699488 -326280960 -363092992 109998464 180344192 40135296 
-150282560 455041536 -118045632 -265094144 -107497120 129871424 417457920 -15784740 255747392 207569024 -16751488 -15905250 440318464 55055712 75830976 323070464 -263624768 -142435136 -59302304 335655936 25502872 -128097280 -198837632 328791040 25074104 -449299200 -43871920 -140422336 92109120 44969440 336308992 107935360 274267136 32315384 -76272896 -175835072 -62162000 -156288896 226827328 -58532816 45868896 -67217760 172756864 -83776704 -384704768 -309457408 -104489120 113577120 -527605504 -135786368 -20965840 98280384 190295552 231125504 330183680 -11497536 208208064 59118784 -255316672 57801056 -315670272 -333452288 132283264 322949120 
46130176 262148928 428301824 91232000 -81818240 228061824 343080448 -126184064 494749184 364784640 86778784 135295360 367075328 -286964736 8378214 327064576 -95557600 -280840448 342917376 435092224 -238754048 -143886912 133173696 -244412160 88199424 255405056 -321487872 -247279744 85006976 86706784 156656192 88776128 -29281968 178784832 -470434304 -117249568 408171008 372649728 24081488 -156071488 -424603904 -356196096 -356301568 -217288384 -78882880 533078272 -30351256 184455232 37772992 201586240 449527296 89871488 376534528 19053080 25631616 -116523904 308152832 47047344 257737216 203091392 -709928960 -143317184 618417664 525010688 
-64009440 162371584 75980480 630473728 -250807680 26791936 181916288 206153280 -56198176 -313524224 -196573056 -585538560 -323658240 138078080 267889792 709398528 189443904 -34230352 214570112 211805824 -61619392 -140301376 398860800 21233088 -56682592 812557312 -258229632 -81732288 188541184 362896640 155272192 -151628800 -321326848 -349103872 -496100352 -134291200 13943152 416103936 284160000 -291334912 -128840832 -57770240 -255887616 463654656 -66856352 119724608 90133856 -218149184 216557824 -116393088 -142974848 103427776 -225539136 -410697728 252012672 -61807888 -223795840 -260988672 -266597248 189133568 -11134224 -358795776 109042368 -328054528 
58540416 232066688 395966464 464391680 209975104 -156197184 160998848 -181600128 318744064 -95438848 -80615744 83740640 267125440 -295935488 811854336 -115539200 328309504 365321216 87734592 142461568 29747832 579878912 388945920 102706944 292903168 324355072 273180160 -48239632 153779200 -163732800 464641536 -35377280 -76733632 -543612928 -365975808 370376192 192273984 -561657856 -1338064 -109691456 -30762024 -514208512 -265442176 -275391488 105138048 -19748960 37265600 -198524544 451896576 51758688 144007424 -99206784 -41888848 -267219072 -197476096 487378432 -429871360 -11250628 -143230464 664131584 -179367424 -114724672 -391027712 -154200384 
207887232 441484288 -86264192 -44750528 -257917888 97260384 62576864 -218811904 23721664 271769088 -2861296 107207072 62660336 -536607232 161503104 46056000 247419136 -540928512 -273301248 135321856 32172688 442396672 370617344 111795648 229521792 603287040 5118688 -463297024 -411843072 -198145920 -180329472 -10589392 -79606560 351870464 301824512 -755915776 -223293632 -65498192 76715456 -95194272 204367296 -266808512 -147565504 212878592 -82808288 224428672 132480992 -254351936 -107620608 -299892992 366375168 -246308928 522895872 -349169920 -334498560 -330045184 -73796544 -591549440 455114752 -268395968 47400192 293594624 -374116352 -337709312 
195674304 -265145664 232760896 -535967744 79076544 229438208 288244736 86285472 9474480 113436096 76527040 129885120 78398112 -342103296 -375976704 135306368 -116073984 -271783168 -532180224 -32656888 -73232256 738317824 -543691264 208676800 -315791104 79508864 -306265856 -224429760 84091168 235660096 -246021120 365518336 414504704 177736192 69276160 115645568 -513945344 33416576 -176306496 621177344 624219648 73340480 21516024 -424128768 128921344 209501760 -153298048 273904640 -21337928 1579546 181739648 37826416 -358418688 25891776 -24723848 -130687040 360930304 88569280 -451501824 368080128 -588024 -552309760 90563520 753637376 
288117248 168870720 105322432 -130073408 8571888 -104007136 -55226608 -752356352 249762496 -35603424 255596032 863665664 887296512 47175376 150960000 -501433088 245749952 -476994304 166268864 -72001536 491873536 -49471952 -191558592 244153920 -50441632 -558962688 160175744 -176480192 -482491392 -342857728 -418823936 458266112 70060256 91576000 186075776 110010496 249752128 -453312512 218816128 -163208640 31450192 122932256 -358863616 471125504 -467996416 72808864 -189322112 241075264 -156416000 -348512512 213447808 -70134528 87912288 227019712 116168192 -448906496 1434520 -62426624 351543808 -302896640 -39233760 706868224 74496576 -593196032 
287797248 772537856 -148854656 -353169152 -172808000 150739264 167690496 -366246400 273671936 -163199424 224850496 16050792 282916352 95393856 -296276480 294810112 -506805248 -679052288 495391488 -140489984 184230400 326640640 298931200 621130240 342332416 -218240576 18022864 11850704 -418922496 -18769888 -494162432 579290112 -138813120 -330200576 -215638720 121349472 -58128928 -655194112 -377790720 -316270080 -217885440 734313472 155734464 426017024 -586343424 182209408 219209664 278498560 -81239232 39319616 -189658624 -81760896 -144825344 134865600 -228489344 -380147712 87800032 421827072 16550192 -359147776 43980128 587134464 458680832 103505152 
135915008 -203471936 300852224 -174072448 181344896 1868452 566893056 195498048 124753856 -56031120 95072128 376420608 -12965418 -293033216 -178714880 71023776 76401920 -47078576 -244671936 -205653312 -198427968 -184781952 145828800 692111872 -5436904 369352704 -93967680 -271619840 -374462208 288672000 48970240 314457088 -120845568 -255460928 -69512768 458387968 179062016 -64580704 -86903872 -15928172 -399210496 69764384 -221906688 243620608 -3810223 336981760 -153776384 263888000 -94538688 171510528 91762624 237160960 -386585600 -196448832 -195221632 30842496 -292425216 -50474624 -165790016 153103360 -303977472 -56591776 -161835840 312194560 
-93675744 463021312 -76229920 457020672 104764192 84833312 -124851424 4476616 137994624 341373184 244197376 -423815168 3864010 -214854080 -95191392 645437952 -111698240 179123968 100677312 257989120 245669760 50010976 61586208 -392950016 387143936 448180224 -391141120 100582016 284272896 334601472 136522560 -434636800 411897344 124703232 -394224128 -15214998 674443776 200519680 160836096 -768090624 -249651328 -109724224 -110991264 104386880 -18844560 -172439552 444992768 -405559296 -241392192 62847888 239180672 421665536 308154368 178082688 84213792 38785664 -230555584 -585780224 105705056 222961536 -134035680 -508634112 -5483456 74684256 
353736960 282312192 -4768928 -35463216 86880096 13638400 92231488 101479648 570644480 -551199744 -77691296 31101752 -34009248 -15126920 -89072480 381085184 344717056 49305664 -674880000 -189889344 -125340352 493564416 -208794624 36942192 -447102464 -48291360 -293217024 185094528 -52028880 -548547584 331138304 312523008 19401872 266823424 41474912 -66732800 34992704 -320543744 469633280 -132376096 -551163392 337054720 -127911552 64179504 450268160 -565898752 -191839488 104563712 132789120 -192493312 -8119320 91596096 -250214848 370842112 -313023744 -501583104 228102592 -100904896 -175424640 463926016 191994880 -320584704 -29131520 237546560 
274225152 418424064 -471582976 192469376 -28944312 105468128 -56580576 -422758144 422977024 402335744 -392968448 -520274432 -259104064 133236448 235051264 219002368 569021952 -341090816 -37338832 145500160 -155433472 -96081760 436102400 -286298624 -402324224 236715008 188372352 -40555408 -304795648 -325034752 -5304104 90933248 405375488 548406272 -13616032 -200322240 238193152 334370304 429146624 73003296 -505612032 180076416 -64348432 265786304 15839160 -13197120 -459121920 -364488192 132410176 218444864 -357309440 -332195584 418423808 29513152 291100672 -44988576 40152832 -97442304 243615616 249486976 451024896 76955008 -148916800 -317576448 
-498277376 -282073344 -81231424 582088704 153422208 -333722624 -459952896 410497024 -228712576 -36102848 66686752 -751618048 -553984512 -79652320 235863552 615458816 -28988480 206471296 -213974336 251240448 -73176384 -4895072 128519040 -96988000 176966784 -151865472 -107066784 -24007552 308751872 -402911232 408300544 171816576 39008096 106277568 -298733312 -427463936 204902208 -388480000 -441037056 -79450304 10477904 364973312 -24010736 -77139488 365593088 -526858496 -47174816 -11000456 74578208 124723072 -302217984 246119296 67487744 136665216 211716928 -43863200 -151603328 -322626304 -490099456 512015616 -23584464 -425224192 -93701504 -209344704 
41639760 -411004672 281283328 -30540480 420881920 -206198208 311176960 475656448 -215787136 154525824 151762688 -104631904 -377469440 -57630816 438756352 -186352256 80546304 472727296 -177717888 -340360448 -323043328 438374400 254481664 -181368512 94350720 30987168 152090624 94805888 -23146496 10207600 628715008 -193490624 4767520 -149840128 -134813376 307700224 -76338944 -144245120 -221230784 58991872 2270768 -600726016 146275584 -112916576 481976576 -219667328 -102376192 26715536 132885472 -6808744 -143250688 348311296 -24242928 33751584 -324475392 466435328 -56606240 182557184 -55622432 109157312 82105536 -292485632 -48371392 388091648 
329212416 -468150272 314770944 28120696 -92970368 56558224 7165364 277466880 -777925120 -342793472 -676587008 99952896 -126376032 -54600416 390569728 -207673920 -436676352 -251023680 -138523968 86730656 -373530368 -83124224 263066560 -221980224 -178191616 278698496 -208743680 -218885824 17884600 -49919952 176744576 -211102272 -526636288 -93854304 51795968 141166656 -243574080 -180531712 88483008 -41739600 -139371584 -393176576 331819776 -58767136 -46466080 97704032 196296640 -119261376 390629120 -183582336 -510687488 122811552 -435023360 22876384 -320193280 -37909232 531218944 -522288896 25703696 214503488 65127568 -1532210 355438848 83414624 
-9664808 -218284352 -92307072 159355008 -102342496 223242432 34228416 23943712 -457627648 439069696 86061536 -88038656 -97953888 -5463536 47114528 -452492800 -184598400 248090432 270334464 -238799872 322048256 -134845952 -340383744 128095680 -78083360 63005344 248647424 -60710240 -66325984 -338983424 -75361504 -100790176 467255552 26436088 75951168 -114664896 -257037696 -239565632 -612387840 415290368 870388736 80081472 -204834880 -261567040 -21977192 197157952 59099552 130464832 45675296 78073248 7023900 -52240992 -327502848 24885440 6580224 27790944 -338040320 140580288 -470108928 289871104 166989568 -472530176 116603712 -391213056 
169895360 -436016640 327489024 386894592 -70687680 -41711968 -44469568 -104264640 -3691648 -99181376 -25369208 118638656 -135274368 241141376 71555488 92235840 176208640 -7762504 46201392 274352128 144273280 -164430848 104012928 73138272 39338624 -166271744 265357248 345024000 47998528 1959216 103000928 -19348448 -463693824 82121248 48272576 -8393202 202808704 -25041664 -386748416 82992096 -102388320 162054976 -197823872 106667328 -82966368 158675648 -252768256 218218816 -214330624 94203392 -291458560 -370565888 -379802368 83736768 103378944 -297069568 -52780960 -16255856 212201792 189006336 -395245312 51504336 159671680 80927232 
-413656832 179724416 209375808 -168912448 -504763392 -23570848 187500160 125370592 -313476352 -431000832 -187378880 -5435944 -292364032 105663872 1828640 76904256 164106432 585252352 -138708800 222006400 -192701312 -422479872 -22241088 44651360 -46224384 -375982592 295385856 -468327936 -3847920 -139830080 -171052608 -362323456 52250832 179477760 291992832 -279092992 131991808 623795200 -50788576 -165843072 -288451072 -44035264 -61666016 -199565696 -297766912 200241088 -102310304 -54753376 -218459200 74395776 136266048 -127542656 81421248 132417408 77240896 194246848 12815376 259781440 -28696512 -106544096 -382267648 -131508160 -54560160 95210944 
119387616 -221160 154879808 -422603008 -344638208 -361678848 260096256 185811712 -346924032 -429972736 20152 325345536 -64951296 -327907584 14972448 -149493376 148740224 337609728 -314091520 579904512 -324191232 -44988976 -85612768 -437849344 133807200 -80445600 422482688 -268539648 589512192 -242420480 649471488 -47507200 -145593536 -231182528 -186438336 -320403968 183323392 -288279552 -140281472 -391473664 -237040832 -665255424 16322676 -15675056 623564800 302406400 -227074944 93845824 -293105920 -255972480 350102784 314970112 673751040 219568064 -177318016 99070944 -148264832 94382816 -375529728 355734016 -175186432 -269291776 110449088 -174387840 
-219998848 83406304 71365792 -247494336 -37523488 -203370752 421953792 -172788352 142781824 -549414400 74197664 121415840 -36519840 -51957136 -660469760 186323968 -75584704 171640960 -388167168 299014144 -185974592 -430310144 413039616 108610944 -68613696 -87048416 -222259712 -96191488 -120580960 406817024 460416000 -119016768 -16603504 140540224 -341541632 419049984 151665152 -132591168 312377600 -331674112 -334730752 107018816 41398736 287191552 420831744 11801884 -434662144 37210640 -364717056 105099072 -124731328 451752448 207695744 -255235200 57886304 16889344 185729216 307559168 -19454248 -415387392 -427443456 -48531200 -276697088 285256192 
-13079584 235537792 405459712 -85175552 -241893120 -98763520 366306560 -93288928 194642752 -91839936 -101893216 -151824960 -32589520 -274523392 460469760 380628992 783824384 -92756544 -490706432 -21915424 -351098880 128863744 -29956080 -360242688 -140181696 191016576 148424320 -259463168 -125599040 -13146272 190303296 -126682752 -47429280 -3543584 44799936 -129915808 424637952 179411840 166445440 -83912864 -602462720 -319068928 -390900736 359814400 -57492192 556891136 -234263744 -47120096 -108206400 -228861504 286763520 -173344768 142228608 107491680 56587792 114276480 555795456 -230051584 230761856 331427328 73439104 53361344 41258176 -349886976 
266087232 263417408 34557408 -361981184 118996800 -250359680 -39425072 11680298 277261568 27937152 63986496 348869888 67117216 -308446208 -210121728 -762524160 334626816 -213147968 72935104 -360806912 -355627008 -166112768 -240549440 -406361856 -292649216 -84860448 156518464 -226316224 -390456064 -130505920 -435365376 387228928 137348352 119144960 186346624 23602048 306912512 -41787632 19049264 -48070608 16404128 46079088 -91403328 58825056 85816512 68527168 -155633024 28191504 38807872 -162160960 363077120 356432128 207238336 482035456 8716792 -343222528 361229056 -2396174 232125952 212547328 -97692352 -29983296 -119053568 21935664 
-59681136 -522446336 475423744 -225759168 53348992 -220049536 -438146560 177876160 -203063744 67898304 156391296 -205771328 -481180160 109673088 84705760 108757728 69299712 -89748128 132252960 -499618304 -267955264 -454472448 -27760360 -706393088 356030720 237488576 122973152 -446952448 128509600 433980416 -71416704 -1116808.25 181075264 -660579840 116460768 -284643328 61344160 301680384 -505805056 -145732288 126042048 -8451622 192055808 -99499264 -143049600 98427808 -35912032 -36113936 -225743168 -46113680 -300771072 155297024 -74244416 388945920 184069888 139934208 336289280 271000832 195756032 -114466304 -7976526 34619168 152071488 139764544 
66359216 -17726120 -566152704 129443776 -296365312 -147611776 46282512 -315867392 240257920 -168539456 13007592 173503040 123848192 -109154080 143994368 58344944 480581632 -487196928 281055488 -270317056 -570558976 57006464 -203411840 -381256704 -174710656 726269952 220959488 -138838144 -494535424 -54507040 -108889504 -199791232 -150485120 -285737216 466048512 42223184 -312746496 -79585792 -228063616 33257704 129225664 -261867200 313122048 93095744 595917824 -2446016 -15458208 206307648 687322112 -330963712 -44399552 -15292720 502105856 -390814208 -483538944 -285162496 -156004224 317088768 -357266432 -46499888 174142976 450543616 22063600 178160960 
33955392 -77931808 634549248 -390330880 491248640 -50363664 -302336768 208805504 -422664704 85404416 -214236608 332228608 200417408 -63513920 -297324288 -286309376 -502247424 67323808 226384256 -35679200 20006560 26970912 342343680 20253504 -51392160 -225579776 -391543296 -269947392 215587968 7735040 270768640 486275072 588899328 -424190720 -304402944 -199096064 434065664 30799952 -614071296 -183903808 -131027328 -594225152 -31925448 138141696 336601088 138861056 39250224 -139287680 -82382560 95741824 -50605088 278714368 -492580864 195151488 -82874464 -459789056 -59948608 -184791232 24186048 186898304 567392768 226530688 71067328 -150488832 
212832704 -45581520 -61356384 -9349584 260072960 -109316224 -221396224 -33826272 62635504 -202568512 -215438528 -129091136 -75737728 -55048544 18265152 -345976576 -382703360 220867584 372977152 374386944 141739136 387514112 -169926720 -112629280 -183623424 -275520000 -399652096 298914304 231495936 -50956672 68439136 323367424 -164140352 92141408 -288732160 51793808 -115337792 88996480 639840256 -205416320 -150158976 199831104 160727232 -20620624 -431249152 -399558912 483526912 -355287040 61901808 14263048 64243088 198903552 34001952 327453696 171169600 88743168 391757312 -549258752 66539392 -4798656 -392869888 153411968 -102397856 202322880 
-55687968 -64202224 260379008 -242521728 28526936 -187241984 127095552 -30739328 63042848 586988544 531693824 -58965440 92662688 -284777216 175859840 -186777344 7418848 93458944 195154176 -28727856 -151320320 -61476704 308043008 99030848 -11374418 -231370112 261032448 -73774240 -88321792 395940352 -21940264 13632976 -5616688 -40041216 335850752 -232238720 130330048 104926976 -402902272 704169984 441865984 -136703168 -110442112 56163232 -46857920 91180928 -325200896 307219968 174858240 381676032 116792224 29954408 -372805376 -57296784 380420352 -139080256 119254688 472104960 69484224 -216367232 81769536 123984992 -130019008 -245911744 
446728448 104913024 -498839040 297700096 149035200 -361418752 -12287168 -84424896 -273731072 -506138880 -92991168 23610600 -204053376 -34594160 -389950464 -136437568 -255434624 -257479552 404871168 345020928 42630624 5866472 149462272 -460000000 -210781440 233214720 279874304 171822720 -363481600 94599872 -19594584 88274240 -23584392 -280131584 -123566400 249574208 77176512 -130623264 -112793024 -255448448 -41983616 10926450 -150739904 311206144 -417565696 -148607936 398180864 54125952 196318016 -543011328 -23265264 49955488 21426560 -407489280 -14661330 97090176 28351024 -155145088 270179072 -281320704 34218208 134202528 -334136576 161312192 
210724288 83110624 -113327872 377458432 493303040 73363136 -153086848 -347496960 152011264 217965376 82651200 -115750464 276731136 -160802496 -94424256 -399345408 171540608 -60768544 -198019392 -310795776 354338560 -2723088 -90541184 157324864 -349252096 59257472 -397482496 196477440 -373422592 129618304 -172225408 400822272 429937152 12283624 -231827328 77164512 -323339520 -278290688 264064512 -62430432 318288384 27107496 -218019520 35894240 -462002176 -169139456 454022912 -107907552 97405376 -117155328 -83868768 -270269952 291177728 293614592 476006912 108003168 -310982912 -230134016 147325440 -101419296 -240859264 347294976 -386411008 -241317888 
-19988160 -84295968 7026960 -351897088 135390016 -337060864 161542912 21166680 -259355072 -39674864 -66915968 -67651648 240381376 197185600 -679788032 -256620608 -283386880 89919296 73441248 -163497216 529385984 -82191296 -89818976 339965696 175505536 -216157376 -381886976 85286592 -103958688 336268288 21465040 -142775872 58043760 86948096 -37489568 444792832 789663232 -2376768 338731520 98753952 -286546176 135364608 -300281600 436941824 -437388032 -124970080 555195392 -28652088 -106303072 163147712 571703808 7535648 105264128 66328448 45465968 321117440 169998784 -226239168 393228544 -178433920 -357861376 -235106240 13439184 -243625088 
-199542336 -192260096 244808256 -197413760 482909952 524734464 -405101312 184240384 -158924416 181538560 -177226432 -450607360 -376965376 41812944 -55714976 241469632 -155495616 -293004800 -116674144 -148993024 403847424 -296205824 285882624 90581504 -239115456 203609280 -151840064 -162415040 142345024 431071488 -130178432 -86642 217382976 150902272 -240472192 52884528 -281551360 433954560 55995280 408284416 325744896 411258112 358746624 -150765696 219150784 339361536 -119339392 240459200 -119133184 -212604032 -326502912 -191420224 -193197760 -251159616 425740288 -161376640 -158202176 -115443456 -78994272 177817408 399204864 -197642752 -85304416 1464367 
45212864 -344390912 66393424 -340993536 -473738240 -164971520 -17506000 76764576 -712196096 -9927554 -529941248 -35384512 -266692608 -239614592 317208576 -209175552 -154963136 -214956224 166890368 43920768 -180878016 -22371744 -357185536 -188264448 138800448 328169472 -209132544 -341752576 122376768 -406180608 -59556672 -134242176 -310379520 233488576 258907392 -471721472 146185472 64667136 -176292864 130237344 -426553344 77262752 287583488 -471487488 316462336 164900160 -213591296 48371904 72959360 141809216 -441543168 -299408640 398259456 213547712 -218516288 -172829824 -241988736 -250711232 -68140160 223902976 -358705152 -223826944 529006336 385725952 
70698176 236732032 10761842 -533246464 -110347136 -336886272 154502784 225388928 135452480 22951968 -98182176 330954 63784768 115814496 -132275744 -490412032 -36368112 178987328 -41492576 198758144 -291032320 341246208 225181312 259549312 12277044 -98996640 173244672 100514176 -258137728 -321102080 363581696 -25289240 -116985536 182541568 -56446304 156818688 -81659680 -117984768 359303424 24711128 -135454208 -31236496 -148334272 -7666728 263098496 97013888 -215444416 -209979712 252446208 591294464 -25631376 -38360224 447303424 247738944 -660596736 65278592 84456576 -471875072 251433920 -71512288 97172672 -234898176 -151029056 243830208 
-100085120 126407392 17655640 -10664880 -129541216 230330688 -158774848 -164052608 228996992 -414364160 29358000 -393795584 196950592 642892288 429906432 -204565952 26581456 66524288 85894624 -156313600 223127360 176660544 114202464 104892608 76699168 151643584 274847488 109857568 -68819392 -199346112 125815584 -243770048 -20851600 -365981440 165759168 -1238104 -205876096 344176384 -54895136 -266625600 -31575736 104774624 -372330496 -150167808 -255960128 -87694304 466954240 -130922528 -270579456 139763776 -300922368 -444610560 309784576 -71352992 -60129248 168151680 -107362880 196242880 57783104 -497182976 -289760768 443567872 760124928 130787328 
-139744640 103315488 -280523776 -223910528 70000672 -329418496 -13037952 184819968 -40779136 -80146720 -493026816 -239294976 -365253120 -272061696 -43603552 -137147968 199527936 178920000 -332503040 280052480 -158380288 -410820864 380975872 131822880 -691660800 -55146720 3242184 -40188784 317425920 -408399104 299505920 -506264064 -322317056 -104504032 -319962368 31348224 -133388352 403070464 141493504 -114922688 -292179200 10559688 247357696 -52672640 600806912 -52889216 -145129792 -237910976 289992960 457762560 -52099504 -24918992 -73969408 -171770496 -478084864 312513792 109820544 -230677504 -519030528 585980416 70181920 -141860864 -54297792 152189696 
-109179616 -169384320 -602657280 -283746304 -135381568 -382151680 260799232 84112288 -468535296 -61243088 -359993856 53605952 43645360 28254336 -7349539 -122458240 -451604992 -103286368 205822144 223352512 -407643392 74744448 -24322352 296823040 275802368 183124032 -489760512 -142151424 -215001792 213755136 172594304 24767512 199798208 -351855104 335294464 -389421312 -53343424 370115072 338020352 253625792 -141898560 -924674560 315862528 250274240 36966416 -298419968 370430464 133704480 84754880 -346300672 167486272 -88473120 439862528 -295046656 298437120 121913792 52782256 -59549248 88059552 -208367040 -49753728 -348749312 83319168 -83349984 
468649984 174027456 -51707920 124822976 196990912 263529664 165629632 49330320 -272116224 74053632 188348416 519997696 -153774656 35949008 106285984 18979992 4102400 -153113088 58389792 85849088 -124079040 -220479872 -88217984 -419177728 -582603776 -289082880 325858560 -136994368 145725760 -24228424 -158320640 85254272 -141967232 289590528 -198635200 -159403072 76608064 -178434880 -187618752 -36831216 16613556 551715328 -13243704 -64696816 -340364800 -158318848 -293139968 310201600 63237920 -505397504 -310327040 211145536 -360307712 -220124416 -81458752 35714896 104734592 157896384 -388431104 -191711296 -72218752 221436608 47611088 155446272 
149713408 -83782976 55643904 90182912 131992672 143109696 574968832 55917040 -630361088 -395006464 -235853696 344094464 -221511744 -142427904 -244658944 -267841344 -285984000 73440640 -180311168 443708416 -120995584 -234946624 211049600 243634880 -291230720 -221502400 250040384 7300688 -185102144 441985280 163677952 -42630704 79497696 -40827200 -373051392 -26093168 130185216 305360128 -260634944 -463208704 -198672064 -182297792 -33108368 334057472 -377373696 368351488 518016256 94771776 -210674112 -451041792 15019076 254940608 -164099328 75523776 187101120 -26766608 -177827456 -107351680 338908416 -21353312 -398348032 471481088 16938224 392515072 
-95637408 -514140928 218126208 316854784 -461035520 271128320 -34497104 34300192 -78505408 -463814656 -310168064 -11970624 -289553152 547940864 -70807168 368690176 204885760 168307712 403822336 525649920 -192918080 -445231104 274366976 -401083904 56452816 -239520320 325708800 -120972992 190667968 -410518272 51078512 -148113984 -463259904 358976000 129114176 -195145600 71752320 568194560 226434432 -288315648 -114319296 296713984 -140886976 303207936 -330400768 33694720 -178868736 26705408 170287680 -263556992 -249997888 -380683264 341192704 -552678400 189994240 45852832 -36985312 276622336 -22169680 -520291072 -592104448 55440672 256147392 -43969376 
-161422592 57013392 288197632 101278016 396279552 -300603392 203744512 74058560 221777792 6499373 103411488 -53205936 -67215392 -510942208 52443008 -535584000 -163665984 -211921600 -25555872 -559908864 -61218080 795196416 227823424 58746192 -208424896 -274273280 241001984 362420480 -639071232 -595763200 -41897552 -48949408 -127236384 6459634 185914624 141621120 115261952 -592058880 -549168640 114996032 106770880 357789952 -245090048 47018720 -327345664 -65098848 191793920 -2857921 396129280 108675232 29576568 -91182144 -456569856 731206656 -504822272 34246288 276664832 -197850368 335920640 -295827200 446412800 267326144 -137341184 149624576 
-170275328 444915200 -168545152 -4787984 268231808 -242758272 56407776 243331264 -350211584 -258336000 104600384 -313646592 -59345600 244294080 179582720 6023840 -45924288 73207168 8593060 -16559008 -222388224 296565504 -108949824 186833920 -69863648 159733248 421529344 -264707136 -339765760 124255424 62745392 -113029856 -110832960 52352880 214942848 147664832 189454976 186970816 -158388736 112019648 4095504 -247985088 17390648 -208114368 -139089024 -133845376 23727424 184690624 -206598784 -213267776 -77964160 85838432 47292576 148275520 62523136 -17085136 -74962592 107739520 -235000512 49030096 270198272 -439031808 32599632 -58959504 
475713280 235173184 -39912448 46543216 -59404560 -146645632 304285952 -42213952 -77589184 168259712 278611200 618639360 285631488 -151101376 133207648 -405196544 99204416 -110468096 60920096 -104615328 176899904 -330487808 -31975080 342722560 -248179200 589797888 -11330176 -301682176 371508224 273370112 -171463168 45908272 -75827584 -320094720 -35537056 -170784384 -155411840 -174587776 -374821120 67323584 15985376 -295457280 -232558336 -759728128 25502544 -114240576 -298558208 -250550272 -51807648 -3697328 149655168 495480064 -61640272 -114753856 -208356800 16299744 -607998464 301505280 -377873408 442446080 6701392 -395882496 -382252544 78264128 
9611878 -539746304 -72845984 162672960 -217406592 -192099008 -184200064 137431168 -288620032 235831296 -259326336 -546967552 -468009984 178419712 -108762336 386201856 -195798208 15314368 181668864 -803488 160271808 -248524544 579853312 -585494528 -33925760 -5381436 299960832 217390336 -234439104 -71129376 -116466496 -513957376 -108533312 179134656 170250944 425171712 529749760 249172672 3650424 -109974624 -222672128 -148908480 153873472 313899264 -327510528 103592288 61410096 122764544 -92682720 -173001984 31999792 -63184064 -114856448 -53512192 297535488 389278464 158604480 -61061248 373041408 -392710400 264620736 -362124288 -330064384 -266873728 
