16 16
2398703 590246.6875 -1692135.25 855184.4375 465001.625 -186998.5 1744545.75 -692207.25 -637203.375 634611.75 129483.75 -1837073.5 987086.25 1272913.25 1820372.5 176595.21875 
-1069519 301737.875 29932.71875 611597.5 172054.171875 1012753.875 350676.71875 -559202.4375 -1089046.75 262223.71875 -827816.25 994839.8125 -2336682 552805.5 -839722.375 512676.625 
-1375538.75 -2214047 -1609090.25 -854275.375 2494729 1634191.25 1303104.75 1118839 589303.5 -1675309.25 1840984 1603764.5 -1102178.25 1212809.25 -1312320 709453.625 
1225136 347363.40625 1518123.75 1054363.25 178322.359375 578580.875 629658.5 203070.375 2201727 2462021.5 307263.78125 590969.875 1912799 -1570277 894859.9375 411642.0625 
-657005.5 1321096 722710.5625 2052843.5 -402914.875 574739.625 609155 269041.6875 1161166.25 1025924.9375 -1398671.5 -301213.78125 -800736.875 -995657.375 -132715.859375 1088984.25 
3262417 1251209.75 -988562.875 -667401.1875 -4210067 1541506 2910372 -474730.25 -70036.90625 -1728470.25 -16180.4375 -604572 -16016.71875 -49395.09375 1530557.25 495489.375 
266775.46875 -35774.875 -2352934 -704362.125 609800.9375 1279870.75 1151987 1308407.75 831891.8125 -3106561.5 2502770.5 1076150.5 -1444349.25 2187921.5 930009.1875 -1965903.25 
2601249 -2449237.5 1631628 -1294976.5 -510599.0625 847300.625 375617.9375 -271594.8125 -368375.3125 -692047 1464686.25 327112.1875 -909107.25 -1089340.25 1896934.25 59796.34375 
-1070631.5 1024644.6875 -1419899.25 2087354.5 658410.5625 -542355.125 -951101.875 -355078.96875 -945435.9375 -746530.5625 -1870650.5 -1301977.25 100086.5625 1518584.75 1671320.5 -1157847.5 
-1083319 -400597.90625 678989.5 -1204770.25 1275915.25 -713907.5 -177567.96875 -168920.484375 -861050.6875 239383.828125 628286.1875 978303.3125 -476284.0625 993081.4375 -1194296 -872733.875 
165179.96875 441676.59375 -575509.25 -166477.78125 3101364.5 -412517.6875 -1408518 172286.15625 -2036016 727328.625 86867.78125 -1567310.75 212945.125 750001.8125 1300182.5 -1031981.875 
420888.25 1354019.5 2082258.5 -1686617.5 -155178.828125 808892.75 647444.6875 445987.46875 -1927867.75 1725791 1498708.5 -421010.03125 -2056399.25 -1438613 -358342.96875 712390 
-194404.15625 1371845.75 -545607.25 680373.125 2409.875 909186.875 302911.96875 476174.875 -125772 627742 536310.875 -1211477.25 -1166438 -455626.8125 64311.7265625 1657148.5 
789364.8125 -597211.5 1580460.25 -1734010.25 -47222.3125 1135289.25 -715152.875 1924495.5 -747015.3125 316227.4375 1817715.5 -547229.5 -186871.3125 -2484197 318092 1550067.75 
1295763 1619568.25 -1809546 752354.625 -1878690.5 -1045315.8125 866879.8125 -1214040.75 855833.8125 -936998.75 338442.59375 -639912.5 666924.1875 1038953 1511524.25 -1127270.5 
-1440968.5 622844.875 1731100 1929786.25 1956237.25 -599170.0625 -969058.375 245770.75 128872.625 2747700.5 -446029.34375 -1025301.5 -592087.25 -1638606.5 -31132.0859375 771749.375 
