16 16
-24.566467761993 93.54783821106 -40.016183853149 -7.3996829986572 349.4934387207 -48.014500617981 -159.26764678955 -95.546949386597 150.43787384033 355.24949645996 161.98195648193 189.5656375885 58.148054599762 176.34607696533 61.043789863586 -128.17909049988 
98.946221351624 -48.436208248138 -63.766589641571 303.16400146484 -130.51514434814 -36.777024745941 304.34873962402 -36.552907466888 -19.438251495361 -35.694082736969 86.495020866394 35.273119926453 -18.380774021149 -7.5216774940491 3.3860788345337 192.93388557434 
89.817510604858 -138.20289993286 81.504908561707 88.344882965088 -42.024020195007 -24.736710309982 69.800471305847 59.473827838898 118.22116661072 -391.19734191895 20.15797996521 84.213395118713 -74.659828186035 -91.195802688599 -40.532571792603 -93.516625404358 
-102.48899078369 218.70024108887 -26.939229249954 -28.971822738647 -162.55173492432 -83.390920639038 129.70158004761 76.355484008789 -63.498698711395 230.94999885559 -3.5138387680054 114.62943744659 80.687767028809 6.1113586425781 -31.400891780853 28.47606921196 
-56.041941642761 -91.766020774841 58.644319057465 -144.97285461426 14.713496208191 170.05490684509 -63.710868835449 -162.35052490234 -193.48669624329 201.47955513 -189.41984176636 -211.89302635193 69.721837997437 78.620325088501 -27.469351291656 24.257076978683 
-91.305463790894 -65.442636489868 -18.462630748749 -20.405725955963 192.74428939819 69.726686477661 -128.65927505493 -24.022758483887 99.181648254395 198.39999961853 -62.273983955383 83.844935417175 117.08514785767 74.964855194092 -241.2979888916 -138.68387794495 
154.46184158325 5.5777988433838 57.134022712708 23.896529197693 -103.2943687439 282.616355896 141.40563964844 -27.951284885406 -207.52630996704 118.49133491516 -104.10849761963 71.082909584045 -213.93894577026 22.833955764771 -179.35739707947 84.512001991272 
220.37127304077 -208.97803878784 58.189925193787 -131.3200302124 -88.453331947327 -76.360557556152 79.800844192505 124.35563564301 84.458234786987 -115.36691093445 -250.36937141418 -27.861033201218 136.37162590027 -115.68918514252 -251.30851554871 61.73575592041 
29.607364416122 57.773932933807 117.3978843689 -104.05807685852 0.22674059867859 57.024500846863 114.57687187195 46.208102226257 42.326474666595 60.037008285522 7.6094527244568 -113.88354492188 44.78320980072 -3.3950909972191 -14.023361206055 -68.555124282837 
22.45449590683 -122.91018676758 -305.1975402832 -271.90491485596 -175.19790267944 89.936611175537 176.05038261414 -248.39183235168 27.053999900818 85.407731056213 -308.88869476318 -160.96998023987 59.51000213623 -237.43465232849 -63.935105323792 71.949724197388 
74.007517814636 -115.85739326477 173.93766975403 42.44090461731 -91.01487827301 -89.533897399902 24.326220273972 -82.448577880859 -74.695697784424 -32.566942214966 -45.148270130157 52.551671504974 9.8327197432518 23.273033380508 -127.71187591553 104.03212070465 
69.100807189941 -145.8643951416 141.17730140686 190.59502410889 161.95546531677 -57.730956077576 -182.12957572937 -67.008060455322 -149.63420677185 48.48863697052 129.96472167969 107.59285449982 -59.862747192383 212.75161552429 -57.607553482056 45.087603569031 
138.5638999939 -45.189949035645 -96.881639480591 208.81693267822 123.33706283569 -117.2582950592 -84.060700416565 -318.73960113525 70.577827453613 195.89294052124 104.29945755005 -8.3376591205597 187.22385787964 18.502689838409 123.16920852661 81.749370574951 
103.75524139404 -128.30940246582 -15.353813648224 29.802327871323 -177.35021781921 -32.227529525757 192.03768157959 -104.41164302826 -51.664997577667 -154.03349494934 -90.219895362854 -48.208844184875 173.60469245911 -123.72648048401 -7.8774702548981 206.92970085144 
202.97603607178 -104.4940738678 9.7407116889954 58.867671012878 207.34054756165 173.8253288269 2.1005535125732 5.0720680356026 13.78865146637 187.33221054077 -75.521476745605 302.49250030518 -132.30525970459 48.475748062134 -377.26456451416 -131.60531997681 
-60.010308742523 -61.42608833313 -86.385494232178 48.682823181152 -58.898391723633 -149.12090682983 266.11065673828 -65.310736656189 214.91999816895 -54.923570156097 74.204648971558 86.545890808105 79.233209609985 -33.951977729797 50.204137802124 -50.158505439758 
