10 10
1.9065000638366 0.86621118709445 -0.66634485125542 0.99131052196026 1.2420592755079 -0.83962142467499 -0.027173393405974 -0.3794218339026 -0.98029698804021 0.80261968076229 
0.71480669081211 -0.55424387007952 0.79434669390321 1.4790531024337 -0.21680978685617 0.40165880136192 -0.26395239308476 1.007914505899 0.39351201988757 -1.522981762886 
-0.8819365799427 -1.0042228475213 0.24004247412086 0.039509009569883 -1.768663264811 0.60393208265305 -1.5397837385535 -1.0963481664658 -0.45975484699011 -1.1199206858873 
-2.1989776343107 1.186827339232 3.128201842308 0.82900059968233 -0.69459518790245 -2.7055187821388 0.018417460378259 0.374547008425 1.1769797056913 -0.8507196046412 
1.1176654845476 -0.74239976331592 0.017932595685124 -1.2500113919377 0.73035583645105 -1.500834107399 0.11526333075017 0.29945003986359 -1.408137999475 -1.6758345812559 
-0.40142409875989 -0.58419562503695 1.3171452507377 1.9982703104615 -1.0142295360565 0.069240501150489 0.31171432137489 -0.073308484628797 1.3662751913071 -0.53142838925123 
-2.1561513990164 0.48859874345362 -1.2581147029996 -0.18949243798852 -0.56774859875441 1.8565424531698 0.085953146219254 -1.9601386636496 0.31548087671399 3.0312725901604 
-0.63414777442813 0.8362974524498 0.045320208184421 -1.1288686618209 0.74567985907197 -0.332141244784 -0.15021010395139 0.33348480053246 -0.6121067404747 0.015959694050252 
-0.14331800490618 2.412950322032 0.32876056618989 0.089065555483103 0.61075874790549 0.3014696482569 -1.4670160785317 -0.97415198758245 -0.72765579819679 0.94380430132151 
1.623495772481 0.39782801270485 0.57030262053013 -0.032097339630127 -0.0086486339569092 -0.14197767712176 -0.65458818897605 0.54476061090827 0.033198658376932 -1.4742212370038 
