16 16
-1790929 122185792 -170079488 -121443072 17530336 107863936 52478768 89787072 105581376 -31311616 -161476416 184713536 -122932224 -73940448 -41467104 18389376 
112743232 -57157104 7412666 44962992 22520856 -74810240 20837920 220332544 -101960096 -29483776 6385119 92558240 149346176 233238528 26864464 196218432 
-4590184 -13910336 99794848 -89116736 -201271936 95203520 -273933312 198685632 91376960 -159976960 213208576 187164224 -154523008 45367360 -75063456 131223616 
55599760 -101423168 -120282400 -10698230 -32000336 22055200 72460448 73249056 89719136 158100416 52646912 53025472 -60032416 -98963904 130903808 136001664 
70995648 -127542240 -188438464 -95563776 144728896 -109231680 -77104064 -148022272 -124438016 69918176 -159362432 194040832 150709504 127375264 -53713696 224301952 
20934608 -42489632 82547168 -160095040 -17277648 51193600 -67152832 92174080 11477488 -383697664 101896384 34473232 296623616 144268480 -25818672 -139558144 
89921440 -3503084 111974464 -77866880 42086176 -48850960 -16739824 -240500224 157482304 64346928 -120004384 -41481264 -70731744 -224048704 -157518272 -63538672 
60354464 -33280520 4612783 53390336 -95877952 -53538064 75262112 -85834176 28437688 -3900792 18338968 17327008 107692416 -107066496 48480480 -1670948 
-115984640 -27452904 424032 86322432 -33706496 -9699752 -97622816 103619712 -16624920 -79935264 30384856 41018432 7249864 -23846192 -67720864 91220192 
-258115776 -129435936 -195762752 309369088 184728448 37624816 130219328 202638208 -44714464 111615552 -162014784 -42914592 107777216 -118525312 71611200 10244112 
-54910176 -18196136 -123776768 113797312 80882848 516144 22582592 281333248 -24526288 120179584 -196367040 4117056 4839256 10000624 -83032896 128511296 
-240156992 141912640 -49981280 244616768 33448448 -63723232 -42035776 -34915184 -153269440 25622056 -4532656 193488064 -159352768 94153024 29614224 -27379528 
131138176 -19719176 336860416 105353408 -24080768 -139972864 150466560 -107606496 -145445312 63637360 -12330256 -278060032 28723640 -39257424 -68137952 93270752 
-18496832 62765344 23722384 -145598080 -75696160 166546240 -155648448 -1143083 225118272 161746432 83111904 80514048 -420563712 -233790720 -110032000 66281792 
684114 -48959184 18456600 -60501744 70040064 -7464605 -23912768 -90486176 724583 -14949404 -133557312 38835088 124409344 -96329920 -157687808 -36567760 
-64567616 -84804032 -122681728 3432896 38513824 145400448 -166891008 -87508224 -107909504 -160458880 59670448 219605312 223113344 69825152 -27574816 31537432 
