16 16
43.047843933105 -199.93914222717 -27.026082038879 -234.16836166382 -7.6738650500774 -92.254994392395 191.75005722046 43.09850025177 -92.228729248047 142.23713111877 -23.062554597855 48.021676063538 -127.91213321686 147.83347511292 -104.60466384888 322.9476852417 
64.813949584961 82.615545272827 -215.93616294861 -130.99173355103 115.38529491425 -1.6821031570435 -103.39311218262 131.86904525757 216.44253730774 -50.261966705322 -32.342730045319 -85.185856819153 9.3047413825989 12.943816184998 92.821860313416 -259.08673095703 
169.06189537048 117.26478767395 -27.877293109894 -152.21574020386 192.69239425659 22.157099723816 -18.601839542389 213.51972198486 -96.28166103363 9.2300186157227 -20.363337516785 -56.266404628754 203.42633247375 122.09753799438 -131.6720123291 -36.88399887085 
108.63257980347 -16.756016731262 -47.304696083069 61.295292377472 -141.88231086731 93.391066551208 76.032357215881 148.46190071106 -100.48095703125 -155.99981689453 -279.59471893311 -44.942399024963 57.424450874329 -52.773958206177 33.807292938232 154.11231040955 
-203.59737586975 73.823399543762 163.09106636047 -16.024143457413 -89.384080886841 -32.94574213028 -16.19379401207 -44.611504077911 -97.316126823425 -95.084455490112 28.467769384384 -39.996105194092 -89.848082542419 54.698567390442 -87.449083328247 -1.6614184379578 
-96.408060073853 52.132411003113 163.32512664795 -173.65215301514 -199.36248588562 -35.507811069489 72.573850631714 80.32324886322 -88.079216003418 -168.338514328 29.888114452362 -95.067680358887 -79.021697998047 125.43422698975 -203.12789535522 -30.08910036087 
49.508157253265 -97.413410186768 -3.861563205719 200.23495101929 284.80973052979 70.911577224731 7.4527649879456 29.743488311768 37.947402000427 -9.101505279541 -42.415320396423 185.13516998291 159.04665374756 44.373804569244 60.769824504852 -2.736560344696 
-116.67614555359 -48.133051872253 34.36323928833 81.647920608521 92.249289512634 47.356687068939 120.86409854889 136.30165290833 -212.08613204956 -76.031749725342 -76.248164176941 14.457230865955 7.5888063311577 149.84477233887 -145.90722465515 141.35620498657 
-183.04059791565 -103.51683044434 -273.38035583496 36.501439571381 60.60076379776 42.669955730438 -164.95511054993 32.592545986176 122.77387142181 -93.683446884155 104.60797119141 226.91974449158 147.88843154907 -80.217725753784 128.72106552124 -161.12883377075 
50.434710502625 -141.1077747345 -51.252264022827 -25.016417980194 53.693597793579 -0.39587986469269 4.6553275883198 24.59149813652 72.458047866821 132.50045204163 -47.409662723541 -28.387988090515 -93.162541389465 76.773738861084 -30.470698356628 2.3933706879616 
-30.085966587067 205.56272506714 193.73159408569 72.149882316589 112.11973381042 -237.10599517822 297.74253082275 -325.72718048096 187.06191253662 187.31817626953 -5.5763994455338 35.071643829346 -234.03848457336 -8.8972568511963 151.56104660034 40.848174095154 
29.061508178711 16.757044553757 -301.68607330322 -35.220499038696 -98.385581016541 -77.295064926147 -261.74935913086 -53.675039291382 244.02397727966 65.519525527954 -148.92440414429 -84.792670249939 26.992792129517 -57.001338481903 198.43174934387 69.00625705719 
-132.72746658325 55.735950469971 -124.84585762024 99.776913642883 167.2776966095 82.800287246704 158.06928443909 -178.31671142578 227.44744491577 -122.94322299957 104.09176445007 95.699429512024 9.9257788658142 6.9322800636292 137.23367881775 -213.58650588989 
-41.453290939331 -140.44807243347 -149.70537567139 64.048320770264 -41.831930160522 110.34309387207 117.83301353455 -21.848069667816 56.933033943176 50.255111694336 132.06888198853 35.395660400391 -100.55976009369 -75.395767211914 88.271423339844 84.826526641846 
-14.91897559166 -58.664546966553 -58.896523475647 36.740916728973 -277.0796661377 173.53061485291 57.079231739044 122.8526391983 -384.23025512695 41.394027233124 184.57795715332 -196.68444633484 38.095863342285 -120.50197219849 -159.7375831604 22.582595825195 
-13.077881574631 -40.016725063324 128.81855010986 52.511284351349 143.95160865784 123.75659179688 -88.141424179077 133.83164024353 31.926335811615 -258.77284240723 -63.822359085083 86.139339447021 47.542031764984 243.33831787109 -102.72624206543 67.480798721313 
