10 10
-187.8565864563 -38.52915096283 -58.942948818207 -61.958495140076 -224.34901618958 70.451794624329 102.46037960052 14.421820878983 116.95141792297 50.130982875824 
85.965349197388 78.189220428467 -153.30596160889 -142.67416763306 100.99261856079 20.37752532959 34.664837837219 -0.53750896453857 145.61783027649 -2.7772235870361 
218.68472290039 213.65872955322 -166.24248123169 -70.241121292114 -13.905150413513 30.611019849777 -264.78379821777 -180.21370315552 54.948563098907 -4.6449565887451 
85.852833747864 85.971062660217 -9.5879273414612 -79.761225700378 -9.0880969762802 -19.753777742386 -148.31267547607 61.116477489471 12.209810912609 165.95858955383 
78.549287796021 22.470639228821 -41.332235336304 -102.91127490997 81.698570251465 -146.59993362427 34.961614608765 99.555087089539 11.858712255955 222.61421966553 
-151.91093444824 27.855251789093 98.750680923462 10.846084594727 45.249580383301 88.296546936035 43.021514892578 -49.162705898285 -34.892234802246 -181.27479553223 
99.965544700623 243.17818450928 -213.68807792664 -130.88594818115 -86.022702217102 119.02404785156 -212.23319244385 -89.179151535034 185.37770652771 18.225762844086 
-141.53073501587 -25.466257095337 -44.628713607788 28.132049560547 -38.094523429871 3.9155721664429 127.79267883301 111.64798545837 45.139203071594 75.776638031006 
-113.18866348267 15.3951587677 96.47719669342 28.161297798157 22.782334327698 -129.31576538086 33.313683509827 76.353310585022 -119.91683483124 133.51972770691 
81.419279098511 95.687197685242 -39.362196445465 -72.333740234375 86.92596244812 121.16557884216 -77.633585929871 -103.54760169983 44.476350307465 -61.010444641113 
