16 16
0.67313886806369 -1.4355752617121 0.86539385467768 -1.880839318037 1.7221157625318 -1.2244787737727 2.8324271738529 0.74530212953687 1.6039778515697 -0.62989085912704 0.72123318910599 -0.5436815097928 -1.0430382117629 1.7365415468812 2.2848331481218 1.2457909658551 
-2.0686046332121 0.67957395687699 -2.0437628775835 0.93818838521838 -0.95107705518603 3.0924686193466 -2.0634180754423 2.4372959285975 2.3819847255945 0.53613055497408 -0.89224112033844 -2.1113620251417 1.1894816607237 -1.4169497638941 -2.07130856812 -1.6771426871419 
0.02747055888176 0.06379325594753 -1.4891015961766 1.6646513193846 -0.60675942152739 1.7835814580321 1.5283973515034 0.54292877018452 1.4057063311338 2.2038084417582 -1.8354050368071 -0.062510475516319 1.3067908287048 -1.4630541205406 -2.4413524121046 -0.25266441516578 
0.53414211422205 -0.36321492120624 0.18468289170414 2.4606343209743 -0.55256117880344 0.22376116458327 -0.72689731046557 1.7524586170912 0.80268321186304 2.7077779173851 -0.32027929276228 -1.7539480030537 -0.15774925984442 -1.9558814316988 -2.1300359666348 1.1991793215275 
-0.30886562913656 1.3183401674032 -0.43106991425157 -1.6211224198341 0.93687817826867 1.2539324313402 0.66437482461333 -0.24413285776973 1.3393123224378 -0.38308149203658 -0.92407774925232 -0.043277468532324 -0.43024381250143 1.4880388975143 0.32423749193549 -0.38516391813755 
-0.074837138410658 -0.79744461923838 0.26974000968039 0.23894896917045 2.4942744672298 0.60832038521767 0.16126836277544 1.1515831127763 1.0180549770594 -0.5177490375936 -0.56503549963236 0.56529430299997 0.72659705206752 2.1651085615158 1.1063916832209 -0.21410602424294 
-0.15536565985531 2.9526922553778 -2.06051415205 -3.0458439290524 0.8778908289969 1.7580055892467 1.1693587824702 -0.64122208580375 1.1646561250091 -1.2535854354501 -2.2132800072432 -1.3584018349648 -0.14651531726122 0.99127297103405 0.094503658823669 0.55842171981931 
0.031933650374413 1.0009725466371 -1.2156300842762 -0.80364949256182 -0.42505549266934 1.6250136494637 -1.9976197630167 -0.63980576768517 -0.67868147790432 -0.90900887548923 -0.1317470036447 0.79828061163425 -0.34785498678684 -1.1210943162441 -0.58319851383567 -1.5563206747174 
0.019159143790603 -0.97573394700885 -0.86090447753668 -0.79746776819229 -0.46188068762422 0.034558283630759 1.1494762301445 -1.1461226120591 -0.95890276879072 -1.31493447721 0.51445130258799 0.82804592326283 -0.46714006178081 1.0112942531705 1.5691940411925 -0.60978350043297 
0.20215895026922 -3.013670951128 -1.4041295945644 0.55095351114869 0.14905575383455 1.0312296897173 -3.0926620066166 -1.3011007010937 -1.235646173358 -2.2988751828671 0.87511405348778 1.0584473162889 0.86055642366409 0.0084790866822004 1.2337186560035 -1.9743546918035 
-0.36689668521285 0.60448330268264 -0.67082560807467 0.90328451246023 1.4791473448277 1.549484193325 1.0563554540277 0.56250443309546 -0.32867323234677 -0.52587942034006 -2.2430248707533 -0.78694834932685 2.0306481271982 1.5646990984678 -0.59255192056298 0.4764724560082 
0.59347778558731 1.3358495384455 1.2753670364618 -0.73173201084137 -0.51281213760376 -1.1862992718816 -0.24375951942056 -1.4659310877323 0.30965071171522 0.78548210859299 -0.05852658348158 -0.90640649944544 -0.6298050545156 -0.23327256646007 -0.63362403959036 2.126657128334 
-0.54277806356549 1.9981166124344 0.70606116577983 1.4218567609787 -0.11411981564015 1.4067107737064 -0.24896656069905 0.64752973988652 -0.22415572870523 1.0218050852418 -2.931767642498 -1.2967614009976 -0.41656576097012 -2.9749777764082 -1.3655564114451 -0.55442296713591 
0.95230301469564 -0.47018942609429 0.63464117050171 -0.091407660394907 0.12590060103685 1.0145444720984 1.1451146304607 -1.4586946442723 -0.49733782373369 -0.10102545656264 -0.91809637099504 -1.4791525676847 -1.058197453618 -0.66607726737857 -0.077857320662588 -1.1432096660137 
-0.28244013525546 0.72124012932181 0.018384818919003 -0.10570851434022 -0.36122803762555 0.54476825147867 0.5370419844985 -0.86886171996593 0.74236866831779 0.44254806451499 -1.8698948845267 -1.9801772013307 0.91384057700634 -1.0269805565476 -1.1096466332674 -2.911317974329 
-0.19085661880672 0.18379332218319 0.96816986054182 -0.07110923808068 -1.5958609506488 0.43170723132789 0.93248735740781 1.3862627223134 1.0085618197918 2.350493490696 0.85114100575447 -1.3624914884567 -1.7007000148296 0.26122050918639 -1.3812819719315 -0.93542936444283 
