10 10
-14.243082523346 1.0998950004578 -99.803721427917 -24.631176948547 76.048612594604 95.376321792603 117.38943195343 -64.276425361633 95.962048530579 -177.34803009033 
0.73987579345703 25.60262966156 159.70696640015 83.438373565674 196.9976348877 3.7926242351532 -47.117733478546 5.8563070297241 -76.538786888123 52.590008735657 
-148.66354560852 -153.82273101807 -42.27620267868 -144.74751091003 -156.89686775208 36.819146156311 19.239022254944 186.09568405151 -50.482556343079 -38.481756687164 
114.47656059265 73.207374572754 20.123883008957 100.95779800415 26.229235887527 162.94473648071 72.169889450073 -120.42772293091 60.267804145813 -147.80945968628 
49.340498924255 -83.863321304321 93.500896453857 -19.202852249146 58.17164850235 14.810008466244 86.352922439575 84.465927124023 -94.678579330444 -29.673230886459 
-181.21252632141 -61.810666561127 -3.9486809074879 -8.9997271299362 -69.124187469482 0.99154898524284 -140.52023696899 74.003932952881 97.917232513428 102.9259557724 
-88.912503242493 34.024736404419 -121.819272995 -22.001328468323 -139.86344528198 171.28032684326 106.58200073242 -109.00389289856 211.86073112488 -88.753512382507 
-139.5767288208 53.725908756256 -186.76885223389 -68.669515609741 -93.24297618866 69.195560455322 154.815284729 -132.82454681396 212.93395614624 -109.25044822693 
-78.553213119507 -21.358643054962 -25.136354923248 -76.759308815002 121.0287361145 -60.030292987823 -138.56582260132 18.028195858002 18.783421039581 54.162682533264 
100.94983291626 -148.82131767273 -125.96554279327 -140.27988243103 -113.08316707611 154.89258956909 -10.730819225311 85.453877449036 35.866628646851 -128.55794525146 
