10 10
18732.314453125 -1548.0125427246 9517.1127929688 -4582.3947753906 593.9465637207 11218.088378906 -4750.48046875 -6808.0600585938 -3407.8245239258 20776.125 
-4418.0537109375 -6657.1875 2473.4748535156 -4585.5263671875 23525.9921875 14672.17578125 -7433.5493164062 -3487.944519043 4156.1508789062 1763.044921875 
13119.00390625 -10220.668457031 -21924.314453125 6394.6647949219 -1881.2129821777 4293.095703125 20364.747070312 -19438.874023438 11458.127929688 -1955.9825439453 
-10132.520996094 -2408.6298217773 9501.47265625 -16373.462890625 -18992.84765625 -3928.0332641602 6175.4460449219 10910.710449219 -17015.279296875 10772.64453125 
-4925.9758300781 3505.0441894531 -8468.2739257812 4074.5100097656 -9.05322265625 -19330.52734375 -14800.253417969 -6140.6472167969 -2722.8578491211 -5215.5170898438 
-662.40596008301 12237.07421875 11598.799804688 -6288.1931152344 -16369.358398438 5169.8571777344 12582.235839844 2105.4436645508 -4364.2133789062 -3619.2333374023 
-3681.8217773438 -17172.7109375 870.39407348633 -12022.315917969 993.83578491211 4782.6728515625 6680.0334472656 5861.5593261719 -8494.4287109375 2157.313293457 
22091.342773438 -3542.5070800781 13620.698242188 -9178.4916992188 -18881.38671875 11231.786132812 8704.8955078125 -2036.9097900391 -4911.8439941406 2184.4729003906 
-6997.6657714844 123.28018188477 2918.0337524414 82.804397583008 -7373.0678710938 -19811.340820312 -356.36737060547 17476.333007812 -16037.930664062 -11498.581054688 
-4358.5830078125 1093.287902832 10843.289550781 -6514.3798828125 -6089.8266601562 -10796.027832031 -1770.3400878906 24736.6015625 -16835.026367188 -4705.7150878906 
