64 64
205056128 -74463872 398017024 -304432384 233881344 260131904 -113091328 292430592 -443432448 -216939840 -352655104 -197556800 -435748864 -340896768 -84419424 653951488 -10664772 253593984 -78665312 -285594880 11381216 277942784 -371120128 277476352 -300657152 -98088352 185998592 -98187616 -20714480 -243443008 -464819200 84223616 -10032256 -172739008 401957888 -78556128 -361803520 -261473984 10766720 117872800 73687808 -234563072 56508816 -150071552 70332224 -15710720 -18545752 195106944 264587136 324321792 363342592 -126798912 -147284032 -413423616 96905760 172471936 -543142912 533722880 92505088 -61899296 -57193904 46630224 152872064 235431552 
-25948824 -167904320 -176955968 -554277888 627875328 -1028600 384669184 459495936 196021312 99406720 334166784 72148896 -274677760 -504236288 -55433920 -317618432 222606592 -276161536 373374976 449315840 -276275200 -94534208 65593344 219110144 -147601920 142392384 264403328 -10776544 -612635136 597638144 339822080 616446464 311094528 9701416 195249536 266045440 -59056944 -69513536 -338073856 -126946560 183346560 208753664 -39147808 129808192 370417664 -144936704 -40586000 218600768 275583744 547182592 105772512 283948544 -90455040 22332320 -281654528 -50543936 -60639152 213320576 12381286 -355750656 -80684576 -107378816 179689088 33508000 
195672832 204430208 32939736 -466280704 -184770176 -210547264 -134419264 133394528 196716352 -98101312 420854272 -189578560 277384192 237209024 -62240752 -169482112 64247024 -34969584 397216256 -86123456 92063648 -238721152 192696384 -409901056 65260816 -144394624 104369792 407886080 -158764160 75303936 50361536 -238246272 -14962128 -70927552 131422656 463273984 -150461632 -94734816 -207280256 150151808 108786784 -499791872 -439508992 -162778752 -39946448 154938176 160711936 66526032 -80435456 -18320984 321453568 21360048 28873096 -192416960 356114688 634882048 280652800 328086272 -311172608 74869120 457375488 48461392 301807872 118870816 
68082304 328930560 71102592 56723680 -44784192 -84697824 -423654912 262205184 -193602176 -420451840 210419456 82866720 -360362496 158096640 301737984 253594880 23464384 -385169152 297940480 -326974720 -165338816 132716224 -13737622 71852064 303539200 -35823008 204623104 -62644784 106638496 221692736 202566784 101162976 524106496 -367236096 -132159264 -63352928 -202850304 -132730208 -240021632 18450152 -208030016 397782528 -15152086 536167424 -264285120 170593024 91854016 176426240 543985152 113912800 -107473664 155826368 -79088064 198614592 -144416192 -415720704 -81851936 -273509888 292570624 -123016128 -108911680 -76537600 -118019968 -296354304 
-157886848 -105162496 205761024 722404352 28149352 100441920 421464064 -146958656 -105611648 373341440 -413068800 -170804544 -601872896 -90579680 26486528 -305064192 -261785216 -173811200 -298273024 -119300352 -582333952 -521801472 -214611200 -340851200 -560778752 84228288 -251029504 147518912 -611706368 -153762304 -226711616 363369216 1747392 400251136 480314112 449958912 -156359488 -315210240 -36300288 108524832 96680800 -215736960 -379284224 430859008 378712832 86444992 85034112 83339968 -57240448 76317216 -7653146 11640828 70711488 13194136 -20062040 319560960 -67156064 -424446976 -242803840 121054336 -356042496 510463744 -302766080 170731840 
67400512 -238114560 -160678144 260880768 156288384 -59938016 209384000 -400084992 238886272 210999744 189350528 -267121024 -445272320 -56536000 89944768 208025024 -242917248 -136498304 -460428288 -174308992 -194532608 313136128 388198400 -276193792 71918208 -70319456 141706688 -36629872 -138878912 263597184 -108759264 559948288 128230400 345490432 -163899904 -465340416 467828224 39981920 -187850880 14322602 -74360320 39244256 145701312 -27650448 164193728 -76907104 209499584 -182804800 -47844944 30230080 226588288 -2156192 56145632 127774272 196413760 259333568 -132937440 -80167904 307328512 49171968 -144220096 -76147008 -404344320 157572096 
2020344 -271550464 7940672 -290177536 152982272 46066368 -148339200 -189712768 -320796160 -317093120 248724992 -329771264 157457216 -16468476 -118675040 656213504 3294496 -279337216 -194735360 -78753152 37988064 54641456 94552544 -112793408 329720320 45941408 269978880 -274925312 158336000 -81171264 -104419616 -393050880 201211904 57900992 -38537376 -414808832 128285536 362105344 -59731104 -77981664 -108728640 -151685632 104118944 -76858112 -55053312 140328768 -71399520 -528201472 -179323520 53645056 -41437952 -40262224 87452224 136062144 -805065728 68044160 -170785856 45869296 18378904 287436032 -327980032 52956928 307259904 323200512 
-308923904 460434688 236296320 438226176 61135344 -157724032 420054272 214703360 236035712 463537664 -404121856 -85328192 -202602816 332589056 -69472096 -414671104 -352163328 -173433280 -194675776 -50585312 -375607808 476780544 54099760 -281244416 496611328 -77778272 -601557504 213355648 -1971950 -583153152 -359917312 -287429120 -308132096 218986752 -757759488 295276544 -97566592 315353088 434230272 685608960 -697139200 -137500800 -169211648 -80508224 -378262528 -398573312 132386656 111599168 -777244160 -149489728 68835328 406742272 159926592 -6443287 -87875456 35408592 36142368 354763776 -328083712 -255255808 -109270272 -109411200 -85869184 208676864 
35296848 -647220224 618852352 -277439744 15787200 -188284800 136729088 -167457344 375555584 -283542528 326361344 95808448 -455988224 258506240 -277524224 -559745024 -526168320 -187118208 -19859600 386370816 -379400704 90426880 -213473728 239992192 -40864752 39628288 49182448 44825088 -249041600 -90022560 260639680 -158355968 -46007888 -450019328 -143398656 33164664 316987392 -64312080 69049952 226388992 607171072 -118753952 155956672 -196933504 394670336 -241638976 47079312 243977536 303976704 -55013520 -75801344 213675200 200400256 291709696 -164369600 -624692736 -442750464 19599624 109369664 -373341440 347091456 -83590016 -140542080 302010112 
-394641920 349471232 -76641600 -162246400 -173901696 -107945632 142566016 -24235152 251355008 -52148064 -150210816 -6765176 177754496 116786496 -5931408 -448776192 -323617792 -19068000 -173080576 42531808 -672909824 -372575744 -156126464 -190067648 5625939 352216064 -438038016 273175296 -399754240 -227481984 -144683968 -259867776 339177472 -87263872 -115100928 190828224 150152896 539245056 384178688 253255808 -240690176 97682752 87206720 -359194624 -64876032 -175683584 397982720 354012928 -700872704 -415077888 122047744 -212125632 -181007360 -39737856 -282849024 34980256 -615329792 6803808 -627719168 395548160 81024832 275504896 264619136 169164608 
-14653168 149891840 310334464 286127360 300154368 -529686272 427838720 117872800 23353648 -15875776 -382868736 447595520 -252532992 229893760 147515264 -67083904 -297477888 539783168 -11865232 507669760 -66313984 94204832 -527245312 222858880 -164843072 -131908064 1432528 -18164344 235082560 -324167424 41305104 325636864 218474880 -225161664 426258944 -135020096 -146647168 -541032448 478082560 -120167424 715089920 9393968 -116404288 274453248 256843264 -545331200 -309601536 -177485184 19463648 223911552 -264750208 88787648 -354173440 -211579328 146696896 168535104 -137233088 248057024 -92069952 240558400 -321422336 -126263424 74697408 -93744800 
36182240 -322155776 101103552 -439099904 240934784 41101584 39892176 524091392 313812992 -254908736 153181440 -61141952 291826176 -123480640 -158214592 42939936 109744608 241803456 138516352 221805056 -404194304 75969408 47570400 277868288 -296217344 -286474240 -320364032 -193876480 -137273792 -112604992 96853376 -91186624 77211584 -389532928 -328874752 -104056544 106438336 47442544 190685696 -259310720 -187173888 -77513536 124601152 -67902464 -25591712 -60273520 128240960 -73276128 108205216 -172149888 -200418624 -150700288 293627136 -280615168 -269008896 -156009536 -75377760 -517405952 -39000144 142117696 100699392 -293228032 219671936 -200821312 
284378112 -157697088 -86661152 14784924 -501829632 -42938704 309011968 33685744 304162048 258652992 -59522240 536182016 -56323120 207753600 -87554336 -459231744 -588097536 -65704960 -733553664 336436992 40831840 268419264 -347324160 -558536192 -63483264 83249888 -451319808 417521152 42978960 286080256 -126496480 134711552 102507328 -604208640 534344192 98616768 7417252 4724632 312736000 8447384 -97455392 -165701376 -73101504 279128064 -6211272 -55765376 445041152 144742656 234014336 -228680960 56509984 36231056 -237595200 -193042240 -328337408 271392768 -190489792 -76462784 -81934464 -513238784 -507707392 -174357824 256652544 -60537136 
-234525504 119595744 153832640 59036720 13254508 398122240 -14306912 -296305408 -118441920 365974528 246342720 -71076352 -197660288 -41591536 123444864 58739504 163852032 -398039040 -40208432 -52041424 154928384 348234752 39974432 -288566272 257545152 -50647072 147064960 -181367616 282784768 131850016 -4076226.5 -51489664 65010048 517560064 242394944 147533376 -60396928 19853936 -45791552 298827776 133313792 -135151680 226466688 -121452032 67183616 311263744 -80690240 507916544 35782752 -261778048 429744384 260507328 -150405568 -217878272 130534144 27283992 32881968 231722112 310946304 67894240 -467447808 56218960 133123072 114517568 
221431616 -191872704 -391875840 -112786336 -404556800 -139855360 -10013132 336377344 -119372864 -723124736 319916288 -108115008 -65530608 -511637760 156433856 429893888 449768448 201073600 173179392 -133540928 -2968416 -142693696 -19620080 393161984 -577113088 260569152 379098112 44041888 253043840 290571520 350014208 -2980133 -103783616 577342464 -284204800 -143841344 -33591936 175642368 -165560512 -347022848 452060672 105730336 190449728 -311782144 266987648 173647744 -294457856 -231036416 104897984 155042944 -219057600 -205112384 203329408 -35043520 227801856 -110688256 112635552 -160359360 -10421858 97388096 330084864 157141376 -355678976 174082304 
-259246976 290663680 -434609408 -14469984 58238032 166745408 388742912 -82786240 137187584 457252096 -61043184 302537216 321046272 -51179600 892837888 307438848 207261056 580711936 -329701632 190194176 412945920 131399616 220880512 -242423040 176668736 -354383360 -3250480 263304064 -11073680 -13495648 -29297976 -274945024 -35225280 102561920 -99554752 -246076864 -142317504 168187072 -74332864 -13351276 -71613696 19816464 -192678848 -428262656 63372864 336806400 311707648 -323649024 -66183472 -181769088 165720000 -212778304 -108999456 -150566016 555869184 -655224 346625024 -114303584 80518848 -10688000 -39434608 -102528704 -439646464 33273896 
6232448 -260702976 139996224 29280424 -32556176 -18887264 398123008 -215878848 -73822144 -41018304 -440663808 -2999440 -234064384 -249327616 164361600 174374144 -311241472 -7786816 -217654144 -293666048 -30286848 146358912 -38064368 -33279936 -89964576 -263079616 100851968 -146538688 -410228736 185824384 -467805184 -17675424 236952576 -385944576 272709632 64752256 643019776 356910336 330585600 -75410624 257497408 245247424 -316813568 -181122176 -478695680 -13379936 482740224 83345056 -58909600 498694400 132360928 124567936 -202896448 -465600000 -99796768 215206784 -231590208 120477792 -8079864 -72163392 -2166816 -430661888 69163232 -381360384 
-34446752 354734080 165606336 -182680320 -76477760 -603004928 -458623744 -15694104 419077632 -633401344 244919552 236300544 -393617408 381052416 -65773408 68629696 -156207744 18944848 -176612992 -198250432 -90603424 -70930880 -204455360 225482944 -22889248 226210944 300787456 -162507776 503495424 -9433376 235814336 -22243024 28795008 -1983040 -127087680 -205293312 287701248 -295853312 -262449920 356378624 403647744 317977088 495021824 529354240 -20209792 -342770688 -87456896 313548800 41318768 -102516768 121440768 360543232 -569582592 459360000 -312564224 -301736960 -494571776 102599232 -80297536 45687360 117198080 -60447168 -61070096 270049280 
-92288992 268962304 434680576 238122624 80943424 294228224 -206508544 -39097136 20982368 -9967504 -23114320 18740352 -104296768 47106816 285977856 -109720928 -28451872 148106624 157620096 -55600576 -21127056 41457952 244798720 46437296 464038656 -177635264 60801536 -196764544 221638720 -98265664 364270848 -399124992 -31676304 136277952 -132828160 238823232 -378182400 439205632 -327507200 -29207656 -154428160 376726784 -383119872 43237328 -336336128 458724096 -129065408 19177088 -109216896 -28758248 -190679424 334116864 -2833541 -108608128 -111208672 -305460480 189920704 323429120 -187798144 1222112 142266496 -7803056 -293879296 -16509634 
-392755712 -167428544 144141376 -206063232 440910080 -310095872 421379584 -14561718 40687808 166472896 -43403712 39701856 -258302656 90109248 -260790912 214802432 -115796352 -119197824 -93382464 -4068400 -355744 373254656 -146623168 184195968 -202333184 156765120 143330112 -447198720 167457728 -137861760 106708288 -115997664 -202644736 176884864 -565034496 -148274944 599905280 358840320 308126976 301055488 -124371456 -37756784 542266880 -131067456 -30008648 -355231232 -6397884 -212857600 -33268248 -846536 89909408 214310912 -65733696 198803328 26788928 -248855104 -132332576 79137088 542677504 107402432 -27820768 -912779776 -39166992 524262656 
109855424 30517616 -117700384 -207369984 105013536 -213430784 -58093792 -5317328 192189952 495192576 150397440 -140016512 99709600 -29250048 -54605664 30598920 491623168 111115392 -47318464 77388480 111517792 505860608 102198624 296674048 189991232 317809920 311525888 14143420 204590336 283460352 397893376 -108100896 132093984 165080704 -360107008 99466880 181211776 50836880 -144417280 301713408 -338355200 401855232 128719232 -46890784 86400768 342546432 291614464 -204600960 -233559424 4136464 -3745072 -21833840 -73372608 -88994976 187123520 -91438240 93092864 59055424 43814976 -175688128 -182538048 48799584 1776096 649952256 
397113344 239703808 -293289472 335034368 -158597056 292671232 -275537152 -47222080 620002816 377657344 30909136 36366368 65824688 135945088 502256384 27641864 134879680 232733312 -209161088 -107463552 -331901440 -379301120 431975680 90211040 -36657056 -154374784 -147187328 338200064 239634816 492478720 198250560 392652032 -8812752 485323008 -184048128 -54170176 -41154912 482246400 -131732416 -544479232 30884320 -209483776 -111425920 166764160 -71856064 644109824 -45372992 -17277552 -43787360 97763584 187332160 53384432 87249920 -408705792 167492928 -68189120 104344992 -275827968 150194304 115910752 -213189632 108905280 -239176192 130362720 
-5116592 -320009984 39147232 359361536 -688023040 -139013824 218221504 -451360768 291604480 9528872 52876128 -92301728 265567104 -30622488 -93158720 268860928 -259298432 221437120 -158783168 -104998784 268520192 439069440 -639420928 -67318656 460059904 -472626944 238964352 137748992 164347776 431487232 -263022528 34285456 397856256 317479424 126209248 38494176 -38187616 -116818816 134206560 108055200 -98634720 -14240646 -12096144 -315782912 92879840 -374735360 -101747264 -140890432 525803008 -284108800 -339372032 -534322432 -132386560 -109209600 215165056 -13344726 -486764032 399397376 -32832344 -124568640 71731584 90075392 -151146176 -244315968 
-495385856 305371136 88284544 400586496 321279744 387716096 -269507072 -875479040 274101504 364406784 141644480 179177984 -201084608 -457240320 -151838976 -308265472 229771520 -642272256 -145017472 -139301952 159114240 -264207872 -104495232 -133224832 -196870400 3719168 198962176 614678016 -354827264 -254713536 -5662535 297096960 -187958784 313000704 -87224192 82583808 -111287680 107163616 -337932032 -82849632 118993568 -390789120 -164562304 -7784512 -336968704 -63704480 309721856 762206720 56209968 40553248 -2336512 306426368 62189056 150125312 7896040 -225270912 -191651968 37968480 19309200 24233280 -118197344 459056896 10279520 220745664 
-397713152 106940352 416553472 -274827776 215392512 487788032 -98934944 -362581504 -15487934 240652480 -316726272 69144992 -712590336 -30187776 113622080 422443264 70967520 -164215168 -118205344 -395079680 449121280 74079008 -590257152 -126267808 -4974615 -26290008 311017216 110160640 -70533728 -63478928 815833.875 138524544 -25567240 -16420912 145900608 211752192 -12367154 -178539200 73571744 170516800 -12180262 -104500352 -219823552 -258061184 -79779712 411316224 -40939264 216719104 -107773952 205385536 -121813696 -381897216 -36651024 -124106048 -64382080 97701664 -151379328 463441920 103774912 -262616000 -106567840 87531200 -36179792 -44304176 
-180556736 248975424 -369713408 307482880 -127250080 -147190272 140448576 -127277600 27959200 -186465472 -342878464 52657824 503462656 -271435520 -51212208 -356302336 -252416192 45002176 -199667328 366504448 82561984 -160888448 300633344 158273792 48302096 221122496 248494720 366794496 263519360 -81827392 14206504 63719280 77569632 115079968 -159893952 -42263584 -144632384 596035072 -125276672 -290156544 265194112 380568064 92147904 350188544 -210068032 -268954368 310236672 -30068216 89357504 69655488 46169088 179671040 -69692608 130359328 -56788864 79262912 216752128 241294336 -201989056 7314320 107426496 -87890784 355340800 401926656 
-13893728 -52762848 -237342272 -47887328 267754048 104653440 287520768 -298335744 -116416512 356928 -504024064 -67118624 281831168 -269263616 98788288 1587256 -70059136 7419376 -245686336 53985296 -34794688 187460352 -189013632 251089920 -330117632 -66121968 -31487088 -470108928 399887616 55731984 -107286176 674346496 -358856448 171621632 -495203840 -389751296 25082200 148743488 295676672 -381815040 341073408 -29084376 226959616 620588032 154829568 -151697600 -365731584 -152418112 151539968 324614400 59776480 -168912192 -11226914 35463088 236736512 -317339904 -690988544 70126560 -181285312 -134869120 138776256 -150574400 252611584 532820480 
-508545024 373148672 151999424 -229072256 -353596416 -292250112 220008576 135016064 -121003616 -179713792 246398208 -63302416 -131616704 89205600 -177924224 235517248 60012880 34035088 82486112 95977920 179351104 -207530240 -205264128 66754736 31221408 464953344 745660928 -158232640 -77147936 -86077056 353719808 -146590464 528919040 -179812736 12841048 190300736 -4271449 9605288 -226693184 -51477952 -7414180 -381634304 535221248 185910656 -50130368 274881280 190792000 216501760 544130048 -169264448 -443494144 221228800 57359568 162803136 226654528 -291129088 124955488 -37652192 326906112 -114217536 107733952 33982480 -66214880 -154644480 
-273787392 486247936 156878208 127933984 215414848 401400832 205558784 22294160 -195373888 -59395856 -68763136 -107961856 159008768 -171546432 158803904 -332527872 -299664128 -198652800 222862400 68690528 98808704 -165292608 325636864 -504638208 372436480 -241320256 -279542272 16165856 -7412808 -223758016 -269037824 240461056 359994368 47778384 51648304 515683584 -464024320 -142363392 58526160 34632192 -117065280 -381378816 -12312204 272035072 15044524 260997184 86500800 339538688 -432209408 -136255232 -477337088 268090880 62050704 -45853936 67850304 113465312 -161496320 109351584 -411727872 -161100352 43363584 260729792 362618880 213472128 
137557696 285227008 94881888 222303424 -445372160 88426784 258464000 323466496 148722048 -189333632 -268468736 -142576448 -56507424 177787520 -72965568 -55864720 -90053088 442933248 -314809600 -83947456 -342956032 -753521664 313957376 120240896 -153946880 422831872 -180447488 71081856 -248695808 123587776 -339299584 -116553760 80671488 330688768 -18967608 426674176 -30011312 237539392 218951552 14451036 -241323968 -336573696 317821696 -235837376 -320418560 90600800 373815808 106464480 -383432192 -196227008 -221839360 133765568 334920448 106890464 -567150592 551826432 -177108544 -376751872 -291631616 185611200 -21487304 343722752 -45388784 -9047858 
-387648768 694304768 32743704 -163174208 -382328576 225562048 353045504 193773312 40806560 -40187696 1581296 -90786368 164718208 224392448 399343104 95531136 -309664768 529423104 31888032 -228780288 -178441728 -336595968 -417302272 -126997824 102617376 -141641984 49654080 255913408 403759360 49328192 -275123968 279441408 172716672 320985088 -786147328 170668288 -246127360 291870720 74090176 118756768 300615424 -30116832 340258816 -125592640 52063136 444805120 -267202240 -107127744 -268806400 96638720 -38716528 -248789120 -572476416 234818304 472549632 13244672 -202239488 193700992 -110329888 120555712 69402240 -209686848 78740448 473998592 
-318479616 -31301504 3731328 -148717696 7812224 129374112 -68375552 -241919424 166442112 19916352 -70977152 55770528 -119452480 147970368 -51562048 -46187616 233267520 -273049088 -13176992 -440946944 -51072256 208906944 -141488512 405263360 -151414528 205510016 193598464 -3145264 -88600736 -268320128 -353169152 266700672 19563440 79881248 -565704704 109164416 -21620624 181407680 -291824640 320465152 -570405376 -186004672 306194432 -87883712 -761848320 -76946048 184703872 -74511552 109955904 -376567296 287386112 -282311424 534091520 345319680 372790528 -236367936 2669080 11741184 -56716096 -184674688 593998336 100511872 -107648608 82306912 
-141337408 183617408 -124827520 -168457472 107296928 112494080 226580224 646627328 -164737344 340955648 -314462464 -485147648 -402718720 -190421760 -7563216 -59897856 68985728 -431199232 405252608 25203256 -208324416 239442816 -129941248 217504128 -105907648 324361984 -141400256 -8728196 -204291264 -25932480 81325600 298308864 48998160 86508096 72552672 -83844864 -162802432 25602544 283986944 258097344 -95274976 -286892032 -78133120 115217760 -55537328 -16111808 -33819280 -27542288 -82080448 382693120 163987776 -29819248 -27943752 -68846272 -136059776 370058240 180430336 512068352 29390840 -259990016 -382932480 -280482816 112311424 391927808 
-219421568 45806096 -288376320 157486784 106623200 -127239616 -272572928 75121856 204453312 49289504 33741728 8361704 12035616 -322757632 -423945472 -462587904 152446784 -19988400 223630208 22411040 83491744 129965056 358000640 -32602040 -342906368 183732672 -484028672 -197543488 -411849728 -71858624 398161920 -71024256 51014064 111030336 65649728 79957088 250199296 -325679872 189996544 -41142768 -344020224 186600 152267136 -111477248 161574080 -302600960 -9831896 17661040 -238288064 -372888064 -257961344 455699200 359117056 101392320 -307651072 -136857344 78919328 -591967744 -71772352 -167340544 169636928 -45297728 -36461072 -413296128 
-151674304 188950208 -17813536 235107392 -163689408 558129152 36423664 41923504 -19754960 333084160 19366624 -70322368 174009728 -101842240 -362162432 147536000 57748480 68746208 -248904832 -585684480 6924192 34349632 -61501328 28394376 -146559936 25689928 -138908416 -135761600 396475648 -105284864 -112320768 222492672 -164072576 265601856 -257516608 259143616 -15594876 366229504 -92828544 19213328 -182674688 -268336256 177116352 -61612848 -420204032 107766400 -34984704 295613440 -103613280 50437184 232372544 -52162880 341913856 -331729920 12472344 -65549216 -404351744 39195424 103859360 340689920 56129520 -139699776 26113008 382660096 
307509504 -137924544 235857152 -12735208 362580224 -219209600 -242325952 -258761408 -176026560 -135205568 -58773792 25511968 258129920 -280609792 -577070592 553867776 -217171648 160501632 86956544 -73921728 -154870272 87601568 30293936 -182129792 2227923.5 -95938496 191668608 -214910976 318832640 -68621696 -257491136 -262292416 -221460480 194060864 44964576 150758400 117117760 142714560 -306860544 -91854208 -58282992 598412800 312007424 -378906112 -97140896 -284154368 -61898448 87413184 -254183744 151203392 -112661824 204849216 80858688 -353864448 -138621824 298204672 -235889728 91288064 69120576 315251200 585468416 -55023472 284502784 155650496 
-678262784 111320704 94177408 67367168 -11434408 -295980544 399036160 -102663776 -216371968 102897056 -605652992 -290695168 278621952 -403989760 -114609536 -595961856 -42147008 -312104448 533889536 195914688 -183091520 114382048 -743000576 106362112 -161131584 279790336 -278509056 -153670656 -482809088 253841984 -645701632 -162896320 -37879808 316854016 -53738064 -311808000 12874808 450748416 685330944 -84560640 -136149312 -200384576 381370880 -409252608 -122825280 -696422912 131944448 -173885504 34447440 -102307872 343428608 -20271664 -571075584 -287213824 294657536 -141063360 -378618624 149688192 171169536 108548896 7257952 -90632256 22208096 -195707456 
-103224832 -113270272 -35284448 -175784320 -361270784 -49890352 352469760 -192137280 217577344 243192832 53876000 336569856 159224896 151195264 333137664 341110016 -52713568 -147898048 -198553600 -316702976 285344768 157185344 305110528 -410949376 -356141568 191880896 79693376 -20148656 259326592 353449728 -59745888 -52229664 140216064 158019648 -174817664 -309128960 274532352 59504144 -74895840 148315392 -2638160 -136692160 60945696 -226423424 -400091136 110326336 353113344 19263928 -360575488 -321725440 -187246528 43273888 323553024 196665408 -170613120 9536594 76509344 -24514192 -270918656 58875456 233199552 -25019120 -20385088 65186160 
-53023216 37632944 -144037376 -340292352 140128256 486812416 -21921312 -125267104 50039904 618970112 26104504 18488032 -231256448 -281940736 -121400192 -168947072 -98311904 -44346752 -485327872 -117148576 42523776 -201187136 60965424 -331324160 56550272 183126144 -86932512 584584192 -331947008 -244672192 307907328 207702144 -408008192 -260376640 25848320 532171264 -247446400 -193656576 -95453344 9713520 -104495744 78287616 55598576 197161984 -18289208 -89801216 112619200 415138816 124165888 238864256 279972096 -180327360 -203444160 -143798720 -116677248 76323552 98067872 53527520 233444864 -13689592 -141386560 -120924192 -43312672 153013824 
149906176 350168832 -19290552 96373824 100501536 -195164480 223313024 -320406016 324944128 261134144 -407459840 -115108800 212666560 133087424 -195794240 -212730880 -180488704 350449408 -18565632 -43370384 -154124800 14682600 327550208 1243495 -254770304 487481088 -129791008 -349553408 497968128 -212275072 17675720 300776448 -277776128 259441984 -485485568 -191809728 251316608 425483776 185525248 -355260672 -17993720 155061440 250838336 483315712 -244016128 -175706752 -242703936 307449088 -554141696 32282120 -120981152 252703232 -386531072 -131429152 197892736 260610624 49058080 210592512 -157026496 204592512 331472640 -326965504 214023424 44659360 
193147904 192120512 -183414272 274868992 238264256 311006976 -512715520 -91609664 -152323328 63698928 -121222400 359230976 37690928 -14319648 181903232 -272091648 47071312 199755264 -286951168 -37278336 287957248 -138470848 -11643416 163916608 97693056 113515200 -485897728 279560192 -8028544 37019200 -120798080 -235614208 -59352416 -322914048 27667936 164009408 -403437056 359596800 216117376 -119060640 -279441408 28553328 -145316800 -379517952 -507101440 172901760 529896192 -542327296 -104980672 -211804800 -123887872 -310111744 -17494064 -712020480 -75223040 188503040 233325120 -223279616 18698944 155138944 -18812128 95142336 -84498432 -272009216 
149417216 -181680768 -63808688 339585536 11067464 115277504 -13456984 -156391424 215271744 143194880 197599872 25640960 -309604608 -197841792 -34003824 414985472 466885376 45651120 84415520 -608633856 388168704 256505728 714938880 189401408 339852032 -218418560 450885632 -201411904 680728064 190985344 -3762825 298811904 60833728 78828416 1182880 -561771008 167036032 -689485824 71347552 -37875552 390360576 215609664 272424448 -116053184 -113991488 186066368 -217920192 -449467392 -412058368 295076096 -152758528 315876352 12553046 173807360 419013376 228131136 372222976 -207078400 445632256 172676736 -105356512 -80625792 -132471872 100600160 
-477169920 -105245472 360496384 -511776512 116587552 159598016 137587264 166159616 -31710480 332255488 -443593216 -77747264 -90479104 -641387008 268838912 -97579968 21187392 -717749248 139358208 -22442072 173641088 -180739136 287361024 -211932736 -269249792 149338432 -170480128 -506306304 -687135232 -203450816 107497088 -109735040 1080944 -515325696 -378227200 -168725696 192159680 -98722496 660048384 338946304 -50926592 -487790336 155622592 -187790912 218009856 397893120 328468224 91690528 -94979584 -355460096 343051520 28025184 383914496 134859968 110394528 -176142016 288896 -117016320 -107249728 -497575936 -150165824 -16736182 343719936 -129562432 
205407424 -288877056 426380800 -90235264 78654368 2042656 161748032 -131533184 511131136 194535104 -90933760 63060688 232428096 6200944 -197035264 -492888320 -240854208 171694656 130786560 -215275392 -174759424 41246400 32559448 34283792 274565632 -29613288 38331808 123581376 -414011648 -152951168 -207673600 -348364288 -23194768 199214848 -173691584 466631936 -227334720 500278528 217153664 -173834112 31262584 -24961400 -371863808 -392653056 166723584 -125326432 -155307392 -29623080 173830016 -17624208 183410304 -249345408 -340355072 -25664240 270187008 67593312 -101383680 233707648 153968704 -136924352 435369472 -565706752 -196171008 118646816 
160048320 -225615552 54393584 -280715264 731526656 109325952 -143969664 106557248 -61958112 176823936 -225346496 -445889024 -243902720 -209211776 68379040 331509504 278673408 -21356712 66880128 -46239424 -134482304 -21440480 116356832 74875360 -32462288 -149798272 378344448 151289408 -125222080 -167565312 -47648352 246966848 -221136768 107720672 -145797056 7797240 -243538688 -251072000 -361985792 -367821568 124983840 247233792 5865792 200562432 260043328 135451136 -204541888 -43379584 267305600 722256384 455502592 62222352 -417466624 348473088 6356232 368514816 304651520 910807552 498055424 -116296320 -170536192 96091456 178990784 130877440 
188033792 232921664 472046336 59140736 -71455232 -373494528 -235180608 -350535168 434779392 -233501824 -59213152 24324624 -376576000 7086968 -388635136 -1007092224 16491084 -21551384 -21148872 -295258624 -227843648 367739136 -34308432 61248240 -21801240 28786440 -111443296 471671808 170532672 -36271280 -300158208 -427212544 80756320 -244583296 75419840 -39315328 15737546 -82689664 345055232 -29016816 194182912 403090176 -131844096 193118976 151364032 -521884160 278428416 271444480 -44954432 215592704 133101664 280440064 -340376320 -29530984 103442144 176432256 -267114944 -58784144 -254192064 -115201696 226608256 165626048 187226432 208006336 
143769728 -189633344 -32657128 70655936 246412160 447081984 -135361472 -265562752 292385280 262968448 295581952 493491200 127356512 -179622976 141001728 -21412008 140698624 6635008 -316149248 297344000 -338020352 32335664 477897728 156045440 -426249472 -297841920 249749760 268822016 131027584 -263427840 -182920896 426569728 -371961856 620611584 303261952 -213600960 -32204536 289187840 -369487872 -85475328 207688000 -251458752 71062592 -227480192 -273971968 -194954176 -174021120 696874496 15272656 -151694656 287784704 171782656 551098880 -381902336 32022432 -233341376 -288667904 275004672 -356565504 123626528 -16096928 209397120 124915232 172146752 
-204507392 -75654208 -30561640 -191223168 29363376 330601216 -36984624 230952384 -313548800 196416448 -656380416 -14133456 240023488 -432600320 234483136 1787385 24483072 -69982624 305241344 110044480 140411712 -257803200 -7575362 -63790352 195291008 290790912 -465291520 -267147840 -153251456 -483375872 -89786176 -57737392 -174136320 -357850368 -96491712 -279031808 -188399488 23783448 435533312 -174689920 235967040 -255687104 55931712 73080448 483935488 272886272 -130313056 12831488 -234542592 -170067328 74725600 -190259392 -101199360 -314575104 166630080 -298076928 -125209312 110179328 -76930368 -189220288 -147694720 134558912 112378176 -118690592 
-381677824 158265984 170896640 32219848 -325213696 -695009792 -96250528 123769344 -227686080 -434466304 12360840 352507648 459534080 -293235712 -126117184 -23312496 -307064576 257327424 305164032 450165760 -295391232 272268800 -259097984 -232313664 -21254208 328443648 56582528 -622427136 176285504 171941760 -228452288 -255594688 197005632 -78994496 379768832 -302824192 29744184 374190848 374926592 -183427328 84160320 289212416 406771200 -279057408 23297408 -248543744 -158387520 -776790528 -214617600 -226761280 -139160064 36562528 -312364544 284206336 -346982912 -234147584 -230076672 -125954368 192573696 64762624 -383918080 -309879808 194054272 -17650464 
129087808 149073344 98173536 61626272 -468804864 298630144 -127606688 -484029440 63512432 -104886848 -148836416 -219291648 542922752 36470688 104696320 80628256 773847 61132064 104674400 -364878592 226929280 -597251072 -89216224 -391217408 60335872 57245040 -118842112 155376704 338975744 -6801680 -363756800 -228664448 -349733376 -281786112 1826304 254683008 -82231264 -129321984 -119329344 50222848 -233564416 -43920416 -162443584 535006720 606364160 75168896 69713376 392404480 -99648512 11897976 -151389632 -337874432 336194048 -67264960 292655872 -98153408 -235764416 -138436736 -611280384 -41459856 653313536 560776192 -88672736 237178560 
-407383040 228166848 -145070976 -460150016 56179568 335321088 -233146048 -525288960 -419452672 240524096 10949296 239391872 254945472 1643072 337549824 417533440 335492864 -248893120 -170904960 -495702784 400269824 341629952 265591296 224177536 420277760 10947104 282537216 -439803136 -73951360 -45349456 -297306368 124812192 345616640 -157164288 213312512 -155408192 -280023552 -203909248 -275105280 524000768 -37287008 14484656 138082624 -97545792 -586246144 85015616 -63071072 -167391168 -271598336 -208084352 238453440 207038656 274633728 -70845312 198349184 -955096 150900864 496527872 86838400 509147392 117756864 -37853056 -235899968 -121687040 
150872448 152924544 -590641664 -351901696 -80923616 44166272 -317905920 394298880 -331226368 -382961664 -301576192 -33209264 213011584 -57329760 553469952 239734208 306658560 -31493320 725317120 -302075904 -453445888 223640384 378969600 99655616 276652800 -275672832 -125775488 -105200064 399535872 -56621600 -195609728 -14116576 -157223488 192080 262444672 -42494960 -280482816 -109118912 398257408 -73027968 -47819712 200112256 141978880 114576832 143858688 -164733184 -657283584 -241365632 -370104064 184016128 -178053888 24076312 124190752 87981088 -299057664 -40857696 -157660608 -178445888 231479104 -298441728 85709952 -417733376 344223232 247387584 
65890688 -181284288 -58839056 -182166208 248198848 -187537216 -18437576 -227439360 95150880 70762400 150984064 186791360 -395890432 295780352 27706256 363310336 -100543456 -39903184 -398061056 244674624 278747648 -191197504 -155592512 -284430336 412828160 -74259840 -24222728 -262164800 137480256 2506350.5 240237248 -16076296 5005907 -15941886 456816896 -277726720 296718592 -94848512 -279057152 -310488832 -63266848 -334910464 -210473600 270086400 202478720 51583744 -240552768 -238780160 176107328 -75620160 13239236 106774496 -73186144 -53066128 -627971584 329708032 82060544 346414592 55265728 -7782628 -395481344 299168000 -112073408 -458453760 
-200041216 196919872 -336364032 -251440512 -118027008 151589632 471831552 316853504 -119632800 -57903136 56024304 -26968232 194578112 -55948288 118491136 150848640 -155736896 111116096 -404703232 -33891616 87739008 -313351168 -384229376 -432551680 -391346944 799723008 -72643040 468946944 -377347584 -138239232 -179325376 -101884096 292054272 -309213696 26431744 177259648 -190225600 132922368 -200136000 5825054 -140509440 -4155136 292972544 -268112640 376567040 149366656 496600832 65979552 -366069504 126337376 102637056 -19291008 105374368 -123545408 -192309440 87687360 -258689024 -75907072 -527339520 -489030144 278574848 663187456 149795776 389666304 
426017536 -363607296 229765120 646991360 -161760512 -30515888 -175147584 -398721280 178684480 13954608 -25843912 247224832 54110208 -179507968 -197362688 -70820576 -643143168 146002368 -599967744 155354880 -187315712 358079232 15003700 -268820992 -83830944 -654394880 -21922424 286592512 440151296 36358576 -42656976 300714496 381833984 272655872 404092672 -101378304 9722252 -230500800 -408466944 -290451200 443540992 -110119072 -409655040 217579392 30977560 -93803328 330863104 -237457856 339983360 -68075296 170371712 -120170816 512111360 -431600128 10545540 156282368 -37426752 403299328 -329872896 360371456 98203520 477682688 266686464 9411374 
118695808 -177525056 -11369060 -10370948 114611680 -10131322 54471616 375855360 -446921472 -162434624 384476416 -258769792 -656475648 161918080 286230784 83819648 73227456 -204203904 -8957696 368149504 -527807744 347686400 -92566592 -108042400 88521152 -9290608 -66139024 163900480 -278359296 90182720 -178775040 325047296 -30736672 457731840 623233024 -57790864 -166641344 -413382656 277603840 374914560 -38565344 -42454960 -77082208 20405552 369078272 -217171584 -428707072 111443200 -47194304 252690624 80124672 20134160 -216090816 -51632480 -209145728 178659456 -213476800 52193312 244998656 -62623440 -953840640 303027968 -213358528 42350784 
228413760 -414697728 98241088 325424640 -226287616 628896 211032000 -3903410 -174102720 -213278272 93545216 -50998496 77810496 97240192 -68486336 317086720 18735960 -133327232 -251263680 -275015936 237224960 -181614208 -86239936 -180275776 -168660608 330557440 136019904 -8406396 -558941696 -68812096 -166562944 39213888 379618048 15083384 -92939552 -144491776 -235640192 -213218112 -192807424 80215552 -318031616 -745548800 138062080 102265280 -116946720 291321856 277776128 -8232392 151509888 -479930112 -181752896 -226606144 170156288 16700680 -126303072 -26487048 -96793376 -138665216 -283363584 -148924416 155544960 353342208 -198781120 -239776256 
36276992 -616443392 -13084218 169089600 -272143104 -375427328 -98787072 -506214656 145363776 -568329728 421446400 -173980160 -61174992 -16410042 -257606080 194413760 213816000 -181481024 326859008 -358548480 28753824 372961024 -508790272 249480192 -60729024 -522380800 471196416 -13704902 -222375104 281594112 45111568 -66567216 121418816 47523696 194370432 83536416 190978688 -61712864 -36712144 -11455826 371040000 -159489216 -316626688 -240791168 14324414 -381184256 -584555008 -14892316 384792064 237648512 -340768768 21254688 76197856 -140056384 -300843776 -422770944 -358993920 72515936 14501134 -374636800 407915776 66938800 -88708928 -238311232 
-133359520 437711360 -152284032 -497981952 -181358528 -279056640 -286971392 245060928 34518384 -157358592 196451072 -153335744 -164152512 -13153616 185513088 461524992 -110889440 201787904 107844032 311156480 -254409728 230397184 62528336 -6525752 -48508368 -331926784 51479200 -266698432 -141996288 336000768 -155352256 286251264 430755584 -74609472 241755328 -70946176 224476672 80707616 -362711040 172410880 -80745088 180846912 -78751488 -268814336 -471671296 92333440 198337920 -143264512 -16805568 -173816768 205908864 -197328000 286181888 -520396288 43758048 -47981040 -237503232 -16455624 59213872 344872192 22122208 33533040 11833544 -653399552 
-488960256 -37191648 574130688 -16351886 156196672 -23477704 207371584 -233127488 240580096 138012224 24041056 215024832 93801568 275610112 -25719480 -726234624 -139302272 -411288320 17088288 -368181760 -23702928 320735232 -256850432 -202677376 -348496640 503764736 136475392 -381765376 -102511264 11453648 47819760 -165345664 15853168 -315381760 -1555440 -401654528 8135678 -106836992 484341504 366039808 145432640 277514752 268704256 -79879520 220035072 -215712128 -61484800 51241216 -423534336 -22217696 61824336 142685184 -230910784 665213440 -351927040 -546097664 -306707712 91812160 -118624864 -460637184 335271680 -428645632 184560384 592740352 
-114703776 -77870848 550935552 -724568064 -480662016 177283328 154356288 -27314848 59510976 -56865824 -81650688 -251258624 275128320 45285024 -176771072 436819712 -328803584 -50709632 -109030272 -608257024 -230301440 82033856 150066496 -305205760 66790816 -200978560 318021632 -256489984 -14169912 402068992 -513924352 -356007424 387613952 -133689216 130823040 460732160 84039840 148127488 332903936 325601792 28447408 -50842688 30564504 -252560128 -271831040 268738048 -41510816 127872448 -327141888 344908032 301810944 61958048 68978560 -282992128 -313411072 163862016 -331014400 199780416 -143833408 105993984 147667968 -239491328 454480640 21647552 
248027968 -415470080 81276544 358958848 143037056 32790336 48166640 -130200128 -7737008 512023296 -538058752 413362944 -3314018 220113792 -140672128 -281894144 -601631744 -264974976 -379653888 -103133280 120204928 297757440 96622496 6035350 -217926784 275236096 -622359040 -139478144 -127965408 -107826016 -206595520 196147200 12164288 -153648832 109068736 -429882112 277402880 89710752 468057856 -96812416 76329952 -70573696 -226461056 -68649056 -181581056 -33439040 123878944 -429371392 -445709056 -77370656 127073696 26420832 -235218560 225242752 -195543168 -98394112 61679344 122335744 -261657984 -139906240 -378074624 -330175232 31533096 140519296 
143402624 277012480 -258043456 107497312 -286585088 -74903616 -316164 199696000 308938752 72829568 40370288 152960064 399732736 -282360064 129169824 -6894902 -52159632 -193592768 391687680 -2671758 -445100032 729628 281935872 -119478624 199618560 81276288 77678432 -119121760 -53553472 -113581632 60539888 270860544 427724032 316112384 -193576448 175008448 -343957504 112482144 -219355200 -295712256 -68966400 291556096 76631584 297828096 332955904 312198912 -32594872 51994432 163355776 -520808448 -493203200 -34398976 -181326656 359943680 599261184 128970144 229713920 -358806272 -343678720 8573600 -19505608 -133279808 62848416 221666304 
304495616 169744320 -299667200 -56576736 372655616 -116052032 -560388096 301208320 438637568 -314266368 82346816 39577632 210816832 71203104 22875536 -444093952 185722368 467654912 234422656 425414400 -344178688 -227626240 129859392 629672448 59866208 -443453440 -421985536 58004112 15344736 -11618816 305648384 -58861296 -222433920 115375936 -126944960 104838816 -375633152 52667136 216215296 -288508928 -28614360 595849728 169300224 8002016 194695424 -226493568 -199785792 -179450944 6383648 -241862976 -50644368 -614188544 -290210560 -94746816 259459008 114010624 -227001600 72605504 -788379648 202660480 134216832 -37478464 -10647344 -177645888 
