10 10
10764.875976562 -4475.908203125 6189.0190429688 558.89805603027 5187.1486816406 -5898.4907226562 -2351.6663208008 3942.2963867188 7682.4265136719 -22602.931640625 
-23581.125 -9599.7915039062 -11385.360351562 1486.6076965332 12154.149414062 7762.5236816406 -11695.026367188 -13150.428710938 -1989.223449707 21921.712890625 
-1641.3130187988 -246.11450195312 -2352.375 -4819.6376953125 7294.93359375 -15347.1875 1668.9433288574 10927.547363281 -18103.221679688 -6784.4658203125 
8324.9370117188 -12511.858886719 -13637.460449219 13027.986816406 -10250.201660156 -5550.4653320312 -7406.1198730469 -9188.5317382812 -1115.4357299805 12166.283691406 
-15416.815429688 203.12480163574 3707.6557006836 -3709.4051513672 -1860.5107421875 -1440.0617370605 -15262.863769531 1146.1447143555 18889.419921875 2126.0469970703 
-2006.9600524902 -7195.6701660156 -7527.2385253906 5386.580078125 1449.5713195801 5773.5236816406 592.55117797852 -7458.638671875 -1003.3107299805 8424.91796875 
147.46505355835 7656.8298339844 7187.4331054688 -2364.861328125 9983.8608398438 8906.6953125 12362.786132812 -11747.437988281 2042.7583007812 2145.6480712891 
27817.524414062 -12545.194824219 -9851.7495117188 6371.947265625 9417.0830078125 8720.7124023438 18523.111328125 -415.5244140625 -19893.897460938 -6477.7932128906 
-11714.528320312 -14795.614257812 -12173.140625 2535.6776733398 9791.6254882812 -3169.3673095703 -17773.452148438 -4217.91796875 -5601.8073730469 6026.3820800781 
-3400.3137207031 13015.122558594 2816.6334838867 -11658.045898438 -4693.7819824219 -3695.3648681641 -1151.9604492188 19359.768554688 7977.091796875 -186.0189666748 
