16 16
985001.1875 -908373.25 -117195.1875 801548.1875 -2025817.5 -230533.546875 842138.375 -778446 -2313150 -910179.75 -181200.015625 104954.5625 1023269.625 -2154449 1582210.75 2523133.5 
-2162429 223081.328125 1139847.5 116979.296875 2035548 3216909.5 1378069.25 -776842.1875 -1134427 2255226.5 -477558.8125 1290750.25 -886822.25 936020.25 -1654606.5 1316561.25 
-632598.0625 743060 1140185.5 811124.1875 -1435123 -899776.5 241125.703125 603200.25 338312.0625 -2095085.5 392282.84375 2299407 586512.5 1620588 1626577.75 -348625.9375 
1351514 -1251316.5 -689637.75 -1299286.25 1000154.8125 -120175.375 -1961976.75 317720.0625 897440.375 -817280.5 -1635365.25 861769.9375 1102403 222154.1875 160979.90625 486066.5625 
-1964202.5 -516760.96875 678122.875 -176118.125 -298135.34375 -1962478.5 -255432.921875 2323049 1574432.25 -825179.3125 -619649.3125 886239.75 -1392619.25 2000154.75 1697349.5 -2612573 
-1754183 -161298.71875 1177167.75 1673807 -266976.03125 -607192.8125 926466.0625 486568.21875 255523.15625 1164551.5 -727124.3125 825268.3125 940056.375 237133.15625 -532588.25 1052877.5 
61242.51953125 -1060601.75 -1789581.25 1485931 -359176.15625 -1317928.25 -2857046.5 116790.125 2185270.5 865411.125 453329.125 -1921375.25 690157.25 1135468.5 822859.625 -1155475.5 
-1831581.5 307997.5 1560044.75 312556.6875 707909.5625 246655.78125 -2058653 269427.75 282397.34375 2926688 1389426.5 229096.25 -424541.875 2766656 -758707.875 -610375 
297495.375 196159.5 -176239.40625 -1996402.75 1337321.5 217089.1875 1228784 978902.625 2694586.5 -110591.3125 -1535316.25 1473476 -339160.1875 -953488.125 -1365202.25 -225523.21875 
-262462.78125 2247104.5 -840333.75 308233.9375 -1421716 1124305.75 -830263.9375 1853057 877205.375 -157686.75 1850447.75 -377576.46875 -1124053.25 1585908.5 82404.390625 -1273687.75 
-361307.5625 -837955.25 -2659786.5 1563974.5 1935195 -1769756.75 -430629.90625 1783592.75 1368786.5 -1316446 62678.8125 -956668 562890.625 1368540.75 465546.9375 -1867554 
-1914090 2696065.5 -618941.0625 402218.875 773741.5625 2526609.5 2121008 2592994.5 724363.3125 -2190113.5 679496.0625 2605957.5 -1520292.25 2926042 430088.8125 -164073.5625 
-2118168.5 -1704357 361078.3125 -397737.625 1959632.25 -757799.625 -642002 2973620 -794149 -15101.185546875 -1543046.5 54371.3046875 -415847.875 2544201 1063208.25 -751724.6875 
2078127.25 -2138723 -1851267.25 -543680 2347950 -1347271.25 -4163409 -1141683 835350.75 1355372.5 1177059.5 -3779864 1401243.25 61611.625 -428172.3125 -1555219.75 
-76053.5625 -2752862 299451.625 506082.3125 1483628.25 -1365759.75 -2101665 -1035099.625 -636537 1273096.5 -1934163 -1098494.5 284398.1875 338753.6875 -51385.203125 -956674.875 
-886234.25 1176825.5 -1031556.5 -904665.25 1200754 1592393.5 714805.125 1171134 1381739.75 -817080.6875 1589011.5 775667.75 -1721319.5 1593277.75 384033.25 -1622164 
