16 16
86465408 163009536 176976640 385144 44368752 148380288 -77983584 97303584 40239808 -209240512 16197930 221519744 -100672640 -164933696 182261312 37020432 
30744816 -45411968 -74083008 -71296896 -2555280 46722704 133519040 -1932920 -165740864 38588336 116563392 28480416 -50428304 80360704 133576832 9131432 
45328576 66871472 63900656 245663168 -52669024 -93830944 -229162944 21444096 -36310240 -182563392 -191580672 120071424 109488128 -54358368 -63888176 70654176 
-99806784 22260008 -148900544 68584256 7238256 -54327696 161092608 -103150368 -284057600 129035648 101272128 88536704 76214080 -15931448 27126952 -215059136 
60407392 4448336 102958080 145935680 26570832 -48816400 -123675424 -71185472 -61576704 45632064 5732736 148815872 98187424 -407062016 -223080896 -82627392 
-116573376 -37245280 76744256 -64913600 -13758584 -22527472 63055216 208035136 -94207232 -64400288 5107384 -247983168 -215555072 175502208 181301504 222784000 
47025840 205717376 26069472 -156269184 9996384 -156039104 -31789904 -63588928 -162161600 172688128 -79186944 228403072 -80991808 27069632 -8263080 -222792192 
-18327776 157121280 112317760 42471600 65634960 -111267584 -116986560 -57206128 110485408 -62226016 -284543488 202235136 23476968 -171960256 -9004822 -108311136 
14653324 -140442176 -75380288 131043520 -141903744 117354176 -119841408 -80806304 -228865408 -63088160 -95602080 189890368 -39174080 -18658360 98481760 361063936 
86610624 155799104 122417792 57577216 7494720 -138306432 -239552704 2081112 -111612544 -72634272 -348352768 297114880 -58864128 -80082784 102795392 73509920 
161115264 58089472 59005744 -139578816 -62308016 -100594144 -27727928 -102444992 -180748352 109564640 -43074800 156807360 -71036640 232296832 -4070692 -69122976 
129749920 -76004832 -39248960 71642752 68925280 67821344 33920272 -109347648 -170772544 -25994936 44633920 -91242304 156816192 120083584 -36124992 -194548288 
-83606720 -74567648 144319808 40100544 43219584 -102705376 -47917136 6634406 -210366592 81772192 -67141120 98854176 109221696 -201320576 -184340352 -216146304 
10440438 -149636352 -99956704 140652160 108093568 246368640 233485824 -53635856 172495744 -94121248 222962496 -244143360 -31076384 162501696 -30263720 -32722880 
-141115968 -185279296 -81442240 71229440 91011840 37172960 159673664 -15137824 166904064 104287872 155366400 -166985344 132001792 -123569600 -268300608 -93213920 
50344736 9229220 1328542 119880224 -15841476 -43877536 -216351360 -125740736 30463120 -48387504 -273976832 87608832 130934624 173600128 -26414632 25986880 
