16 16
34753600 117904512 -23139664 -20243648 -76751104 274972672 -63651968 -144679168 43645856 -44411456 -10802798 -63713088 -101491264 -71847616 136862400 119098912 
-59992400 7402864 -349455360 28648752 -184110976 18117536 44066816 145063488 -132050848 18987888 -248836032 -62071840 -47622848 -74565088 35559120 285686016 
-48153104 16511200 390102016 85627264 240438272 -15077584 -179932992 -5167088 67058000 46710784 286586880 128360192 -102139904 -69124064 45953216 -358450944 
-26971424 -201524096 -10440824 125697664 187210496 53880352 -249364992 -162960000 -199653184 212937472 5430104 32395160 93732864 156907648 -131457792 -188642240 
80317536 -161597696 -6288778 -133233216 107383840 107440704 189607296 -56161920 14832744 -81323392 64271984 16224288 81194944 6243535 239644160 39960432 
88101600 93544768 95526464 126578528 1787160 144167360 43970048 -83718784 127180000 -9748416 48124032 -115292896 -122191712 -99225728 35150128 -48893712 
7971286 -22812720 -102239040 -31488304 14142986 -51052512 7116557 -48686960 82300672 -147512128 117066304 -221373248 -170614016 -87287680 -32191976 82436384 
294651904 190497792 181411776 -177399680 2451049 -60975488 -25459416 -56490128 318656512 -29630992 191407616 75433408 138730944 -211894720 -36539936 -268168896 
68598976 115358400 -104732512 31254368 -225200448 -84732672 164521280 141468608 12931688 205517184 -185817024 -97344672 149394176 -114194176 22651728 87364608 
73159200 -191173440 -77384864 -30042824 212316032 51982944 -78747968 -157283840 -166255168 -54953296 -101591712 -7196960 150967104 189034304 -87117120 -50888 
-360019712 -84415232 130387712 402666496 36902224 13641024 -88532480 109645120 -206934144 256376832 -56707984 -85738528 36696000 -12355224 70452096 -18448840 
-30798032 -97145152 -150701824 165283840 214290240 -186195776 103746304 112925216 26131280 -117935808 67910176 -100202368 -25683488 -183892544 18469536 -5002422 
29898368 7249600 48762112 94552512 175469952 12238080 -107131072 -201363840 -265917184 102894816 -12439206 251918464 19959104 115644704 166877568 -70237248 
34464528 11158288 -20800536 -97961472 -103113024 220813184 15627632 -206813568 -19693664 49808544 60579040 27259016 126954432 44544368 67589664 75352896 
-57042672 -243050624 95117504 -159432576 128232928 -166882176 91336320 117001920 23838560 -154818368 33397280 -202176 90344576 271665152 60580032 37154784 
-210827136 -159453056 109823776 159284224 -8942006 -140896320 -153489152 330919680 42305104 141627904 -206654272 -204400768 199952640 101093760 -239054080 -74335808 
