16 16
131214880 -115802496 -52874864 354957824 -43911344 84157056 78773792 -13870338 -179672576 7684592 -214565440 -73003008 13797690 318128896 31668024 5896582 
76334112 256209792 195620800 -169147648 -181444672 194908352 142062592 -1629746 172176576 178262912 85867040 42405200 -108540800 5738352 8326270 -80350208 
32081224 74885376 -14956104 307781120 -91773248 177700736 187551488 305891840 -3997624 60925648 -57073328 -323143424 133052224 198209088 -50811136 -96935040 
-94296992 40305376 200032256 -52518416 32152584 -66949984 -64343008 47667232 284473600 -60173056 47159616 -237818624 195618560 2067117.75 -68570208 -193893120 
-100783360 -178270656 -208433152 -146627328 45958656 -131880448 21335648 -324446720 -204617856 -102774688 36823040 118198208 -225069248 -201992512 -20695424 162833472 
-36656640 75482272 4587526 -109426048 40984864 93248608 -135598720 53650368 125336768 -79272832 71840480 82868000 139659520 -117245024 68540672 -45477808 
10350654 16291198 -35140352 -88096928 -58136336 34673280 173061248 -142118848 -147076032 268927488 -78766816 37629056 -431357184 -49518304 120813920 248146752 
-59891744 -93164736 25522032 347288576 66706944 34587328 -73103232 -86688032 -153082112 77363776 -329422848 253453312 -16719712 18926888 58404352 -20422928 
132924384 -47088848 -177696512 143761344 99346464 11287176 -245739456 258224256 -207941760 -65544048 -228284928 96374688 73809600 -56534592 -39151520 -41314784 
-217836672 -129052928 124694208 19507168 -6512976 -248534720 -33135976 -117363680 198000576 -65947680 158097408 -202413696 106194016 -80408416 -135440960 -119921024 
-50462496 43090064 -39245920 -116987104 49535328 -147378432 -147164160 96141824 -51372944 -251458752 -13409094 44325984 97907808 -43399696 -116341408 36254752 
43324000 116456064 -69288256 47727504 -65864016 -1272576 -189339648 273831424 -155385472 -42668048 -10566312 -72030464 55855568 -58363584 -182334272 -187871232 
10408320 -100043136 15815816 182142592 -61049776 46384128 147851776 24095456 -106133376 464952576 -146907200 -10093128 -187293760 17121656 308428288 125542720 
-272849152 2696244.5 213007296 24460000 173102080 -12866046 148209344 -77746464 206229696 51011280 3196374 -166238528 -53510384 -24428136 80967424 -43266816 
-75187968 -133869312 89019712 -14096026 273161728 -58611424 -5046200 24236792 116030144 -160326720 -85913664 -146567104 77170944 13139842 138258176 135666304 
-133080832 -28900560 -95787264 296087552 10954472 -115351168 -74650624 257532160 -94383552 63603232 8642506 -226050048 59551568 45358480 -63291616 50133456 
