10 10
0.4145668912679 -0.90283037349582 -0.63407746702433 -1.8127277120948 -1.2838660180569 0.60791428759694 -0.32834941148758 -2.2956186085939 0.66538175567985 0.19869523216039 
-0.17762597091496 0.93041534721851 -0.054753009229898 1.8337897211313 1.3071023821831 -1.3422060608864 2.0147440433502 2.0344845950603 0.19363724719733 0.16200236044824 
0.96320857480168 0.15881170332432 1.0441422462463 1.4099372178316 -2.2741201817989 1.6097656041384 -0.82055780291557 -0.893928848207 -0.93050799891353 2.2360678911209 
-0.035191742703319 -0.18875707499683 0.46211581677198 0.49511826224625 -1.4744923189282 0.32436480559409 0.47322055697441 -0.78932895883918 -0.53609028086066 0.45435299165547 
-1.042059622705 0.36544898897409 1.8037763610482 1.6620504111052 -1.5024257153273 1.7054808288813 -1.3521511405706 1.8814964443445 -1.8744032308459 1.2029162794352 
-0.54845159128308 -0.24729021452367 2.2180650830269 0.70578034222126 0.95475601404905 -0.24220156297088 0.10802998486906 1.6150937974453 -0.56727297231555 0.706442669034 
-1.3429830744863 0.56958424672484 0.8879740871489 0.34884463623166 0.13618605490774 -0.98737769573927 1.4898374378681 1.3388163521886 -0.072788595221937 -0.63686011359096 
-2.466753795743 1.2438908219337 -0.57448702305555 0.68920288234949 -0.029280190821737 -1.6654852926731 1.8846874013543 1.7230470478535 -0.96559617295861 -0.59009816870093 
0.49521928839386 -1.6145988553762 -1.3181138411164 -0.97220802679658 2.5217888057232 -1.4240484982729 0.55963483452797 -0.79306886717677 1.3903220146894 -1.0193632915616 
0.17445321008563 0.35939169116318 0.7386114411056 0.472890868783 -0.20022241026163 0.68287467584014 -0.22226703539491 2.3576556444168 -0.46507196314633 -0.35150546394289 
