10 10
-16884.889648438 19357.384765625 729.82843017578 1997.2131347656 9288.1079101562 -15427.154785156 13005.734863281 -4099.5422363281 -17691.841796875 7952.5009765625 
3028.1750488281 5069.8896484375 9669.4663085938 -25110.435546875 27665.053710938 3014.3062744141 8864.0366210938 -509.85241699219 -3570.2772216797 15058.749023438 
-8412.0971679688 1879.1053466797 6093.5451660156 -6689.7233886719 24179.055664062 -979.72210693359 13639.104980469 9688.1459960938 -5182.908203125 1030.3828125 
-2639.2083129883 -1062.771697998 6247.19140625 -13862.75 8553.1767578125 -5716.2602539062 -17063.903320312 12811.83203125 15073.164550781 15643.326171875 
6224.3266601562 -220.28106689453 5297.3078613281 3808.6596679688 -3639.298034668 7157.8833007812 -4373.2526855469 -1058.4487609863 5031.0490722656 7441.4274902344 
9593.7348632812 1265.6642456055 -9533.5815429688 -27696.008789062 262.97303009033 -9528.9360351562 -16753.612304688 13321.413085938 6855.0524902344 12610.05078125 
539.96360778809 -4742.7236328125 -5748.2021484375 -6258.640625 -14721.059570312 5133.8608398438 -6620.927734375 -11973.641601562 5951.53515625 -12855.864746094 
17988.673828125 917.91171264648 3484.2687988281 -7379.7609863281 1264.3385314941 -7646.115234375 -19571.805664062 14524.800292969 10220.958496094 22834.94921875 
10254.423339844 -15105.091796875 -2715.5454101562 -18060.012695312 7102.2873535156 1839.6750488281 -1951.3748779297 17812.184570312 -2370.8538818359 -10990.454101562 
-5826.6765136719 3446.7579345703 -25899.6015625 -9708.3549804688 -593.71807861328 -9492.7202148438 2520.8889160156 11117.4765625 4494.0329589844 -5567.8459472656 
