16 16
-37920896 390954496 -35484000 -30646984 -8150856 22835552 -251701888 26244872 -47997824 175707904 182637312 120147232 -4017232 74251008 68087648 -21706384 
84471648 210240768 -253357376 268865280 99750176 -185550208 -155760640 -173776320 -40895056 -65542016 203868352 206942464 -137593728 -46713744 -89827648 201690368 
168480960 -209900800 -85135200 -77859232 -4059918 14011730 160591104 -69537504 34345136 -128586528 -141061568 30586880 130979232 -10060758 -44368784 -116521760 
-33625248 72295680 -281669120 71965664 64139248 -175834176 -68744448 -32357208 125664800 14481970 -33165784 11293526 -109358144 -40681280 -85826336 121147040 
-264237440 -63364768 -168078720 -25040416 -290296576 -135479808 -370472960 91192480 -26654848 312866560 -43872128 -122468224 -140549248 -72226656 -220888960 269830400 
-6736848 174913152 -132043968 59466208 168079104 14762104 -168674176 -193096192 -29506256 161196544 -180959360 157444864 110354144 -34470176 94271488 280711424 
206035904 -116138304 4132992 -28131816 -39988832 -162933056 -160611008 -54584448 63148256 -165197760 25509472 211717888 -11535236 -135509120 128602560 44596656 
-51779488 114334272 -207309120 79754208 53848416 -27862616 -25031448 -114956736 15796954 -47320976 -157321856 -38842144 -58345824 148265792 -22319552 72859328 
-61739968 44518144 143348480 3321086 -78259200 8871832 -154975488 -57029904 -28870168 -16790224 63420384 145923072 77933632 -7882472 55538976 -18965840 
147665792 -2140304 747952 -133552768 -99602848 52303792 -60110832 67054528 91155904 -58244288 65289792 -192407488 -22432736 -8726856 38031104 -91183168 
29123904 -15181184 65113392 -71860224 -65672608 -100335072 -53181152 -66070224 25775600 57864736 57106656 84829728 141345536 -184285952 27147104 29260816 
124090592 -3458728 -57400336 116432320 190745664 -11856840 -35725584 -294135040 65243856 2861642 -94785088 215593408 140591552 -155052864 13677192 217895104 
-190152320 -77224768 -248298240 -1925440 -107442112 -23604896 -60596832 71626272 -182885056 299939328 -300764160 -164723200 57208800 22238304 -22082752 277665280 
218126656 -55712768 68307296 -29834496 147524800 133506944 24675432 -19315240 -52374496 -146003072 -124358400 -32313696 80760288 83996576 194410176 -57181504 
-90929280 60984032 51093280 33278576 -79344768 -31047712 -135785856 7605183 -156651200 43107488 -26686656 44655104 57415648 -24881776 149253056 143510080 
-50008928 77447520 95981504 -72158720 107613472 -119843840 -326544384 175317184 207718208 101968352 157434560 61327120 -333791488 -191850304 -187054592 59681888 
