10 10
-1.3084647059441 0.5535549223423 0.75922849029303 -0.24534770287573 0.031900398433208 -0.17994529008865 -1.1512467712164 0.7798336558044 0.27159582450986 -0.073078855872154 
2.0464375764132 -0.90934728831053 -0.29713981598616 0.38770755752921 -1.0242508277297 0.43891893327236 0.88449220359325 -1.9250668436289 0.27242058701813 -0.9226768873632 
-1.8989479243755 0.79282964766026 0.90091679245234 -0.13713137432933 1.5624596998096 0.032474305480719 -0.87177774310112 0.39347162656486 -1.1945999786258 -0.89683325588703 
-1.4426765143871 2.4173837006092 -0.60260616987944 0.2722685597837 1.4810164347291 -0.44766515865922 2.1797932684422 -1.2843167334795 -2.1828923672438 -1.0428329482675 
0.18589676357806 -0.54984128847718 1.1829716786742 -0.15510868281126 -0.59195645898581 1.1303556114435 -1.9925182238221 0.52967606112361 0.61728550866246 -1.8789569884539 
-0.46703315526247 1.358524478972 -1.2914847359061 0.79128563404083 0.091288818046451 0.60570070147514 0.9617232196033 -1.0397558659315 -1.0933802723885 -2.0941223651171 
0.98004527762532 0.46104679815471 -1.3121242523193 0.16614946816117 -0.51631673797965 0.4191748406738 0.59272435680032 -0.59391942620277 -0.76382666826248 0.3937923181802 
1.1442772373557 -0.20935476664454 -1.827523432672 1.2291592136025 -0.043960621580482 0.35349557548761 1.0110903978348 1.3291886150837 0.58657190576196 2.9318999201059 
0.56484447047114 0.74814294278622 -1.0200379416347 -1.1020121872425 -1.6072686910629 -1.3120240867138 1.567318931222 0.38128369674087 0.89213462173939 0.27608684264123 
-0.56683278828859 -0.52117935940623 -0.070976874791086 -0.72958091646433 -0.14786821603775 0.051731951534748 -0.83203599974513 -1.076616846025 -0.64263170212507 -0.28264629095793 
