64 64
-81712064 -288236800 139908352 186318976 -140080128 -274767616 139994560 -128642848 234818688 307803904 -252813568 305201152 -238945472 472641280 283123200 425688064 -58802448 -48481120 26834584 -10159632 -240487296 -415284224 174160512 129149152 -137339072 -406069760 165766016 230326656 -261890560 295312640 -76954784 143801344 -184946048 -312263168 170482688 -477538816 -176293184 -416670208 16953472 192471424 -32953984 -155097216 -137562816 153972800 110249632 176804288 -528226304 -275112448 -342960128 -29600824 109986880 -136037760 145931392 186522944 -658869248 457819136 26337312 -297826816 -328742400 144382720 104507968 223899264 -454401536 201166848 
-125090656 -84358560 13616128 259851648 629546496 407171072 52133312 -98095648 131299904 -1908844 163102080 25220000 -209930688 135519936 191936 -302049536 102546176 68938688 116891008 -418434304 225088320 -154553600 379013632 75862496 53826912 -452404736 173434496 -20590432 -323563776 54885808 95220160 155585920 -282143232 206090880 84879968 -106032448 -115163584 209351936 16877552 -82865472 -141465024 -93605536 -44047616 -144455040 -143440064 173083776 -22872928 -634838528 88163744 -98444640 -127747168 -330468352 -65669824 -314658304 -1299136 337064704 -341294848 674056192 373622272 -200209216 176828160 447298560 -372396032 193887744 
-482372608 -72366528 -205037056 -458136832 -69408480 -102656576 -84318144 49244448 -176775424 28442488 480964096 -372379904 -102191360 39519008 218264000 383932672 -620270592 -56125376 178374272 174748480 -127610912 -107999008 152644096 -37334640 -324451328 702210560 -118312064 -392547072 -353651200 -257469952 54035200 351458304 402770688 -440481792 23278920 469071872 120094976 -344341504 117248896 -125212096 240137792 -320361728 92141312 249280512 52284944 -63418368 -96015744 326122240 82112480 253263872 -310863616 39350688 148467904 -42328096 311356672 249843072 -534232320 -380746240 39678272 81953600 -7340784 -453080832 -25211584 -187334528 
-365767168 -199196800 -297397760 -51656048 201504576 279958016 37385664 189417280 -288926720 153419264 519476480 -6871398 40855456 26648448 179059328 -224769728 491916288 330231040 -216289792 -56579216 -7380180 -91707968 -207963008 -201228480 360916480 146699456 392321792 -217894400 9846766 7630683 86735200 799321600 -53262576 135558528 267673664 311763456 66088544 -40046224 -494284544 -111049312 316970752 -227473472 -318464512 -127954048 170903552 77501440 221515840 -503869696 593842176 374882560 164983104 179949824 -83433472 143350080 203551296 328992256 241977792 317126656 -48880672 -275327232 90236896 -44677216 -240742208 -21815680 
22642392 -218639744 49321136 -374425856 3098976 -7165032 -427062784 115998528 -445856256 171516032 -201289600 -90213056 -184003328 -126393216 35567936 25706880 -428310272 197388800 261795392 -124945792 -33478648 163770304 -129148352 189408000 -454778368 274471168 72178336 141777792 71293504 211269440 -311141632 -396153600 -93080576 -214550592 166293440 -365805824 -252567936 -58286080 313753600 159437952 233535872 -213731392 -203978688 54268560 133979584 86235776 -88552032 -194214656 108343648 454550016 201577600 319054336 39811664 460557056 -139034048 297521664 347177728 -563747840 173299392 -223142976 -496125952 -381800960 -535336448 -201808960 
36802512 -61894768 -37932992 238317568 -167147776 255963200 226936448 -419385600 -55690352 186088448 266391936 19295864 40447904 592832000 229108224 285492736 85448480 -5115720 -180853568 114318528 -171149248 84073888 -165605888 -70234112 -85397312 171660096 361003008 -19764704 699540992 -316920320 83635136 168278656 91610816 27019208 -150973952 -1468174 -451315712 437957888 -283514624 76750048 393679616 221630848 -188305152 283257600 345895936 -856264192 -140285184 -11734536 -43893840 -100212288 152309376 -59881776 157067648 424737024 -103400960 194365120 314147584 111831360 9108208 377917696 449885696 183142336 -229372992 263212544 
-113985600 -112921984 305319424 152503680 473296384 83328864 174165376 218777664 -295877888 -76461568 -231650304 20470296 447683072 58169168 38898864 130272768 -26313744 87749920 -337657600 -593069568 152416576 131876736 722780672 210304768 -260391936 36136160 30810608 37821712 -224407552 -356942080 89480384 163069568 -282954496 -168719616 411940864 321475328 -149290816 832828928 246828736 -60417984 -461125632 -90760128 68062624 109472992 -90799616 264631296 354652416 -234122880 240886016 -290137088 -91777920 -137553664 243329984 294365696 421352704 -277376768 -330080768 55242624 243491584 67848896 -266203520 148626048 -357788928 -100364768 
363760128 -183673408 522674176 205489408 136908032 -185390912 433785088 -69940640 360375808 166298240 -214032448 149157632 606224384 -55498480 -376857600 -240993152 154750912 -85127104 218431680 -294720256 175165120 158397376 312691456 -300685056 597880832 112300512 -449849344 771358208 229804224 -2667757.5 276280320 -411003904 136805824 212486784 -266634112 -170283648 98466400 -396710144 -174335360 -673216000 278914560 -171706432 254472640 -524274176 -150398528 406021888 -39473952 -174029952 478235904 -385026560 151233856 304559360 177781696 337216256 -532216064 -960388608 413126912 242989184 -368652032 97487968 -395173632 406010624 -521211136 -82743296 
-125590912 -76024896 -176029888 -96126112 -169642752 519759104 -87250240 297085440 -391760896 493851904 429300224 -286831872 370684160 724295168 242448960 163309568 -302373888 483124992 -327264768 -175756864 -227796672 -13021272 -129262016 -276061952 -52120016 -133549312 285835008 -216918336 18286272 30712096 416766208 309782528 -186100032 744407552 -105846208 -142931904 224041088 142030720 -274462464 230184960 -79441024 -137010560 37104544 10692054 -333440000 -497554688 13221664 -62786784 93757856 -104556064 -219364608 -356433408 -398053888 -220038336 217767808 289456384 245716288 -420497152 264187968 353542912 408281600 226498816 410016512 146771712 
-195117632 216924864 294509312 -225032064 135288320 174816192 -352581376 66608480 407941888 333707008 323960832 -296454656 178804352 -63677536 165866304 237505536 -101597952 -74846656 146832256 -166903744 337392640 -15536004 39471536 -237659648 116310720 -453774336 261847424 194357760 59559936 -65861024 538602496 -350780160 -23007688 197206528 -251693440 95966144 -374556160 370622464 -120419424 168257984 -379089920 1314427.75 66222016 25923064 51572560 -210849216 -67529888 -161347648 -280947456 -186940992 -311907840 -196364224 -166205504 -206570688 227721920 -148901504 -683931648 359422208 436414464 -371771136 310111744 -242576448 -156622464 268500736 
-185191616 -127532768 -22638712 -412692480 406959360 459534848 118735968 -124789760 501382144 -438186240 150804032 467165696 -1061037056 -538103808 -294817024 243531392 70245152 -14500436 409152256 196146176 477960448 -249976384 104513920 -405725952 -463031040 104615776 132360192 181515200 -605389824 734543872 -245982912 -216666304 -33340048 -56593536 88306144 -217309312 -77147776 229321600 81867456 296432640 -942145024 -192546560 65828144 128809312 31307416 -349039360 -113529760 -81621472 -261217664 -151928896 -63480448 -47577584 363758080 221460160 36742656 306836992 -312511744 -168547904 -6479776 122525824 -175066112 -238830976 438526976 375150336 
-109059968 91397344 -147498816 -406226944 -19169040 -93661536 110155264 256740480 -138715584 -140181888 532800768 -535081472 -328142592 -283517952 440928256 161329344 -802976256 219578176 391434240 -83243424 -89309760 269800960 262584 -23866176 -265639552 472662016 487143936 159385856 -151911040 -119100128 70051776 261899008 -62593616 -198557760 -36082384 -2401864 -225524608 35414288 89365152 760107008 -198809088 -354574336 165746304 291408128 23821344 335892992 -30438560 144185728 -46670304 -36296464 60227344 -213891328 526911488 146556608 139345856 234879232 -405509376 -514899968 415107584 441904640 -13621120 -79402304 527250432 508407296 
-295279104 -444313088 -368122624 -493127168 526905344 177608704 -160870336 175721088 -156810688 7823540 142856256 -741920256 -61805920 -469499392 444764160 348323072 -253337600 106321856 349634560 -272374272 -88684800 280548608 467817472 163316992 -294713344 370702336 114058944 -286913280 172903168 -90085440 172571648 -416792576 124321376 -9274128 -338345984 614129664 179456384 418359040 -143276480 46933120 -91910272 -107586368 356732928 222085888 -87141312 -230425920 90115936 262376192 -1581776 -456863232 -372054784 -306122240 -563859968 420517376 514053376 155041728 -572088832 -495314944 713695232 -170746176 -227048256 -200472960 284454400 -137224320 
-75447456 62300576 395139840 44260368 33467712 206793216 873740800 313274880 -142052352 254170048 -56430480 344317440 155649472 -557506560 33012400 10395224 -360971520 11249862 160757376 10667664 -252098496 374144000 -340488960 -66935776 242046272 -34840912 70606528 282536448 -265966336 319839744 353264384 -7777888 -48346112 -286739456 256756096 -226327616 -350074368 299594752 496920576 129665056 -558733824 194337920 13404864 103135520 271787520 259521088 39024320 121112768 -368151552 -339606784 100855136 -298032384 342640640 -4863784 -474123776 -49553744 -66390400 -318780160 -164357824 154532160 88449472 61223184 796080640 588306944 
-19910472 -48788720 -299177216 -457206528 54507328 122319936 -257508608 -157539392 253906304 -53405472 -601072128 -25221840 -735884800 -532494848 -156964544 -79166080 514757376 -284241664 172337792 45337568 449227008 -399532800 89086528 -335281920 -93263232 49377696 40657568 118962592 -193884800 309155072 -398539520 396531712 139000704 436099584 19380296 -97056832 174023488 -346038784 -414681856 9407696 209984896 261950848 -189006592 -179120384 200866304 375029248 220886784 -228799616 177561216 371254272 -264449088 -115670720 -652742656 -272985088 88034176 -61509344 -304726528 401731328 -270916352 -240282112 72438400 28493056 -1861872 -167148928 
-30929016 -105816512 -351334144 -153627904 -319614208 -485740032 -419100160 299614720 -367593728 -76533216 -279993600 76436864 -110178304 -236232320 435083008 266690688 280308224 244365824 40024432 15701946 246960448 151603072 -218855552 226117504 -41534512 64564976 338818048 323111680 -51684192 95201664 301851904 413030400 -304189440 -276595200 -378456832 36162976 -385363456 149803648 -21371880 -54840192 -152853056 139586560 195713088 -188397440 55937536 423329536 -332993024 -241598848 -240553856 -151129152 -179492160 273546496 -552579072 -6550343 456204800 87870080 -74486400 -192037696 -199628096 110621440 81391584 -10943132 5159.5 28986432 
20157232 102728576 -70931808 38115136 -678150 233434880 55550592 518825728 574356480 -440455936 102079264 386912768 -552592896 -173372160 -115776256 122559360 -165610816 -18256896 202983040 44254944 170873664 -358292992 272341504 -334231296 -132034464 -128905408 -323292416 -230500224 -382688000 23544312 -301806848 -349760256 -145625728 -157698688 51254352 -137195328 245007744 187731392 683077120 70997952 -138338112 -257606528 -83149696 70608608 35609664 -21696112 -59570272 231414784 -722618368 -308390400 -383771648 146570240 213922432 226177536 -128131680 -70094080 -245544576 -26670304 -145892352 190910464 -155886336 -12781032 447090944 258386944 
-431114496 -222833664 -46987888 106875552 286019328 -379859712 -156029440 402511616 287755008 -244904128 266542976 -730767872 235018432 21468696 210543680 74519648 -6226040 -212812416 351357696 41564480 -10552000 -288806144 -14249494 -258691712 -115069632 5325520 -219789952 -214862400 -89668160 82222880 -246797504 -159327360 -431656960 18629312 90018912 -11997608 34015136 -266256256 132139840 -32126960 -688130560 -165168128 -128900736 189618176 -256672448 -236685376 37454560 115343072 262491008 121330848 -170152000 -244325632 431497728 -413449984 568983552 98859968 381661696 31348872 -20046496 279860736 -7727584 111194624 276156672 98523200 
-66210944 -122489952 295499776 47156192 463019520 315549184 -858185216 -524878592 -280586240 373122560 436067840 -837692928 259675456 244526144 221447936 -215444032 -39145904 175494080 -78424960 -103162304 -309597952 228220608 -28796944 233196096 -331425280 99830464 -6013864 -228171776 110100992 -372560896 151684992 -64855536 102740800 376515328 -218365568 390725888 108627584 -18188992 -299939072 225830016 -143694656 109915936 7632328 125892512 184479744 -10427342 -63990912 -295055616 264946688 266997888 241767744 -281616896 -244844416 137622528 116472576 589867008 -21099152 36469344 556782080 -74715488 318609408 -417859328 -219401088 -219031296 
487215104 374504192 -63800128 459646976 -192929472 -176738688 -51305776 -292454400 -42108416 73594752 -499948800 -143802176 109160576 178094336 -172302464 -65504288 198067008 -377331968 -272520448 447242240 -47331312 -151359680 -340520448 52122768 132088096 -436378112 -536409856 -132535296 207830400 -530606848 -274569984 71308160 -222301184 -77367424 445490944 137813760 154046592 -116991648 -428238848 -197739776 214708544 381211904 -194922432 134794880 161129920 -232526080 103235712 25219480 -154168448 158719488 -27891424 -69205376 187217536 313891072 -134362240 -131494848 105860512 395457024 -505107968 -231541888 64025776 31378432 141062784 131928128 
21826592 -546236928 193722752 427523584 138590144 -234270080 217070144 219404352 52944800 -325126656 96371008 -92867616 37520992 -224403456 -17188000 56438304 375887616 -52718848 168158336 32007584 254469248 -119445344 199076352 159124096 150909632 196856704 -464357632 447271168 -628940800 162534976 267483776 -356670720 25237600 -264524544 -97668480 185390976 -323669248 -186497984 -74681984 334969856 -3796768 -89294656 111508640 -351370496 247196160 309429248 447061248 84011584 579314176 -531543040 -230283200 -64709728 -223632640 339824896 133165056 -692588032 -287945216 202023808 -3045088 -172126464 -16287336 239078848 -145011456 57084560 
-230863616 -265251904 128960352 -268390528 -78725696 150686528 482231296 -235697792 -62829728 -217334400 71758112 197639296 -3283112 36228656 232760960 577747456 -232216960 235635968 152904512 -263878656 24331336 112499392 211191488 -26089600 -19879664 621255168 -12150672 519018496 -129309792 -77495584 -47802784 147849600 265353152 133404960 -241169664 -315757824 -468161024 120265312 175184128 483725568 -289873152 -266778624 -413300992 439197696 120746944 -184607296 32753184 139172864 -13050272 -387832320 -31071232 -245669184 228265472 333361152 38507360 -188222400 213131392 -259603776 -155870528 108107200 -128357056 -52345584 510972416 170510464 
302859776 60486704 -123565696 632183 -43181424 -182381888 294592000 -187666304 5127074 -241827072 -26017408 408283136 -228999744 -133259328 140871680 -700016128 151830528 21304016 730652160 85362368 463419392 -279634432 -35237792 196984320 192801728 -491906304 312240128 -162753152 253615040 -292753408 -153371904 -291600896 -310451712 -351234816 -504116224 -39063984 -49507824 -124168736 331024384 -191564224 213222144 202718336 -74286912 -162342272 409467136 -202287232 -242564544 -79302880 -305292288 -61138176 123761504 165017088 -45209632 142862336 49359536 15543108 248080448 287196928 -428120576 -263290112 -97202976 -189558080 -84282656 1733365.5 
298635008 562359808 -120551104 288426752 -250195904 -503531008 -97024768 334987520 -176801088 66501184 -16363776 412105728 183223040 154803520 -368286464 231325568 -145561728 184469824 -252809408 216968576 -33697296 145210048 144902144 194176832 324358656 -279651584 -336931584 209369792 301024512 -76938176 204649728 -434938368 -75142016 27437376 -3371277 -19007184 -244916032 279421952 74918432 180164224 66133328 88789504 13721500 70296288 -359983616 -34996080 258364992 270431744 -79925632 -322994944 61013856 155489088 216914368 -164027520 -17278504 -607215616 71955104 179873600 -229348608 -332054784 -218174016 103748000 142213120 -46882240 
82924032 118196384 33769024 115878464 -9959032 27346760 -404913408 307529984 196897088 -94569280 195564352 -527242752 236226880 -99197536 -60653808 385540096 -236362688 -16844216 289841408 149361856 -352550656 -37913552 106224192 161752320 -76580000 -246747840 172325568 -123337760 203743296 -137562112 228880704 -150530880 396482560 49634112 118558496 60033280 -571544576 17800528 -279757056 444191232 -54452512 -206928384 -550958080 115152128 -168649472 -174260480 -202633600 -293529344 -239985408 -278399232 182258752 -183627456 173442688 362219520 133779872 205101120 6787208 29992320 323316992 -394937088 263947136 -110365696 520601088 -49796816 
218703296 776458752 -9664128 -436138496 -92285120 -455436032 -410996224 518332672 -201912832 -519958272 -521220608 -1978704 214035008 -385615616 307031296 92991360 -170124928 -201075200 -492510208 223642176 -113556800 -341942784 -173078080 32958248 -335858688 130577248 201284352 -237598464 4520432 -207214464 85482528 -234518592 142874688 -361019136 363853824 190677952 69074624 11479528 670156288 53715504 34004144 86686784 155090880 363220992 -159012928 467646720 -110308288 181778752 -46621472 -62748624 -430199808 -95225760 104407040 -310734080 158230528 -4968584 -43477184 -48115104 -12080928 19942456 -382481408 -720676864 40311424 -172246016 
-49384592 278392064 147345024 244434432 203432064 -88003104 -105031040 115342848 -49651840 -24618888 -490720 -444938240 224674944 24757576 -134334720 -42065632 -3306596 -189430720 54337984 -334237184 760487936 382704384 -270839040 -205593472 -43850000 341126912 -403781120 204755328 -57024160 -489652224 2859232 -19731960 -184454272 406253824 158924288 82055456 -179431680 243988416 -234435712 -53356640 343631104 -85948224 154097280 208166976 -334185984 128429536 104389632 116973888 13664112 295984128 -78939520 34619216 101350400 81970752 380363008 -55200960 -78160896 -30824160 229166144 57763040 -621134848 -138380160 72365280 -345009664 
252933824 86706944 218048192 185691904 181218944 -9605014 -458649600 55657888 -85802944 -272674816 148858112 94092256 -168165120 479217664 332305408 -21441776 317117184 24849880 -160090816 257230144 452240896 -54013920 -269678080 186980800 -377320448 273555456 140909632 227941952 -120678976 -219237888 -238010944 244525248 -386863872 -23868720 8370352 -145991872 -227840704 235400448 149543040 -98328064 -162211840 422850816 19201184 540173824 104224928 129009216 -73252384 106800416 -430473216 220012032 44840288 -63780960 81536960 83276864 485332224 633168896 296382720 297052672 -63524592 97108288 -336393728 -386313216 -124827712 112265856 
225997376 265573184 -289219328 -140284800 285882368 346766080 14234720 -861020160 -229672768 -231236352 249773376 -121030144 344717824 80205504 -18180592 -394357760 448328704 -345896448 -164282944 -224414976 -414275840 59395168 -348860928 -138207744 -7785312 -39262560 -89275808 -303866624 120145056 -643950592 70826944 511021312 244792064 513936384 -273995008 71807968 564826624 -63033248 -275409664 150194880 72390496 -243900032 85939488 248180608 163623808 140476160 104523680 -213939200 374770176 201712512 -582870528 -494919424 316741376 -165893312 296766208 89704864 -367510528 381169408 -26447480 -230622784 291346688 -100429696 431636224 -66684640 
-163626816 -135971904 39882560 -20893040 603179008 415061504 308740864 -106550784 281081088 -101636064 79669504 -407967488 -362983168 -8993728 461562880 315398144 -261672 136279808 398037760 -301908480 199742592 -73154048 11366832 -572359168 -63612224 38483648 -221730240 -64954768 -119809600 -284865024 -109941408 -7014968 144901504 93951936 -407861248 136940928 219002176 -62771360 170223552 194478464 5857312 112142496 -367260160 442863104 209670336 -104099264 303441920 -47103872 -573435904 -76131040 -514143232 -368625408 242766592 411976192 -551221760 -293749248 -75703136 214170624 -30564096 410272768 133529408 251390720 -166995328 123313472 
278589440 92965760 22789888 -331612928 156308928 130459968 -386062848 -9167696 122181184 -139799680 196149504 162141568 -464465664 -184228928 338538240 -199236032 -18521976 198960512 -85983648 211017728 -810067456 139157760 -16297944 235778048 30396624 -184014976 349271808 -88827392 232036992 733060608 236147008 -398139392 403281408 359614976 -158610880 281197312 -78671616 -285634048 -134850560 65701056 -47967392 142990720 -161700608 152196992 164467968 80577184 126496640 -59393696 2041216 -276001792 250968832 167564032 -289909248 -435283200 -463737088 164269632 36625344 111924928 376384768 -327636992 317134592 81732832 83171776 154084992 
240075520 -297262080 -428818176 285772288 311403520 174177664 -77281440 -296766464 -204318400 -217752000 193497536 260251904 -259199808 -157456768 -157758464 -450768128 121799392 266883264 472477184 461900032 -495960064 -167854528 -332449024 200014272 -19343392 204018176 87178816 143322240 -180715840 -136467072 23326736 -273742848 -329317632 -607418880 -323063296 48000112 -222188160 -532876032 108750592 124770432 650934784 273191424 352001792 -142561664 -76268832 36916960 -251821184 -155058816 233955968 -336767488 22408800 61359712 101844704 1454192 -357017344 -313858560 202423488 86372224 -270780160 -63775584 -193919104 -234333504 69706176 -120170752 
-255895360 295687936 -201852032 172843968 -296095232 -231895936 28186592 -101122720 136372352 160205056 14563728 157206080 -267944640 -284597760 -395013376 366143744 -258766848 46548160 65608064 -9957792 -31629056 248159936 83181184 132800960 327950592 211185472 -198789952 -141279360 90924320 159813248 -269312 187197504 68762528 289782528 331038208 -189593216 -352661760 -356112640 43709184 -82661632 101745024 -353370112 -86545248 -91879840 381841664 295292672 273885696 50104000 428266240 -281120 261791168 183102912 -175056896 22810512 -25562016 -362728960 61883008 6056992 -466485248 -81097728 232358400 167254400 224953344 225675136 
-343335680 96954560 451041280 -152811584 528431872 -455088384 176619712 127136992 154072320 -142893760 381655296 -372141568 186198912 -911331840 -177908608 -424066048 451133696 -253075776 157884736 -260132928 -455206656 74376416 10213068 -183120256 300947968 -381119744 -168692928 325178624 252303616 212791552 164819072 -298480384 473615104 604897792 -6227444 -116010400 172674432 344248064 -186491520 23472400 -369465856 -90834240 -322494208 303495424 -133336576 151431232 419894016 9439282 -54013472 17875792 -91619680 27540112 -190801920 -444316928 -57392352 -187516864 -468851200 85301280 268717568 -332314368 -304791040 9823286 -182333440 -1504699 
261053696 -25307216 -367397888 -22210848 -330485760 -312760320 152687424 -38398592 -280814592 113966176 374242048 -193005952 -126641088 354305280 -46370864 631692288 -223693888 -73421472 178382528 230804672 78700864 15800044 -175109824 598652416 -23310384 -41210720 318616832 71176448 127659712 379038976 274406400 29224760 -268037440 226731712 -274127616 114551104 -137076352 -569306624 -268706048 585045504 93706048 -555086848 138720256 -214695936 -82927456 -31971888 204541824 82240832 344361984 219732608 91030240 153408384 -108433408 -418635520 216049216 166545408 -196194944 -349494784 105269376 17748384 -7118614 -119576672 -362666496 495601408 
-410955008 28027872 -251644224 -447485440 315895296 237093632 -114214272 415862016 -105560896 -121146656 -117048384 -573527552 287050240 182570432 234388224 115980672 -433624064 229047744 41144752 -255218112 -429410816 -204648704 19429744 -245737856 -165146816 -174206592 373467136 -253442432 -34461248 67059696 393994240 -264929024 252618432 586458624 -220143680 -36567872 63028000 114079104 -11649136 98768800 -137028096 -304839936 -385345280 502087168 -265416256 -150036864 -137339008 294466304 65808832 151891840 -131682816 -311597056 -2072208 -573855232 284611328 49872736 -74109952 -240991936 242326336 -380573184 -122295648 -21843576 13215680 2099976 
-74232832 182664192 42312976 88943136 326085376 212382336 12707232 -102532800 91549632 -490846208 -7232024 -143463360 -168492928 -115220128 299130880 211813568 183974720 -93556160 236518592 -242136064 360674304 -253643456 -211134272 -360797696 -33261192 217502080 219086976 -44323184 -137164864 -68670944 119268384 -62780464 232292224 313390592 -70445728 -421192192 -589490176 -372309248 172328576 78215456 -104092832 54562304 -389377792 160340352 253382528 -126972704 -104560896 79965248 -518825728 -16243672 -321651200 -55910432 -55739584 275210496 177635392 24575872 253744832 -297790208 61430432 32682072 -121463584 -235660224 -22974288 -123978656 
-246280000 -783541760 29113616 305557504 -68599200 -10833280 -201341184 78736160 19973408 260922624 -247335552 -394452224 315790080 252462528 341265152 672255488 -108038400 26091800 56469008 -118991232 241896192 85222592 391872768 895209984 140219136 -156165184 86069696 -286091776 241271360 130442176 -61098208 257240896 -253497792 -251013312 123697856 560826368 -148691328 254211648 -198636928 427687680 -222855744 -194834304 -207757248 7211652 106131200 244011136 -52809472 -430512896 107323456 -104521472 338680576 63145152 -320934400 468922880 545120256 678709760 321187328 12722816 -3993424 -336489472 393562624 148974976 -541146624 745614336 
45251424 -142875392 80731328 -105459968 -260876736 -350759424 29298272 337992960 259033280 -581997056 -458684672 -120601024 2098503 -191061440 73008320 -208722688 507681024 -142949504 47120032 -132355072 217311936 -443323392 -30806560 -215745536 19702320 88987040 -178195904 333429248 -245115264 332807680 -272156416 216040832 -193059968 84973504 157187904 -122926208 -43863872 -181267968 -55570880 -289807104 -393460992 100674976 8687860 -83264352 199020096 -65028464 79939616 40128720 192936320 -693512 -322909696 309806336 6394928 -51117024 390427392 -189461760 409648128 93362944 -146280768 238037952 -347498496 518220800 -82305856 300440064 
109520992 505904128 -206250880 627064832 -416921600 -190175488 287586304 -102625056 31926024 172709440 -84668288 323302400 79185920 507238912 399819520 438334976 159927424 -67032832 -217362880 214212224 67152928 53847968 -503413504 -66251120 635068416 -503645696 240212032 -268369280 342571520 -196334208 434138112 4085456 -81759680 -28172448 170666944 106949056 -210286016 -62523040 -3665328 -335757312 348249600 297943040 -235553536 -119841056 71322208 6316384 170474752 -165005760 -251898112 231452672 339873024 258211136 143787776 -157501504 -289784320 -226396288 224083328 209152896 -622988288 513157120 -6375040 -150408256 -173684736 656230400 
-713920000 -129222336 -329243648 -142082688 -112745344 373074432 3518160 -92391456 -213869248 194856448 197664064 7178896 235673856 -110063424 426097920 74988608 183411712 614058496 -164306240 -56103520 -191034112 278073600 9988104 -286335744 487415808 -203401216 -249247104 -739187200 255331072 -73168352 411135488 -201111360 37522368 -88618176 -77604320 457929984 242948288 353724416 280555008 159809920 193266368 -55836512 18920264 -275392256 129603328 -308712192 58688192 252835584 -105891776 -24842032 -268727296 -145545152 -500482048 -19804784 30855312 -354320128 -381811200 -138699968 273365504 63127296 627816960 106712128 368806912 -270016256 
-67906016 -197484288 142686720 -175193600 345861376 39270960 -623558656 -147739712 76241440 326163456 65986272 -659261440 517016832 -91939328 -187137152 -206200064 -303591680 231432448 492633088 -70332672 -110403200 434910208 86947328 474641920 -161760576 192378432 -334346752 8830384 408795136 -568442880 240650560 -619427840 233178944 79008192 -326228224 -144984192 9832768 -139541504 170536832 476946432 -232433600 -96698592 -49896480 352743168 -200385408 -99598304 -536344832 80793920 305742848 -137972096 194222080 -397910272 -165596416 128847456 43885168 222101568 566102016 -89101632 160645632 -40870464 187722624 -211531904 385928960 -114481920 
-350043392 -130721920 8203448 686382080 100907744 352080128 -368546048 157551040 -334360576 -257964480 256425728 -350601472 -216135488 198182208 77776896 -392964608 180727744 775664640 -10565446 -228455296 -144314496 216872640 -384218368 94367488 -34397280 -191118400 148515392 -181044352 -157266624 204216384 3011976 246591680 -280029440 183231488 -319859968 191365696 -502291200 40177328 -214480512 69428224 -112288384 198156160 84244480 -73361504 306712576 -162771136 196929088 -159818304 113889408 -365379840 -220006848 -38285840 -419399680 262075264 336314624 54269376 339318016 80735136 260688000 -341977088 32248640 466029568 -292972032 134601856 
415467776 93954496 -60016096 50160224 42709584 -392336896 -174875392 342659328 -30217984 -300691456 275632128 -494686976 378660608 321774848 -121383072 -216275456 15451826 -93238784 -189148160 163363584 -437549312 10548272 -207530688 200134592 -173820864 -247293056 139846848 158803136 288022016 -37937872 302488064 -489393152 -36665040 -96997440 -23225280 -68028544 -273993472 504633088 -354530304 304106752 -12486102 -112233920 -137304128 136409600 -132380064 -431234560 -4072640 -60143008 34994272 153833088 80040256 366574848 402714624 135694144 91079168 264708224 166320896 -267767808 510932224 -143745536 283568896 60732976 -246242432 -240297024 
107121408 -388567552 -104478496 -181359872 49274816 158401536 64469728 -123805632 16608648 285415168 242285952 -199856384 222144320 -192227328 122990976 -28856992 100179552 -217285696 366232576 -79822944 -384569856 -664708608 378231040 -138171968 -235970560 69024000 8083536 -127077888 202633344 -143893504 314579456 183235200 246922752 -171015552 -26914184 58665344 247700992 27083264 116400416 65397440 -165094464 -137574528 24510976 -30693360 203643584 -19488128 -19238912 -247263488 115564992 115281824 -180365376 295102208 -244350592 379586304 -190400640 59334992 -213976960 67631232 -171247104 -24715296 263997952 -138008448 33508912 100035040 
-278807296 323815424 -60003840 272165888 146690304 -424414208 136360960 10058018 144512704 493549312 -37608144 -32230696 34339728 160146816 -450745600 238618624 538139136 -173763264 -79885664 -521345024 291223296 -7748300 203163520 -34059280 -79383712 -592498688 -436468224 101891904 -307321088 -758377472 -48197040 268668672 -123704928 -122806848 65672096 -28098000 447208704 -313079040 166396480 -438957312 51104176 171193728 503359232 -332554240 122112384 129416800 94973312 181841280 -101875136 -52108624 -486355456 -623517184 370392320 -187155776 -128429184 -280929792 -289492224 -203977792 -542347776 249544384 80456352 339110912 10726232 2379040 
518655744 -191896064 -119967296 -93465568 -48866944 -19862304 -101314176 20437856 -151528576 -188908416 28610792 119342944 -509344000 580123136 131282976 -16037248 -467661568 90114560 -9481388 152345984 -192728384 196385600 138061056 332528128 -56495168 -133504672 90116704 246734720 -201903296 -33463808 461544192 -411699968 -175720064 -201797760 -227154496 -55842048 -179148672 -385736960 -114815904 326765056 50050592 -220872512 -591519744 -176906368 89526208 -255643520 47983776 -7696816 -138560256 202483264 395770880 -203297088 -46920512 214496896 20125152 -69227520 -203072896 -402243328 626843136 -307053824 215209344 -24087744 -169641984 -74252416 
-282895104 -92847840 356972032 266683712 223196032 -157553664 -63736288 -64978416 151528832 73387488 174023680 -683633152 -275227392 -98591840 -189326912 -310358528 -458510848 257541504 327664384 185633216 -490470144 375995136 415190016 131480608 -476887808 -16915344 40259008 -19569184 -9548528 33663024 324718592 -537533952 419560448 313098752 -150551744 91501152 -177561344 -189439040 72046848 -15105856 -136107264 262655232 80098336 448097024 -1621808 141234496 -99670656 175942016 -146962624 -379282688 448122880 197067968 -425189120 -113453824 -86395104 68819008 324401152 97904256 190226624 156330688 -117890752 85279008 -19985656 136688512 
-6445330 -334086144 440936960 -309308416 -48366832 67371424 359744000 -176634368 -37743408 181817344 -252535872 209843392 930241536 150607360 266240640 248192448 121099680 -283886592 -63276384 -66663776 132211264 120331872 -191799488 -332819712 558818816 412128000 -130163520 -538548736 404354304 -28901704 -222293056 131935360 124776640 -93770496 255334272 335446528 -315470848 122969216 36834208 -1014236672 158822208 -251520704 -381917440 -326853632 179055616 -100468064 218986112 61770592 332216064 407794432 343622912 157880960 294150144 222771712 75969728 50042096 41004304 -321851136 69591936 -16706036 -151232768 -227556608 -491127296 -491540992 
-451877888 -100648448 39343104 260810688 233745472 -365481472 -67400576 344477440 -122534144 237655424 -137420416 -437508864 -9231206 -134140960 -342520064 -277057024 232414464 36493504 291258368 -336303104 96196832 525880832 -299903232 -256471680 203808064 -387941632 -333786112 199334016 -382623744 -178452864 -9966022 -390937088 -173518592 351975936 -319393792 64397008 48629552 44196416 -210414976 -181497536 -377794816 -378424576 24039120 -430097152 -153271552 378128896 152229760 -58132032 429207552 21104568 13402640 123632512 -118619680 31853856 10356748 -373435392 -319466752 -235200832 -213229312 -121332192 -308659456 -12263692 -28010672 -258107584 
218863680 129464320 501936640 284285440 -600751104 133963360 357878528 -486148352 300225792 276885760 181361280 -148505344 152589184 -318850560 133765056 -421159168 -98353088 -342895872 -217729088 77187712 -1920679.25 253148480 -95128320 84096288 324469504 -518085120 242874368 267382528 358410752 -154391680 433407488 -53365136 -48131680 -101222336 -481046016 369319424 468994560 139517120 143839360 244644992 62398816 107031552 528913152 -463022848 1079038976 259845952 -36700672 137953536 -488534528 -285534464 316148480 -9431436 -15834520 338596352 58326224 -243280768 -441615360 -34031168 23861184 81725664 938785792 250114560 -198043648 463618304 
165396992 282439424 -28225088 149239360 -213589504 -167601280 -346260736 -107011712 -29767544 76867264 -320366336 98497984 320438528 -35002976 -269134848 43810016 -105883808 -287961344 -234141888 78063520 66807616 199688064 -5313430 451653120 -252359936 -321020672 -367516416 -277248768 685120512 -27246560 -70253952 -272130048 478836480 -109772160 142987520 157599872 -183825600 756012032 -206158464 200028608 35483120 -135302144 169851456 310030848 -414063872 -104101056 -29273976 -122180960 -104265600 -381918208 315671552 555055104 -356194816 266189056 -25453128 95479552 64292032 -323078656 313202176 -47456032 69095296 -128491808 -568519168 238829696 
-323673600 206251968 442251776 83070752 -269794304 168468928 -263173760 133327648 -274411520 328748544 -133781056 -325127424 410616576 -97847136 -213384704 -558657024 -474626304 -200326912 -243488768 -40078528 105934528 461313024 -435665152 -61672848 -454989824 454109184 -42938032 122917856 -262070272 -170274496 68697088 -47889536 639788544 -115418432 -82503904 -336981248 -62317184 -180490688 504069376 -111364192 -67293440 204775232 307580928 -46096976 467792128 318314240 -14145682 391686656 184697984 -149811968 -294187264 -47536064 -129154688 -74723616 30778592 -251788544 467678464 -341480448 -3451342 220469376 68762432 -221362496 -397685504 -272096000 
-537575424 112800032 178647488 282204416 -482584832 51370064 -347952640 -327086848 -215785280 177765760 -51327888 46076992 -449816064 -734734848 63028672 -347955968 182106944 -153818944 -312741376 -11915312 364404992 87990432 -59257328 -333863936 -158242688 32685912 -241094272 -554526720 314759424 -107824064 -559525888 87191936 29561968 -79692288 501809920 214556352 -163591936 5554976 206531456 327007488 43927552 -264249152 -28876416 -255226112 371039488 -261577216 150581120 381496832 -146623872 -187222144 48179872 -223593472 -197026560 95086336 278640896 -57563360 -227335360 -387788544 128199744 -317265152 45066864 79734912 199728128 -4538240 
255449856 140204736 37667024 127656224 228556416 259264704 276636416 -155282816 -2554538.5 -452477952 75674336 -214591936 36350976 -11511430 158728256 138539008 154709184 11455720 -24812592 322870784 -280612352 -191988288 -303927296 280054016 -97158336 71933696 13651288 225744960 76662720 147224576 234501696 -527630592 421992960 68185600 13724270 341945856 -243156416 -547873792 -204263104 234204160 413647360 305872128 -137078784 41770864 -226485632 169049536 13312580 -208336320 11140832 -404818688 560030720 217074880 92991136 -158271616 -67600960 -115612544 224599680 -63349904 183918976 -199362432 158538816 225363072 -309848064 -77257504 
390860288 -192643968 -178801088 -119232640 228368064 307551232 517537536 -640420864 -162850816 156639424 -15318976 356529152 -193507968 417931776 567991296 334667008 224733120 108876096 190986624 -230718400 527345920 346395648 -57096768 87949632 235195136 153474368 274382592 238174848 309335552 82414368 8632912 175619456 60470528 207416448 -475294464 18166928 -10201616 20866432 -204104832 -28194752 419817728 500042240 12080288 241121728 263422976 -99582208 524605952 42541536 -114179904 249304320 83017600 -343454208 174970624 -2144480 -219091264 -414120448 247165312 541826048 -8204416 566224896 -210317568 10697632 -391594752 589141504 
-227610624 104889024 427219712 246466176 61513344 86356000 128326240 -139383168 -81376960 491666688 -67700608 266654784 183330624 64403504 344471040 300537344 -89840352 -189787264 -367521792 -84801088 -38566608 -91969952 95342208 5542768 103245376 -65243536 -154011648 -185065600 -94863232 -68200416 107083936 316967168 -28755952 -110142720 459349504 250206400 391340544 -129569472 358952192 -360582400 -137240704 278273536 215687488 -178117312 71636416 273552640 165297536 25277048 -188366016 84161504 207799040 -543847936 366670080 -195830848 93381792 50368144 -167911808 -40250880 -209754368 98238144 -153309248 6955304 112791584 252112192 
-542420480 -408949760 307443712 139141440 101117600 -284613376 282420992 -41040736 141460800 -87433952 59506336 -151079168 -83201024 -133918208 -110889216 301357056 139037248 391527424 55223520 -100793248 -202178048 312810240 267471616 260680064 -174272640 27303696 -242585664 481841408 -392926208 295979776 50034704 -75058880 -5577936 47623792 -263137984 -592817664 205710720 -18383440 234330688 239521472 -499173376 -116627040 -137350208 222460480 -66672576 82235328 -94667136 92872256 -128149568 -77981760 365825792 -132575040 205258304 36374208 125423520 -200200000 342829312 23743664 -249021184 54519472 150302272 364282112 339962880 169340928 
464191488 263182848 -746699264 -662483456 108610400 181172800 220289152 194285120 156856256 -520323072 -351170560 478015232 -178592832 408908032 322495232 282468608 11609606 331439616 -589612032 164686976 -111765216 -251688512 29748928 -288793600 -73768896 247328128 592040448 166092160 51315696 97237536 288888064 388276224 -95322176 -270362624 85638144 93302464 -291876608 321852416 -305212416 -201099392 326898432 44577616 120968928 239424000 135692544 -189604032 -57440432 -138776064 -153491072 95584192 -246113792 -231245440 382956032 8444416 -187229248 -152472960 160210368 295783936 214660224 70960320 5476320 110562112 -142605376 90187968 
-10316736 204179776 100298528 59334784 145543872 50875584 71098368 479676416 -375412480 -188478464 319996672 -36798864 -37620064 -286131968 -711343616 -252663552 162889472 -468979968 -44345648 -227097216 328504064 -170899072 172576768 -154995456 -493062656 393951232 -93915328 -85381120 -332224000 7256796 -396491264 640131584 328803328 163534464 560929280 -264063168 47802464 190941440 -205405760 -489856512 141675200 80182336 -75796288 117328608 -541560832 -319412224 202761472 458210048 309411584 7692400 -424088064 171603584 -117495104 -324715008 346257408 118800576 -253055808 19928928 167273280 -101253184 -323297536 93608960 -126196608 -400855552 
337297664 416096768 -55646528 184266560 -222393536 -272512000 129808928 -107539168 -3515838 -257164864 -210923968 -94064128 794757120 596533760 -106789216 -1350456 -71033600 -307122176 88645024 -197667392 -49874048 -211758912 -423973376 185608896 -341030144 -222239104 182052224 142522176 465265152 -416380672 57390400 77595872 252072192 172284544 100295456 -694585856 -122398048 95559232 346128896 -263027648 289941504 -138685824 -411995904 183523712 107023744 -138099072 -424275456 -483540992 -85236672 454508032 411922688 190893504 377024256 114057152 -7253592 293491456 765910528 -107327488 -50791104 456912128 -53488960 494040320 -314729728 246068608 
-340464896 -606115328 16191864 45339840 145194880 -340812800 73285376 43046368 -313390592 139861504 -508754944 -384918016 -458289408 65908560 171752576 -43519264 89104512 182775488 244515584 -308091136 191902656 70636352 446618368 176878144 -47849280 368822272 316237568 28732592 -290163200 445638144 81854848 454130176 127333536 -112815712 -270235904 -39682432 34300704 -302886400 -367017472 248606272 -306526208 -126447072 46223008 79973440 -210033984 245295488 -33725888 242849856 309466368 63045456 -324571392 -20920960 -382275584 101212032 10508142 106183072 80523776 -296614400 -166195008 322137088 -121764160 24055056 -448922624 -496838400 
118090208 -101817472 114577536 -30389504 163694208 599453184 402986752 -507340288 143284096 -212255424 -415374592 408634880 -148371776 362493184 119766848 186727040 -181630912 358605568 -192457088 -274147840 382305024 -461655552 102836000 187135872 -51637280 -143816704 -142965504 111081344 -219575552 -116612448 -171391680 485498112 151777792 -195452096 -68371008 -158495168 36679616 -174279424 231172672 463421952 215101248 312749312 13938376 90043744 48211648 -188451520 -197206912 304674816 -618349568 -95329088 -99977344 -783006208 89121856 345472768 -432681472 227008128 254903872 -34879520 -66721856 27384832 293329152 187183232 284197632 -145052608 
-109086016 -165650112 18570064 -211849664 -68726656 305961728 -42423984 -6028154 34989488 -83285600 -35740800 -173280128 -106121760 398571264 127741088 581437440 -161236224 317086464 -396336384 94870368 143443008 225131392 9068182 -61762144 78695360 -108596544 155479744 -2096656 -36934464 399345408 -635105280 171436544 148231424 503476224 455723520 32873768 288790272 -17900200 -560365568 -48900400 317589248 53059520 30142816 106641440 -400431360 4309792 84272768 235770624 -95131808 321683712 38616096 6702800 -140788096 2796636 235160832 191074240 -80371136 -11120408 331363840 91111648 -224557184 26623904 -225852672 171841984 
