16 16
2008.6492919922 29236.3671875 -3857.9051513672 13357.307617188 5559.4006347656 -9536.7001953125 -10891.09765625 -14442.027832031 -54.4384765625 -3052.0949707031 3029.9559936523 -1249.0415039062 -14384.772460938 12132.630859375 23215.926757812 15879.175292969 
877.26721191406 11996.05078125 7947.7292480469 -20257.96875 -14435.47265625 418.4365234375 -14728.415039062 19487.9296875 -4491.1745605469 -17539.513671875 -8482.7426757812 14994.989746094 -20086.990234375 5567.8569335938 -11321.78125 24685.245117188 
-9846.8266601562 32764.65234375 8069.1298828125 16753.452148438 -11446.13671875 12960.708007812 6663.9995117188 -2754.17578125 -20094.97265625 4576.2275390625 -18215.799804688 -26328.375 8824.6943359375 -1465.0202636719 28425.549804688 2868.8923339844 
-16217.133789062 9598.8930664062 6775.5458984375 -50.076141357422 -17322.453125 1235.7339477539 18329.750976562 15495.72265625 -10640.759765625 25008.642578125 -22400.185546875 -11261.255859375 -12497.099121094 -15155.773925781 -19071.961914062 -12694.420410156 
9251.3696289062 5169.5939941406 16134.557128906 -11584.431152344 -3782.4672851562 -5221.2907714844 -57.519409179688 725.8627166748 -11645.553222656 6379.6887207031 8539.1015625 -11035.608398438 2193.9937133789 17066.360351562 20386.548828125 -8856.44921875 
-1584.3729553223 18916.303710938 3461.1225585938 5676.9267578125 -17805.91796875 1260.9460449219 -4779.7954101562 -4024.288269043 -1059.1061096191 5591.0141601562 -16789.20703125 12428.565917969 -12141.144042969 -2201.6151733398 17031.916015625 24546.592773438 
25794.088867188 -4739.5300292969 -14628.604003906 13916.797363281 -14576.160644531 20276.465820312 -1346.9082641602 -4352.0666503906 -11640.719726562 12038.665039062 7556.0397949219 -2290.3603515625 13541.3671875 26.794616699219 23805.443359375 -8184.2084960938 
-11258.645019531 7377.0888671875 -19862.522460938 -2665.6235351562 22363.10546875 -25165.158203125 1667.7272949219 -19527.0390625 32201.288085938 -11536.972167969 7216.8037109375 30963.311523438 -7689.7548828125 -449.90081787109 -15201.227539062 1238.1785888672 
747.23022460938 -20434.375976562 15455.572753906 -1379.0291137695 -4495.5454101562 13164.846679688 -3464.4544067383 405.97174072266 -11960.529296875 7000.9431152344 -9720.8637695312 13063.953125 19216.54296875 7169.4855957031 -4434.8046875 2285.2214355469 
-9854.841796875 4424.3537597656 8772.1274414062 -6325.837890625 5080.9653320312 -13652.322265625 15265.762695312 -2046.3152160645 3192.0650634766 225.0994758606 -10593.454101562 -14147.022949219 -20212.466796875 4430.564453125 -14090.850585938 -4232.5961914062 
17394.741210938 5842.4152832031 4784.4860839844 11705.242675781 -13122.037109375 22386.3984375 -17350.794921875 11255.620117188 -19668.645507812 -9507.8203125 3224.5631713867 -8912.078125 17869.283203125 5727.1596679688 27396.100585938 8487.6416015625 
-3056.5444946289 -4774.0295410156 -2710.2072753906 9772.244140625 2432.8641357422 -520.75537109375 -11896.053222656 15713.23046875 -3542.4328613281 10459.345214844 4891.8134765625 7468.0576171875 6508.0078125 -7618.7502441406 9046.8681640625 -409.431640625 
-7788.177734375 29900.1484375 8629.5952148438 142.53680419922 -6344.3671875 -8856.4287109375 22181.048828125 2178.6914672852 -8010.3344726562 1340.1784667969 -18058.259765625 -6863.5864257812 -22494.47265625 -10311.283203125 -7370.2702636719 13423.477539062 
16097.626464844 -9669.515625 -9507.8564453125 18605.634765625 -1858.543182373 -6150.244140625 16016.021972656 -9462.6630859375 12204.606445312 8240.001953125 921.92663574219 -12086.075683594 -1758.5947265625 -15646.952636719 7508.9975585938 -18210.06640625 
9904.8471679688 -12813.099609375 -13319.655273438 -3050.5015258789 2250.9923095703 8921.177734375 9481.2866210938 4488.4931640625 6607.2145996094 -14606.722167969 7812.626953125 7928.1865234375 17090.682617188 4685.1479492188 -23898.873046875 -14716.563476562 
3642.621887207 13101.548339844 -2815.9024047852 -7914.6787109375 -5663.9731445312 7767.5383300781 -2108.2362060547 6301.2517089844 -9389.9594726562 -28294.416015625 -24214.418945312 -7888.0192871094 3139.646484375 24497.904296875 2464.8038330078 12442.954101562 
