10 10
-37.355442047119 -85.841511726379 51.171063423157 -1.3315055370331 55.541231155396 245.41193008423 131.80950546265 -57.777761936188 73.541778564453 -76.249368667603 
70.398973464966 89.573706626892 -114.28391265869 147.97011947632 67.610778808594 -216.0773601532 -37.143995285034 167.08412742615 -79.830150604248 90.996457099915 
-55.49182510376 -95.004982948303 69.460394859314 87.583716392517 48.697449207306 -26.157690286636 -6.2893082797527 -19.521722078323 7.1425748765469 17.798887014389 
-131.44283103943 -32.978046417236 165.24627685547 -114.2245388031 -142.48857498169 7.3534267544746 -87.993398666382 -216.68599510193 -123.6323633194 -119.80413532257 
119.43249893188 40.118165016174 -113.44082069397 -125.57285499573 -69.974335670471 -85.9791431427 -67.976215362549 -175.45451927185 132.41016578674 -116.11962223053 
35.16773891449 -14.752694427967 -206.99370193481 -1.2233383655548 -68.423214912415 85.925718307495 59.287714958191 63.90568447113 158.78912734985 68.267718315125 
4.3345198631287 -10.916673064232 22.930823087692 -32.053414344788 -115.00214767456 16.673151254654 -1.8691782057285 -28.168397903442 -170.73400497437 2.7170232832432 
28.35558795929 112.14652824402 12.552341461182 99.441833496094 74.207944869995 100.90233230591 189.58224487305 37.883907794952 -37.616199493408 -58.454130172729 
147.95845985413 46.470242500305 -14.610683202744 43.825325489044 83.257124900818 -203.59468078613 -15.921837568283 8.1610456705093 88.020105361938 29.778309345245 
-189.62631034851 -21.037519454956 103.68428993225 85.224882125854 105.44671630859 235.30321502686 132.06307601929 178.04367828369 -100.78507232666 16.811010360718 
