16 16
1647893.5 -1158286.25 -133220.671875 634185.125 -368719.5625 -3395664.5 1597739 -550852.125 2958020.5 289771.25 2113486.5 1714731.25 997029.3125 1106996.75 -358851.96875 -1204413.5 
542742.25 -2016131 -1879776.75 14082.135742188 -4370274 -1069592 1562311.75 1062962.5 1648243.5 799231.875 1212152.5 -868805.125 1414244 449091.5 1539709.25 1679378.5 
184920.328125 885707.6875 -1167419.75 1290935.5 -687273.5 1978760.75 867088.8125 695480.125 -1399328.5 982546.3125 652758.625 -184654.953125 -563722.875 -2250774.5 -1739578.25 83979.34375 
1143121 -1397996 -23889.8125 30378.095703125 -848829.125 -81847.90625 1106312.5 1819729.75 1863938.25 2744837 575122.875 738499.1875 -1076197.25 376378.0625 -397620.46875 303723 
-5364312 2749755.5 74492 463275.21875 -2121457 2277159 -3048363 569147.9375 -3226497 -307994.3125 -1112342 -1981197.5 -2749117.5 -432728.25 353542.40625 1062549 
-1730140.75 -1409790 2759962 1375804.5 -1170217.75 -1058862.5 -1255293.5 -159158.84375 1324939.25 482459.59375 1953508.75 -1607990.5 -1601119 -187001.28125 429993.8125 485722.15625 
-2099282 1457166.5 -2420868.5 2130937.5 -1290340.25 841647.1875 -26656.0625 834044.75 -2816128 848821.375 -1413296 -262516.21875 -788276.5 -104171.0625 -1064877.25 1077254.25 
-1585826.75 -457084.46875 -1881681.75 11893.911621094 -2151827.5 203988.609375 -1369469.25 -543012.4375 757026.25 330012.96875 -2809799.5 1762051.25 76059.4375 1102326.5 1373329 -2373954 
303742.59375 -707263.625 -2377384.5 1206677 -582119.5 -83148.5625 1306576.25 3610825.5 1336737.5 94428.578125 524196.1875 -423565.71875 1393049.75 -1072797.25 -1170825.25 -1470320.75 
-847325.375 210293.109375 1557458 197938 -1414034.75 2365834 -733998.875 325532.34375 -260232.5625 514686.59375 -1674733.25 -982701.5 -491512.21875 -632069.875 -34632.078125 -558806.875 
-1474622 -625399.25 560200.8125 -1055546.5 368094.8125 -226297.5 377404.125 1187698.25 -335664.4375 -1469967.75 86166.46875 -1867588.5 174861.1875 -2420676 -94264.4375 -696422.625 
275274.84375 472538.5625 1846355.75 -345626.5 1962711.75 487195.84375 -2039589.75 -955284.8125 -445166.875 -3340469 1615268 -692204.25 1441787.5 195671.03125 -640285.6875 -580090.375 
-647153.0625 1445540 -687317.3125 4495735 2424138.5 -475025.03125 -506874.5625 784677.1875 -1746886.75 1630494 398136.0625 205452.203125 -1449109.5 496961.5 -2256919 274298 
702160.8125 827683.625 -991570.25 1188253.75 1660764.25 -159242.671875 1818607 167492.328125 -500879.8125 1301577.5 2443450.5 853285.0625 -2000389.5 -1144550.75 -2128425 1055867 
-454985.84375 1110281 564778.25 1069326.25 493982.03125 1035403.625 315768.40625 869766.4375 -980761 -367216.84375 741430 -3865732 294394.8125 -1488800.75 737930.5 1736488.75 
1070330 -1750319.25 -482328.125 855871.4375 803573.5625 -3135221.5 2336615 781708.625 2268913 2862280 1459791.75 577777.5 -908443.75 963355.625 -337093.09375 -538802.4375 
