16 16
110.21954536438 -49.219783782959 58.439801692963 12.102275848389 -127.61353302002 -138.5193901062 76.251012802124 -11.92427611351 -85.117179870605 -71.599376678467 125.86340904236 70.569400787354 -51.966881752014 49.811969280243 -153.67243766785 50.112419128418 
37.476227283478 16.228209972382 59.046598434448 -110.83320999146 12.65444278717 85.997916221619 15.006342887878 -47.779737949371 61.130000114441 134.03903579712 -179.58483886719 44.983697891235 68.741466522217 -306.52875518799 -3.1219120025635 211.14626693726 
104.34478759766 69.58695602417 86.291074752808 -149.61602401733 -75.787600517273 213.60106658936 79.612157821655 -2.9016027450562 2.0314958095551 -198.72057914734 -167.13713264465 106.08103561401 361.07781982422 -46.256235122681 -114.16427326202 -56.86023235321 
230.92681121826 27.186295032501 90.782014846802 30.436099529266 -204.42739295959 138.59544181824 94.881042480469 126.36810684204 -238.38117599487 -107.29998493195 19.58503651619 203.82444000244 87.289391517639 70.273816108704 -84.522347450256 48.262232780457 
-189.8452835083 78.70595741272 -55.297500133514 161.20844078064 -242.47810173035 91.791157722473 -291.88873291016 -98.34157371521 -158.32596206665 -73.122158050537 103.38363647461 -1.2526488304138 -203.51593017578 -77.035945892334 82.540644645691 -270.30585479736 
169.73145294189 -15.808550834656 62.997961044312 -206.17644882202 107.25192451477 -66.244486808777 281.59828186035 82.333822250366 169.18629837036 85.757955551147 -119.90380859375 -108.64701747894 40.955508232117 72.783883094788 -25.437900543213 31.290002584457 
-20.52722287178 -67.473793029785 -42.229362487793 -74.839807510376 27.885018348694 -22.350358486176 178.79359817505 -75.050661087036 -7.9616856575012 43.153772354126 -89.757726669312 96.677247047424 42.129186630249 -140.41848373413 153.99895477295 -46.198147773743 
174.28200531006 31.621724843979 187.94212532043 -124.58725547791 -131.6985168457 112.38029575348 7.7615413665771 54.643269062042 108.38386058807 75.523962974548 -73.640633583069 193.48132514954 304.67990112305 -83.100378036499 -58.047627449036 329.65255737305 
35.582933425903 -103.25656795502 52.843722343445 70.829858779907 103.71227455139 -30.152844429016 -11.488765239716 26.730206012726 -30.880821943283 53.427825450897 -54.088176250458 114.69434547424 173.5603313446 -21.522662162781 -27.272657394409 189.13321876526 
60.946174621582 228.55925559998 34.527138233185 163.7405796051 102.45512771606 27.659956693649 76.776002883911 6.3640288412571 33.455075263977 250.15349006653 -173.22257804871 50.494984149933 -46.948245048523 -14.655944764614 -19.147400140762 31.972863912582 
-74.470098495483 -98.588497161865 -63.049425125122 144.92024612427 154.14018440247 -77.760236740112 -183.7896194458 -50.115793228149 85.952598571777 131.13620948792 -82.688649177551 -25.592945575714 86.058706283569 -102.36166095734 84.472151756287 81.807049751282 
131.41597747803 -41.869621753693 75.88281917572 -14.120030403137 -107.35102462769 -13.102253437042 15.805773019791 -8.2139294147491 -176.27538299561 78.968027114868 -178.74416160583 166.66103744507 23.564122200012 -207.78720855713 0.55908060073853 6.6300959587097 
62.173588275909 108.63103866577 28.96192073822 75.525223731995 -127.90290355682 -2.3538430035114 121.99169254303 10.920973300934 -69.94642829895 -137.65881347656 -31.288909912109 35.275240898132 -74.93866443634 86.350518226624 164.76037406921 -215.55329704285 
141.06786346436 148.81457901001 140.7459526062 33.992035388947 -108.54762458801 110.67370986938 48.334632396698 130.4146938324 29.607716560364 -33.708815574646 -30.16130065918 165.0153503418 178.56508827209 120.00528049469 74.22020816803 368.46855163574 
201.71201515198 -143.04267311096 17.284464597702 19.956659078598 35.378939151764 -156.71934509277 68.35422706604 77.974174499512 66.720527648926 11.387722194195 75.101259231567 82.768181800842 7.3475732207298 -13.012445867062 44.902335166931 236.375623703 
4.4286072254181 -129.80183029175 -16.201641798019 44.807696819305 -127.31268596649 -234.82549667358 -142.62704277039 -39.853142738342 112.96553897858 38.046211242676 223.40251731873 -125.01844024658 -288.8600692749 -30.460950374603 118.82825756073 -81.264867782593 
