10 10
-94.824040412903 -43.437414169312 164.10557174683 27.263540267944 36.286357879639 66.02050113678 76.413838386536 -7.1144490242004 77.989803314209 81.739953041077 
168.96895027161 -136.05548667908 -140.49604606628 -125.34189224243 -14.226933956146 -58.889526367188 61.426275253296 -75.226662635803 -263.46333312988 -98.591209411621 
-46.455963611603 68.926115036011 -16.297606229782 -29.314518690109 54.318291664124 119.24187755585 48.85208940506 -1.2654113322496 -17.55398106575 49.995272159576 
90.551825523376 -1.2014002799988 108.86205387115 -22.329983234406 -189.99572753906 104.54555702209 56.557362556458 -22.718715190887 -37.484414100647 -29.101835250854 
111.61856651306 60.477592468262 -241.47221755981 -112.16709899902 9.3944923877716 -127.92797470093 -49.745627403259 191.00762939453 -84.293501853943 107.1171913147 
-60.634014129639 24.743449449539 3.630115032196 -22.324916124344 -94.567529678345 111.26982307434 -185.3969039917 -118.66711044312 55.624066829681 -149.51677513123 
-23.07307100296 -34.953270435333 -99.10758972168 -88.73083114624 177.40394973755 -116.89821910858 -8.0276036262512 28.454107284546 66.2630443573 79.261631011963 
-3.4564771652222 30.581575393677 94.410619735718 41.226232528687 -94.10506439209 75.874631881714 65.168382644653 -49.472692489624 75.798505783081 54.754844665527 
-169.85507202148 211.96800994873 54.630542755127 74.057333946228 -119.88157272339 98.107194900513 -208.68633460999 -29.753478050232 65.670573234558 51.419812679291 
-33.524900436401 285.58103179932 -193.59900665283 61.674885749817 68.650560379028 -35.796990394592 -77.880060195923 74.784814834595 127.0749797821 79.523712158203 
