10 10
2402.1900634766 7273.54296875 1172.9498291016 9383.4614257812 -6937.04296875 24706.150390625 -8917.6162109375 6523.6689453125 4354.4826660156 5372.4833984375 
-3185.028137207 9006.4194335938 -12231.508300781 1886.4860229492 2451.2518920898 -8437.978515625 18.513549804688 -4421.2248535156 12187.25 -19805.512695312 
8734.041015625 1504.833404541 -8448.4995117188 15270.694335938 4819.2954101562 1675.9286499023 5142.3076171875 -7331.0358886719 26476.112304688 -21168.669921875 
-34.63020324707 17729.833007812 -5401.2358398438 -1118.4252624512 1413.7292785645 -11368.976074219 4848.3247070312 1284.4672241211 -1790.0518493652 -1142.8123168945 
281.36939239502 17612.58203125 -689.99621582031 -1290.503326416 -513.32792663574 6280.8845214844 -874.96058654785 135.58517456055 4965.1865234375 6365.2683105469 
5673.7399902344 6171.5534667969 16213.537597656 24641.227539062 -8977.0385742188 22856.997070312 -6871.1567382812 7512.4770507812 -6218.6411132812 8371.751953125 
4076.4612426758 19521.865234375 676.04194641113 7082.9802246094 -8973.2856445312 3962.2815551758 -8501.0546875 -1620.5295410156 -1463.1457824707 347.57165527344 
-2162.4288330078 11881.348144531 6080.544921875 6607.1037597656 -1029.8627319336 2038.3433532715 -2710.7735595703 3869.5180664062 -10939.258300781 2848.916809082 
21203.784179688 10253.315429688 18434.047851562 18495.271484375 1238.3937988281 18366.115234375 -926.78637695312 -7372.3186035156 -13758.397949219 12146.542480469 
-3533.7915649414 3433.2713623047 -832.45877075195 -2843.430480957 4419.9155273438 -10740.905273438 -8605.3544921875 10537.790527344 -2584.3700561523 2624.0028686523 
