16 16
363281.34375 245538.5625 -753764.0625 -1197676.5 -1006093.75 614421.25 464090.84375 1059692.5 27345.775390625 1266125 -547093.375 3169993 1887330.75 -949046 -599170.875 -460322.4375 
272743.46875 1833495.75 556404.625 -49732.98046875 964025.9375 1037392.5 -96673.0390625 -434405.125 140978.75 1788882.75 -1025736.5625 62372.859375 -1643992.5 -1389434.5 107635.2578125 -1496431 
-292430.15625 -813872.9375 -1301363.75 -114517.0625 827754.75 267861.71875 624283.6875 1423787.5 352785.59375 1111347.25 1534120 -416670.96875 -399665.5625 2165279 -1230695.75 431492.0625 
1603180.75 1240458.25 1263879.25 295247.375 -682985.875 1804421 -700088.4375 1145224 -65126.171875 -1799996 -544530.25 -437496.1875 -2044267 -1956910.75 1513516.75 708403.5625 
-1213235.5 1674358.25 546569.5625 860623.5 1153865.25 205903.828125 -336356.3125 -3013521 298531.6875 59677.68359375 388219.84375 -1664394.75 660343.25 -532398.125 -311403.5625 -2884707.5 
463462.46875 -1853491.5 -228809.3125 784553.5 -717074.625 96045.65625 231571.171875 1032921.5 1126650.75 -3680701.5 519877.21875 -56401.125 -894826.5 912512.0625 14744.125 4039343 
1720166 2490230 -2127851 -2014951.75 1425606.75 485266.5625 1691284 -177361.421875 -2253583.5 750093.9375 1391085.25 195932.78125 -93615.0234375 -1412709.5 151498.3125 -424055.1875 
2395811 2152585 1479022 1568694 1656552.75 1575327.5 1614111.25 -784449.3125 -589705.5 174483.75 -614359.625 -424133.625 -1128439.25 -826899.5 -522107.3125 -1568551.25 
1553749.75 855238 295633.65625 -374662.5625 -462752 1385031.5 867142.25 1600521.5 -926317.875 -3603616 -60732.96875 809511 9392.46875 -1938449.25 723681.125 2656430 
-791375.625 -731251.5 -2200724 142644.25 735240.3125 -1512438.75 2268308.5 -1154927.25 -66546.53125 -1640196 3057770 -1449115.75 297306.5 2019117.5 -923059.5 1696716.75 
382600 -274872.84375 228693.65625 935068.5 -911248.125 1433977 3176583.5 -408055 1078836.5 1476549.25 832347.4375 -1161759.25 -1695946.5 542894.375 845906.25 -97521.75 
-648562.125 702706.875 1731551.25 1154897.25 -79555.765625 86621.609375 -2464.671875 -1384060 2358336 169385.5 -3125623.5 930923.75 -849871.5625 -1384035.75 534681.5 -1663985 
324154.90625 1370410.5 -284655.875 198455.96875 2905999 -289445.9375 -528740.625 -1130075.75 -2595566 685169.4375 1383248.5 370238.8125 2530289.5 -1330485.5 -2675785.5 -1788466.5 
-376235.125 2233253 902001.9375 -1625558.5 1012671.75 1272207.5 -434698.21875 -1107848.75 -80146.703125 1662042.5 18801.6875 -2040483 -1423442 -1347488.5 1244228 -2603302.5 
-1603724.75 -2873622 1010318.375 812713.375 -1947891 -1288935.75 -804591.0625 808238.9375 4181721.5 273173.1875 -1306191.5 331690.53125 -1313092 717645.1875 -632540.25 926332.0625 
-1106696 1244221 805116.75 -2018209 1170815.25 1491413.5 -1813228 -1749167 374695.875 242177.9375 -1326618.75 -308128.21875 -657726.625 -533926.9375 574498.625 304229.8125 
