16 16
1074.4777832031 1316.5297241211 14201.504394531 6683.8100585938 19921.528320312 -1086.3843994141 -10910.850585938 -11410.620117188 1540.1811828613 -19402.352539062 12159.833007812 -17225.26171875 13851.786621094 3129.6328735352 3605.4743652344 9561.7802734375 
-1393.4571838379 -22001.884765625 27833.61328125 -11962.5625 -23270.821289062 4492.77734375 20410.536132812 -5.0477447509766 -8209.3046875 9325.224609375 -6625.6599121094 26940.163085938 22269.89453125 -12337.175292969 -27613.557617188 9091.5771484375 
17070.01953125 21535.852539062 17756.6796875 6258.7192382812 4133.26171875 32354.854492188 -5960.185546875 -12672.103515625 -19701.62890625 -689.04693603516 -1932.58984375 2058.1105957031 -3880.6548461914 -26157.75390625 8108.8186035156 -7745.60546875 
-951.71769714355 4203.09765625 3597.1898803711 5225.2573242188 -16240.809570312 6559.6770019531 -12513.878417969 -9480.0712890625 -11452.066894531 16053.190429688 -9854.5454101562 -12799.404296875 -17177.50390625 -24310.286132812 -8507.1791992188 3091.0935058594 
-9484.5473632812 1267.1981811523 -16326.5078125 -8777.2827148438 -14781.527832031 -13504.245117188 592.029296875 -729.27047729492 -27944.658203125 7826.6320800781 -37181.037109375 -7153.8967285156 -26412.49609375 10470.243652344 8001.0092773438 1021.4440917969 
-6304.8229980469 -18289.533203125 6473.6511230469 -3682.888671875 -10647.925292969 -4637.0856933594 6903.1459960938 -1460.2423095703 -5910.8129882812 -9328.353515625 -2603.8677978516 -2021.8762207031 20020.96484375 3055.5131835938 -10111.454101562 -9904.2451171875 
17439.669921875 1662.8172912598 -7353.150390625 16835.733398438 13760.628417969 2575.3682250977 -24315.584960938 -1856.5062866211 6695.2114257812 -8544.744140625 14336.752441406 24911.051757812 -16907.159179688 10591.260253906 -7019.720703125 -3970.7365722656 
15812.455078125 -19979.458984375 -34294.17578125 18279.557617188 -14181.372070312 -17128.874023438 -10616.741210938 20924.099609375 6040.978515625 5538.798828125 -5370.6179199219 695.62158203125 -3463.2383422852 31128.610351562 -39092.765625 -3013.6586303711 
-5062.2404785156 2189.055480957 22332.981445312 -8666.4072265625 9706.669921875 -2130.237121582 7204.5827636719 2583.580078125 -12179.234375 -4800.75390625 -13315.760253906 -4119.2919921875 -3790.6856689453 1508.5671691895 17511.515625 15299.067382812 
-1385.4613037109 -21329.19140625 38.767456054688 22042.518554688 16964.43359375 -18458.369140625 -33525.87109375 -4621.0515136719 -293.4775390625 -26067.668945312 15359.829101562 -22268.166992188 5820.9765625 -12417.762207031 1248.0983886719 14686.1953125 
14283.182617188 1548.397644043 4301.5639648438 -407.52989196777 18474.293945312 12899.733398438 1027.4902954102 656.01245117188 -3555.4277954102 -7992.1633300781 -2523.0496826172 -3589.5294189453 -17231.743164062 -14173.532226562 -2946.6711425781 10212.0859375 
2657.8306274414 -13314.192871094 5885.21875 19769.008789062 17671.352539062 -18350.768554688 -19465.36328125 -876.85346984863 -1344.5078735352 -12852.805175781 -1673.6846618652 -14433.205566406 5459.9360351562 -15322.725097656 6318.8520507812 17469.227539062 
1167.9114074707 14703.312011719 44091.998046875 -9386.3559570312 12540.9140625 13359.730957031 9413.060546875 -16327.654296875 2235.1877441406 -18777.561523438 -2231.7579345703 20544.551757812 -5801.7553710938 -37412.240234375 18256.500976562 -2268.7227783203 
36253.33203125 9111.6103515625 -14619.765136719 17692.123046875 23297.076171875 28545.302734375 -13753.307617188 1434.8688659668 -1636.8835449219 3735.0347900391 13921.783691406 225.37573242188 -7136.953125 -7946.3149414062 -17599.9140625 1308.9356689453 
-4975.9226074219 16795.408203125 36701.287109375 -7355.3120117188 -8484.5610351562 3311.8288574219 23037.23046875 -5557.2111816406 1848.4934692383 5380.7351074219 -4744.6691894531 27898.262695312 -5076.2041015625 -13644.988769531 9062.5771484375 -6535.6179199219 
4702.951171875 11867.571289062 5086.65625 6259.1186523438 -18966.852539062 -10733.667480469 -7758.7692871094 6328.5654296875 -21390.157226562 5277.2563476562 -27808.4453125 -696.27856445312 -15699.177246094 -9587.0830078125 6471.1875 -7020.8920898438 
