16 16
-127.78032302856 52.708671092987 -21.773918628693 -115.51075839996 -14.961493253708 -114.92211723328 -20.914900302887 180.18458366394 -37.103715419769 -10.006940364838 49.239835739136 -47.901901721954 75.214734077454 216.55923080444 -62.814874649048 -148.26508331299 
-150.12629699707 25.18153834343 -104.35793876648 -82.863980293274 44.135712623596 -6.2117897570133 -100.04835796356 309.81170654297 -40.777114868164 -94.016112327576 -89.419407844543 -23.768471002579 -83.84321975708 -28.658195018768 145.28722953796 82.265657424927 
-52.679516792297 341.21923828125 278.76546478271 151.82546043396 22.698609113693 68.104084014893 -270.71190643311 -171.37822723389 52.57673406601 -61.037019729614 -212.30397415161 -115.94978904724 -6.9280757904053 -176.96873855591 -89.695972442627 -143.35335922241 
23.039799451828 197.92308807373 192.82468414307 180.56242752075 37.13198184967 36.797077178955 -211.64050865173 -217.46831703186 -57.248340606689 -58.710197925568 -203.78742027283 14.127918601036 115.86284446716 -20.300076007843 -203.39532661438 84.588348388672 
12.774740695953 -196.31820869446 -253.65044784546 -23.212271213531 -83.873227119446 66.30554485321 107.78318786621 -76.976439476013 15.779932558537 256.0588684082 176.89233589172 62.663927078247 -92.634548187256 30.658284664154 235.67543411255 -30.602697372437 
154.52742767334 -43.967405319214 19.937666893005 -165.33336830139 -88.300852775574 7.8255615234375 170.36308288574 -13.371756315231 -35.768808364868 -61.911647319794 13.993652641773 -74.133147239685 216.93825149536 122.37638473511 -243.99438095093 102.95014667511 
-263.747215271 34.820120334625 -315.8337097168 -118.61122703552 21.727140903473 -49.89102602005 14.873746871948 32.123150348663 88.865587234497 343.21200561523 -26.137616634369 120.39257335663 -143.34742927551 59.31524181366 235.30375862122 -40.42456817627 
19.149946212769 -134.79591369629 171.08057022095 8.6591787338257 151.35350990295 -42.575317382812 111.33557128906 79.583886146545 -26.044081926346 -442.97470855713 -122.79664516449 172.03286170959 -132.02933692932 44.836543560028 -148.6478767395 23.533625841141 
64.455790519714 150.70510864258 106.33070087433 134.66716766357 108.0153875351 -184.13930511475 -36.005815029144 76.698894500732 145.05348968506 -39.548331737518 123.21310329437 -75.250329017639 113.01286697388 135.7368221283 -42.585984230042 -109.62686157227 
194.56925582886 -20.553258895874 154.56192016602 303.36512756348 -38.252692699432 -169.91462898254 103.86776924133 -11.187519311905 270.62923431396 -258.36505889893 77.299663543701 258.05952453613 -232.76792144775 114.7155008316 -28.574245214462 -16.362247228622 
-54.713170051575 -50.781907558441 149.76117515564 120.33622360229 51.67407989502 -277.65713500977 183.10041618347 -271.94933319092 234.63243293762 -28.104854106903 166.03056716919 273.70890045166 -53.45371723175 226.72257614136 -240.98572921753 -94.31986618042 
213.88028526306 -355.00875091553 -113.19602108002 11.813518226147 144.56107139587 120.13587760925 -36.049703598022 -267.48241424561 -81.667566299438 -11.506489872932 -45.920669555664 319.03944396973 58.662970542908 -7.0057184696198 287.4165802002 -28.194076538086 
-109.37106704712 -268.13402557373 -212.21221923828 -97.003885269165 -45.948733329773 -78.228853225708 254.48258972168 159.40511703491 -31.503772497177 -6.6436622142792 91.865647315979 91.57767868042 -123.75467300415 39.326012134552 63.80101108551 96.11545753479 
-53.582925319672 227.46804046631 450.79500579834 323.92568206787 -11.508433103561 -140.63506317139 -11.678984642029 -168.91856575012 173.41167259216 -341.63511657715 -89.966625213623 -22.14046049118 -86.986494064331 -215.3309135437 -393.73480224609 -47.91536283493 
211.35827636719 -137.01611328125 -101.87023544312 175.5858039856 75.28621673584 -154.49290275574 95.386425018311 -139.71935081482 197.8862323761 77.02233505249 175.77651405334 194.02000808716 -64.340240478516 175.65207290649 161.27673721313 143.72665786743 
-44.821524620056 133.28280448914 -81.611928939819 -14.786169528961 -250.61893081665 -36.451635837555 168.40785217285 59.575570583344 90.742772102356 151.44414710999 14.064609766006 -54.190621376038 144.36547660828 -2.1053673326969 -209.87333679199 -39.587294578552 
