64 64
359712768 321977600 -161421888 -37310208 -560710144 -110730560 178606272 397274880 -49010656 -107884416 3943944 471997184 336701440 -91465664 -344021248 360050432 9425960 -146995584 340834304 -567207424 -278637568 -124651904 -143546112 90723072 285304064 383055872 150491392 -242812992 428274944 -369449984 -239641344 -401812992 -321588992 -659470336 43299424 73383040 74472256 628115456 -200017024 273823488 -39555360 -207038400 -188444800 214254592 252742016 288129024 113773408 86951680 50719872 -193170880 -244114240 186035968 -245159552 54940672 -460481024 12748838 -383793408 -559704576 522995712 -164539776 441640192 -378544128 -229260224 -491671296 
124622080 -143005440 -79087232 -240154944 157701184 167172736 -608699392 125029376 -193497152 -67202656 285185536 112261952 -96184928 -330517504 316954624 228499392 -15976432 -34253968 12123264 -433076992 251365632 514536704 -191356992 -468071936 -38409824 200031680 -112667968 198485696 294848000 -362626560 85491936 -279011584 370892544 187902784 -168824192 5296448 -241347840 523902208 -687488000 -172675200 142151424 -229488128 47839520 568482304 430936064 -21225752 -7007694 -116375744 -52803328 -104578944 -189475648 230936576 -138130048 -404088576 229375168 -499764480 -34117328 -60324032 164612352 -278682624 150563520 40159136 -395022080 -131891360 
128922368 530664704 231382016 279656448 -665940480 -14774048 194797120 320667904 -118369920 5866437 206360640 93255840 -57965504 164999104 220375424 -90240512 342239232 463490560 -209957824 -324259328 -44581280 503543040 52652064 130757504 269403904 88257728 267679424 -117992832 -55192896 105118592 28840944 22614576 -288018944 218640832 260966912 14364062 -20401712 115510592 -178103808 -415821824 -211204352 -243154624 -125513472 213707328 -349043456 445630720 180413312 -442921728 187319680 -133028064 272813312 377772544 -40042064 1285347 -186921856 237919168 115540480 36334128 -134446464 -115449664 -188756544 124288000 280741376 -72562144 
425671168 -77402912 355110656 -218899712 35054272 -494448128 58237376 180000704 -68372864 90172864 382747904 -29484552 228606016 232513856 318798592 105892544 231105472 -24188656 -5713368 -315639552 280842752 195340608 -265957824 -227558848 -283415552 439914240 452607488 139432512 349327360 293646336 100410688 -432429312 79210144 -337308928 111851328 171568512 -88884000 58466944 -292326912 317679872 101999456 285785344 -207913024 80759968 198107328 324276736 24326200 16815088 -153883136 89232736 -269003264 209583040 -93717600 181611392 349173504 -82305408 247346112 -370416640 -155376832 -147772608 -51768320 10821104 89809280 -272113408 
101402016 248376768 -177173376 -329697024 134629056 313118720 146358400 79731744 -850402816 171400768 57460256 -128998688 -278031104 -11171472 -77726272 -182574208 -392794880 -394567680 -84223296 70018400 107967936 -548343296 -232075328 -276557568 100548192 19976944 -361795072 30252624 213538944 -517909504 145982080 278229248 -249937536 222568960 106779968 188018048 -179817088 -367051776 151211520 437990144 327453952 -58269088 -31052928 303619072 182554176 333360896 -244543936 198133824 94252704 465851904 21346736 404777984 -110800512 -60671168 -192774272 113030144 -124653120 250453312 -397227008 145706432 -241256.5 40650528 -332284416 -320359168 
-263229056 -301979392 2727522 131151968 606326784 50056640 298373888 -625555968 158185344 104490336 78992736 -348895744 112758592 -142964608 -213261824 -28628736 -446447360 -443072256 283802112 -65449216 80181504 176622912 85892224 -501512960 -309099008 -19709144 75589248 181809536 -23869728 -38072400 -69201760 -5225632 120748192 328663552 -115825600 -195947968 -313530880 -500217856 -77705664 -590775808 -92924800 -228664384 -201338624 -6166367 20377880 163599424 87495136 211163264 92241664 216214336 -28406616 309868288 216556864 -61439152 165734976 -102872928 141313088 -144768768 -101126784 -438189824 -91601952 199269952 -365637632 -113103104 
287813888 -204571072 140790336 353648384 -10750432 -344911872 595010560 109294784 240928896 -125738240 -102274912 397675520 447967744 -95692256 -1051776 -80246016 324630784 249257920 168472960 226668800 -326984960 -265976768 491855872 43010496 342043904 -107573120 89324608 -429694464 -410103552 287736576 206386240 -46917584 -48240736 24432992 -295241216 264365312 -18739936 -42425168 -578991104 -182374272 -12414304 -325352192 233900096 61515712 147738688 -651111424 707307008 -413112576 -359798272 -446041088 117971648 -326348288 5513472 -42642368 -410547712 -240862656 648686592 -167062592 -145843328 80075328 -42898752 439179264 -334859520 -70086560 
550171136 81424096 633561600 -272911616 -325975040 -219716480 -322510592 492808960 209184384 33855776 -326791936 241700032 96864448 -357404416 -520589824 -245873152 217713024 89201088 -8383488 120866048 20193088 -89470144 -118964224 -194108224 433361920 149614592 18227328 207732288 -273964288 -303297280 341647616 -20492424 -217386304 -583763968 -388413952 125782656 -2536544 439085824 231099136 551037440 189012736 -472593664 534270720 299241984 478909696 55954960 -186958912 -390062848 537036288 159511424 514547968 -329915648 -413724672 73115776 -196769024 244316416 195734144 -324733184 -242295872 116468576 174116800 -55484064 73730528 -189964544 
70640320 106729536 181758208 -1774544 4582974 11466608 -203523328 -213080448 -146250240 -371246848 -128350400 415293696 265768000 -106499520 -320986368 172892416 -192529984 168353856 -37234112 -32547424 25737968 -210090688 6282056 280128256 189445056 154549632 371568896 -128989632 84058400 46081680 -19069840 27801168 85861600 -121166720 100834528 263509120 322894848 156295296 -108829568 199872960 261756032 -279224320 142633728 484914688 -203114816 -271422464 -115557280 -278132736 -471112960 148832448 -83964960 -79863712 -316639488 250707776 -236989824 -79411712 -75417216 -240085120 55774720 -284538624 -230955456 282548480 -186751488 -209989568 
-321170688 278966016 -125266112 -376429312 108560704 -77392288 -536413696 191918400 24486080 165937792 -141827456 802842112 205004416 97669472 116784928 480000512 -767888384 436421632 -151239104 -359405312 -58524880 -36532896 487444224 323040512 396282368 -255521472 161799488 187246848 158878848 -674776064 533501440 80433536 416537600 515051520 -211755264 -83982336 198248832 229470720 2073584 -348414720 264800512 -161695744 17896984 386172160 131711232 -311961600 -258620544 422512384 -126228480 106871552 -59780528 154876800 460313600 -121682112 6270256 371633664 -126510080 310802944 -233575616 -203510528 -408772352 -381786624 -52728160 -38085904 
117705344 -27147584 138317056 247911744 154890880 -47669408 496580864 -62643744 -460774912 99307840 -109427232 -208023360 -260184896 -362970624 -65832896 96057696 -116182336 -185810880 48629472 480261120 108685312 -166151808 52768160 -340015360 94525952 73247296 -293984256 -182254208 -369179392 -237437056 439044352 -50261856 -446206976 299018496 -392084480 -38648704 -392301824 -226538880 -10819296 -221528576 -30777472 -255425344 -63737696 -46073136 -36261904 351508992 -165667200 -441138688 -229413248 151126144 663137280 -611011584 -111149824 -36831632 -621684736 -209305024 -11978294 952027648 155190016 -74148128 271211776 282255104 30148320 174599616 
-124153088 165576384 -137796864 -287559680 -121537376 -225129088 37148992 127334752 -295065344 -511470336 182703744 -74891072 116493888 33691840 -30668784 -64253344 761636864 383832576 -111544128 85749696 -152703936 -85074912 187936512 35417456 -382333696 58556768 116671904 51471104 78504768 369559552 -301463296 173725504 198750656 -417139200 -160207808 -192526528 470991104 -6588376 -79468960 -40124736 13277312 -140370496 263459776 -109298400 -239529152 -256960960 -61822448 -443506944 12147042 -286998016 -345867264 -459187200 -290998272 -251371328 78339104 -151858304 431668480 34227232 282953728 137849728 46439152 500554752 497984256 -8009008 
-4743216 190720128 -182373632 -268478464 327074816 -38742688 -214437440 4803933 -34346144 228559424 -150846784 -556048384 70160928 -110334688 -209975040 -181045952 -543735808 139650816 95402048 -107242912 -252184768 -195811328 412304640 88174496 -151818496 17379312 -69484160 -508256256 305832192 11050448 -399923968 522306560 248273024 321887488 -159157632 -385666304 120978368 -111444288 -54109152 -221700992 25971584 -34180416 405225472 90388704 -65406128 -119446272 -119948672 232618176 -86549184 -236341632 -448217600 65096768 87836672 -416566784 35229040 -13803872 -131025056 743507456 209929600 82778432 -235439296 137728320 211529920 -30760536 
116300160 576005632 471057408 562203648 121101824 -302683392 -453694976 77632416 -260480320 -166982400 -93860320 -326231040 17365272 -137823424 146181760 171477184 -58682976 118826624 -325338112 -191888640 223810304 410100992 -206064064 -13706320 88847936 -28933200 331139328 -45513968 409131264 -433424128 602360832 -35748240 -366045440 -58007344 11947840 -93474208 -234589184 -16874648 513004288 116449952 146528768 147366848 -257397952 91119616 -300262400 138537152 -209806016 137939392 25039512 -75225984 113191136 252695680 -79679744 -24724808 58170928 166780800 2173003 -203745856 37937264 445455616 110369728 -661836288 -346037504 -324452864 
-133357376 233005696 220211520 290059520 -174235008 54809088 -140177024 -19023392 415344128 71731360 -260121088 616911872 -171091584 -656565248 -141156992 228485120 -516833536 249025152 -282299136 3723008 -285410560 124906720 334128640 215272896 439819008 -363874304 -3902640 154784448 -335355648 -364045056 289257216 -220680512 240633344 502241536 -269828352 -272060672 -448109056 223576832 -405635072 -221962752 391262720 -376763136 -454496512 -49055600 -279836928 -35894800 178376640 67906304 57942656 -4931880 525149184 293273600 175191424 231492480 -460739840 277748224 -214054080 -148857280 -563904512 -282763264 -324008192 -86754624 -256103488 -52647456 
4706392 -35550976 -143918464 -146087808 101422432 383545088 -501341440 34164080 231055680 351273728 8500016 377076480 325259520 -245742528 -393114112 357212928 -210056064 205096512 -291279104 -176187328 -861561856 70952160 80869472 -327944192 18970616 -220521600 56664000 -220228288 -103669664 -259281664 -593264640 -30179024 355468800 -77566272 -200999488 -295146752 176309120 410841856 -55699600 67942368 138642112 -709272576 188934272 106852832 117250688 -322211584 -305176064 -226165504 -62759712 -317616896 396674304 -220041792 131780448 83025312 112440096 -374009856 -189878976 146963392 21512520 -240097792 83221984 76180352 29509816 -5755248 
496026624 -224245632 150657472 -261512128 -595154944 126320768 -338625024 -358720512 -43034464 -16139722 316065792 96024864 -119773344 -277847296 140719744 -234546176 394417664 437739264 143534400 112214336 -20220784 102438080 -395274752 -101480064 171486592 244906560 -474604288 -41366592 -121109792 -749776 -300197376 -94565600 -130429792 -292918272 745571328 -406150656 18427648 251469952 -467563264 197738816 -136816448 -80441696 125592640 -74087616 351891200 39256144 295823872 -836179968 105164544 140399232 103226304 149596416 -217606784 76905664 -66522272 301864192 -157993600 -227104768 -60263104 -172276416 79841888 -32737488 467695872 78366688 
479069440 121216832 216976256 43614000 -51593600 -322273024 -396358656 -95523392 60495664 453749248 -234894400 -418115072 -47869504 -246638592 -30870528 -60195600 -606475776 -153732992 -172095424 -344807936 -77917664 3311488 140913856 292481280 261921344 422665216 -465703680 -71053472 -271070720 21948784 88133696 -544014848 46495328 115037984 -211397504 -207310720 187463872 332389632 270765824 -270643200 -82440224 339870208 240795776 -176684736 353819648 234650944 26960448 321376000 249084416 105711616 335360256 242326656 361202432 -574496768 222735744 -231838080 -22788376 347136000 7583152 -321601280 563887104 -21234016 113432960 113336128 
-174492224 262162048 139878208 -216586112 -10240618 189286144 -95395968 -279589888 -216324416 49678352 35386912 27277312 -233955264 257755008 -161956224 46279168 141310656 -447847936 -138225920 241443584 32094000 573973504 -16322464 201201792 -399573760 -253240960 39083008 179700736 158659328 53707104 -390818048 352593664 -40842912 -36643584 223283456 -19570800 -269129472 209950016 274873600 141739840 44467424 275087104 -438284544 315592192 133997408 141672320 116805920 50233552 497538304 -238776832 -378558464 -160325888 -457317888 123337984 -8739072 100496320 -150904512 -156227392 164313408 86982720 298774528 104513216 -115247296 407451136 
108228736 196328320 966288896 197583424 208372992 80599296 -270657792 -429234944 438188288 -320787200 163191168 -40078240 104301344 -116182976 -54942432 -32518888 -43093792 -296913664 53118688 -1919776 261036608 222820864 -25322048 -106202720 -139006592 80409408 -296721664 373958656 233705344 -21573552 -380424448 -126713568 118417344 -270465280 32304560 -19538240 -243364736 110577568 -59892864 -239422592 146124800 -207258816 33975376 380135424 296128000 -280355328 304142336 209552448 520026368 -168189312 154892480 280958208 85698304 273491456 94124224 358418688 45509456 -156558080 -274105344 -5140624 -498917376 -262479872 -158444288 224411776 
76016160 -26084536 83984800 -74204992 -172783040 -39420032 177674368 715806208 605491712 -311335168 -43598560 58667392 421292288 -147563904 -27516384 -14236858 378365440 478146048 114351072 44782384 -291489024 409905408 298404352 73904544 586954240 -79895872 174993536 -271867136 5735904 31947136 -488174080 -29094640 -353609216 -101670464 -313816064 193041408 291307776 275443968 190513024 248865408 135879744 -529151232 77933408 418063360 209647104 -103067456 64269856 -13716144 67372672 136116096 199669568 -40338880 -141775232 367929600 31108000 122110848 -299606528 -176023424 26995072 -197557888 -194390080 119784832 -140259712 -435389184 
449553664 -248026304 320933632 193563200 397947136 201011776 9817248 -22309624 -214289600 -39206464 65428512 78134720 -195178368 330321408 101240192 -81622336 103491200 426752000 416888320 135597376 -42563840 152377856 -123287616 -104582656 397729536 -243184448 77464704 -176526400 -49233840 153732992 -122181696 22077152 355417344 -263630848 -32250008 -398575104 -273287680 -519148800 40672400 -630514176 15227184 -450241792 345523712 -47997968 44384640 -683258880 -27030648 -48298944 46737648 -122544416 586526720 -5429698 -243858560 276041984 56383232 150116544 533287424 -131200672 -277600768 -241820928 -306384896 -438511872 -142800576 165817088 
-520928512 -367741440 -694969344 -12771296 259888448 -77843232 -45210560 45707616 -431806976 518862592 -248677632 -37358320 -531360768 -79613312 -151061504 -160931136 -657092096 -135054976 136946944 -172517888 -313489920 5423458 242729472 -158918528 -136790400 -3252338 -192246656 -38276096 -67383104 -542092800 319700736 62916000 40630704 418231040 -243776256 -174050176 14843364 -252689280 -105171840 -184887168 -716566528 131515200 50764512 104547968 2948007 372285952 25167008 77702816 10777000 214140736 -154713856 251043072 354764544 -804364288 -148554688 127803392 -432178432 325130496 -108449440 -159744832 275956480 54255056 201673920 -208633024 
310793216 240083072 -150320448 -365510912 204048256 -479369728 -509506048 221821120 40443408 -505622272 -43711648 -336167936 -172936576 -95495072 -12906816 -159255872 -139852544 253462144 254209792 -429277696 493626880 -576170496 195885312 180001600 167252480 271006720 -598058496 -345188096 372404736 -163277568 -226778432 -342614784 129856832 295128320 432969472 343686144 -11398400 44210608 -149952000 453515008 363888896 -43678400 -219155712 255281216 77882848 -640473088 481358592 508997632 94746080 220090944 -366098944 66114864 558044160 91557600 344997376 78024224 -166304320 -58595024 -67027856 99755744 -160647808 607180288 -351722240 -94430944 
277280256 489242880 213571008 324622080 94657984 -421311488 -524875776 420590080 464398080 -199225280 -205466112 123709280 26300608 -576064000 569636864 175286208 149332992 889206784 -61674976 -131193792 103727136 211633728 376038144 -190505728 -23343624 369650176 238409088 -49322496 -258634048 -339767808 438027776 -53942016 62885088 -188621056 49395200 -190568256 267576256 -54369968 233647232 -297449984 -151327936 -40642768 190511616 269067264 -138342592 -213098432 216704960 -16653546 -53342800 72125024 261459904 179689408 911856640 -157429248 -375175680 67955008 745003.5 -80931200 388959232 -275004672 -186542720 75055040 -673165824 -216307264 
-251101632 -131702944 -41476128 504822272 1146206 -193192704 265824384 -69139264 63222368 128767584 -389776384 -50115856 -257106816 157075712 -117482272 189774336 -142559872 -397312512 -294062080 -293885440 -86994336 88777440 221399168 401100032 9214852 -29786032 93856352 -70087392 -9450368 633481728 6204580 160222720 97016288 341404672 -578146816 207676928 -28934704 90664896 314367232 -169364096 -329314560 379956736 -54724368 -464218112 41823504 -4450835 144445824 -2317344 -2939944 -292153856 -34490432 -235478656 -162408512 -111310944 -157827264 84514880 -94936768 -70282976 38627168 334850816 260228288 4482044 51445280 -23734520 
-392972544 -192742464 -338942976 127136128 -250603648 260513216 81363744 10441070 -397811968 132057792 205505664 382621184 -368340224 523550208 202934592 251608448 -508247552 16278848 -233830976 -323062016 26908944 -136878400 -55076176 -408948480 375181568 86974592 -234458304 312391936 258931968 -283037952 -291668992 90428576 229658880 335364608 -280583936 64964624 -78889920 -475792896 -493960448 -179991616 -165740224 124014016 -650148352 -163971520 86210880 314958336 139259776 221976768 -84144864 -256820672 -137264704 499530240 280221696 -152100224 -328773376 297861120 -149339008 196793024 430288384 36889440 -47196432 197171200 199825024 -109693056 
7935894 -363335168 -9917090 -258024448 268505344 -83725312 270587392 -127373408 -270288640 271695104 279210496 25940968 131544768 -160403008 2854368 -18545848 -187056896 -53735408 281076224 -192733824 -87736288 1956516.5 9918492 390884864 -53897312 -81366336 -516404992 182147392 -59351840 -198039744 -129336704 135556224 -62630784 281133312 -112879776 -100353728 -10110990 20640168 549532672 -29922192 -316833792 -196940480 -72826080 -107300544 527301632 -71624608 -166437248 526607104 -109968352 223636288 260053248 -400605952 -134575488 -122662112 -30382216 371406592 -63334592 141886656 -377121792 -574373376 148779456 -4708402 -103791648 -292329472 
-223341504 -357602816 -100938112 117251200 -20327184 91774240 -116666944 58630144 296241664 -748567552 -4620844 -463356416 -188272384 -422257920 -92753216 -281553152 407817472 -241483200 -60870624 -141889344 -26187624 47515904 88269376 28213496 -58387232 162816704 -323076864 -227507520 -40892192 345652736 -290636800 176492544 372680960 -383394304 -64803584 -111361056 -208428096 146981824 -313243392 -82622528 -157646528 -136837696 299443712 284599040 198296704 -211525696 95765312 -183074624 43820304 -468082688 -479661312 -131556800 -82211552 100694144 69985344 410589440 -524359168 386839296 165599424 520613376 183303424 -20361576 -52415936 -376497152 
-450435072 -282818048 -406270720 -38850960 357018368 94027520 450631680 228188608 -769427456 276174848 78222624 -62820080 -392565248 5015504 -488504320 -62759840 20741280 -173535360 -243607424 243903616 -185390720 -122449216 -91427264 125287424 -446667264 226644096 -112743904 -2268216 -398604288 -248025664 616680448 35810352 172020864 330367488 -422960640 204759616 271563776 -179836160 250745152 334391552 -458751744 -410547200 311027456 18809776 -153745664 560196096 -593392640 123798208 -120403072 417846528 559048704 -878228480 -432053248 -708104192 -200502208 42849392 55308832 229678528 26430016 -114312224 582202368 69943104 242330752 -362352128 
-118749824 -270881536 -293201408 -437655552 -272709632 410494976 26850304 193448128 162698176 24963736 -178146048 33746656 -333045504 -382690560 -87855488 74019328 -284961280 18650624 188369856 38739856 -155796032 61121152 -406556928 367158784 100579296 -527296768 398349824 -228976384 90853568 -439011840 -328828928 -8101312 174908416 -39935936 252373248 -127815200 -403916032 318074880 -25958312 280407040 72888640 45541088 -323248896 -141977024 -6282341 -197249408 -83930880 426292992 -11648880 -429522432 -278299392 187313024 240750528 -190161792 550337536 296075008 -216707904 212379904 -279469568 286700288 95671936 -149476352 -363764224 465724672 
315802368 267577408 -234778048 1112332288 171212032 -185748352 -153815296 143657984 88040576 203592576 -391494144 334164480 60934528 -108437632 -274944768 -63873312 462716160 210621696 107255936 -217484480 73850432 -49417104 255489728 -117133600 -148990016 446028288 319467520 1712278 -267685120 63807248 218692928 -989270016 334580736 -183992640 54901056 176882176 -429836032 112920512 -308307712 138772864 -55139232 -145105472 82795104 18777864 -24325600 -125719488 642435072 -254742336 267750272 72063104 453176832 14522072 330155776 -149263360 348478976 -33240272 197324544 -600810496 83903744 308075008 -284893184 123837408 12559224 547719680 
113335392 -58098352 -3548092.5 -63118752 -197789440 -85665536 15097722 -462476544 -311688704 398200832 -413384704 498391296 -101053856 -155700480 133534112 409516288 42822096 -182510080 103160640 31067512 318610688 25650904 66047760 11868192 157879488 -141725824 -438518272 237732608 -478449664 65209888 73262080 -33143704 -138766656 267478272 -387385344 296798976 -60781024 59411232 250274304 175087488 -245728192 -21695824 -64143168 -324829184 222284928 -318251008 342260736 -598436352 -316593664 81133280 49037760 -344186880 -347018240 359957248 -45383840 -284085504 -204265984 -296092672 316692480 -17987912 181152320 -128898528 -152944256 -159861824 
276503296 166416512 -13181890 -324385024 -30418552 -1452688 -23986408 127671328 -75466368 -516858880 -372156928 -308973824 -14319722 419526144 333812992 181007616 122352000 -23061648 -145659136 -189490304 10778456 107286880 -588003840 179177408 242149568 -321575680 37644560 -148395008 232140544 232009088 -215355328 -73831904 -129743488 -43107856 499682560 289918208 200822784 105229568 176181632 -354117376 158423488 -53204192 -249315648 -153547712 -165685632 -365002496 -40558832 132185376 137812928 7797613 319235584 73843744 -245866240 96493120 -187235648 -492781824 259806592 37754032 -167101824 -10121448 136877568 223583680 -251177088 -30166304 
-305763840 134671872 -507137536 326334976 147866624 462836992 -126496 81780640 -287462912 106640864 -183552128 204997632 -96774944 -218195328 -414391808 233939968 -361583872 32124928 339430144 -368014848 -668045824 -449399040 143362560 -48429440 72986048 -121303936 357520640 -1293856 443417856 -203950080 -196482688 -405269760 45146848 -73742272 -267319680 335359232 -171792256 -145827200 -38663776 160068608 27614144 -97355200 46654752 114210688 224181440 -263233728 -54825872 75847168 -235679744 -206644160 8736896 178784256 134806784 -355507200 -96795808 106035200 20871872 -102543360 -227094656 -216521216 -270546176 368728832 183095360 -217196032 
100466144 12100114 429283328 486358784 381857024 -126790848 251106560 -160081664 146478272 -155503424 -354328320 65253600 -221982336 -467526912 -63820576 -88024064 204576192 -219608192 71727872 125966208 130655136 48038080 59468544 78077632 -530518528 36526240 -69364864 69872928 -674001408 420662272 620473344 85668064 -503203072 48751648 -155817408 -207736000 -260693632 -284581888 119540416 -297584128 76767776 71048928 -245968384 -407288320 -293732608 235164992 210818560 4379928 21249304 210069824 476772864 -139869312 99525952 69000352 -253203008 -461660416 119694816 267126528 -360768512 -338977024 85783552 -98997792 119476480 156422592 
42341184 24345032 -105866944 113943264 482290432 202683776 211477184 -323170560 -24327264 -72060640 106078784 225474048 -220369216 66710528 -182050624 51215232 100075584 -95398400 156094656 367282688 -8415936 -146803200 272958976 -36450080 -331902208 -191584768 -48710240 95064768 -117117600 363491840 -347056128 7304288 332672512 -227212800 19199616 -88669408 -342060800 -446569984 -84452224 115441152 161768448 67032976 -366820608 58991744 -86976096 -42302704 231411584 342210304 -333583360 110430592 -165089152 -130891744 171343232 362767104 172091904 -194007296 49536704 -9411360 78346240 -755824640 -16821112 329001216 165424512 236433472 
39143504 -73909312 160068160 364607744 -239487872 121127968 -251929728 -800220160 -75062784 347983104 -258362624 -296737280 93390464 121892160 148634496 250459328 300066560 -72924288 -132939200 329203968 -358415872 -189372032 -451414016 -208903616 -276750592 142103296 -43548288 -135356224 318885120 366840320 -78164928 -83104096 -46153056 -492841472 -251269952 -58108272 -148577536 -373453824 2425776 73364576 -265592960 -233645504 266093376 -160540864 -203262080 -273321472 183800512 -479511296 -22112600 -73744576 -125927264 226782656 -201367936 -27655728 267321664 -148983424 152519616 -135617408 -146306816 754006016 -213934400 53183984 -295866880 117508224 
-26858448 -36888176 257750144 -286648832 40237600 172907008 -206465280 -7369192 -280817664 60649520 375755264 -112943104 -400985600 -290475520 -248940544 154474752 -575487488 -244102144 -154383168 -50478736 -148037824 -224226880 -618996224 -162873408 -219737920 -133669248 -165067520 -478833152 548214784 -128518272 123979488 171675968 -338679040 -15243648 340271872 -401050880 -480644864 639529472 -338765312 506317312 -114678208 72829696 -343132928 166061888 -460012800 429632000 -374428160 89234336 -12325232 -259996096 6402680 -72904704 181289024 -377152512 -386178560 90013312 -472040448 579968512 56863008 76925600 59906896 -411122944 322035712 -49635072 
-100546432 -260369344 -386658560 150415360 93733504 193710592 -206986624 284737024 258326336 -273719296 402029312 -440385792 203559680 468543744 13968112 175536576 -524635904 391620864 211945088 -291275520 -130250848 -405549824 -595893248 -206139392 -324546816 88015552 286865920 74626496 743696384 -9420448 -300803328 137490624 -274621440 -253428288 363794688 -190964160 19444160 -92347168 -279850240 34738176 -186871808 388484352 -192558528 -55135248 52180592 234194304 -232622336 250018688 -340718336 -129210240 -417124352 820332032 505719296 -610354688 321149440 -132933952 -187457024 -80535936 -80367744 -53356400 -159605504 326779904 -2624 32654336 
-267333760 -91258080 93718656 -151219456 -695226368 105496960 529809408 153830528 28152168 262323264 -311141120 165121792 128440608 16554944 -473146880 314625024 116623520 -195109312 -96791552 66557504 -320203264 -195411456 129700576 -343655680 69844608 -65998848 -153012544 195328000 -253636096 217355648 -434206720 522788096 101926720 113937888 -207302784 70639296 82345312 104700864 -114013824 161584640 -11167136 -321444864 43579600 -365722624 177436160 138374272 -16369776 -499705600 84689952 -139529280 101152864 6137984 -205966592 -49722336 -277855744 -162858560 15825408 -287447552 12771296 93410720 108410816 621411328 264519296 -159862400 
-204116800 -132261664 198352768 109712800 -17920192 -30944712 -163008576 -465430784 87603648 75814848 -71274240 133772192 257358848 351042560 -436959744 430983680 -371187200 -503432704 -295688704 262325568 339380224 -196116608 133146272 111165728 119321984 517825792 523323648 79499968 187112704 288737792 657219072 210699456 397465600 168924096 -89011616 137112960 115565888 -390248448 -359107072 -511332864 529543168 -433676544 -34472864 -85952832 -413085696 -51579728 -284717056 -72222592 -124246720 334065920 79098880 474025216 -127791296 187239296 190449216 163767872 367659776 -87888544 -391793664 166961280 -243083648 50414288 -69165504 261904576 
662365696 -122273824 373819904 -199425600 -429559296 -340474624 -245113984 360064000 -46847264 -580071936 -19598160 28458064 293004544 -9641808 -217696576 -371830016 11230704 290939648 -338112 -121423840 384849920 -296540160 -380794880 32136360 77709472 220328832 -124882880 -41150784 -200682496 -197416000 -458386688 -82081184 223646976 -26715760 661000704 224757120 254663104 325979648 239993472 586319872 110097440 -153211776 -167637696 -26258504 545305600 32385056 -202558912 76973088 118182656 -155244800 353988352 -308900608 300046336 148323904 -374076160 349332736 -131632864 -172740288 130208576 -90796672 16200786 52300784 336646912 -171356032 
-62075808 318514176 -120842496 197698048 -230416064 -207249472 330321664 -392334080 42038560 -24493968 298101760 81693248 574572032 236783360 -119752128 -162544704 85863392 -192532544 -128172832 -160211072 -77432992 -467811584 476552704 95423456 -376378624 68465856 -10361602 -105082176 -251063360 401928192 396140288 -1110294 -104578144 70678432 25669880 -168104320 -142828928 -373623040 222940544 -20116760 -161157824 211099648 114225792 -555379200 63442976 202133888 57590304 -163396736 -28150400 -467571712 78020096 327908608 150626304 2656212 -217959360 20640728 565850624 208549440 -425190144 243310784 -265474560 -263473024 223509504 384916224 
141746112 -118444512 -167364608 33671120 101782048 -79658752 -362739968 -79275296 81949056 -14636366 332503040 -235170048 395327744 -198295936 -171220352 91325440 28116024 -69029600 284263680 292839680 -258055744 180977152 -42963536 -384309760 15665320 174897216 -95435712 -259035136 135837696 -151212288 95392672 -190865920 44337232 -216183808 144250304 -482249984 145501952 334519808 -336702976 19845544 -203660096 -542281728 115733408 -52954320 -151493824 -154421952 -667383.1875 -102573760 110825952 140334912 308340992 209837312 138462592 -363517696 -25946224 -525634048 131254560 -76409984 243469760 -433162752 279566848 -330758400 -152145280 -61610272 
-48176944 113154112 51401296 201549312 -118552128 -15056832 196859904 150480000 -116729216 -76623072 219178880 -298873600 339123968 214567296 182496512 -120183040 564687872 178707904 155591616 -17349440 161235072 236548672 640767488 -120641920 -358179328 123046208 -88113440 304754688 271768576 177277696 -502613760 224797952 369241344 107116928 -28559360 -182896000 143769600 48455920 409969152 -482373888 -267968384 -193098368 86138368 112399104 120062272 -140000192 97218784 234749568 275127552 -326453248 -286623744 -34657152 202282944 -222631680 86737280 159958720 -35555376 -18727424 305099264 -281323520 103891456 -2066240 340929024 -114922400 
-399170560 31740408 -127681728 -832340480 -285677056 -73543808 291439104 340297472 -81326336 -63143936 324683008 -591188992 28260712 189049152 20270064 -60355456 148120896 -160473280 237839616 388050944 163687808 409394432 17911424 131244864 110190848 -437699840 -245050944 -290062592 -219508608 17887872 -284445184 -56851008 434186240 355413760 353744896 200186880 348907520 38949344 3241728 165495744 -85729536 -172335360 111370432 44464720 -195945984 -406387456 -313991168 -107797824 145382848 56248256 166326976 -216216448 -196540416 247763328 258648192 354903040 484433920 17199792 -83347264 154755840 -23655008 97832704 -204194048 172663488 
189558976 138473984 177990912 172082560 138421888 -131380640 -233786752 433034240 104432608 -409609984 -138118272 49941840 33499792 228840960 65022800 -58637808 437663232 336952320 -163770624 -102453024 240664320 69733184 -93681248 177609984 233798912 268894720 399417600 -40546752 -52463744 348253184 329681152 -248426240 8093296 -131029248 -62792432 482835712 99013728 19495520 225257856 -2386592 407913984 -248226624 10214952 121390560 -283366144 -352928768 -319138048 -225543104 267122304 400446720 458884352 -385479424 -31004512 550076416 -258046656 -239628608 90406752 -408968960 -23077520 76430304 -68593184 101551552 -193206016 170145920 
101086048 -73492960 84665536 -34360288 -169377856 -189783424 -383861248 -110742016 55389088 -152269376 -109144704 129291136 -29648528 -358861824 -318034432 335456768 74516544 -262056768 -168982912 74327552 2583680 138688896 -105625280 183332416 55493328 367064064 28949704 -37506736 101197824 -313369600 391707648 -82697216 83759232 217645696 13312064 70702208 61121280 454842880 1366504 35287616 101170432 -515384064 -181596352 29190400 -285195264 -27525808 -222843776 -62182416 12851904 318385664 178619008 -242152448 -38779920 124424704 -363211776 25869472 -385689856 -114916960 -182724736 -263986624 579516416 372362496 -452259072 125084064 
-181335936 185213248 352611072 460220928 263190720 97802336 974192128 30580928 105318848 -127324896 -24493968 123950016 215941440 -101547776 -109587328 -155409920 282633472 -143475776 246151744 149900416 -190696896 330869248 281268736 -298505728 -104576640 -499004672 -331626496 -76340448 -73835456 127548480 -70040576 5890352 -345935872 -181351744 -629922304 -55040032 -327945216 -220393984 155704320 43015680 -363863040 179743808 -35300160 277375744 70624736 -25191712 249559872 -341718784 -178013888 -116560160 110269536 -11135872 -166205312 389154304 -472465408 171307648 -71478272 149954432 59159360 -13208416 -54576976 -33097632 -55787696 -68856192 
306970624 -111246784 -43082192 -29401392 175652672 104833152 63050240 43627744 228206080 203969216 -188924672 448904960 -156687360 57226560 -64595600 45204656 250017280 -21039312 163265920 119627008 -76511744 243305856 236420928 -324757760 111117248 348072960 191515776 95043648 -331320320 311626496 -12853424 -140652352 341414400 -434600704 -372418560 74939904 56141632 119652096 16088048 -52141664 -128544384 -165644800 401649920 134611840 180510080 31000784 175016640 -555939840 236753536 236755776 285683200 -493540096 -95495520 419453184 -244991744 -490156288 -302456576 -79436032 577546240 -242541888 -32429824 135309824 80388800 203038784 
172911744 217348288 -80773568 -282178304 142180672 196538432 144172416 320021248 45532032 -77978784 270444288 223500608 42082400 -126010208 280756736 -83008160 18704712 152844480 -531545600 30856744 -423409664 179139904 -251425280 154428352 -313087488 -298645760 105556608 -218762432 -103510912 -216400832 169448064 -106845088 -205918976 22325512 278635776 -103947488 330920192 99751104 -102898272 -44118576 -115105536 108733792 1912410.5 186112000 55298128 11362954 -4594540 83578048 196741760 -100040736 -66374688 81592288 -44155472 -318517248 -303821312 -193388096 429236480 151129216 -191923904 -99589792 341060096 -108638080 -320932608 103888352 
-318482944 135962112 -99106624 116282496 -26666576 61318864 -177501824 -261338752 165423680 513911296 399847168 476049920 44124800 -165456960 249778304 285640960 -46707360 310669056 -288786176 238320256 -518746112 210894592 113739552 -400850176 160983296 -318738432 101879392 -364367872 285891072 -481067264 265012224 253799744 -484465920 215750272 -290019072 -513267968 48309104 -388073984 167672704 -413900032 39682336 -533711616 -301180160 45493216 -263337152 122645024 -407074816 -44547488 -286956288 96600288 252312384 17808944 -92995488 163975296 -229278016 238360704 106594816 206509568 -394867456 -123043040 103688224 122143872 -575564800 126628896 
-321436160 140409088 -131721696 125616672 78677152 372830720 -325821952 -45207488 -125569696 278330368 135347456 392045824 -196395392 21021376 401120256 -120020512 271485696 -35948736 -218929536 425054208 -322514176 104993280 -90417472 -126745824 133963360 -257949248 -415490048 -337607680 -73273632 -162481216 49390720 -135062016 312114944 301790464 -57251200 173883584 -68993312 29000064 33679200 188210752 -605440 -383570176 -163340544 72026176 -250505536 -167018816 -145944768 -15524208 259189120 -181290496 317387008 -780563968 -16014912 -340029696 -671453696 166667456 -73598848 430737920 192327232 300233216 -128091712 -447408896 322692352 275300096 
-815887360 85614368 -452454656 -108855264 -190805248 299956480 189579328 77527072 504694784 26846080 11557022 379347200 -45429360 148250624 -256497792 395157248 171897792 -259795392 -367911936 381760256 -565038592 91734720 163244416 -206548224 -55706848 5235158 -70665664 485031168 -146041536 -284813312 114551296 218662272 -310569216 -56615472 -476074496 -295084288 109728448 105902720 -485663232 -145891264 145336576 -111326240 -58672992 -67336992 78731904 534641152 -15079216 -364788224 -210254720 39849472 122932768 259857792 -447362304 264026496 -11705614 -75713152 -325099520 -159815872 15411480 161558336 332637696 -65276304 -460632832 111408768 
212029248 534539008 85677440 376521984 -138979712 -71416000 -97635392 127763200 232936768 456850688 -265620416 217835584 -287681024 241748352 -131101024 211934464 13430448 -147451776 179156352 -40506560 172605376 294408448 -36940672 -311025152 229370688 -167001984 197511616 -49669088 -22651376 -136371520 26631888 -594616832 -89378400 44556320 -142777728 314144256 -473714688 5277312 206400128 245994176 329435136 265460992 -68104640 19090792 8532178 -136459328 260413312 -94204736 143504128 349669632 473157632 238495936 213738944 606244352 208907392 98381952 -11789964 -331664896 -2314000 154829248 -240600128 359663616 -491322368 407508736 
252656384 -34137200 221623936 383689472 1249933 -171097344 7231768 49573104 -175581120 -496125184 -134947456 -67874944 -241012224 -365547776 56843392 -299837696 -252212096 43610624 -210284672 -442274304 578941440 33700000 498747136 63853584 187023296 225450944 -386406912 24340760 -358622208 -318185728 3562532 -139956992 -35691728 670113792 -113989088 344697088 26156288 140487488 23469128 251790592 310590720 223754880 -15110676 174830976 704637440 239935488 32688312 -153361280 155337024 29348264 -141638976 -283173888 116099968 -172264576 153894528 -74510464 -262988544 271277312 -72317504 120017216 -373579776 -247991104 81033920 -109212096 
228712512 98305088 200152384 631434240 357444352 54554752 -112631616 45467152 -273376000 119463168 -708466688 -312603136 152129984 -230239168 12783704 235559424 102740416 254462720 198133504 190788352 -219771328 -15400544 510498048 -18081768 156294784 457693952 343105280 -177615680 -213231616 236981504 156257856 265434112 137197440 17795256 -410274048 -302255360 -248702848 -258350848 295116032 -430537984 305119488 -298200832 515096832 646024192 -171913664 193204032 248617408 101008288 -332466176 -30073648 385251840 37888656 -45375248 -346941952 63477760 -263695680 -103980384 20878328 170666816 -139550592 -36827056 376486656 -227024192 -442961408 
-209493952 583866368 -201983552 -2571520 121085792 73928512 -52858304 -493425152 -117479232 382323200 78064128 -231742656 -237670464 94572160 37700016 181527680 -185611648 -283896576 331152640 -305040640 442896896 -95436704 23001552 -306266880 -424355072 18907632 2860816 -215168 289536768 16554832 6187456 -153240000 81364160 119571968 388584192 29862656 -386627584 -307874304 -155469120 -242250880 130088448 325383936 -343912704 33085128 -499101696 134242880 -40379328 23617112 -40794400 317404160 -363649792 158766720 284395264 333093632 14987264 366303232 12505172 -58975280 348004352 -109233216 -326562304 50147184 112165536 296189184 
386250496 -251113280 -81021536 -428531712 -43066112 -195081216 88568832 363224576 -101557376 65662640 56834592 39124192 9717316 -178986432 105747328 -251164416 155642112 100437888 280070400 79104192 279521024 -33553712 -241303936 -258528320 -234089856 97464032 -119051296 55923696 -334969600 -258606976 199085760 -391796736 -211310912 64750096 165888384 -266686848 -19323632 254369408 -191636352 -2959344 191890560 32768176 119725440 -100891392 663649792 170331392 -57716416 -284179968 79904000 491970560 214975104 131600096 -313155584 23695888 83887520 -198262272 9554772 -197724544 -291570688 -570812928 478476800 -29122512 6711320 -30257528 
71240448 410988032 313853696 93387328 -83183008 77775712 -139608896 -55802416 400111872 8671402 -266259200 -455215104 -392900864 -488765952 -330194688 -41906208 -136459072 -241795840 73146400 -324787200 195969088 312590848 495976448 -33048824 119483744 -138660608 -252405440 33972304 -131628224 -23818504 -330925824 -204517632 119420352 27542728 -118548224 69094656 -443449344 421519104 75025504 215261568 50319424 292253440 261164928 223726656 -28342888 -224222656 157099136 -121925792 190056192 -65136096 -176127936 -230095616 446948352 194058688 513993984 350620160 -332260096 494544128 -80341824 407710976 -335164416 113265344 13381520 452973824 
221653568 -465236480 449286912 -158899968 -119732736 404406528 257156480 -255496832 -3674176 63826000 -398110976 136860544 -142497280 -335873024 484123392 28354400 -540893696 -77047072 22554944 70344352 357325056 256688960 -509295872 238302336 -141109376 173625728 23023360 233894656 -124269472 282234368 86467712 -155323520 278054912 -83071808 224204224 535278080 -344736512 -159568832 -382903552 -142060096 197591040 544162304 -155107584 420014848 725786624 61171968 160106880 37647552 -378741760 -62460096 -334208512 303959296 -241713536 -457697536 122544160 306660352 382648832 -189522432 -43251024 11969984 -49184432 94779936 -49553952 -134052096 
300744960 211156416 179213184 351642368 -130237728 155068608 13694934 -6837972 -294256384 224577600 260336576 260493952 -26816224 -173967488 -29341920 305144064 140100096 259848000 64688480 388425216 -67169952 -106687840 194868672 -219444480 94590656 28024720 -326608640 -100800480 -38070032 -369989888 235157888 -59513504 -158727616 270202624 -259830976 -345139968 -207355776 -40469152 -207388480 -12540780 128399488 -481523968 88446368 -19705664 -159132800 116409088 -39021952 -221697344 -494464256 88311872 378558208 103596096 -39477664 -81199904 9093988 -222829568 2758916 258287488 -169541312 -637215232 93468320 -211947968 39272032 15224096 
41173616 -633404928 -151133376 89864768 324843776 235487744 356137984 18271088 245816064 377885952 -312236032 102122112 -39170560 -122452544 147206144 16158816 -117387840 112508480 192884416 301726720 -534137856 88878912 -226165248 307055872 79861280 -359165952 -263362816 -212948224 -375980800 -31492000 -213193984 -256193280 95195968 107688704 15177088 38077760 65247104 -121281920 473527296 75029728 -159468032 21600680 209904320 76335360 458604544 104302976 -200716544 296933888 -303102464 89331456 608909824 -353954304 -136506944 32419184 397509120 190418112 -216035200 -104539872 -70431552 -365739264 309367296 -160401920 -139673792 28802640 
