10 10
-33.250185966492 4.4265221357346 65.513271331787 124.48847579956 1.5585160255432 -96.955916404724 -42.3444647789 64.966923713684 91.14917755127 -120.19201850891 
-119.71980476379 -89.57585144043 -0.58072117716074 -77.81512260437 -47.082654953003 205.51124572754 -102.3536529541 139.5097694397 -150.72422409058 62.409293651581 
-69.364881515503 82.454224586487 -131.81642150879 -26.221086025238 39.177443027496 44.818655014038 173.05222702026 -47.704656600952 -38.226272583008 8.6080560684204 
18.412395954132 -4.766384601593 -62.859261989594 -7.4319775104523 233.88432312012 86.75123500824 -78.294984817505 -98.546943664551 34.892463684082 157.35155105591 
-53.80544757843 24.857511043549 73.965078353882 63.344780921936 -8.2625894546509 -127.88375663757 -47.39935874939 -50.124656200409 121.65020656586 -47.51796579361 
30.499668121338 -117.66941547394 63.025141716003 35.468628406525 -65.313861846924 -152.63652038574 -265.47256469727 -39.573906898499 40.902448654175 37.987057685852 
-116.38554573059 -21.625971317291 -24.837969779968 -154.96765708923 -94.289887428284 241.75653266907 69.87188243866 139.66723442078 -160.51918029785 24.133774280548 
34.023371219635 106.04003715515 -31.500767469406 17.37171125412 26.210232257843 -74.665710449219 118.12155532837 -146.44980621338 15.025121450424 43.634166717529 
-370.02491760254 173.88493347168 -2.8073720932007 131.75851821899 58.955171585083 115.02648353577 57.803241729736 98.752548217773 -90.602533340454 -149.15784645081 
-43.19686126709 -25.571556568146 6.2739706039429 -36.242004871368 -62.95977973938 -67.455702781677 -67.630083084106 5.3190727233887 23.638017177582 -59.070420265198 
