16 16
4612.8686523438 15075.419921875 -12519.805175781 19530.015625 11779.491210938 -4283.1184082031 -17399.73828125 6051.2104492188 30268.3671875 -3524.2160644531 -17317.092773438 4365.1647949219 12156.605957031 21805.56640625 5134.9067382812 2240.8425292969 
36713.5 23767.578125 5576.357421875 -5777.8666992188 13348.737304688 -23261.797851562 -11085.930664062 13175.515136719 -292.30126953125 626.13818359375 -1147.9067382812 -10580.440429688 -18000.068359375 -45940.23828125 -3219.0236816406 -1949.7619628906 
22707.916992188 19154.220703125 22382.766601562 -5700.72265625 20303.592773438 -2831.090637207 -13927.993164062 11542.106445312 -586.82690429688 -2110.391784668 -12322.568359375 -7126.494140625 4987.3542480469 3812.7990112305 22643.41796875 -11323.834960938 
-10531.65234375 -5807.6911621094 -11778.105957031 9542.9326171875 -11570.057617188 -8307.7578125 -7632.5603027344 4234.419921875 17645.006835938 28920.202148438 -20295.211914062 -4136.6740722656 21407.465820312 2624.4821777344 -324.43341064453 6132.478515625 
-5260.8483886719 -21764.8359375 4032.4318847656 -13722.340820312 8076.5146484375 -1028.3223266602 13071.564453125 879.17712402344 -7234.7705078125 -1531.5197753906 24278.52734375 -12177.229492188 19511.0859375 28594.951171875 -9528.6879882812 -5506.6125488281 
-27001.296875 -3323.6454467773 899.63262939453 -17112.55859375 -9943.9897460938 24907.440429688 17463.561523438 -22050.133789062 13456.651367188 33084.8046875 5270.4912109375 3559.2435302734 31375.080078125 -6189.7509765625 -7385.9653320312 27923.573242188 
307.10154724121 -4697.376953125 -179.14624023438 -12168.717285156 20587.576171875 -15969.948730469 -9408.6303710938 -8316.2763671875 -15175.476074219 -3294.4279174805 8903.0668945312 -14716.51953125 -8407.1005859375 -6864.7888183594 -20037.265625 -3752.7225952148 
-8419.7021484375 -15819.80078125 -11273.639160156 33092.564453125 -27655.469726562 13783.138183594 5117.1413574219 3916.9711914062 6668.7990722656 -505.55712890625 11284.259765625 19630.529296875 12300.83984375 8604.4389648438 6186.8125 6767.8388671875 
19062.548828125 -2230.4672851562 30399.056640625 1218.4605712891 32135.107421875 -33428.248046875 -1647.4143371582 24658.643554688 -28093.619140625 -9466.5375976562 -7931.1599121094 241.53860473633 -12960.560546875 -20301.208984375 -24079.978515625 -36494.0390625 
5794.2180175781 -1840.2779846191 7630.3439941406 3543.1794433594 11319.826660156 -10140.759277344 11706.224609375 -1387.4217834473 1669.367401123 -13728.533691406 11037.575195312 13494.279785156 2463.0157470703 -7272.1918945312 -19892.639648438 2503.7795410156 
-3385.9997558594 11617.225585938 -5942.3203125 -11161.12109375 14131.694335938 -11928.280273438 221.23388671875 -12837.686035156 13668.263183594 5634.4592285156 -3702.8069458008 476.37548828125 3253.7730712891 -10580.041992188 -19837.958984375 20532.454101562 
-17949.940429688 -2111.38671875 -24781.099609375 26289.6171875 -21495.9296875 -12783.426269531 18542.27734375 871.32623291016 6227.0986328125 -6708.9890136719 -261.60485839844 34563.072265625 3049.2126464844 29142.13671875 -6078.5461425781 33364.60546875 
-1103.6664428711 -768.40576171875 -24566.609375 21722.208984375 -14514.150878906 1251.0674133301 -11420.634765625 -6566.7380371094 3763.1398925781 -29110.037109375 -5353.0864257812 27159.631835938 -47714.72265625 12407.527832031 12411.887207031 -3858.9116210938 
-6936.7575683594 -10.6962890625 -8543.1381835938 -6400.0900878906 19487.880859375 -16312.594726562 -14481.830566406 4384.3305664062 -7041.1442871094 6173.4116210938 -10622.956054688 166.21356201172 -28946.962890625 7591.8525390625 -17258.642578125 -16043.603515625 
10827.552246094 10497.506835938 -8725.0087890625 -963.13754272461 -1091.1817626953 -6331.3637695312 -9055.6391601562 16429.702148438 -11751.884765625 -14517.026367188 -33133.27734375 -7634.115234375 -16678.319335938 22872.475585938 1471.8428344727 -14132.231933594 
-21671.31640625 -17615.30859375 -29325.032226562 719.87426757812 -19228.943359375 12938.641601562 7229.1357421875 -10597.862792969 -12538.884277344 -15146.987304688 8042.2758789062 8113.8911132812 -11374.143066406 45695.4453125 -6820.1364746094 15194.25 
