16 16
-1.8524831533432 2.3935220837593 -0.74014604464173 -1.9158655405045 0.96655220538378 2.887893691659 -0.21422017924488 -2.2939038723707 3.137994363904 -0.32800928130746 1.4175633788109 -0.84842324629426 0.56979716196656 -1.0810749232769 0.024607500061393 3.8448228538036 
1.0530038177967 -0.72544055432081 -1.2274398729205 -1.4955350980163 -1.9532916396856 -2.8412647545338 -1.2725205272436 2.2153937667608 -1.4973444789648 1.6614678800106 -0.36145973950624 -0.3607396222651 -2.032437056303 -0.46066868305206 -1.6430543810129 -0.40157058089972 
0.78536202013493 -0.28533754311502 -0.56230217590928 -1.0695392638445 -2.2401420027018 -1.8356500640512 -1.3627426326275 2.1440571248531 -1.6330707594752 0.72482676059008 -1.0694275423884 0.29638269543648 -1.0442836806178 -2.6439497619867 -0.64767837896943 -1.0861131325364 
-0.71259616687894 0.34009593352675 2.4135615974665 1.1340960636735 0.42092902958393 2.1703927367926 -0.30161155387759 -1.0931177735329 1.2047260850668 -1.9666403383017 -1.2727865949273 -0.49842732772231 2.7272310107946 -0.29634962417185 2.0156300514936 -1.0716048628092 
0.58336813747883 0.47629837319255 -1.1368995830417 -1.7767407074571 -1.277625888586 -1.1254796385765 -1.6877399906516 0.23101496510208 -1.1962678357959 1.1126759499311 -2.2836769521236 -2.3872118890285 -1.0267653316259 -0.064904214814305 -0.81464762240648 1.188767246902 
1.3558092713356 -0.14395833667368 -0.098035613074899 -1.0001490041614 -2.4195577502251 -0.58253996819258 -2.399250254035 0.53584425151348 -0.056316258851439 -0.085873736068606 0.99031941592693 -1.54791983217 -0.51983850076795 0.46563778445125 -0.79256247356534 -0.75523461773992 
-0.38133466802537 -0.28684003651142 2.2333066761494 -0.80985644459724 -1.7756332308054 1.1886470541358 2.0681376606226 -2.8439023643732 1.6722016558051 -1.0573875531554 -0.10791080677882 -1.7528807893395 -0.82062830775976 -0.46713889017701 -0.27598259411752 1.4116460010409 
0.76529656350613 -1.9317818582058 -1.1375079602003 0.33345992863178 2.1569427847862 1.1778410226107 0.98434349894524 -0.2332620723173 0.7353770211339 0.081266764551401 0.2442405410111 -0.16682754270732 0.49538348428905 2.2834511399269 0.7894262522459 -0.75190287828445 
-0.0083646588027477 0.87262031435966 -1.1613354533911 -2.4460912048817 -0.87729965895414 0.61632253974676 0.75851811468601 -0.029935300350189 1.0406909510493 -0.65895677730441 2.2047429233789 -0.24604015704244 -0.92963649332523 -1.8302475363016 -0.34403007663786 1.3858295679092 
1.8039748445153 0.0094529138877988 1.2545997351408 0.44331528432667 -0.19690415263176 -0.67996544390917 -0.82894290238619 -1.1401426717639 0.60609618201852 -2.5818300247192 0.0081451386213303 -1.0133462026715 1.9996900856495 -0.024378017522395 0.67825884371996 -2.1807613223791 
0.15533418022096 1.067485883832 0.89587977901101 -0.13042732141912 -1.0269915908575 -0.12479387037456 1.9328957796097 0.59358203783631 -2.3108854740858 0.0099480971693993 -1.4947651252151 3.3433748036623 -0.73785641044378 -1.0755304396152 -1.0666279345751 2.2534545361996 
0.1739527285099 -1.6447124630213 -1.2662465646863 0.60445082560182 1.2784172818065 -0.78623050451279 -0.69951831549406 2.1582938879728 -1.9280931055546 3.2768075913191 -0.88818731158972 -0.71405086666346 -1.6169090718031 0.81463431194425 -0.56394755095243 -0.32913061603904 
2.1638593524694 -1.6285253167152 0.53765587136149 -1.9010573029518 -1.3579502701759 -1.0266284346581 0.10998743399978 0.56652507185936 -1.517336063087 0.19366780668497 -0.74515969306231 -0.51298773288727 -0.25504221953452 0.60170720890164 -1.4822425991297 -0.22640569135547 
0.36890323087573 2.2744662761688 1.5421031266451 1.5808486044407 -0.061814417131245 -1.0173974856734 0.3921259790659 -0.033368194010109 -1.4117296263576 -0.94425071775913 0.23547558858991 0.89452399685979 -0.44071287475526 1.3953161463141 -0.51641547679901 1.3817836940289 
-0.14173677563667 0.89090375602245 0.84771893173456 1.3924372568727 -0.046971946954727 -1.3072828054428 -2.0393013805151 1.069293640554 -0.26177441515028 1.4407490044832 1.7511464506388 -1.3023841455579 -2.2557341605425 0.35727224126458 -0.48153308033943 0.14737537875772 
-0.79893436655402 -0.76626915484667 -0.3301368188113 0.35896767862141 -1.2074606642127 -0.13634202629328 0.34283511713147 0.34300858527422 -0.05774057097733 0.64043168351054 -1.1174564212561 0.053709793835878 0.46107428893447 -4.1146476268768 -0.65832284465432 0.97284688800573 
