10 10
4962.7077636719 5491.0512695312 -15423.5390625 -578.49180603027 11692.040039062 2870.3988647461 3753.4260864258 -366.98599243164 -7589.7197265625 5469.1154785156 
2044.3467102051 -9824.9663085938 2250.0002441406 16068.861328125 -16184.646972656 -14530.153320312 22249.928710938 -16242.540039062 4922.30859375 -23517.55078125 
-9199.734375 1507.2620239258 -9075.2431640625 -19027.442382812 10098.612792969 13710.107910156 4053.5522460938 6600.6098632812 -17567.729492188 -1687.9073486328 
-6877.0183105469 7890.0021972656 11643.166503906 -664.00433349609 -165.09698486328 -4115.4782714844 -16423.856445312 -12761.795898438 -5747.7053222656 15007.850585938 
6203.0786132812 2105.0505981445 -7408.5131835938 -7237.7307128906 -578.78645324707 -3592.0990600586 12918.2265625 -3160.1586914062 -5763.2368164062 293.61721801758 
4939.1291503906 -2286.4309692383 4549.1850585938 -7898.3801269531 -6379.7863769531 -3181.9838867188 14728.384277344 1015.3020629883 -9252.4248046875 -15006.2265625 
-2734.0992431641 7060.0407714844 -4289.4367675781 103.42504882812 14648.270507812 2751.540222168 -3734.33203125 -876.14013671875 -3211.8150634766 10579.373535156 
-7577.595703125 -9825.7133789062 2210.797668457 22360.733398438 -5863.7868652344 -5552.5212402344 -3036.715637207 -15433.776855469 27336.814453125 -14545.94921875 
-3307.8557739258 -4819.1220703125 -5124.7072753906 -10877.811523438 15215.576171875 12187.579101562 3733.6369628906 10027.221191406 13330.091308594 6625.6447753906 
14692.877441406 -5285.0654296875 4215.8840332031 -15959.456054688 -3282.6246948242 -795.71263122559 9304.5073242188 11725.346191406 9029.7026367188 -1106.5797119141 
