64 64
-995223.75 371963.53125 1933062 -1706488.5 2128922 -1178881.25 -154336.4375 -3332849.5 -655460 761973.25 2397718 3066571 -4051491 -307739.6875 681536.25 1106668.75 937762.6875 -4150264 -4003459 -1292708.5 -2571330.5 -2125029 3097595 1698842 5442227 -4411709 1202631 -2720100.5 -378659.3125 5222036 -3530793 -84913.75 -536003.875 28905.59375 -564440.875 1409573.25 63436.875 1905598.5 4330479 5395672 -1891760.5 -2529938.5 1315846 -1710335.5 -4538016 11574.625 -3162064.5 359209 -2249670.5 1784645.5 720005.125 1465751.25 2609080.5 1326354.5 -809123.5 2662204 -4025845 -542623.875 747271.375 1206693 -123370.5625 -1222215 2143297.5 -706246.1875 
-81002.390625 847463.75 1793713.75 -3227537 3122285.5 4620792 2008093.75 2207252 1320693.25 3020863.5 2585399 2144728.5 -5500601 3185140 696827.4375 -3607943 1095382.75 392133.125 -1986884.75 -420187.75 -2436389.5 1921015 -867235.25 2133669.5 -2980819 933891.8125 -4797762 -2745535 -2611260.5 -4448509 1170208.5 2083649.5 -4899518 -1603854 -1206641.25 844330.4375 461186.90625 1578887.25 201624.609375 38589.96875 1255891 3228049.5 -1710091.5 3282114 443027.25 -841360.6875 984109.0625 -1676874 5109594 2974010.5 -263002.5625 -636943.25 2039072.5 -1624415.25 -1695742.75 -2550313.5 4133099.5 3636485 -359843.125 1032492.25 -2159205 -1384838.25 -3897555.5 5651025 
134376.5625 -1869449.5 -4298008 1227481.5 -983650.375 -3285516 -1329927.25 303072.1875 5917520 -730452.4375 -212369.5 354921.09375 -4316037 -1152635.5 -421067.5 1444044.25 4221500 1284745.5 1210314.25 -57053.9375 4606232 -2309553.5 -586158.9375 110913.75 563406.625 2295216 -4791484 -4363125 55626.8125 1798694.75 200642.5 -19245.0625 -1596022.5 -4672287 4074111 -371614.65625 1259631 -603109.5625 1529030.75 -2121352 -3987794 359367.3125 -1898394.75 -2367965.5 -2956586.5 -2409452.5 -555737.5 -2881776.5 -5265854 -1617170 2279462.5 -3894793.5 -2890205 1165335 -5953515 917916.6875 -2993723.5 2002484.25 -62182.9375 2821152.5 -77936 -1126526.5 2875350.5 -2215751 
-1231356.75 3794731.5 -66460.3125 2213712 7472313 -1524852.75 2141657.5 -3802340 -646138.125 -453470.59375 3423255 4440705 -3518853.5 -301927.1875 -2721733.5 1384455 -2484881 3403170.5 464996.65625 1332178.75 -1395377.5 2339789.5 3504531 795985.375 -2430248 3169262.5 -1978139.75 3149645 -2162259.5 3768408 1995212.75 -2186113 -3213712.5 -199315.734375 4998867 1711798 -2972962.5 -4277789 -2263554.5 -149877.1875 1399552 -4327787 -2096553 -2822015.5 52237.6875 -467709.75 -1713533.5 -1362461.25 -828667.375 1784881.5 252848.375 -388685.09375 -3704029 -6411945 -1880882 668168.8125 2497244 4200196 -1181553.75 2865239.5 540551.9375 -2904877.5 -2287853 -3588648 
-551352.625 -2841493 -5156027 1492380.25 510168.5625 1410455.75 3259467 -7690.03125 -2750847 1369945.5 -3341286 -709021.3125 3864178.5 -1508294.25 3797447 4658789 -1175207 -147746.28125 294670.90625 -4160128.5 1953917.75 1391684.5 -2405399.5 164407.6875 -4159800 -1222042 5653706 1853004.75 1140893.75 -6180890 276706.71875 -2483041 -928072.4375 1126058 595068.875 -349163 -3572686.5 260842.859375 3784392 -1308055 -180150.53125 -3736081.5 460748.375 -2036116.75 -1310499 4404783 4371971 -1528016.25 3700848.5 -64310.25 1722614.5 -1210668 27650.046875 -3254085 -1960352 -1628455.75 -1566072.5 -1867486.5 1574540.75 -3381197.5 -3607180.5 2051661.5 -2276009.5 2336165.5 
-334083.65625 -425749.4375 -2684262 26288.9375 2544378 889165.75 -527171.875 -289057.3125 -3270305 1425424 -697866.9375 2704936 -460913.3125 -2669833 5494385 -229879.1875 -2142766.5 565472.5 383680.6875 -23094.75 -4242937 183831.125 4597513 -239028.875 -2204332.5 -1251991.5 -5204164 1652955.75 1075991.5 552042 -2510368 -5248621 -314084.625 810210.75 -3894673.5 2331132 1935460.5 -791060.5625 1633230 689520.125 -2420784 4518455 -542423.3125 -2004828.5 3630247.5 845366.0625 594739.75 -3571357.5 -2754320.5 1065737.5 500417.65625 3625860 2151789 662983.5 -2081470.25 1924061 4469017 5997475 -493237.0625 1981612 6245461 -1002193.75 974908 -6163770 
5837412 3460139 -262431.78125 1112206.75 6061674 -2945126 2218467 1140940.75 718915.25 1149937 -1512794.5 -1117768 4436650 -77325.90625 7788146 6231050 -2386452.5 -1812494 202813.6875 -3938193.5 1545421.75 -3669897.5 -2723830 2825953 292512.625 1388150.25 3386999 -3379909 5221142 -3183190 107264.203125 2117635 -4004002.5 -2207623 4089825.5 -895270.9375 3383650.5 1079478 -4250609 -301769.59375 1901525 1470286.25 1068445 -299761.96875 -2035436.75 5209129 2293577 -2263086.5 -545023 -3443423.5 -4740030 1242457.25 -672282.5 303962.8125 -47723.044921875 4957312 2487281 1086518.25 -62526.671875 -3791295.5 -700801.5625 -5993529 1968863 3574736.5 
-94268.28125 -1389734.5 5874547 -2646682.5 2898505.5 1823682.5 -225996.46875 4372109 2493673.5 -1564550.25 -1312074 650568.75 -29832.09375 1529208 2134382 -3646235 -2842519 -2655674 -2231136 2141758 -1319787.75 1257027 1491516.25 -1548847.5 804112.4375 5746061 1750430.5 -2285104.5 522373.65625 1623808.25 -2092228.75 2269463 -4970867 -68966.40625 -428523.25 633774.1875 1131540.75 220607.09375 2650347 -3769201 1497763.5 2498921.5 -422158.4375 174026.0625 -2331217.5 -5818184 907172.5 -3501196.5 386518.34375 1927206.25 -2241398.5 623751.375 -747457.875 492242.4375 2517482.5 108897.359375 1802790.75 5957808 58772.90625 2964935.5 3456211 934037.1875 -342864.4375 -2125073 
2363094 1545727.75 489815.8125 61810.3125 -2301255.5 -268352.8125 -1503128 -898861.375 -434645.9375 46080.03125 -3835317.5 285730.15625 3710742.5 -3791542 6224121 6257347 -2422152.5 -1422067.5 -890536.375 368312.6875 615664.125 497875.34375 802344.8125 1514046.5 2756384.5 4108084.5 8097356 1858129.5 5417310 -3130220.5 -2200565 -1464408.75 1725935 448663.65625 -2094807 3070971.5 7050497 280815.28125 -2446624.5 3855117.5 6412705 554145.8125 4263675 -978407.5 5426331 965101.625 4782914 4591624 2522059 937674.125 -4656366 1262498.75 -1035190.875 -4851283 2551790.5 -2247123 -448065.78125 -3232844.5 4704434 -3501492 -609246.9375 1280724.75 -3116824 1830416.5 
855179.5625 14639.421875 2464367 -1396769.75 642583.375 3495235.5 1001142.875 -4161563 1051126.75 5302760 882393.625 1648437.5 -891236.9375 1339741.25 153881.015625 -957256.875 1058336.5 -3381225.5 -385168.34375 -2197127 -2078139.75 648531.625 2359353.5 -378726.46875 -351158.53125 -823473.0625 2624807.5 1385932.25 -3153529.5 -1677390.75 -4836239 3956567.5 1527363 4820590 -3711231.5 -655097.5 -1808962 2196192 1449931 2406819 255684.40625 -495265.59375 1580093 5330270 305700.9375 -3767005 604584.75 566278.125 -506048.90625 4629302 -30789.796875 4464256 1794685.5 -2762800.5 973284.25 -1358020 1781353.5 3781239 2756033 -2182759 2792111 -1495142 -6938653 2642032 
-243611.203125 2317028.5 2621186 818104.8125 -110874.2421875 -374978.21875 -4761733 4782074 -1214892 -1203280 -2461807 -559230.6875 2533303 -1373417.5 -1470040.25 2458953 -5943878 3475342 619454.5 1929269.25 -185517.015625 -4892002 -3060214 2733796 -688501.75 2606310.5 -3747029 -1041384.9375 2667543.5 -902067.625 5410698 -340622.40625 -2434868.5 -1666252.5 3222740.5 -4697017 1628522.75 -4694283 -4318821 898063.3125 3271434.5 4686932 -341896.875 -3844007 37109.578125 -2404724.5 -3798283 3251642.5 2473327 -743735.8125 -417617.0625 2768904 -3419959.5 -3428530 -672748.5 -40326.953125 1630777 610193.875 -3596010 -3373305 -841971.375 -860655.75 210080.796875 298437.53125 
128633.03125 2941878 784833.8125 -2707011 3834806 -422476.09375 -3075813 2970923 -3489086 1045807.875 3432165 -3285710.5 -3377315 -489367.46875 400453.6875 3811807 -1819567.75 1010113.875 -2207584.5 -641668.625 671828.375 3426092.5 -4236920 1756402.25 -3307555 119726.046875 -2005294 -3883986 -5306857 -3871244 2327453 675127.5 1448872.75 1458521.25 401097.96875 -2567422 -1874053 -4699581 -2208597 -2894640.5 3583598 -710278.1875 -1196356.5 1709153.75 -1223584.5 1706433.5 -154294.1875 59344.544921875 -3810836.5 3255110.5 -1399990 -3053936.5 1131064 -2586239 -418347.3125 16980.65625 3476140 4707996 396855.25 -2036443.75 -1288413 -3106199 -4814783 -3204710 
3000595 3986556.5 -1503043.5 -2707034.5 -826760.5 56908.8046875 -1094126.25 353968.625 2306222 1092320.75 -5979525 2671790.5 -2084632 -3851443 582877.125 1274842 -5036307 -2078201.25 -3350570.5 -5655507 666236.75 -740370.875 1113395.75 6594450 -962071.3125 -3192723.5 -2519881 -584618.8125 -79759.8125 -3349388.5 -553411.25 -3273610 -737131.4375 -817706.375 -2489476.5 802032.5 751700.9375 -3376214.5 -3101907.5 395063 1355510.5 69035.71875 -2922742.5 -2504983.5 -876661.125 26535.65625 -4547837 -1127492.75 -241416.3125 -1703684.25 -700070.5 -2859471 2692075 8849.2568359375 529119.25 -3914118 1526920.75 1025757.4375 1822891 -5079165 3223992 -2820858 12972.15625 -1243516.5 
-859269.0625 4735532 -2464101 5201299 3303417.5 3271879 -521319.28125 -628700.1875 1313538.5 -1178785 2463555.5 1515325.5 -2301800 -4572036 1359153.5 2943379.5 -64693.1015625 -308461.28125 -790576.75 -548764.75 -2093461.5 -4551059 -2717138 -260631.125 -3288913 2917143.5 -297661.65625 -519939.75 5165477 2978336 718762 -115713.15625 -2964717 389045.625 4569341 -2733656 -573486.5 -2742403 532013.0625 1978039.5 -1998366.75 7027607 -104130.375 -1476778 -691125.75 2605932 806336.3125 -2951104.5 3174222 2869188 -699247.125 -1023761.5 400503.65625 -8513434 103594.46875 1701358 -5835547 -1509016.5 32338.53125 1941503 -2581711 -3377802 1612322 2387879 
1807412.5 2048837 -1720222 -3595263 -351553.125 446406.8125 1910148.5 2739121 -2888035.5 3371277.5 -368056.34375 -171258.28125 -2381059 -3110257 -5826347 -1589688.75 4714242 -1142868.5 -2592308.5 -1816854.75 346726.5625 633371.125 135976.3125 -3216481.5 2454771 -1456233.75 -5286890 4853454 -3305429.5 768289.5625 -5008050 -2032496.5 3233941 -923031.375 -3478296.5 3621205.5 223960.125 921831.25 3556555 -1152753.25 -334964.3125 -3778640 663020.1875 478687.6875 -2718606 4667834 -24655.625 3069666 -913329.4375 3013031 -969837.125 -3780436 706921.3125 1779720.25 2118620.5 -2033260 -169013.28125 -1590749.75 1116476.75 238191.109375 -530927.375 2022.904296875 2340757 -2606653 
-2954346 1480416.25 -5382586 762006.125 -1578452.5 -514149.46875 2243915 4134019.5 -3708451.5 -690626.875 3930544.5 -869231.0625 2429845.5 -4450737 3405492 -3050571 -2702015 -2557687 -540380.4375 -2447490 -1052833 3292857.5 -185803.84375 -4440351 -3915576 -3519422 2534322.5 5022151 -2194642.5 -1254670 3248479.5 -3069781.5 -3506260.5 332637.9375 -823623.125 162949.4375 -495218.375 -2097100.25 3465657.5 478034.65625 449474.9375 -3610950 561011.875 -3176722.5 528584.8125 615994.6875 6977267 21570.653320312 746042.5625 -1916441.25 -34027.875 -737360.375 -3666710.5 -744645 -921645.8125 -5507783 -2411128 -2000657.75 1673531 3028390.5 1138372.75 1744130.5 1579351.25 -2858133.5 
7256507 2622192.5 -509299.875 -1907835.75 3069883.5 -2362547.5 -2048925 -683899.0625 3798384 1240231.5 -4365013 -18607.625 182483.578125 3522938.5 -1411570.75 1520364.25 -720898.6875 -2407423.5 882416.375 818777.5625 2289677 -1864720.5 237309.75 1662053.75 -887682 -2189615.5 -1044612.9375 -557490.375 -3680214 1867266.75 -1543088.75 4318334 1281136.5 -3193439 2889304 -472126.40625 -6301936 4036973.5 563029.9375 -2031254 -2604184.5 -1178866.75 -1658937 2049065.25 -4337783 331447.375 312035.9375 -952542.8125 -3372611 88538.5390625 494256.5 4216007 1987340 1482228.25 1593284.5 -12576.296875 -2584941 50665.703125 -3753041 526138.875 -55334.21875 -2446919 4139437 -2453810 
-1632852 -1733717.25 -1689132.5 739721.375 1025429.8125 839126.5625 162858.34375 -200.53125 -3617683.5 1856071 -372598.25 258069.015625 1173515.5 3797426 3153624.5 -3398121 -1864133.25 -428825.9375 2364459.5 696713.875 687479.375 -10813.71875 -424800.875 -611907.75 2601562 -1786928.5 2461120 4155308.5 -4874153 -797733.9375 2309823.5 -717341 1302706.25 2671304 -814774.625 -1452304.75 -3540235 -2076556.75 -655437.75 2582252.5 -502178.40625 -2161387.5 -4407411 -629586.5625 -1459626.25 -2820804 -1033539.75 -78489 1574632.5 -3236205.5 -180191.390625 2744080 -1659092.25 2064498.5 524678.8125 -3751517 -802883.375 -454185.59375 1168377.75 1300123.25 1764773.5 3742968 -1263660.5 1388916.75 
-1292088 -2488429 -3022640.5 3496006.5 2004598.5 337612.875 2030153 -1388158 -2005614 1568187.25 -2112264.5 -3006920.5 1733142 3935649.5 1651233.25 -1966710 -4849358 -1598751.5 2692847 -1110175 4657194 2106325 -517473.40625 -250023.828125 38219.42578125 -2841568 3307349 966851.0625 1019217 3047658 -1135916.75 -1760874.75 5196007 4264598 130872.09375 -5997510 -3447115 -566931.8125 957871.125 3392390 -2485265.5 -3644670.5 -1858004.5 -599298.875 4262611 701939.375 -708210.5625 -1698815 676091 -379385.03125 716993.9375 2875784.5 -530393.75 1920214.25 -1947591.75 -2215182.5 -2665052 173509.6875 -2351557 996427.1875 4394128 691606.375 761695.9375 -4695495 
713004.5 -278975.75 778195.5 -3102073 2042767 3056211.5 5764930 313769.125 -171046.34375 4222956 2166600.5 3869075.5 -530261.3125 -238245.8125 1542110 -2054404.25 -4046457.5 -5652181 -2133057 -1929459 -81017.3125 -1442558.5 3501567 2110703.5 1077026 273651.875 2553086.5 -5503984 4564701 -199966.03125 1288452 2281806.5 -1163649.75 2814380 881892.125 1650980.25 -1734849.5 -1994202 923712.6875 2085877.5 1275498 1330741 -888260.875 -3520943 -542600 -398837.9375 -884267.8125 -2294004 5417126 1654038.25 -301308.9375 3624502.5 675145 -3063536 -1061868.5 3605983.5 2713629.5 810933.9375 1132158.75 -3561412 3677095 -2651846.5 3321381.5 1471861.25 
-3582531 -2342944.5 -3714668 1913473.5 -2357608 -2593905 -522875.375 -2043469.5 -4071919.5 -529645.375 -867745.25 4125830 1585630 -542015.4375 3720814 -656741.625 -468805.71875 -2043096.25 173322.28125 -423960 396404.3125 665428.875 967574.5625 -1568581.25 976603.5 -3336410.5 1823668.75 748480.9375 5464108 5529710 -600373.375 596981.1875 4521526 2513671.5 -1403468.25 733155.75 -4197535 -1640124.25 1766524.5 3322331.5 -3407716 6926214 1549046.75 -1561743 -915901.125 1234892.25 287317.53125 -1794356.75 -3535965.5 -5069386 6399988 53575.8125 1892468 1632927.75 -40887.46875 6051873 -1925077.25 2781359 1270804.5 2455905 -2062047.5 3043562.5 3548312 717274.125 
5769196 1274927.5 -879582.8125 916507.75 -1644975 4008071.5 354595 -1530874.25 1340042 1401826.75 4011406 1146669.75 2777904.5 -2237960.5 -2470205 -357308.34375 711031.3125 -666760.25 2672686.5 539386.625 -1348814.25 -731593.75 626620.375 -2249365 -7553909 -3691252.5 2615995 935477.5 671979.4375 3129149 2282132.5 2280064 638189.625 2325234 -1921093.25 -5155710 -1282296 187625.109375 3904761 -42044.0546875 1840174.25 -439391.03125 1513675.25 7562996 3840058 -991832.625 1244399.5 2471089 3237818 1487102.5 -394032.59375 -1014583.75 7960196 1338238.75 -2700780.5 3536618.5 -1154286 -990236.75 -2824835.5 784652.375 -1323143.5 -3272611 -2020202 723167.1875 
-1028448.75 -3716921 1809128.25 764202.0625 -977173 -1751387.25 -1819926.75 1527241 -2666395 -1938043.75 -1552496 -2060896.25 1038339 3374390.5 489958.90625 -292157.75 -1303214 496242.0625 -34897.96875 3591589.5 1989247.25 3026973 -2595052.5 711108.5 917688.375 -1257998 -4277590 -3452549.5 -361891 -2970030 3173366 -2077550 -1224373.5 -2861861.5 3757998.5 3486598.5 -1212379.75 2744766.5 4774417 -1480252.25 513902.28125 4325443 -97308.375 232918.84375 3917208 -529334.375 -618190 -725560.125 1834393 -1297329.25 2423265.5 -672929.125 -1864164.25 3313957 -2416522.5 105045.1875 1618458.75 -478487.75 610339.3125 -182829.90625 -2630538.5 -2550277.5 4163196.5 1602228 
-1320560 1927456.75 3828270 -3730737.5 7194358 -871912.875 3252217.5 -2002874.25 1979412.75 -3290797 588572.625 1818844.25 -8222762 -336960.1875 -2465632 -111341.90625 918479.4375 3136959 -3803189 7827586 -4257074 -713489.4375 3999500 -188690.375 2441518 194908.59375 -2758260 -3328047.5 -4478417 1858180.75 4197214 28508.125 3502458 -2198672 2660597 -1234955 1349706.75 -1113828 5620185 6617965 5046424 5353090 4313571 2187825 1446781.75 -619926 -5546676 -1725349.5 2559150.5 5157323 1868407 -4033705 1353067.75 -3392150 -4451359 2990050 -2455470.5 3012751.5 -6121821 1927911 -6162841 5107099 1355595 2065817.5 
625686.125 176266.3125 -291726.1875 401302.6875 -943480.75 -1481710 -1151438.75 -1259114.75 218211.875 -341727.3125 -1323649 2164057.5 -3757823.5 674542.5 1968350 4343553 -2171538 2085379 1278239 -1719552 788054.9375 -1417861.5 1099790 463535.6875 -1575970.5 1721823 -5537402 -1975955.75 5844412 5489471 980989.4375 -2833620.5 807611.9375 1413890.5 545793.125 1206238.75 -517956.8125 -1157116.75 -3108935 -2081099 -3255908 952260.0625 -2583239 -2621621.5 1435909.25 1780561.5 -3092716 -128357.2578125 -6670799 -2634928 3143072.5 -4315219 1108571 -2601863.5 -3420327 1830124.25 -880557.8125 621224.375 2948711 -1503145.5 -1040551.1875 -507173.75 1829625 -1940726.5 
3967070.5 80042.75 3722287 1542722.75 1060407 1368674 597988.625 2498782.5 -504245.25 -1230180.5 3903197.5 -1106288.25 5587250 -1971359.75 2362026.5 1554468.75 827520.625 -4584181 1287853 3690427 -1012611.625 -514917.3125 -1809003.25 574561.3125 -885385.5 -2243411.5 4103156 -4324345 -695316.4375 -2431231.5 3716437.5 4456914 -4469241 -1444441.75 2905459 -2288757.5 2658895.5 2005715.5 3496905.5 -1376393.5 2981268.5 1023713.5625 5241247 1117983.25 1713160.25 -1455715.5 5856596 439973.96875 3181653.5 1236915.25 -4713186 2049013.75 816889.375 2549830 -528039.75 6141461 -3911385 -3474995 644534 1556386.5 156563.0625 -1442392.25 1292778.75 -2962581 
1015536.75 -4678100 1375865.75 -67533.4375 1442202.75 1464346 1287894.5 4607424 -2344574.5 -1824457 3123614 1122028.25 -127522.09375 -2026758.5 2108296 -948446.375 -2482518.5 -2585507.5 -5215094 3517261.5 506201.9375 -629771.875 1706503.5 -1812970.5 532240.6875 -368471.25 204580.421875 -2694639 -73379.328125 -722619.75 757267.875 -2468626 -1481903.25 -5639360 1147716.75 220191.296875 -436966.125 273876 1123012.25 3633935 -864901.875 1242391.5 6955463 -101449.2265625 -259959.625 -1829486.75 -242565.15625 1290171.75 2515197 -1419531.75 -382296.96875 827554.125 2332379.5 -1022501.3125 -914598.3125 2231529.5 -1248363 530879.125 -3168200.5 2242488 -2892558.5 -3307437 3592311.5 -1605955.75 
656286.875 1105245.25 -3757406.5 1491163.5 -2130816 -1301719.75 -9562.25 -2667688 -2710072 2718425 251044.046875 771516.8125 175873.8125 -2128304.5 1124184 -5396160 1528558.5 -1958436.5 -1331255 -2833800 -290285.34375 2098049.5 -1298000.25 5542395 -983659.75 -1298407.5 1087926.5 3733120.5 -1143387.5 -2725612 4578154 -5522490 6078971 5144190 -836532 -346532.65625 -1350102.25 -4846580 -3947170 3720418.5 1397338.25 1106097 -3078257 -5175942 5605031 3481444 313030.53125 2635217.5 2746274.5 -201228.09375 -1305902 -855565.375 -78433.8203125 -4716399 -3418867.5 -5703342 2226704.5 -324972.125 2446010.5 2807095 -1840365 -149702.375 -2611579.5 639662 
4119352.5 -2614826.5 -3728792.5 1034838.1875 -2350286 -1570468.5 -5926084 -3093762 2402624.5 1292142.75 -1811662.75 -193171.578125 3879859.5 758859.625 -1532106 215410.875 2048492.75 224068 6041159 798148.8125 -1885181.25 -3461198.5 -1905552.5 2418993.5 1272387 -757837.1875 306984.71875 589983.625 -3378723.5 -2687277.5 691569 -2370542.5 8907138 4201108 1221112 1603827 -1333275.5 -782338.4375 -3924135.5 -3284598 -1370257.25 707593.6875 -1805395 -2137181 -2796215 3538367.5 1328889.75 -28329.025390625 -313381.21875 -1051981.25 -2399766 3045666 36650.8203125 1880859.25 -158710.46875 2097777.5 -1835652.25 -1324685.5 1138810.5 -113667.4375 2404003.5 -249238.578125 -1059571 -1247465 
-247268.5 1741800.5 1370800.25 -3015500.5 2484042 269867.3125 -2619494.5 -3926298.5 1876128.75 4091154.5 2433474.5 4073137 -5651096 -4750102 1223806 2667149.5 -1891216.75 -172250.96875 -1613547 -1404478.25 769597.8125 3937656.5 1527971.5 4457904 -1069901 1013955.375 931335 3714997.5 2317644.5 -801303.125 2569499.5 2121819.5 3666277.5 1223679.5 225667.28125 41689.75 -1074456.75 -1142699.75 1241530.5 7070174 4449026 125506.6953125 -632221.625 -857076.375 7042266 -1573746.75 -1687813.5 -217296.78125 3533244 1391751.5 -4630758 -1110048.5 232344.8125 -1702983.25 2787676 -1485981.25 3960410 -1261804.75 5428756 -1885554.25 -1165262.25 4749659 -6759907 -316630.96875 
-1095619.5 822307.5 -2493459.5 1880608 662665.6875 -452870.9375 -2585880 629029.75 -859687.1875 -3925402.5 -117653.25 206193.65625 -1890939.25 3240978 -2019187.5 7635026 -2983604 3441497.5 6577784 -1532913 1951728.75 -1578719.75 1002950.125 -3666123.5 -45877.8359375 2861409 -2119510.5 -3121231.5 3481704 2374412 -1068089.25 3246440.5 1035574.875 -350544.53125 1005840.0625 548451.3125 -1918095.5 -3203293 606882.75 -3554081.5 3949061.5 -403677.71875 -1153698.25 1073263.25 -3649273.5 723494.1875 -601234.3125 2437702 267838.90625 -2579501.5 4475632 -3018442.5 -2146744.5 2196574 926129.8125 1350960.5 1544292 -1272623.25 1437212.25 604027.5 1870460.5 5275924 46928.81640625 2780707.5 
-1771480.5 2756497.5 -405775.375 4374464 -5934769 -466085.90625 -2828091.5 -1351606 -5203982 -1311988.75 -3303699.5 2767381 2179243.5 144652.71875 89899.390625 5681347 -5280650 4535232 1752922 -4450283 -1374189.25 1583517 -1658159.25 -154643.25 1555580.25 -1786433 -2975370 -1429561.75 1092665 -502110.46875 2837278.5 -2520178 929383.25 990522.3125 739600.9375 -4123964 -4019575.5 -1793079.5 2352631.5 -3400050.5 4377677 1883150.25 -336656 4619241 -2146737.5 211041.015625 -3481413 1569705.75 -50846.296875 -5483138 2492310 2046381.5 1813720.25 -307869.90625 609377.1875 3220982 5122385 6192516 662349.625 -2698430 -4144414 -955636.0625 -2079726.5 1959779 
-485517.90625 -509636.84375 -6374442 -798002.5 -5119182 1420180.5 594922.4375 1100101 1646875.5 -2317140 -87148.8203125 2185407 881178.5 -1437879 3704288 -2622198.5 2957854.5 -1097479 155220.328125 -827794.4375 -2393484 2079773.75 -1149726.25 -5211950 -1468501 3058639.5 3895707.5 5155428 -2147985.5 -63464.85546875 -3852057 -1674819.75 1073833.75 3188882 -2200151 4456514 1368743.5 163547.75 -5057897 71442.4296875 -475179.625 93155.1640625 2123911 -2726219.5 578198.875 1676858.25 5254606 153147.90625 -1722394.75 -1506388.5 -1454988.25 -634144.5 -3884023 2168813.5 1189768.75 -2930898.5 698018.25 -2478470.5 1794411.75 6958708 2055793.25 2049763.25 -118372.5234375 -584103.25 
-1803142.25 1799423 -6521209 2802094.5 1884240 -4692511 -1047015.5 95634.40625 -4621876 2561125.5 2303159 4724821 -1734113 1764484 1534707 3593267 46659.9921875 3217060.5 3017623.5 1861095.75 1079962.5 2072058.75 196787.109375 -3250168.5 730066.625 -2856843 2222603 1275919.25 3274745.5 2136392 33371.453125 -4314855 5225913 922683.875 101685.375 -3753565 -3854256.5 -3276507.5 -2371847 1605507.5 -3000063 -1465655.25 -945063.1875 1343602.5 -220942.90625 4003899.5 -2629736 -3717481.5 -2468711 -4931522 -791038 2436042.5 -317733.84375 3908349 -4214003 4275580 -134621.65625 1285787 -990221.75 471835.21875 -2008115.75 -10194.33984375 3094961 -2793762.5 
1349865.25 -2615036 1129770 2208019.5 1213859 7376978 705874.375 2025748.25 -1811991.25 -411232.5 3247811.5 -510233.09375 1881526.75 4591434 759821.125 -5157201 4212312 -7190105 -2259208.5 2523449 1203523.75 -2046073.5 1268366.25 -2130462 2270335.5 -62833.61328125 -2087760.5 -2564185 718181.1875 6202284 -100973.1875 -3066554.5 -368010.28125 -1996758 3780007.5 1627278 779086.875 -149230.234375 -545605.0625 3283312.5 82039.546875 2303438 1543551.5 -62645.966796875 -1692799.5 389710.5 3433148.5 2679975.5 3132645 729051.625 -537712.4375 -4237073 429122.40625 -2863854 2557334.5 6206862 -2960168 1105405.5 -1142880 10726086 -5458805 1603375.25 1739238 -3415988 
-2892370 -2998364.5 -3881517.5 2368223.5 -1967493.5 -99061.5703125 -1847352 3544861.5 -1024603.75 -891518.5 -2262941 6122482 -1031082.625 -361518.75 -1358148 914842.625 -1451168.25 6648735 -3279017 1392909.5 374881.46875 3998302 1394266.75 -1254765.75 3103011 109673.6953125 1192965.75 941993 1147015.25 -754683.25 -2516138 -1163390.5 -6729043 -2401834 -2191237 -548892.5625 -1028193.0625 -957967.0625 -1778972.75 -2782817 -1839835.5 513472.21875 2006238.75 283266.09375 -721908.0625 -4470613 -3034890 -207125.28125 3536943 -2795223.5 1339629.75 334916.125 -936340.1875 -1901853.25 -39704.98046875 2125643 2480651 843640.8125 205310 -1947313.75 -3588135.5 2534902 1452407.75 3434235 
6110751 -4532516 -7233318 -220442.96875 -1522581 1042066.5625 -514110.8125 -402252.875 -208088.28125 -2687995.5 -2044487.5 1413056 1295058 -1150346.25 3796215 -1538108.5 -1622138 -1313895.5 5143211 4861693 4105369.5 -4235802 6711.375 430068 -874951.5 1699166.75 1049398 -911253.5 3613511 -564656.1875 -2294254.5 -984690 -178890.15625 -892256 -1462406.5 4169205 -261559 2550843.5 313440.8125 4355676 -3846113 -500367.4375 -1162875.5 1605740.5 944539.5 -1330906.75 3453122 -2500019 3120323.5 -1015808.75 -1479615 -452145.71875 3405292 406529.09375 1571237 1020935.625 666869.4375 -329334.375 -4017040.5 2090728.25 2310817 -400215.625 -98420.96875 82006.25 
2917959.5 853301.625 1310253 -441049.1875 -3354191 -3766574.5 -31331.0625 -3836551 685736.0625 -1615688.25 -1564099.5 1358141.25 3512448 1525186 3318113 -4838087 -510681.5625 -4832673 -2315938.5 -3273108.5 -4378365 1854856 -2065297.5 173712.375 2673817 -6135974 -461065.375 -332724.0625 4941.09375 -4435117 559146.75 -5100757 -1828196.75 2791613 460101.8125 -539896.75 2970285 2158071 -1164631.25 2546682 -1880346 -1290983.75 -920203.1875 -542752.75 -3176098.5 -218942.53125 3077342 3159960 -195727.75 -19673.125 -380045.5625 4318443 -3507519.5 -2586690 -1660412.75 -2358392 -1406698 -240858.71875 -243469.40625 -1112913 1157872 -5205617 3838390.5 3509370 
-4219256 3416693 2177941.5 1291520.5 4752891 -1859264.5 1678993 -1228406.5 -312800.1875 2074115.5 6501955 -3204908 -3811051 1702242.25 -2858815 1675900 -74438.1171875 -313977.5 1504638 -1244975.75 955871.875 -582433.5 211872.375 -5022824 -2179426.5 76258.46875 -1153961.25 1170320.5 101402.40625 1352597 254597.953125 349487.875 -3806756 -1468725 3890244 -3538200 -5229661 1931676.5 3046450 -1707539.75 376499.375 776372.1875 -668853.375 2047030.25 1516399.75 321975.40625 -4387786 -4869471 -869448.8125 996208.375 4176708.5 266073.75 -4336759 -7465380 1551865.25 4007063.5 -1005235.5 2083395 -3655760 -3014782 -2538154.5 1368776.75 -2731229.5 -2242922 
-698549.625 1917854.75 -3233110.5 4137373.5 -4813809 -1656971.25 -574734.375 -3584348 -2820562.5 -2138687 -1958719.25 2618350.5 4096686.5 3651266 1721561.75 416450.875 -2817735 421318.25 3109671 865750.75 -885170.0625 -730044.3125 -685425.25 -5427806 -156114.375 896523.5 972657.75 1196936.25 2540760.5 -1361643.75 -180860.046875 -1635432.5 4619878 3261711.5 769683.8125 -2535162 -1650106.5 401202.09375 37391.8125 530349.0625 3358105.5 2221244 1616705.5 1530849 403622.90625 203631.90625 2271883 3425982 -1420157.25 -2102614 1177938.5 5220626 498077.125 -2425658.5 1108313.5 -1351566.25 -1513196.5 5012514 -520952.625 -68910.25 -811190.75 2120582.5 -1204165.75 -800344.5 
638154.75 1330595.75 1860320 -1132408.5 2035676.25 -458983.375 -3185512.5 -1550722.75 2476541.5 -2897696 -2742099 -2628983.5 -1439814.25 3237019 -2550808.5 3669182 -1048473.9375 1312771.75 1898573.25 2485598 875924.5 1404865.75 3338236.5 859360.4375 -1612025.75 -2385513.5 4452884 -820164.3125 -4097577.5 -811982.8125 -2394242 3247901.5 3568411.5 -4128231.5 221193.265625 607015.3125 -1202698.75 2270403 25734.546875 3064427.5 5233426 3722440 -789282.75 5600849 3524462.5 1685243.25 -3997498.5 -3856272.5 437886.65625 2529577.5 -1019950.3125 236210.8125 578585.5 1806852.5 -759370.5625 3031542.5 1107521.75 4538911 -3951420.5 2274018 -223336.71875 6954772 -4539194 -2431456.5 
-2078195 5205982 -2014378.75 1264203.25 867813 -6138702 -1726542.75 88354.359375 -3750552.5 4119565.5 1865688.5 -4468188 -657497.875 1362644.25 1949165.75 9154668 -2689629 -879262.3125 -2455841 -1110196 1574578.5 -2318343 -529994.375 -1111208 4798353 -1889132.75 -2156937 2494122 1071862.25 -467598.71875 -758036.625 -5246758 2628109 -78759.109375 3962164 1458276.25 2725616.5 -727668 1997380.5 5257216 6024210 -579909.0625 462071.1875 -194110.21875 1223377.75 5102579 -5914855 3265251.5 1172403 -1181926 -1480288 77919.75 18418.818359375 -486490.21875 59159.88671875 4263899 1658804.5 2728116 -1535922.75 -698543.125 -2708185 -1861600.5 588436.1875 -1494275.5 
78226.46875 -3981825 -1485543.5 -4314069 -1106771 618012 1199979.5 -5081636 -2013637 2142625 1666320 4216995 -963147 1924366.75 -922814.25 -3047636 2819239.5 -648954 4222321 -1591862.5 2837227 -2977236 79594.5625 -1628045.25 3127834 499632.25 -2565938 1876276.25 1995183.25 -1688478 2550722 -109210.3125 -862107.125 1508089.25 3758506.5 3779414 235647.9375 867447.6875 7681738 -1823224 612886.5625 1779138 -908677 -913600.4375 59577.78125 -3953621 -1076208.75 -1021417 121339.5625 3549222.5 3312144.5 -1436256 1619208 400949.625 1208332.75 2590030 -1285850.5 -1228423 2324471.5 -1080126.25 1711778.75 2539916.5 686721.25 2902108.5 
1707268.25 1457092.25 -778062.875 -3274290.5 7562.25 -220533.25 -3402738 5317352 -1222991.5 -1783508.25 238879.0625 -789331.625 -870128.6875 -3589096 -2970437 -1532256.5 -1349630.5 449274.625 657230.25 3253843.5 -744128.75 4157118 -3465605 2117045 -8280022 -387197.03125 -459701.15625 -378837.53125 -945531.8125 205087.65625 5170172 4146322.5 1457656.5 1339728.25 -3214364.5 -393445.3125 -2908935.5 -4467647 -1725291.75 -3028770 -1219592 3585055 -403799 -1080201.5 -398414.125 2022407.5 1227358.25 -1905405 767970.0625 -169464.359375 -2720417 1208620.75 -1364831 -3128238.5 2510.9375 25541.1875 3135159 1404968.75 2094536.75 1897271.75 203700.6875 -754721.9375 -1875775.25 -3039301 
-1510044 1780074.75 -3172650 2786723.5 -2317553.5 -3579119 -5848591 -218258.3125 -4114925.5 1252480 2180705 1119414.75 -3955336.5 -63595.5625 -5639884 6907778 -1799986.5 3990056 5127680 649826.125 3393930.5 356554.5 -146785.265625 -1559648.75 -4388060 -7196878 -1261796 -487876.8125 -816839.4375 -87635.9375 312025.46875 -2356424.5 -2007939 -1847513.25 -927496.6875 -450741 141255.8125 1874398.25 571680.4375 3247611.5 -315888.28125 -1249080.25 2825921 4643775 2688084 -921360.125 -5681499 1936824.25 -1463149.25 -3001018.5 3967459 -2182292 6398867 151152.296875 -4635270 -735851.25 -131760.46875 -1226470.5 -2919175 -1320331.75 -5850106 -1022910.875 1907229.25 2054735.75 
-3332913.5 -6605885 -1569697.25 138398.84375 -30093.3125 -1721086.75 -912492 3045335.5 -4538846 3547654 478941.09375 -826548.8125 -481248.875 27678.46875 5142876 -2705617.5 2161935 -2739704.5 -2829690.5 1575944.75 -171504.46875 1763016.5 -2784586 258381.78125 941041.25 -4238683 2880862 -1541339 132769.234375 -4371925 -1861804 -4187173 -2839596.5 738811.1875 -632479.125 679710.125 3699434.5 -371370.6875 27460.90625 2704059.5 -5309870 1842551.25 -55581.0625 3690440.5 2458296.5 -710139 -1325854 -413802.40625 -760686.9375 -196863.609375 -848612.125 2779414.5 1695752.75 3155272.5 -4311243 2582334 2085383.5 1493922.5 1590377 267804.03125 -709095.625 -2557711 748830.5 3172077.5 
356666.15625 -6699829 1773663.75 -2087474.25 177664.71875 -188051.140625 -1917193.5 -2828054.5 -1853076 4706425 -6434464 -1725093.75 3544100 7400614 5388136 -906389.1875 -430473.90625 -4996027 812700.3125 320894.125 -2420764.5 1479337.75 958356.875 567343.6875 2098543.5 -1350400.5 -2778751 -3709539.5 -987858.125 -815013.9375 -5187515 -868450.8125 2617659.5 -82240.3046875 -5290030 773498.375 -1444077.25 2820665.5 -1424125.25 -684154.1875 -5285132 -294177.6875 -2412239.5 -229360.53125 -1459326.25 287879.8125 1904011.5 31814.8046875 -3214084 -1569314.25 -1591344.5 5126245 4578116 2074422.75 -454956.90625 1092841.5 445517.375 2805067 -2397600 542727.8125 2617441.5 1699341 -420309.5 -2226853 
-3975463.5 -3336625 1737334.25 709597.375 927242.5625 -100524.65625 1816755.25 1667262.25 -3215053 -80231.8125 -3490188.5 -7770598 502191.25 1077675.75 -1083104.75 173719.4375 -4452967 4262706 -211327.921875 2218383.5 -1291668.75 705901.9375 177892.34375 1975647 2509096 -420310.09375 -669754.875 -1265477.5 827499.75 3486113 1320970.25 -1369874 4741754 4680415 -1805070 409736.84375 2932254.5 -1981386.25 1026417.5 2100558.5 2272935.5 -1928555 -1094240.5 -1269417.5 4421790 5280061 -3193901.5 1682612.25 3800705 649864.9375 -2432178.5 -1167122.5 -1577922.25 -849432.25 -3928204.5 -529507.75 1989532.75 -1637238.25 -2900173.5 661855.75 1796080.5 782708.6875 2498561 -3035367.5 
5234430 2869184 337331.90625 2903427 -1119635.5 1137262.75 -3461524 1260513.25 3845983 -2508972 907093 3296282 1319493.25 -3408008.5 1266299.5 1766239.25 -1129576.5 1340433 4063399.5 3945874 -906766.5 -3755584.5 -932948.1875 1357753.75 -7248130 2825735.5 1656239.5 -295597.4375 954323.5625 -1722342 5619861 635828.875 593931.3125 2865746.5 541763.3125 -1073192 -3401912.5 -3311610.5 -3745376 -1883685.25 -2119102.5 4196418 1486515.5 -60720.0390625 -1504788.25 -3736235.5 1175546.5 -1459930.75 195634.421875 -1435420.75 1765462.5 1485080.25 1418069.25 -1787493 894113.0625 -1580726.25 1377172 927699.875 1496768 -386750.125 1404848.5 -1158944.75 -2015245 1834154.5 
413931.59375 185661.0625 -2926823 1743435 -2852653.5 -2801489 1742159.75 730997.8125 -1329674.25 1119704 -1400035.25 1060808.75 1511827.25 -1615917.25 894907.4375 3088667.5 -2178582 7652859 372503.375 -83527.421875 10928.3984375 4915980 1528778.5 1303130.75 4390406 -257349.765625 3382659.5 619378.1875 2084082.5 -1622247.25 -331836.34375 1865768.5 3402892.5 2859935.5 -5135729 -3470517.5 -200097.75 -5315174 -3235348.5 -314290.0625 2001682.5 829765.4375 1442973 1626883.5 4193649.5 4598321 586713 815859.625 3308180 -4850177 -349501.21875 1638516.5 -1571358.75 1642976.25 -6570524 3233503.5 1736606.75 478741.71875 687586 -1365069 -2049224.5 290605.0625 -196989.71875 4074933.5 
-4365655 -4170998 928261.75 -2496912.5 4377603 611254.875 -2539927.5 704923.75 -444587.03125 2941303 346209.09375 -851400.0625 -2237543 4046790 3225844.5 1396855.75 1040844.125 -2323374 1808006.75 4509376 3133771 413423.65625 3453358 -5740818 -773256.3125 -2544140 2845281.5 -2507477 -489010.65625 -390982.59375 -2096930.25 1258822.25 3421222.5 -552605.625 -469526.9375 -2259567 -132767.21875 4614030 4219088 6790055 -3862508 -359273.625 2331304 3610570 1015851 -3525439.5 -289895.78125 -5797365 -1262421 3022713.5 -744083.8125 1817578.25 851576.4375 3547104.5 -4235937 961729 -3147579.5 4380063 -3212166.5 2124299 33575.791015625 7752877 2165632.5 -3902694.5 
-5026605 1236624.5 -2938601.5 724395.6875 -2617528 -2379518 -1854637.75 -2247995 -5068297 -862782 2769137.5 1370044.25 1487260.75 -2812801 3948286 -704181.4375 2637956.5 379880.0625 1551501.5 1794099.75 -4287787 3630714 1807677.75 -5150399 1816302.25 -1032910.9375 6069701 4093011.5 -4405627 1349337.25 1129683.75 -2422295 3784551.5 740838.25 -5001956 1333392.75 1442785 890436.4375 -3228686.5 513191.5625 -1358620.25 -1953497.75 1786311.75 -1011179.75 2472275 2836994 3944624.5 -2542106 -1205609 -3169888.5 -1940750.5 -755073.75 1429182.75 4708028 1327413 -2529387.5 -3936429.5 -3463988.5 347304.40625 4721014 270157.65625 3018919 2119292 -4909473 
428959.6875 2569255 1901618.25 -3255321 4170619.5 5144169 950109.125 1915581.5 3655134.5 19760.390625 -1725858.25 649625 1025383.8125 1303569.25 -2628734 -1309127.25 -3223557.5 3113063.5 -548836.5 941721.25 855479.25 1538267.5 -4251075 1194024.75 -1629140.25 1291227.25 -788189 -760625.4375 -3316687 -2864481 1925802.5 390098.78125 -523428.59375 3365333.5 2894595 -1451017.5 1007781.0625 -2145858 1649281 -1720949 2513679.5 3327461.5 3122006 884470.4375 -1472594.25 733968.5625 4402854 -3069753 2347246.5 852589.4375 -1029608.6875 -4436292 -5678517 -987983.375 -2421714.5 1158299.5 915298.5625 -2827190.5 1125010.75 -2644595.5 -5189562 580206.3125 -2927357.5 3949271 
-1252961 -747994.9375 4454796 -990495.5 1868321 -1621687.5 645128.3125 -3736182.5 -84140.3203125 1380461.25 -4709857 2147851 -3976808.5 3757576 2478138 832005.0625 -3728451.5 -4524030 -3430345 -5018644 46620.546875 2013650.5 812496.125 1152184.75 3676765 -2014739 -3683492.5 -658620.125 -1305328.75 477660.125 -2665159 -200450.296875 2778912 357097.59375 797757.375 2288872.5 1347632.25 538453.1875 2479620.5 -2962547.5 -3755872 -941210.5625 1740354.75 -1171142 -1543591.5 166979.5 -2806581.5 -1360963.75 -4405469 2452374.5 -2659567.5 3697888.5 920584.75 2675118.5 417958.40625 -403957.34375 1121986 -451361.125 2240358.5 -3375760.5 5320552 -1214435 3007072 403128.5625 
1085440.5 -2427152.5 -338880.21875 6725961 -5628707 -3752738 -1234170.75 891112.25 1816422 -45849.90234375 124568.1171875 -2533635 4796354 -42935.435546875 1728960.75 1801759 3353398 522132.15625 494434.03125 -653204.9375 -199954.8125 183966.921875 -6644511 -325098.09375 1471202.75 474084.4375 4012110 390888.90625 1736021.5 -4315556 -218247.40625 -5441930 3753884 4090844.5 1249486.5 21296.095703125 2154985.5 705688.25 -1859602.5 -3287559 1814683 2441296.5 782237.5 1494696.5 -723661.25 2362842 3339523 1737405.5 894492.0625 -1881295.5 306122.15625 253930.625 1792311.5 675055.25 226094.265625 -323128.6875 -1764433.75 302934.875 2057280.75 -2843285.5 -2556176 -4397009 -1615748.75 2244777 
5813488 468645.4375 680372 676445.3125 3812122 -583090.875 2131123 3237840 741106.0625 -408374.40625 -517889.375 982674.375 -255628.46875 -2291870 1453915.25 1434686.75 2284433 3151029.5 -182042.953125 4331436 -2186795 -4270684 2136592.5 3438034 5312267 2306488 2602619.5 -1199324.75 -451147.90625 886685.4375 2242746 891031 3746067 -1232958.75 2088908.5 -3470731.5 1416812.5 365785.15625 -3233779 1874905.75 292627.4375 498641.4375 3331394.5 1064965 -2507403.5 1682234.5 -737130.125 1291316.25 1733781.5 -1705961.5 -3532530.5 1960395.25 2996016.5 4636365 1896492.5 4500196 11832.171875 2433614.5 -2180678 1196794.75 -1329892 3586773 1356965.75 2635911 
-237022.9375 2187109.5 3852345 930817.125 -436197.03125 41599.5390625 1220312.25 895544.125 2065429.75 -3244200 2482838.5 1914379.75 -3715161 -8546424 -1005173.5625 713716.125 3238024.5 2358325.5 -4494317 1594117.25 -1841969.5 693312.8125 63347.59375 -3943664.5 2422352.5 1899812.75 3346304 317618.25 -1471969.75 881393.5625 3283108 -64253.9375 1893137 -133537.859375 2563431.5 1407478 5641414 1712425 3318076 -1847435.25 1150766 -658128 6824454 213419.0625 -4277719 2740877.5 406821.125 2504455.5 658791.75 4099573.5 -1105179.75 -3623070.5 4839516 696856.4375 -1548774.75 390927.0625 -3887589 1455727.5 1026319.5625 2659672.5 -4311644 2255436 4042418.5 3763977 
868494.5 -313641.375 1855747.25 -1524588.5 -867324.625 599516.4375 279882.375 1522198.5 2489275 -926456.75 -1313826 -1642563.75 -2147271 901748.125 -5574424 585443.75 504608.875 -2667194.5 -1158518.5 -4071418.5 1563884.75 3084237 4604784 159293.8125 2088834.75 770507.5625 2414914 -1883107.75 1416043 403907.875 -6562476 2254107 -3659043.5 -2897977.5 -2500353.5 -363391.5 -1650830 3276025.5 -3046888.5 -4392676 -535888.875 -5042705 -165099.4375 2366870.5 -4195362 -4574374 -5429351 -408811.65625 -1897197.75 -3254536.5 -1594275.25 5805418 3290798.5 2552697 7875665 -600516.625 573054.75 1270253.25 2289008 -2168553.5 5911204 2172587 -3987673.5 -2151340.5 
-5364962 91721.59375 732009.625 -3057883.5 -5077727 -252212.8125 999703.5 4294121 1530665 -1467615.5 1828126.75 -654469.4375 -156624.34375 -5942223 -4808119 353434.5625 2635026.5 2210936.5 -2246958 5562256 1641076.75 3005667 -2033241.25 -3403767 -696109.5 7544331 -604996.0625 969374.3125 3066668 297729.5 817668.625 1944937.5 -205360.6875 -2013582.25 2099451 -553511.0625 1208579 -1028790.8125 4035797 -2370754 -1656485.75 -417074.90625 934773.75 2418432 1946829.25 13524.125 811545.5 4410571 3301664.5 2643388 -2674301 -2021357.5 -3637628 1368422.75 167028.671875 831436.625 -2060718.75 -3477318 5103345 -858857.75 -1110328.75 3102074.5 -2899640 1097656 
1597327.5 2543407 1362008 -2159424.5 2342587.5 1831785 -1275500.75 -275510.8125 1085430.25 -3708616.5 -127976.890625 1769339.75 -2553058.5 -31277.171875 5253211 1095671.25 -452929.0625 4675685 670698.5 -530501.625 1250236.5 -69762.046875 -1899057.75 2869169.5 22023.90625 1563054.5 -154898.671875 -2760765.5 -2138325 -2242162.5 4467550 -5277486 442984.8125 -1340211.75 1322111.75 -3390851.5 -194400.28125 327177.4375 564500.3125 -2788583.5 -756301.5625 2031081 -3261762.5 -82882.953125 70906.609375 5611968 -1643308.5 -5181826 1813480 624858.125 1452008.5 -5535020 2941067.5 2888090.5 -881478.125 -541046.75 -1033536.375 739078.5625 -1456568 1478646.5 -993134.125 105425.3515625 744638.25 603390.625 
505315 -1421964 986758.25 748393.25 700700.625 -2217176 296469.03125 -794677.0625 1342207.5 1883585 -1637989 1208398.25 2480589 1974501 1124659 -3666596 -661789.125 -622938.75 -4633912 6647058 731963.1875 2862156 1609809.5 1662848.5 2851542 1629184.25 3531701 -2647981 124246.203125 -3092079.5 -1898253.25 -481645.0625 2124148 3901686 -186232.125 1475813 -1235302.5 774404.9375 148426.5 -76638.875 -2193576 4269996 346522.03125 -1814585 1320776.75 2444945.5 4792463 -998242.5625 414040 2603767 -1193975 1771116.75 1627610.5 -312842.9375 -2414094 -8399.90625 -3083145 5955187 -57420.65625 -1719927 -567373.25 1502964.75 -758095.375 93127.21875 
-4353295 9482.587890625 -1903227.75 2884546 -10160.392578125 -3099594 1012509.0625 406369.40625 -165806.3125 4228104 5648713 2569358.5 -4008864.5 -2259543.5 -4472900 -2098071.5 4048122 1003503 1168011.5 242878.828125 1671281.25 99572.3125 934444.375 -3833369.5 1020275.8125 -2720560 451427.90625 -695431.5625 -653156.0625 -522468.15625 455419.0625 1815087 395172.1875 4416415 -83339.9765625 -3892154.5 -2285838 2460665 1137780 2914498 -3492258.5 -1702118.75 -2262348 -458782.28125 -722219.0625 -582698.6875 -2312138.5 -1141424 2083346.75 915462.625 2941401.5 -717941.625 1507107 2756262.5 -8364355 -1670431.25 -4230048 1591484.25 1587750.75 -1197119.75 -3206839 857424.5625 3435941 683358.75 
-1096046.25 -1071691.25 1067346 1501546.75 836239.8125 265511.125 -905220.875 2063910.25 2870476.5 -1685956.5 -4094524.5 -561232.4375 -664162.75 -2087052.75 3752426.5 -1996439 -2185424 -1376653.25 1013778.5625 3832426.5 -1503161.25 -4932985 2442131 3479252.5 3053863.5 1845865 710795.125 -2117611.5 4300316 5281208 3491906 -476342.9375 2420412.5 2760914.5 1602852.75 -127788.0703125 3867750.5 -4614076 1721895.25 953156.5625 -1825654 6596783 -673715.8125 893127.625 2523360.5 -2863734.5 -2085578 -3497970 -118067.21875 433207.0625 -199794.6875 -426466.9375 -3294804 2915098 -4726969 -310419.28125 -3087318.5 -105058.2734375 2729402 2875026.5 2334145.5 1180663 3469245.5 1823262.75 
-4167234.5 -4112010.5 -2102686 5966040 -2096215.5 -982312.5 -2685076.5 -1159668.5 -2716473 772742.25 -704699.125 2528994.5 3854710.5 -2532133.5 1340965.75 1788306 441600.15625 -161387.203125 865518.4375 -2842474 3149177.5 66896.0625 -2771257 -1892692.25 -3341753 1637078.75 7758220 1872564.75 3862396.5 716723 -1369556.75 289097.3125 -2301784.5 1724637.25 -2626793 -3143122.5 -581297.0625 -3132799 485462.90625 -3566034.5 -3568003 2748546 838170.75 -1986140.25 3088583.5 -2966575 220748.90625 -5202073 -3281448 -1035635.5625 -591949.3125 -1192374.75 -1805838.25 -802392.4375 -4607708 -149879.125 -1282902.75 635092.125 4574675 -3040809.5 2084517 808261.5 -2861212 -499042.03125 
