16 16
-4316816 70785856 -111486208 182192768 -102005728 106682880 -180147072 44145696 68412736 -250644608 19467648 41745184 18227528 355028992 153136960 7963040 
-26529720 -23526448 -118703808 -207063488 -119009472 -7458196 -125310400 273142016 -154604928 -78203072 -185526656 31439904 -39521856 -27999576 292709376 -13340444 
-110700000 250649024 -236462848 -127566144 46567200 68249888 248098752 -34814976 -56345712 49049472 86043200 149031104 -140238208 -72371424 -186474560 9082898 
98580480 181979200 -127619072 192120064 -2004520 -132971808 -227067584 -129224064 148472960 152663680 228787008 -247424768 -258567936 228285056 -198513920 104288352 
-337570560 187259584 -121600640 52497280 -33197064 66374368 155865664 -151186176 -158880960 289233664 61248448 106421888 -60577136 4611952 -10560192 198530048 
198062528 -121820288 217995840 -191894976 -148306240 -43045200 -146451200 -86895360 106321760 143700032 97423072 -154907840 128332416 -71539488 -216941440 13893796 
127022144 99454016 54057376 -82063488 -45749824 157220800 2262304 -53493024 -176406656 203175936 -13592080 30525824 20884256 -242525184 162007168 148803648 
10178104 13524064 -61527184 125660928 -28634048 -16450476 -122484320 -154678016 -2705008 -114838208 175621632 114497664 39265520 225609664 100923296 168152576 
-17765360 316273152 -260788480 -188022208 -134420224 150463616 108856704 65878880 -209130560 206941440 -39700368 30547928 -147036992 -150997888 76110624 119355968 
-30707760 187698368 -101948448 -115635264 76444768 -75532128 26923896 -30449296 -20239096 155986304 96530208 3749359 -157317760 -122580320 -180278592 144882816 
52289216 143339712 75601376 -178488896 85102176 -105306496 68321920 -17488648 188511040 156126336 137980480 -170914112 -100779680 -111224608 -475127296 -61588192 
-58186416 94875424 -155507136 11672564 -17883104 -15025368 194314240 26249120 -53766336 -52180064 -30331384 86001088 -44984224 9328712 61662800 -47425008 
-114378240 -101653568 -28641872 -97972672 52424336 -43050592 397825280 57291136 131658752 -128151808 -162558592 144077632 139414848 -332554752 -4057812 -135186368 
264676480 -124978528 50135648 -123068224 -166130688 173631104 64151360 82687840 -47273696 -10630908 -160892032 -36492432 142763520 -233088448 102205728 -152907712 
-57731952 135411200 -59431424 40644288 220101760 124810400 59107904 162124224 -244230784 42735616 25974936 69041664 -201750592 -253931008 14021246 91825952 
7465560 -64702208 207300736 22805120 -105160992 -57668400 -101582304 -290002432 -23263080 188329024 117479424 53942144 81940576 195402560 -38641184 89718208 
