64 64
88861088 -143407744 -71492448 -65900320 -62314528 -264869824 395701760 -73397856 726729.25 6128536 -337702912 74630592 357383680 39228688 -221310016 60705120 -22861984 442039808 237526336 204499072 246103360 105671168 -366045184 39634896 -173271168 -85520352 374537984 45888096 107035648 -44741920 -186291392 -30324288 179277632 -149787648 -500039936 -7797064 197969920 -6360680 117400160 29972264 -34281312 -158946560 263774400 264463360 413451776 135693312 100583808 -271696640 -195084544 192206080 123999488 -97805376 123897472 206949888 -42076992 37759056 -86607072 152647168 202439808 -53775728 -265598336 -188963584 -139102848 -433672192 
-376031232 -194120896 -243379200 -21676080 -361656576 287345920 -40575664 -62262496 -511215360 -156995904 68633472 331516160 281615616 247207296 322698496 470371328 -25972944 616751616 472506624 -259970112 -51577920 429542400 -36119264 225340480 -169749632 226764160 3942715 226865024 -167427840 97793152 -49854960 414025472 465438720 310843136 -82525824 -67391936 -550531584 -339610112 -302997760 417766400 4730860 70573440 219881024 -198182912 40352032 9830836 -256401792 -423271168 24142208 255185600 -40098240 -477343744 -287627008 -545794048 -383635456 -104007424 -9158616 595807744 1846930 307291392 368967424 -54259280 92222976 89976832 
-147187648 -327602432 -319990272 81192448 -10257088 -33609056 86752320 -54456112 -187290048 -248892992 -203635264 213269248 189913536 51586816 -211499776 233128192 262064448 -16547392 -66736512 246256384 -548792320 -53707632 166851200 -421001472 259693824 -30131952 359152128 175569792 363288320 -439248128 526873856 -261388480 344529152 285822208 140422400 218217216 278293248 345545216 -127225792 -228469440 -227117952 164173440 241682560 -71851712 -189838592 120059040 164531200 45645600 -340911872 -94186976 -2269160 -312439040 -271990016 -111597504 -273395456 92187392 -145712064 136608896 -59268976 -30562864 -41054304 63154416 351696384 125635104 
-584529920 29814376 -139258496 275464704 215097600 -401624576 57803056 -202744960 -945621504 242058048 -141121152 -281592576 232708800 52792512 102077056 244332352 234129792 179119488 118989888 -126525120 -283069440 -99795712 -63432032 -215288064 363737856 22692032 -165759424 -143057728 -107470528 265629568 -74660736 -76688704 346563328 127911008 401547008 212416896 -147013760 -487276032 -450555136 -263004864 -81069216 325617920 37510880 -148071552 -419448320 -128650336 396651776 -42602272 54565440 -89226496 -89694464 319093760 -42547472 -299722240 -64688784 -529783808 -49417168 -430859776 -39760560 78742400 39585376 425582848 548107776 205908096 
-77916704 -32225800 -290657280 95443552 -396835584 -352896000 278882048 179770176 -297423104 -132696768 290201344 417460736 -73176864 48626480 -11745330 7122728 -787421184 350346752 225972160 445817856 58155312 -119725696 -30692976 20022392 -114580416 -349408000 160169728 115596992 440076800 -315777280 244149248 -14212572 -375946752 451375104 -72312896 -237275392 182803840 218892352 -243299392 141455296 -457378560 -61330480 -237615616 191879360 465759744 -93846944 48811264 -200098432 -176986560 -426971136 151699200 -48558896 -163015936 -167935040 349782016 381523968 38584832 614521856 333300480 -192233536 -5890816 156920576 -466437888 -266254336 
492594432 -378281472 -357238016 -106496704 18973376 -94037792 350309888 -43172528 -97231136 188910144 151084288 306784000 -266596096 155066560 79136576 -93373120 283702784 281068800 -172479104 144154240 -4300887 -54331520 -332862208 212220288 -173820608 -233002368 522315008 221733888 -217043392 377463040 -160441792 134394048 -58685120 -320604160 105078592 73339712 75438048 30909720 226132992 -167526528 387324672 -336444672 201827008 146854976 353407232 -201933440 76415232 200494720 187761536 -78431136 -151130752 -120661632 334966528 -595140608 -45182688 398708480 -175788096 218493632 49374144 -497563392 350846720 244614592 -65858992 -223348096 
-162523264 -110835040 307575296 173314560 -152621568 142715840 -332527104 -318958592 -387867904 180615232 -162579328 -265728512 -46013072 -65720288 -482705408 335661056 -126755392 -456657408 -16819840 193215296 604651520 -86253600 -286698496 126553632 -181919360 -235764416 112488224 -94287328 125508224 -178501696 -457256960 312806912 74998528 184705472 -541269504 264490688 144854592 -164709568 83653920 -285286656 -137662464 -262809408 199361024 -32621544 -106754624 -86715264 269469696 48955520 120115520 -453806080 30601848 136946432 577168384 61177312 -299524096 463956736 45552176 -563896832 358454528 69141216 -251494400 243294400 -32602544 242833536 
337697280 478068480 649265664 -262100544 339283968 473324544 -199512960 153922496 372647168 233778688 -427045888 -313311488 -351996672 235368896 223193600 257261248 400509184 -424802816 -380404736 -112285184 372171264 255051968 89961696 119913952 -319279104 63575552 -410746112 -293868032 114144192 235897536 -105918848 430554880 -279405824 -594721792 200757312 -55524128 -153826048 -285003264 115541696 -419308544 295759616 223495808 115862016 242415616 190273728 326674944 -400958720 281137920 355590656 -28512584 -322731008 168388416 460172032 167000512 -114534784 -94123424 461613568 130977696 -168380544 389648640 319642624 -105586528 9061740 -24513864 
-431339008 -170338112 141284864 -262289024 348275712 76374240 -20312368 278375680 73402624 -310185728 293804544 548491776 464884736 41514080 102605952 -503773952 -372064000 100129344 173163264 68600864 113498144 87514496 93932480 216045568 285494784 333689856 -35366800 310521088 -146443200 552964608 -1627074 140119616 454611968 -283689472 -193260928 -207266560 -333919232 348709632 -300675328 -58929696 8174880 92122208 -217490496 257955136 -171856896 320913664 -103884928 287929856 372954624 218619712 -332526592 -140179072 90189024 29467872 259222400 -573935616 -25876232 124203488 33469008 153330368 311613952 273331712 229061248 -122528128 
-77520992 -498117632 3989880 107691328 167248384 513387264 -68425408 -187072896 -128311872 206395904 252654592 266176896 -23465280 29706272 161069376 -23683016 -455720960 213508032 -269209088 -94321408 326788352 -325320192 -529796608 -116022528 248534336 64369792 -9481692 -119168640 -585169920 341678592 13567500 -94587296 22070920 153442624 -526956800 -106639424 -250443776 -157913280 360249344 277644800 23388256 63733136 30115832 564722688 -378648320 182286336 -62882944 -323548416 267608512 -238437184 170301376 -12205808 427134720 -256800064 141584832 277512448 288133376 5488123 -327300352 -14791954 289192704 413644288 -189740416 -48559200 
48235264 118900256 281203200 196694336 105135008 373968896 -135989440 -110893024 30310192 -95814144 200124352 -11317040 -378608896 -1321704 148010496 -214315904 -531780864 236342528 -637418496 -320263424 86478496 -214644864 -323799552 -417500160 586376704 554852352 510853632 132233792 85893632 -94129664 182211264 119018016 71426272 116728672 -128788480 59974016 327686912 -123462016 554185728 205035264 -124709216 -122225344 170257344 205461760 -259092864 -183331584 -216924736 -540153344 -103083328 -376089344 45319856 200762368 2293504 431634176 -153799040 239311232 -184734656 -14503784 26123520 -170398656 -228658176 298771456 -152006976 -96300160 
-43829648 22587392 112750592 -368423680 243023616 330152960 -397607424 -261229696 146231040 -303557376 -247384832 -587335168 147606592 -11828000 -429376768 127736768 -80718560 -180050432 -26935872 -117193376 154423552 212530624 62127488 274712064 -374178816 280519680 26385248 204017472 -105703936 17873104 -192678272 -226270016 -82035968 224202752 -489012224 24931616 -386670592 240576256 48814128 58865344 -3117924 -303787008 -255868608 -63936992 -142232256 7174744 137960448 -791284736 368211456 56036096 -343004160 -291965184 -52646016 106893120 58226272 -324143360 -71764448 -626326528 175526592 15668448 192973056 163156480 164132160 185703936 
198653568 101695232 -498315520 -190920640 -799112192 278874624 -623979520 380885760 363380224 97419584 -78463264 -105809920 265655296 -388743168 30649256 92718528 491528448 102014336 576668160 -175328576 -110459264 -86492736 469393408 -153271616 280499200 260436864 -365456384 -140185472 -429344256 -420277760 495870976 -322273536 -93847488 288450304 188785152 597662208 -282881536 6285972 506904576 320866048 62892528 452323584 -17972496 -47202640 -297688832 -375336448 308254976 337364224 148320256 281156864 306208256 -344043264 244010368 203710208 -503427072 -92717440 -31602752 -540816896 96087360 130400320 -54367792 -284267776 62004672 1079899136 
26292408 408683776 -213586816 263391360 115386112 223174528 -220652032 131820768 -347294464 -88045248 413150720 74054592 321125888 364828928 62762768 433334528 197418624 482643200 -22766616 196732992 -156417152 216000384 400610304 -143416128 276858368 72926208 -173303488 -14133832 -76056832 -40773616 169791872 258042944 -70932224 72399488 153817344 -271049728 -249709248 -276549376 -185811904 -80734688 -304341504 -108411712 -7184560 84964672 404823296 17968448 -30929880 -13681408 69731712 20390520 212110080 212333440 -303089920 -302839040 -351983616 -357064448 69880064 761371136 -76482176 209586560 187059456 242303744 90206688 59503360 
-115304640 -57302256 355952384 -149158080 220335680 -143912576 186414208 35032992 -427950848 -38555424 1530848 -539039744 -161096576 -340189440 -304574464 80376256 174266112 -145132416 -68072928 -24020032 -228103552 -244680384 -517979904 -17065520 18587776 11050896 215319168 -241663680 120765632 -88560352 299260160 245153344 553939968 333436672 324187904 587653632 179094528 28733920 -155482304 -282318592 -280250368 322604288 -142633920 -229130752 113755392 -385976576 115827392 -65813792 -178300160 -517875968 376682240 149748160 -557261824 260732928 487384832 27699648 -17251568 -72335232 -299008512 242027392 -159942400 46316384 202249344 -205373184 
-256602176 -143601664 -55688112 306399744 78723296 -321287168 188733760 184406656 -305808640 -210610560 144932736 -197396672 -80009664 -412674816 -288846080 76022720 33712768 -510141440 -50357472 -101194624 -464573952 119250240 14914608 -341676032 308137728 151375360 -83578560 -260666560 467117312 234319552 304782592 -72806624 123718144 -90164448 -133629120 340710144 -67862336 444147968 -110966624 -141282048 -47858608 469895680 -303382528 -292568576 -119306432 -249723072 212575296 -202321728 -48773408 -130670880 382348544 -30088880 184087808 -330206720 292876032 -69364352 -319472896 2006715.25 -480020992 79627840 -280992512 -290186240 -158675520 -111760896 
73956992 46904368 -308019712 -14607582 68765696 -377831936 -89036512 32172760 407163136 264833728 -77667872 -21790688 121136960 349764864 208175680 64934464 -60306864 43094384 -123575936 64166992 -82896384 -340943104 -252544704 153718528 -231885504 -69612928 -55726832 195823616 -83017152 -403582208 225442048 -850697216 13032896 606140416 -392914688 -247889280 489813760 46274944 -244418176 86121120 -543239168 -105104608 478381568 -220907136 -127836704 79709888 137370752 -452191232 -470391552 -131163424 -284289024 304135424 -215367232 -351429120 44828576 -25858336 252406784 -36551632 -211988800 -72822688 -238891456 459332864 143022848 -104520608 
-350605056 -37852592 763859968 162430144 296017152 118092352 417920768 -419872768 -324819456 143325248 -62098688 -67646784 168868416 573129216 -59958336 -274717184 -599436800 -645456384 -216713472 -124354304 29420168 -240673280 -125156736 -278289920 274760960 276543488 -65106368 -39522016 -32451848 411566848 -216079872 655360512 -50729200 11353416 43409808 -214201024 -16552032 -428755456 -272235776 -36049744 -91912768 -293421568 110380640 249823488 -72616576 193931712 -164646912 -196530496 263235072 -13040142 -190141376 162549824 65582208 -421728768 280276736 100966560 -53272288 -211265600 296650240 19720144 581647360 379725824 -99833024 -344123136 
-7430904 -126355584 -561508352 687143936 16783384 -104862080 -14428704 314134528 -242789696 30303840 217422272 35174128 268750080 197681216 60481008 81172832 91421120 109451776 -105241280 -3273024 -280655360 -90967456 10223392 -50891120 214580352 -208044480 -27879016 130409408 41423808 41394848 448660480 -214946496 -33398192 -192433216 73729856 115768256 -420594944 -266915456 -201835840 -106296736 -103845120 -396723456 247401600 -509038080 231511872 265309056 131032864 -171454208 296374528 232473536 225346176 -167807488 -276471552 -201070784 -182054016 109565408 -166722880 119995264 -11044696 -240788352 -482526464 123708672 -81943328 -164796992 
50759648 -106410464 56083296 -227599808 216921856 -73371872 -159262848 119581632 -8421872 -85188288 -231212992 11875640 -350424576 -10762226 31579104 4821864 -136370560 58173728 -584837632 -134971520 -104290688 -72741536 -123022016 -24006672 -23845936 -110285152 274120448 105723072 308750592 167649536 18386688 -62960768 291806208 17981040 59442528 -24412624 34571744 81686048 256667008 -546891264 148307328 91956320 239798144 194421120 -245072896 104053984 -266028608 288467968 461084928 147665664 154227840 -17203888 287832320 284288512 241314944 -385094656 438321920 69667168 -403919616 -130043168 -103890464 608541184 124826624 -261588608 
363572736 -311665408 214054720 342612224 -208724032 -96013376 -68072896 332169728 463948288 -78321568 370158080 -73639808 38243104 -380221184 104895168 -77130304 179897728 147431424 253534912 -51034560 16364988 -201969984 -245785408 -20815536 128834496 -44339552 131936896 69268064 -178171008 301153280 -366360320 352713472 138546112 -188509760 -270083584 34775168 299549952 -331762176 284354304 -111462336 347821056 -174183872 489732864 156576256 478521088 -181900288 -236223936 -188556672 -7760336 -53932848 193215616 50131120 270456064 142609152 182758016 308792320 182185408 -134119136 327085568 417371392 85639488 -195943424 -59497888 -86265984 
188102656 -76740896 -58297600 161694976 -257323072 -372992256 143346240 62284672 -294240000 -338846720 -105239872 -306930432 -268025152 501762816 -115236672 54360224 78435712 134277248 -113238240 115569408 156875328 455275776 -201259712 134509248 -389745664 -60433904 11016486 231585792 -211773632 -242089856 -3369504 -22192664 -147258240 -160618688 -248555520 -334191360 -58452896 -382437632 -127087840 -20594680 310078720 -63651472 428054784 -421967872 -171174656 151873088 -111581696 36598608 216103168 294056960 126063136 101216160 -129389504 -173790464 23450464 -99896704 144484672 18415944 -72563520 -113152448 394328832 -176209152 -352035328 -77068480 
-19406184 56030592 406187264 -272497408 -500166400 506228736 114602176 -422196224 223619392 -294652928 -224009216 140817472 -353748224 -186591424 -155857920 -462173952 448962048 -574824448 -181749248 126168128 180293184 -300349952 204720512 -248780608 604150784 422422784 -148830016 -263151680 269261312 -304185088 53133984 -232769408 61789600 241489280 22802784 -250862784 393298176 632210432 -25560784 -17854192 -316325888 -142483328 358425600 150554880 -351970816 -135361920 -56910112 169835904 -611701248 94708768 -67127648 -180294784 -70817216 338760192 92576448 -278565888 401670912 -502473728 21586096 -138499584 281114368 286063360 -432736000 -276158976 
36924144 -271818752 -133008288 -152893376 -382343424 148316096 19737104 -180521600 -599514112 -167773824 -92852224 18749320 67059136 91025728 -282644992 178617408 4973739 127686656 184061888 -301166848 112121536 251659264 -453738240 -122880512 -74124704 179106880 120517984 93589504 279347712 -198992192 60941360 -58405984 -114954496 -246234240 1544624 694868992 -235264384 236251136 209675200 54090496 231966080 -386020096 75693984 -327333376 -270332672 -188538496 -571351040 -291501056 173841856 340238336 59435536 -14678224 -24171696 320996864 -13753992 36435056 -80567232 -139982528 79644992 -434438656 -170007488 -137163968 -286286848 -269524736 
220469888 115477472 -268667136 74707296 439722240 262969280 210624640 265893952 41552528 385680128 -46295360 83415552 -37356096 172439232 185845888 43377840 165604032 -48978144 -47959984 -153004800 -65038288 -77658336 256964480 -2728622 127144640 144618880 -86136320 -232313536 -342958592 -61746736 66959360 32391536 -217525056 82516544 198431680 420200192 -224767488 53806144 217457088 275646976 94771328 -23032848 119441984 273948928 -25954264 -7083868 -43009424 70445312 -49010960 -378995968 243677504 215301504 -128386400 -200481920 -251980160 258709184 -96807616 313070848 -66495664 68836128 41345472 91121312 280543232 118681696 
512394752 -250800384 283800064 11796318 208916736 -95220704 -253860352 67637184 -532480512 -171574848 149154432 93015168 -89274976 485523968 120380832 18385272 232220608 -115761984 7337552 93795584 63395088 -95904128 52850832 -296514048 22380480 -351497472 -43083504 448447744 178892800 13804496 -260595904 -317978880 -431711488 -370799104 88742848 -113564160 499304704 77263488 209504704 162376896 345382656 -65995280 104388736 -126442816 -417173760 1640705.5 -116286592 25206440 -99806912 -208367552 184494784 37372624 349200128 -301990144 -83730560 -427278592 -517618688 62248704 172573248 -15703624 188856192 238026496 -100290048 124301792 
-149949760 103201856 -369097728 -129090336 179608704 -182102464 -418798336 -96558688 -224530560 -106592256 273583616 -85847872 189260416 -49698000 -96258016 353155328 -493801472 402418688 164941568 38188224 -51295072 -58795616 -363202304 63414480 -296177920 -158279232 208920448 191532160 -28112384 -405101312 93357024 -714574848 200755968 173093760 -355577856 136104064 -251173888 -123222784 -173563072 -127043808 -193510720 -325832704 -388719360 -415937024 -116984640 29342976 -60904160 -148688064 36013504 -48035696 15656292 258652032 -236706432 -4287150 227156608 -49027904 20013328 17446464 39831904 -338603520 -53798400 -114978528 352969728 57024128 
-135066432 177577152 151486848 -83818048 -72301728 273254144 163698816 231058688 517825024 -24595336 22431912 -514177792 553470976 -595833856 64338080 -468792320 716368896 125961376 385996544 256574080 11397042 -361833984 163077888 -357829120 425583104 44202832 -188773376 156452800 -253815232 246949568 354667776 -22527240 412755456 -240440512 66877488 266003648 122914048 154949760 210438208 -243204416 54323088 377293568 411681280 328711680 89875776 -201519744 -111908832 689174528 28969352 -172753344 150177088 -205779840 -18083128 216235456 -93874432 209735872 -588327424 -531116800 226753280 186102208 199459200 -22915776 40967600 302476800 
208797248 158242880 -301521152 -115789024 155699840 113766528 274779648 -80490720 -4454660 13987166 359345408 183598656 443226624 20163200 280977664 -164693696 -335129600 145981312 -197770240 282266880 -474915072 -342339072 383751680 64491360 136632832 160812992 105508576 390627328 89837664 -295365376 91756128 -195774336 166275904 -69107168 -503690496 79063424 -220837376 -184918464 -79709824 71595008 188018048 -849447424 305161728 -196948224 -61494192 -163736320 160499648 -208574976 69806048 53846256 -36911216 76768448 -259775104 -4391306 -7054011 -58713072 -105869056 -221751168 502862848 -13178498 -257282112 38179904 16647344 -201028288 
76610176 498923008 -234733312 97473536 406737920 -152776064 343848704 366082304 240441088 493148416 374850816 100218112 51281056 -303518976 497863680 20087528 252387136 541877760 -411343616 12685824 -514897664 -449891584 388233216 91806208 190016768 218141056 -99019680 137651520 74575424 443943168 300004352 -191405056 355806976 -149334336 -150858752 206230912 -288569600 68056352 -287869440 -342692096 333368832 -6921770 53840768 -211356288 -49764448 -448314880 -150994368 -96134976 63729808 -365663232 -162553024 428653056 86738592 -187116608 131223424 -353064960 6847339 -82208288 -173173504 49857296 45488320 522407168 253647104 -135477824 
315842560 -89963744 -146964352 -507586816 -153966720 -81563968 -35293728 -35980256 136276992 175354752 362454272 267838976 -33941440 131167808 208284736 58774176 54042896 32835104 315250688 -209082752 290540544 -155710144 -222227200 273763328 260157056 231564928 -116941024 -28171712 -341272576 -84256736 -248577088 171507392 196269504 238960064 171457280 -114366208 -211892608 -22629936 163141696 159167296 43695472 -333373952 179461248 177382144 -60137536 63818304 -9066352 340718592 477275392 -251471360 60032512 -17105504 275505920 271374592 43076256 -393039104 475997696 112715648 399615488 -109249120 214750272 56854624 132130816 -158527232 
-20121616 -35998704 399436800 -255182016 106546720 360809984 -292578048 -538839040 -31916888 -230652544 -454011904 -319176960 -98145824 -186790208 88500256 115927360 -158397632 -108191680 -367778304 163300800 -62601408 -320080128 52455856 -201592960 162220096 -105450400 -278529792 -320958208 78821344 -554688000 71710976 -38554704 -26526288 312882432 2162112 -286125568 239315328 259085056 292469504 148773824 -177807296 56110752 -339357440 298970112 176796928 -238144384 368115456 -206443200 -261527360 -173067648 -199085632 -323593472 -338421760 242257472 318309376 37553040 143082432 -44186784 114984608 -361873152 -204867200 28896704 55191296 252228480 
225726464 16533534 255760320 -772596224 -211451264 -110645184 -48376544 -241263360 22446328 -70695968 89945696 -204390464 -275286784 164901120 -339380992 155572608 318901248 -118805888 -17061472 -232408256 -396571136 9110148 -10444368 -135268864 132419904 313218048 222769152 145537856 -168383616 -363564032 312020736 -121748768 -160175040 585029632 40407968 -162013312 -361565184 -60793360 -89122080 10729322 -40808656 -76192992 -106549056 -428084224 -214671488 -614319616 107086176 44915680 -251629952 -257175424 -174924864 -11035248 -416245248 -66368480 331011072 -60271088 -128205376 -517901056 90433888 -152655872 213521856 46441648 -349945600 -30867384 
102889088 14181330 -71409760 420384000 -436375040 -396964352 -215163904 -125911616 -367142144 76414784 1589592 -136892544 71586080 -205371520 -53021344 371421184 12022972 476859904 335186432 -100581824 430943488 -411569408 -259535296 -46454848 -719116800 -276068608 -40921040 89867232 152612416 -138411712 -200897920 -37358448 -149221824 -108154432 -4317840 -117903488 391490816 -67230016 86241504 -220772160 424805120 -148169152 94778240 -421171968 34280272 -545925632 23396816 -281558784 113943072 -106715680 19711216 189214848 344985344 -528265216 -182596736 105892320 -59413216 -164039808 -106919232 279164416 39080128 -272415488 -362442752 76207168 
-191622720 135187776 221200832 157189312 356940288 -298145536 -140365952 229861248 -46798864 -10666824 -233435008 -310869760 257567680 253787264 194036928 -96988320 -298011392 92269280 60477296 -197979968 -189526080 251358464 79693440 236242688 -114071200 -115727328 -43048400 15733046 -207316160 -160603072 32429768 100501120 -46308304 171332864 -40837152 289034496 352540928 -130743360 -291023616 443194880 -180153024 350113536 -43771632 -244660928 -73852224 162714880 -374599936 -266233344 -136756608 191694400 -341369856 300235520 -308032512 162788672 -85563104 316036608 -53218752 -17851432 -85884096 293890560 -173422848 -28177040 386309888 212088960 
-119401440 645400576 377302016 170197312 -515203328 181039680 -305115136 -38985344 234725440 234168192 -372418048 -222882816 -143906112 104408032 -446793984 -98639968 562130944 7044080 181957952 -2584192 -142501888 -320871680 341997056 -254343424 141813952 374470144 -316888064 -331190528 409481216 -73356160 -220516416 -73484288 -234333824 -210840064 -246010496 -32921056 -226693376 264735680 -173232768 424759296 -446874880 165864320 -9584310 220149632 335690752 274539264 53360000 -368256000 -557327360 425879296 61934048 268547328 -123105440 428456704 -431079424 191309184 135746368 -129591456 284129536 168129536 10825408 -215118016 169390592 303401984 
-105771200 291380992 -92685088 -264948864 126026496 160101952 -425138432 -62593232 76600032 126025408 -59313920 -361366528 -14359968 208016128 -342824192 -168606400 231828288 70654016 19436840 -83586912 -423758080 -208495488 -28063120 31633704 -593202688 203744960 -217207872 -136118144 -226209536 109074656 -29657288 -127310080 267478016 -277112320 313428736 159555904 -889484288 679876096 -26295376 110336352 -34478592 521319424 -243785152 -245996736 -358715904 311994112 -374830080 74639744 246942848 358291968 121570272 -116656864 -212043392 -265636096 64335264 70716576 45015216 -250654272 -504252416 200093376 187077568 -322164992 267655872 320204032 
-89148896 362082560 -228665856 -30718816 -383127296 -342376192 161916416 -294410496 25681976 285280256 -32431200 345239296 141289216 -125922880 419508480 -604081664 -264668288 418095616 239419520 -117593088 597498880 211489088 -545581056 255627456 -35345200 -91697216 434573056 239541248 -260342848 120868160 546255872 232524992 64930480 -113474496 -105635584 -129234112 93296576 -43812976 178895936 -98347040 -166852160 21537536 29396064 361504256 -138994304 -111739232 -479273216 -137765888 127357536 92716928 -718593536 178306816 241289216 -260506176 -218016512 237914624 -91185792 -63617408 169112704 -736497152 293928448 335739648 -227188928 -339121152 
162626048 24789616 403843328 167359360 461455360 240630720 -269175296 -241408384 -233492288 -163262976 -350979840 -159060608 -246607680 -324579072 -234607232 -327166208 -308823040 -327881728 -94102144 -26003136 220750528 29425024 -670573568 232649024 -704369664 -128562560 265753280 316063744 -273908992 48210048 -231854784 224772160 37461680 -516428032 -569469440 348629760 -273819136 158328448 208105536 -414502400 83728000 26522280 -382845440 136873344 -123077120 122398848 -152661760 -376089088 677206528 25645208 -449646848 -96012384 167952960 105006208 144335872 306838784 -177244928 -151806784 -208561728 -428657408 250880320 257976640 401169664 -82936832 
690866176 -192450240 27310352 290735872 176088256 -663407616 -200813312 375536384 386577664 -76716896 344611840 227349760 139980800 -128101184 346046976 58130080 253891776 2786400 -187710976 44241024 -309459200 -483648256 177125760 -84436480 72833568 171089280 -380239616 -168293888 -499564288 137168384 -77474592 -75473216 34067136 97126144 -246076672 12029584 264185344 157801728 416399360 -26459080 323377408 -48278464 -119066944 -321176576 -179622656 -125485568 -45640560 285300480 163201664 -326583296 -119279744 -307715840 310473728 -191231168 -15254080 94717664 351731200 -26237656 -100963776 368510464 -114623680 -296333568 -151938752 -142058752 
-43233712 -33359328 345615872 -112569664 220378944 47416608 -208984448 -347226624 -308436480 -51037904 308267520 18761592 193216832 -466014720 -93009920 -94001504 -198664320 79192896 -99688288 -322116096 66439968 171050368 93641376 245669312 295203584 61877376 519633152 328317440 92004480 -138764416 298739200 603194368 -73686976 -45705424 3773040 172918464 -159567552 -13974736 98572512 -247990784 382686976 -98516928 -313747712 -227604096 -253445056 -411777024 -210683968 -392549120 -199834432 -108352000 18400224 24558376 -51691088 413011200 -112800160 38721632 -108364192 -302781952 92106592 -213722560 -340610560 -191843840 -33896512 -246932096 
189548032 -484429568 140639424 -279962368 42477424 -822867456 359770112 237166336 664733184 171605504 -13047616 -54468256 -153605696 134646528 -35028464 37364352 -57896720 96687456 -1376216 453184256 -243685376 -108992448 307704064 -373138688 -40501248 -111006656 232053632 -200427968 -174259200 -267903616 -169376128 -104982656 -415417600 -118062848 -105465024 107846400 510919424 412836352 61990720 251815040 -15944784 -434872832 50034144 134969728 352350208 -296259840 -224967424 190771200 18397776 -329092864 -71606400 365456128 -55419456 200253952 751959040 -480020736 528538880 98646560 3159489 192903808 -736896 -58545792 -314430208 -127981632 
-178012352 346454272 195473792 28506616 -233388864 298090240 -118893504 54372912 37743824 -27597744 -196666624 -10787520 189226752 -323635968 265490368 -238877120 -6459608 -20073408 174666880 -59910656 298926336 -552411136 -87463552 -352567296 119439168 58262624 -283538432 -38325536 -40126016 -36509184 461917440 -262019200 -198758784 -308736000 -72290912 159361408 433494528 533150464 151404864 360033792 -84537408 347693056 -384506368 330054656 -73651200 -91593952 -374776320 333643776 -131362912 59868960 10327648 -53955200 255444544 -79106752 -230933312 326540800 -45057984 -181424576 -64571680 -75978560 426493696 -76763456 54626016 481047552 
14698994 69771584 323707904 582854656 254690688 -346264064 93254208 194697664 -811210752 -84021664 -202952896 190209536 289488640 184509504 67076192 -207943680 -611536384 -223428544 -32958528 -540263936 100820864 -180284544 -256041728 -308609536 56530368 -77981120 313171456 318740480 58983216 210520448 -238530368 89565216 -418738688 -339891456 -226640128 146703872 765568000 -493532416 -223951040 63991264 446839808 -267836864 -207319040 -583079424 -242979328 -283211008 24294016 -323983360 -9716880 219939200 -9155896 359894016 232773952 -208875008 -77755488 161164224 -379264256 -203002688 111724864 161999168 -167679488 249997184 145730880 -164200576 
22015896 -52104672 -478384384 423405312 230620672 -683653632 115557632 721896448 82508224 228263552 235970688 87603200 297990912 -137903104 127095296 -482316544 -589571072 -166771200 164167488 380239872 -62969744 101706816 489099520 285884416 -132306528 -292238848 98748832 191045120 -1616640 -296902400 -152244160 337215488 -281562368 162951872 -84268736 43889504 750298624 1675008 -273950976 -169217920 151451520 31182448 246186880 -93066816 44970288 -181076544 -464236032 151059008 24506480 -218964096 194303168 350753024 50349216 77546560 339983360 128850752 277964032 147649344 157598976 77924064 -290540800 254748288 -42705616 9106304 
-542685696 265258176 -501253120 259921536 -111305536 249873472 -49151040 -168900032 92394016 221083648 -292455168 -9592800 -273760768 -12204688 -423547904 185964736 318406400 172023488 263281856 -92551328 214507008 392972800 -104533440 -137797440 -305332480 -80313536 288935680 -61333696 -79536576 155224960 -294731520 104288320 -173859712 -645163520 225098496 71491456 -135335296 -86764256 -230826112 -171901120 63236384 500506624 322013184 -113991168 29996944 100533856 83291840 131703936 264171968 443492608 -215024960 62826816 291504384 143037440 -288924672 244938496 -268630784 -60181616 -211939200 -435350272 117882976 -600876032 146443264 389557504 
-129826144 280059136 3055492 -181773056 -97142304 195347072 347940096 -434142464 -505559808 -6001274 70543744 156731328 -183119488 109774656 231101760 241230976 -565720064 -269869824 19010320 4730872 22953424 76743968 -229302848 -64612400 -121337120 249129216 267407168 291907840 324147200 -531353600 8770576 183758464 -217487616 7331919 -15801712 153318592 -251264768 -120585792 -660637.5 3933554.5 -346130688 -150298560 -179332096 -101714624 -292692480 -45237072 123934272 -342891520 234679744 -562454528 -17695848 217692864 77186752 177650816 -251763776 -84363904 57746096 196088704 -887088.75 -106944640 307610112 -122474912 277966592 243038528 
303539712 98326944 148264768 227213824 95457600 -335448832 253958656 884152832 -54562000 -118090880 -729616 437044992 442382336 -297446912 330934272 317973760 385966080 105490848 81332288 253383168 -157057792 235948928 -201193856 80558080 790214144 -55841024 -113024288 22576176 -44880576 -197204800 104342784 453488384 131190976 -286283264 -68133984 607846400 148019456 -536327424 -305796608 -411855360 30242720 -41599360 151099840 66429280 -258422784 -124552896 -300257024 228211520 -23463696 369593856 -359686400 -27651408 178340736 487900672 -215912448 -101116160 4222238 48600144 -524654080 -67754080 -338273536 -142586880 341387520 269926912 
-192259200 -6096360 -358266368 147405696 -262287872 380336128 -120357920 -132192896 127304576 110107776 39983968 17021240 171379904 -254392384 -92049888 -145874304 156652544 431712512 536794112 -173266432 123875232 26288528 121765952 50569216 106581792 -149022592 234969344 129459520 -494845952 -148666688 784236544 -133573728 53049216 -30107376 69801504 -96789120 92738048 62374784 -265458560 295689728 -539282944 460760576 -41489104 489035520 -129336640 236057408 153594880 604046848 -197107904 -166536640 403520000 -278692352 137453696 -454182144 -143664000 335098624 -53814432 227211136 -288092928 -5210168 28105328 -236668224 -117136288 302506496 
418783488 -467362560 160367744 -205306944 -51873168 192003904 150257088 104419392 159860224 -417840384 -14223376 -29052496 -168703232 115295232 254675264 419475456 137570880 -628003328 -388566784 27344872 23620456 -33312832 279990272 -1635656 293831936 239610304 -448931328 -59227984 179741696 -93109344 -292052992 135457344 -480199936 -46339296 150040256 -199259520 437539584 -242393216 71571584 -51095728 141331072 -433889280 86912160 62359536 333799936 198003456 579710976 282035200 302002688 -123838272 172541504 -498920192 252807872 439554048 -242134336 -25062976 502971904 91969856 149900864 177350784 -124983648 -237291648 5735318 370766848 
137965248 -440019968 -573634560 -136960512 -341917696 -7057019 180295936 94380352 -393303808 148348544 80997344 -15500348 -263905472 198185728 -229085888 -40370320 344193024 142455552 -91110080 -517402112 315797760 465874176 -346082048 -66863344 -6286426 61652432 534657024 313635584 143673344 332380672 155022528 158654464 37019296 -126767072 228493632 284234240 -220775616 -551339520 643455488 -31614456 349325824 66206336 337271808 26164440 -57257888 134410368 64365680 29509264 530973184 -168526208 675521536 -65415152 309266944 -4791768 -439424000 12309192 -430617088 53032784 67134880 -177357696 83312864 285836800 -4442850 -44569728 
218039040 428140800 -272676864 151790208 -743921664 121992096 221142976 -355604736 -54086832 9344032 461122816 155967744 -18653536 -328884736 157793280 24536744 113956864 -159297152 138663744 88273664 229040000 -20669968 -60826128 293581056 36537216 10445892 21190616 -180999616 74659520 -32627632 104563168 230894656 70015808 -97187968 -238423104 -2759296 -195700160 -268891648 412443648 68972832 -182686016 -261883968 -413100288 7660864 -384790016 152451840 151896448 -226792192 371710208 -46337824 53559136 -248683328 457381888 67349792 -58821344 93094976 262216896 -137597632 220291008 -40190624 80701376 166199040 -5213112 45787952 
-129659680 551099392 -143302144 -192523264 9928122 516497152 69199616 127270752 321293056 349087744 -315408384 -506394112 -281221632 -307982592 -23549760 458219264 285178880 -136908032 21725856 125441280 -3756512 164155840 613039616 254303424 -258396672 431585280 -560327680 -523564032 185275456 -292447488 355077376 -294653952 -188712320 133951840 -48026800 -231180480 -310601472 -47045184 -118828224 659913728 -197744256 336461056 127110592 -108784640 165458560 -131606816 100779200 49954368 -255783616 136406528 108432256 -86412352 -474447616 87428192 -21048400 -126712960 262357504 95506144 -328018432 536678144 8132712 82900064 128279168 67490208 
-447934976 287776256 -7922832 156225920 472796416 -35017712 370252288 119002656 -240877824 -16447264 51722496 -230581632 174653696 4581344 -48861808 -247845760 -164841024 -2099408 -168670208 -298587648 -277056000 -428305920 164206400 -259339968 555236352 -76502336 -223273664 -55794240 114619328 90335680 491525888 -248957248 -67523584 38867424 -84823328 131694016 159898688 52840688 -346044928 -40999168 -24253648 125410784 421196032 -229300480 -353975040 -159035328 -308811776 55001824 -4801792 305308672 49602304 -74324320 -629630976 -228764288 102918720 212871168 -117441856 -212622080 -173685952 -158045696 73587648 494392832 345240576 -442910208 
183618560 -137078464 432400384 -284735744 -135696448 152502016 -160638784 -17813112 38991936 -121630080 319697920 268816896 272935936 32228960 -239654976 -183136704 -187645120 -265978368 -162102080 571525120 15386064 -169593216 137632000 -308519168 90384704 -455330560 60252832 372531456 409504768 -229964096 283664384 -210980544 79587456 -328582400 -536371456 -487195648 19012736 328856576 54048240 -109775872 79057952 -146262336 -181551552 224410240 -229168768 4714426 -6869280 255724352 -358955776 68248160 -72359360 124534912 241662848 -84966048 -285351680 150461312 -204587712 3540222 -150133248 194330816 76230944 13042964 -458757376 -36614752 
14507770 348583936 182055488 -490199808 -219680192 204567040 -517435648 -154887552 -84617184 -59848736 -57038784 65824464 218855744 -197863936 270805504 231475776 392228096 91520640 368717056 -142057408 144212032 -190064640 -124017088 362307072 -295758080 -7265845 -608625152 -49399136 -7562240 -116974784 -194589440 -96124736 -271592704 239217664 481276672 147220224 77001152 240631808 94191776 128943648 188302592 547703808 -19593408 -126539200 -293672448 -86604672 -567591424 -234267072 -374734592 -22135696 -192258944 -297524992 -170082048 147966400 -313929472 -150338752 199496960 -189952384 166397888 481781248 125907008 -87048416 315346688 235947648 
397782272 -156340800 86027904 199687360 -75059968 -471154432 -157350848 -18047640 122323200 216161920 -201112960 184172928 185062336 222824128 -67795424 -695385088 96500512 -248783936 136631680 -173941504 -211595520 -302416640 -104075840 -26539456 229670144 -98629056 244231616 83040576 -212567168 -156342272 -74481632 -733604.125 -423185920 -93669952 -122367936 -58493312 366425600 64690112 567025664 299581952 199241280 -321228032 98665280 94542592 105446496 278176000 -157890048 -96238240 -264502080 22798032 221662080 -71683072 203336128 -196632960 -112489792 678580736 -279668736 -101333440 239114112 -212388288 -389048320 216540672 217016384 -128975616 
428546816 -348705536 341637376 -96775872 164947968 -217981312 331332352 336035840 246264256 -83117760 -398507264 77404832 -196897856 705688576 -146817024 -193649088 -242314112 -271587072 -319856640 405188096 269358848 833488384 -84392640 -197998208 50865888 226726720 445222912 186920000 -29201520 -90942400 -261870080 667078144 -153564160 -294706688 -333661696 -44082304 -104722944 -313805056 430671616 -348836352 361570560 -532969216 463721984 -220459392 219145088 191683136 -179841152 130324416 72882240 -111818080 -480617472 34401728 52029472 587520000 -290508544 415767040 -64329312 514823168 216894208 -244992256 -172760128 -414226176 -400810496 -248846720 
-237316160 224418112 358633728 -44845024 428107520 -152302144 76115872 -69348352 28962328 -321737216 -258210624 47796608 -329722880 -38520464 -293280256 56574944 -338344704 -192694528 12432774 -417344512 233596544 180747136 289100288 -60640304 156235264 -88027712 -87736480 -137232000 153644992 -67245248 223937344 289014016 -119829632 2127256 524483328 -163375296 -5223912 -339795968 266689664 -73001408 322995456 603516928 -280923904 185550272 72990720 30838200 402854656 79770784 -231392320 130632512 379813120 -284484608 -224748288 -113678784 -271290368 -213214080 -471670784 336086784 -124324064 413603840 28114768 -230822720 441910016 323907328 
-99471072 94627872 170450624 -198651712 -125797856 152711872 -243983616 -77292608 217948736 564171264 -205713280 -625632768 -106658240 268383552 98404000 -411179776 386999808 -336706560 -266014336 -42146240 292975616 189302272 190636096 -48069984 -160845120 -91895264 -453794560 -310128896 -109816256 526498816 -295441408 -134334336 42470208 -402686720 509326592 -401542656 -185368832 124802784 141866048 174743616 475672064 329277952 -133174496 -141191936 157577536 46394912 -61223040 -143378688 -179553152 -53340464 -36873136 763634688 393918720 2268636.5 -97922688 -514914560 108865856 43885712 -216966592 283969792 352572672 22454384 -221106688 148781184 
-118625344 62578304 -36417664 35113248 -352220672 -280044288 -285423104 145615296 -181428736 155593472 -42470080 -303202560 255646080 -344324096 -30402744 134197088 -16338132 -270939904 762071552 -351417856 200445440 106522688 226475264 -376927232 -428690432 96378720 -141079104 -195179136 181870848 -252236544 501053696 -211065728 -542333952 -2546960 14144704 94845824 175395584 203987264 -124381472 374483968 -185219392 6442237 -242402688 -173035776 -133319488 -421652480 239429824 453694464 -339568896 -257502848 112610848 111586592 76294592 -379664640 -357520128 -15900112 -249117056 -190359424 -141552448 389389056 101319744 -50834976 -334198272 264010432 
-108245120 -440574720 -49087760 -257850432 216466944 -133229056 292869888 -115009536 -94816672 -309852160 118284576 135645952 -467543552 -119839264 3811563.5 90629472 32961408 -282762752 -328639744 253608640 -221210304 -377955072 -119036928 -37277920 -29250848 187487744 -23233352 41815216 -83763936 156159296 -234007616 55190800 74210848 -41382432 48128208 153698432 -249381504 277943296 68672608 -320493568 266074816 -65434608 181286912 -153264576 1531495 -30455888 584659968 189408000 128262816 -206685248 -50764112 -728165376 297042944 -208280960 73590784 -1920053.5 -154031936 -299955456 36205840 175697472 -26248760 -302532608 -292242944 150910592 
403024896 -130096480 -169658560 394816512 44940768 -161238528 56227712 -247659136 -48614544 -77475168 -3035944 -357272320 -485185536 -95966816 -176840128 330174720 24617320 -199135424 -587899904 10438224 8758056 -26562984 -532864256 -189796864 -351896576 -317814016 144613120 -356113920 11723416 -152639744 240204160 -45977504 -276830464 -247123776 89720960 -116806816 396169472 360070400 344643584 -272624640 311318784 -53530672 -212372992 -366289408 190065728 -109538336 -29252672 -563148288 132459712 -156050112 -67783232 -35617408 165452800 131824512 83255552 219300160 456539648 29301712 -364539904 -570340352 231728128 -64002976 -113221248 -175482112 
-53514272 -151337216 -107802880 -142000000 -471590656 751883776 -370181120 -89235136 22053576 -519130880 -235804096 429318656 -354420224 211559488 -255675200 707057152 220139712 167153664 79977120 86761760 181356480 123258656 380013056 197438592 -225429440 -105180960 -93242208 217070976 25451160 -211166144 22058208 86227456 -184141120 840090112 91303616 -529320448 -224748032 -548279296 -17629680 -54156464 32597376 215838784 134967616 166095488 -249898752 131348928 529524992 -107916544 -93690496 -19294768 -430637824 -970817024 -120301664 -562733568 -575512576 440813312 186401600 180752064 160756928 527373568 577372672 -73116480 121417856 516944640 
