16 16
14785.918945312 -13891.696289062 -10425.280273438 -10194.116210938 39536.716796875 -29741.55859375 -20333.34765625 -1953.345123291 -21325.384765625 -9760.04296875 15971.8515625 12665.672851562 -23460.109375 -10400.448242188 -4566.0627441406 -2439.73046875 
20345.78515625 15861.528808594 -4397.9802246094 13467.177734375 -22483.6953125 13326.204101562 6218.4475097656 -4825.2060546875 -21200.845703125 27013.836914062 28182.223632812 344.09448242188 -12393.043945312 -1238.3674316406 32999.43359375 -727.201171875 
9227.8100585938 -12161.440917969 771.21745300293 4775.1118164062 11778.290527344 -897.18460083008 -2898.1240234375 6455.8728027344 11463.124511719 9987.9291992188 -7590.4877929688 16033.373046875 6242.9523925781 -2296.9607543945 -4977.916015625 -3134.1302490234 
14043.818359375 -26751.087890625 7575.1958007812 -9116.8388671875 13058.979003906 -22537.579101562 -10200.615234375 -2028.705871582 1369.2917480469 -21891.58984375 -10896.701171875 21005.130859375 -12499.053222656 8437.7841796875 3515.1372070312 3668.4305419922 
33683.28515625 -19182.927734375 1381.1431274414 2020.7204589844 13139.1015625 -26180.475585938 -10450.146484375 10677.802734375 -9496.462890625 -15506.89453125 -2809.0083007812 21767.111328125 -28117.625 8715.5888671875 -2312.1109008789 7025.4458007812 
-8039.6787109375 7794.2939453125 -23498.63671875 -16615.209960938 18946.303710938 -15875.923339844 12624.652832031 1139.2838439941 828.83316040039 -9040.2973632812 -3016.7662353516 1713.3854064941 6436.1811523438 -14215.618652344 -15690.747070312 24103.46875 
12171.385742188 -5576.95703125 -14367.203125 3709.6673583984 11524.689941406 -11045.990234375 -2208.893737793 1965.1848754883 15012.57421875 -16345.80859375 -571.81713867188 36954.29296875 -6736.7438964844 8193.0190429688 -12663.276855469 16690.4140625 
7193.9284667969 -19804.920898438 4891.5380859375 -19912.213867188 3761.8233642578 2345.6794433594 -24467.360351562 7523.6499023438 6906.53515625 -0.144287109375 -6219.3403320312 8521.2963867188 -2557.1131591797 15701.2890625 20237.709960938 -5254.9177246094 
-11051.665039062 1902.9765625 7552.0769042969 6403.0793457031 -1501.2840576172 3349.3283691406 -22281.200195312 21497.190429688 5388.3598632812 -16269.935058594 -11374.983398438 -15391.413085938 1428.5884399414 6833.8491210938 -18747.270507812 -16420.538085938 
9510.7119140625 748.76721191406 17242.515625 16061.538085938 -2380.9162597656 -11190.91015625 2987.826965332 -12729.245117188 -11738.099609375 -7778.0239257812 25158.482421875 181.09490966797 -26881.31640625 23522.33203125 -1070.8124694824 5297.0031738281 
-6384.7077636719 4267.1750488281 -24516.11328125 -16046.972167969 11348.935546875 -19484.95703125 23566.671875 -6706.3654785156 -94.51237487793 -8772.7290039062 -5593.5520019531 10411.694824219 10856.322265625 -15900.977539062 -1534.1136474609 28814.543945312 
17798.748046875 -424.64614868164 17486.4609375 7533.3837890625 4463.4069824219 15126.008300781 -12042.745117188 -278.03993988037 13853.467773438 9681.3315429688 -493.21322631836 34091.6171875 -4116.2524414062 -6970.232421875 1749.4677734375 -6599.7302246094 
26152.70703125 -20274.12890625 23512.48828125 -6330.4870605469 -23102.815429688 8638.259765625 15498.484375 -11718.791992188 16632.620117188 4803.8100585938 -13735.187011719 15710.772949219 -7667.6843261719 7602.2224121094 35137.037109375 16111.047851562 
1144.5498657227 -12116.249023438 12993.775390625 2854.6636962891 4883.6237792969 -16337.202636719 3539.8841552734 -14208.099121094 -30014.09375 -4020.3454589844 12603.492675781 -22401.837890625 -14045.669433594 6459.5126953125 1096.2670898438 -13414.953613281 
14654.340820312 -3872.7470703125 8234.296875 3412.4981689453 71.618072509766 -9457.6743164062 -1895.635559082 1410.943145752 -21442.546875 11244.57421875 17078.225585938 -6446.48828125 -10946.4296875 -6576.078125 13119.276855469 -8924.3022460938 
-6712.6501464844 2819.3759765625 -19123.173828125 -4632.6591796875 -3373.6192626953 3927.3641357422 13337.312011719 -15867.301757812 -12833.732421875 9702.9536132812 14377.439941406 -15856.873535156 830.85331726074 -6572.412109375 10771.668945312 3181.2941894531 
