16 16
9473.1923828125 -2364.6974487305 -4988.0473632812 -4467.0502929688 8814.681640625 3425.8118896484 23104.7734375 -3744.4654541016 -3936.0735473633 -10591.428222656 2023.1660461426 -9918.5678710938 111.74356842041 1579.6338195801 3793.0668334961 13464.232421875 
6885.3171386719 711.47650146484 -2524.3118896484 -16712.009765625 -2957.9781494141 3419.6288452148 -26577.252929688 9643.2392578125 -19453.048828125 36732.208984375 9893.3740234375 22099.044921875 -2519.8482666016 -5659.1396484375 10129.557128906 -2871.8192138672 
-16545.130859375 -38551.107421875 -654.60424804688 -2492.6286621094 2584.2680664062 -3185.5717773438 -13165.023925781 -19059.828125 -238.35180664062 17869.849609375 9456.5283203125 5645.1145019531 -12660.456054688 17885.182617188 4366.6645507812 -9921.5297851562 
9426.482421875 -10111.771484375 -32303.370117188 -9114.3051757812 22492.52734375 -12083.178710938 -11491.416503906 -8285.501953125 -15728.214355469 -8434.2866210938 5336.1821289062 -9837.8227539062 -15075.975585938 19301.51953125 1920.2710876465 12427.07421875 
14333.964355469 -15286.310546875 -39193.25390625 7628.826171875 10959.009765625 13601.65234375 -1534.2485961914 5651.2399902344 -26934.162109375 -14979.951660156 -18263.250976562 -25313.58203125 4589.4499511719 -81.979858398438 -8189.8259277344 -10490.782714844 
10975.808105469 18599.66015625 3010.4807128906 445.67822265625 -956.05242919922 3988.6018066406 20342.771484375 18893.747070312 9693.6254882812 -12955.565429688 9659.3740234375 6521.4497070312 15322.198242188 1316.3031616211 -12993.065429688 9230.2153320312 
-19.967891693115 -21559.729492188 -19462.498046875 -20603.865234375 12852.976074219 23599.063476562 -1877.149230957 3163.2193603516 -12643.674316406 12307.635253906 1772.5722961426 -4892.7844238281 -9091.9682617188 26385.89453125 631.68447875977 -729.84323120117 
6708.1145019531 35518.427734375 18374.583007812 -6611.203125 8778.3955078125 -24596.229492188 15638.680175781 19223.686523438 25187.431640625 -9484.3271484375 -104.57028198242 5256.7270507812 2651.091796875 -5371.6452636719 -3835.6898193359 -12620.161621094 
616.61254882812 9971.3759765625 26458.20703125 8115.5063476562 -18412.659179688 190.97216796875 8067.6892089844 -2406.2648925781 3107.9426269531 -15647.889648438 -24018.653320312 1288.208984375 23650.81640625 -7136.8623046875 -16909.610351562 -14061.047851562 
-11588.971679688 -20678.45703125 10727.373535156 -19540.135742188 11.764404296875 25718.810546875 7381.6528320312 -8914.0048828125 3082.5930175781 9564.4501953125 -254.96380615234 5901.5698242188 -5143.2578125 18530.078125 -5599.5185546875 -4982.0578613281 
19547.936523438 -10854.461425781 -17272.603515625 -5017.3796386719 2897.7899169922 12553.264160156 -11242.779785156 6627.9541015625 -21490.549804688 13544.390136719 -678.26831054688 -13036.361816406 11596.138183594 -9354.5869140625 9918.302734375 -16225.419921875 
-19944.811523438 6749.5666503906 8919.4301757812 -11141.727050781 -3626.9530639648 -7622.8835449219 14173.480957031 11298.965332031 10853.837402344 10689.344238281 18586.376953125 -942.68634033203 -11147.0234375 26477.185546875 8309.3203125 2924.4031982422 
6641.9577636719 6764.3876953125 73.411376953125 764.3720703125 15134.0625 -15493.184082031 5145.1127929688 2321.1967773438 -4226.5017089844 -17555.240234375 6910.4877929688 -5708.7587890625 16879.127929688 13503.48046875 5830.4672851562 -4549.8815917969 
-26447.091796875 15807.444335938 -7748.767578125 35252.623046875 7624.0888671875 1347.7256469727 30839.043945312 5845.4453125 -13263.639160156 -31782.19140625 -9194.064453125 -25233.860351562 10882.2421875 4478.9978027344 -10452.697265625 -13793.907226562 
-19843.001953125 14317.765136719 13203.681152344 9418.1630859375 12672.271484375 6489.8857421875 6793.1633300781 1781.720916748 -1422.3903503418 -2257.9771728516 -7089.4294433594 10618.587402344 20108.017578125 -3100.2868652344 -6429.8637695312 -24067.5390625 
28302.485351562 24959.779296875 -3557.2422485352 2864.145690918 25425.942382812 3074.6624755859 2356.4914550781 1024.2729492188 -27738.095703125 -26354.272460938 -10312.015625 -20378.4375 15751.56640625 -7354.5537109375 9002.849609375 -1238.8829650879 
