10 10
0.27792181447148 0.35197349824011 -0.032299295067787 -0.85101407021284 0.18220106884837 2.2930622249842 -2.4260541349649 -0.39595385268331 1.7013899981976 -1.8711393326521 
0.32883494906127 -2.9960622191429 -1.3452156558633 1.2832497805357 -0.55166937038302 -1.6506400331855 -0.32874255999923 0.21438338235021 -1.0111656934023 0.4476811401546 
-1.0178921595216 -0.71116694062948 -1.733771070838 0.77288339287043 0.017912032082677 0.25701609998941 -0.11227809544653 0.21545498073101 0.59261198714375 -0.11675618868321 
-1.2137272953987 -3.3615142852068 -0.30285028927028 2.6295782625675 -0.682811293751 -3.9524043500423 1.5157850384712 0.97903144732118 -1.3761844336987 1.1541392058134 
0.84296391904354 1.1982783153653 -1.7534372657537 -0.94643502309918 0.20892963185906 2.1302607953548 -1.5538831874728 0.66503692418337 1.2354607209563 -1.4019203335047 
-0.8348900154233 0.48329862952232 1.3532321751118 -0.12254530470818 0.82485608756542 0.37201394513249 -0.65310841053724 -0.50920287519693 1.1500137671828 -0.77143744379282 
-0.32737525552511 -0.80663376301527 0.25490660220385 0.724414806813 0.25380980595946 -1.2550948560238 1.8064396828413 -0.00029043760150671 -1.5015510320663 1.7376852780581 
0.016089543700218 0.66021643579006 0.041999571025372 -1.4223944470286 -1.8705958351493 -0.72009140625596 -0.17838496528566 -1.5153929889202 0.61783035844564 -0.81749322637916 
1.2489195019007 1.7774889320135 -1.0444167405367 -0.99079412221909 0.51795265451074 1.7832021862268 -0.21529589779675 0.53027505427599 0.015439044684172 0.15793916024268 
-0.71640861406922 -0.40987172350287 -1.4451866075397 -0.20544113498181 1.1942658349872 -0.03739968733862 -0.9793664291501 -0.71807678043842 1.1717702448368 -1.3015193492174 
