10 10
0.96662785112858 -0.60536063835025 -0.045473226346076 0.55302302539349 1.4651360735297 -0.22886221110821 -0.1538770198822 -0.00058127637021244 -0.72393651306629 -0.31991457752883 
0.53269424661994 -0.59652053192258 -1.4279042035341 -0.3049562741071 0.97468059137464 -0.5317858941853 -1.1231737583876 0.56543426960707 -0.26303157955408 -1.5165634527802 
1.6264695972204 -0.71598543971777 -0.28248414210975 -0.58237862586975 0.301170444116 1.0559991821647 -0.58254149183631 0.071311189327389 0.28196553885937 -0.84363049268723 
0.877630982548 -0.39040296152234 -0.70541059970856 0.13643298763782 -0.08849592320621 0.20527878869325 -1.3986219763756 -0.49121614359319 -0.38321441039443 -1.1927787512541 
-1.0061148405075 -0.106525413692 -1.6902981102467 -0.83596644178033 0.40196374431252 -1.1830101311207 -0.45998583361506 0.0112199569121 0.58104269206524 -1.4740993231535 
0.77079172432423 1.0012650936842 0.28382817842066 -0.92433069273829 0.75383662804961 -0.86445143446326 -0.83828560635448 -0.59166836738586 0.4793958812952 -0.19629597477615 
1.3201019838452 0.90587332844734 -0.28513050638139 -1.532370314002 -1.0072247460485 -1.2212765291333 -0.083073104266077 0.84400760382414 0.088561311364174 1.1487268060446 
0.32698246091604 0.68136639147997 1.2373100817204 -0.041594023816288 0.075084342621267 0.37292583286762 -0.60000794753432 -0.072838658466935 -0.071194622199982 0.64266280084848 
0.5255567021668 0.87943509221077 1.4814998954535 -1.9296596422791 0.83544683456421 0.27724671550095 -0.10682525206357 0.63918303325772 0.93855977803469 0.31204325892031 
0.74731518700719 0.72503515332937 -0.31119449436665 1.1046299189329 -1.1738790944219 -0.048473952338099 1.2887676805258 0.46822806447744 -1.7998733669519 1.8796471059322 
