16 16
3587.8754882812 1428.4607849121 -25874.961914062 -7306.6901855469 2345.3432617188 18715.895507812 -15865.099121094 -6121.5656738281 10038.645996094 26750.173828125 -5889.541015625 -3529.8618774414 -2380.1906738281 -7152.0556640625 11870.720703125 5090.0380859375 
-7650.369140625 -23985.608398438 -9666.6362304688 -37804.24609375 -10488.732910156 -6124.7373046875 3908.6254882812 8055.7392578125 -21230.391601562 -14182.895507812 18109.552734375 -8468.9462890625 -7084.6003417969 -24572.7890625 -12435.15625 5360.1611328125 
1282.8806152344 -12218.58203125 32285.508789062 -11837.405273438 -300.58862304688 -1872.4353637695 1210.646484375 11241.7734375 2937.1967773438 -6635.9094238281 -8148.548828125 -9578.8149414062 4749.1166992188 -14419.639160156 12693.73046875 2181.6794433594 
-9299.1923828125 9098.873046875 10906.89453125 28624.70703125 5458.8720703125 -1053.3758850098 21819.5 -11399.251953125 12010.516601562 11903.223144531 6270.8305664062 -3106.6137695312 2518.8439941406 -17617.3671875 -5435.7856445312 -5390.1999511719 
2942.1428222656 11098.950683594 -12485.983886719 11506.105957031 15650.80078125 587.98355102539 16125.044921875 -2480.8427734375 -537.21411132812 23938.837890625 7071.0327148438 -15696.919921875 -15778.597167969 20272.776367188 12167.102539062 -127.61743164062 
14687.579101562 10564.317382812 -13397.355957031 2563.3916015625 1190.1199035645 9128.5620117188 6567.7543945312 -735.03561401367 -4733.498046875 8486.17578125 -6421.8894042969 -12344.1015625 -15163.327636719 17411.154296875 -4196.6311035156 14011.0546875 
609.49005126953 10297.251953125 25457.249023438 39163.8359375 21371.1484375 17701.029296875 6795.7604980469 -19571.89453125 21791.2421875 14204.475585938 -9807.638671875 1987.9423828125 7263.8256835938 861.81469726562 13438.786132812 -1305.1975708008 
4391.1494140625 -14674.083984375 16190.630371094 5732.6936035156 11202.336914062 8129.1484375 1176.6147766113 1586.4296875 9902.0854492188 -2847.9270629883 -114.16563415527 11182.885742188 1380.2509765625 -22062.703125 -11411.188964844 -11550.558105469 
-13121.273925781 -4687.1689453125 -8853.8432617188 2181.6071777344 -11772.523925781 -5041.2216796875 6650.8859863281 6644.8603515625 10122.16015625 9825.7192382812 -19913.998046875 4035.6188964844 -6226.3703613281 8355.7875976562 -12687.770507812 12431.806640625 
14264.585449219 -2648.6247558594 -13002.893066406 21861.21875 23026.705078125 -13119.533691406 -2533.2805175781 -17920.32421875 -21946.35546875 19070.778320312 3735.8694458008 -17198.64453125 -7075.9245605469 -19202.895507812 -25924.66015625 20756.248046875 
-17881.727539062 -12394.911132812 -19130.8203125 -26228.75 -13010.634765625 -11050.751464844 13416.556152344 20565.559570312 -9832.16796875 12077.674316406 5588.5864257812 -15116.169433594 -25151.129882812 -8815.7153320312 -16213.890625 28367.408203125 
8982.2177734375 2932.0997924805 -21680.603515625 17031.479492188 6018.8176269531 15256.63671875 -5632.3205566406 -12704.683105469 26543.670898438 20585.653320312 -10915.014160156 18215.650390625 3713.6009521484 -6811.5424804688 -10066.85546875 11765.279785156 
-21845.608398438 -4570.3098144531 -9.948929309845 41824.220703125 2235.0427246094 -19241.087890625 21377.334960938 -27805.387695312 6247.0344238281 10647.051757812 10282.423828125 -9481.53515625 9311.5307617188 -3777.2427978516 -5071.9050292969 5062.6752929688 
-2261.6096191406 13481.350097656 -9300.7861328125 -2194.0280761719 10290.143554688 -129.10894775391 3740.6284179688 69.380126953125 -23420.2578125 860.9609375 13537.001953125 -7928.19140625 -19688.297851562 19443.935546875 -12914.983886719 11486.698242188 
7340.2724609375 8947.4833984375 19027.90234375 12141.270996094 1666.1708679199 14201.758300781 -985.13003540039 -7421.5637207031 -3353.8130493164 4024.3128662109 -11894.873046875 -15453.405761719 -673.08514404297 -13176.927246094 4476.2570800781 -1428.6246948242 
12568.966796875 10922.112792969 9078.4389648438 23295.56640625 12500.950195312 2950.7020874023 -1789.4899902344 -19724.427734375 1680.1469726562 -5273.2734375 -4657.4418945312 15097.810058594 13465.463378906 -5379.35546875 -17999.725585938 -9704.3203125 
