10 10
65.230714797974 -23.175782203674 47.962204456329 -151.47499656677 -201.89349365234 -162.10600662231 -132.74366569519 55.384789466858 94.698873519897 69.74876499176 
-48.623913764954 82.802052497864 117.6447687149 -79.674795150757 -14.496421813965 63.354032039642 56.647002696991 130.60985183716 177.74629974365 74.416722297668 
-60.217736244202 167.40142250061 -121.3081035614 85.150079727173 41.387850284576 12.199279546738 12.456293821335 43.182898521423 -190.97340965271 -39.636570930481 
29.778514623642 123.30959320068 -44.267607212067 131.66150856018 36.226725578308 30.261136770248 -62.85950088501 19.210160493851 -74.081369400024 -90.833174705505 
-101.78323841095 50.462715148926 33.890418052673 -12.298707008362 128.4303855896 117.59748458862 -79.267196655273 -118.7968082428 -79.314034461975 -70.149923324585 
-19.334891796112 84.44095993042 -9.4686025381088 48.903820514679 100.29366493225 -2.2962220907211 -31.102961301804 38.858256816864 -65.797996520996 -90.89439868927 
115.24735164642 -23.228434801102 49.620813369751 93.132802963257 -38.583173274994 -71.726921081543 -97.629307746887 -87.753715515137 -79.983053207397 -59.999859333038 
162.12500953674 -59.599995136261 -220.00749397278 -40.994355201721 -256.80391693115 -152.07888221741 270.58128356934 -125.56669425964 122.17230224609 64.162302970886 
0.30130808800459 -7.2866688966751 19.620169639587 266.92530822754 174.16751861572 134.88360214233 86.756057739258 -94.807308197021 -64.98575592041 -91.01621055603 
74.733757972717 -269.35277557373 -143.04826545715 -63.289475440979 47.880234718323 31.279605150223 67.08872127533 -112.84302711487 56.273317337036 46.140429496765 
