10 10
-4779.0649414062 717.29565429688 10148.801269531 10783.479003906 10117.426269531 -9112.259765625 13406.956054688 17350.142578125 -21724.61328125 17344.956054688 
11784.318359375 -1964.3962402344 13196.846679688 8405.5122070312 1675.1166992188 -1912.8052368164 -2407.068359375 10947.405273438 -7024.681640625 -1474.225189209 
4939.1794433594 2917.2547607422 10201.129882812 783.83203125 12359.302734375 6166.865234375 2438.360534668 4749.4421386719 -13411.826660156 9959.2377929688 
-14903.751464844 -15312.76171875 9389.8833007812 14897.125488281 -26762.064453125 -8416.732421875 6784.4189453125 8226.7255859375 7827.5100097656 9045.5107421875 
-136.00982666016 16460.3515625 -11450.37109375 10371.44140625 3996.0126953125 -1965.4747314453 3769.3721923828 1377.2206420898 2447.0529785156 -4589.7888183594 
-9082.3291015625 -15602.609375 -5315.1625976562 1014.8972167969 -37636.59765625 -16417.470703125 -333.71234130859 5445.2844238281 12648.11328125 -452.61291503906 
-3742.0772705078 2625.9510498047 15790.625488281 12695.487792969 -6302.98046875 9546.5083007812 -14504.186523438 -5955.81640625 2210.6520385742 -1902.4414978027 
8406.8334960938 -646.96850585938 -6287.4089355469 -865.1171875 7421.0632324219 -11828.790039062 12833.721191406 19107.630859375 -7936.2583007812 8826.9711914062 
-13518.127929688 157.83139038086 493.07485961914 6829.7651367188 -4014.3934936523 3569.7677001953 10445.006835938 -3157.8078613281 -73.956085205078 11876.734863281 
5112.1538085938 11589.849121094 11285.377929688 5743.337890625 6548.5810546875 15243.651855469 -20186.022460938 -17434.575195312 -149.9444732666 -20560.8828125 
