16 16
1351606.25 1359527.5 -384513.875 763563.5 -1127858.25 -534658.5625 884840.4375 -1667330.25 -202612.15625 533371.3125 154705.8125 2240616 -433632.28125 473694.15625 -1042274.1875 570874.25 
239294.703125 473390.8125 -454368.90625 530684.625 2132108.5 960492.625 -429307.21875 -591693.4375 -739605.6875 -681749.3125 1595495.25 -877658.375 636596.375 -16283.171875 254923.21875 -1116775.5 
-677321.5625 1113595.5 325217.46875 -150153.375 1523237.25 419927.625 -1185931 -511367.21875 -727661.75 -2971779 -500886.6875 -162618.109375 -375005.625 140445.5 1219177.5 -13595.609375 
-1068197.75 -2097580.5 -98906.3125 -725623.125 95451.890625 -1465265.5 1094181 -804755.6875 -445788.0625 34345.46875 -2434106.5 943444.375 1592322.5 2505412.5 -1128001.5 -926363.875 
807528.4375 -838566.875 777007.0625 -676545.25 739496 -1485443.5 30257.8828125 300137.09375 639650.9375 1132552.25 -978208.125 -1696394 25631.21875 -892521.625 -1377875.25 232799.328125 
1095224.75 -384555.1875 -235798.875 813923.8125 1398916.5 -1970146 -317352.75 1353391 -348364.15625 220109.546875 -1149472.75 -1455402 -704587.125 -1264592 -1317017 -50854.09375 
764190.125 185522.921875 359248.28125 -372734.5625 -1135210.5 631516.375 1181041.25 -1040027.5625 468553.8125 495047.96875 807208.375 591515.875 374177.71875 1212676 156909.359375 671827.625 
85120.578125 281958.1875 2327029 -326213.40625 1811110.25 -283676.84375 -913746.75 11867.517578125 -1506144.5 -2215926.5 -1363671.75 353460.8125 80802.8671875 234488.65625 613281.5625 734808.75 
-383678.375 -791006.625 931775.375 768095.75 2113202.5 128938.8125 970007.625 -1710250.5 -1125421 -622811.4375 1151423 -833717.0625 -413718.3125 -446641.78125 995466.5625 -1237009.5 
-1156798.75 -2108017 105470.59375 -293264.46875 443509.8125 1466309 981347.3125 -906364.8125 -747820.1875 99111.96875 471573.21875 -598688 1057532.75 403968.25 632873.25 -1322041.75 
1219458.75 41890.3828125 -1089444.75 2194328.5 578189.625 125760.0625 -932190.125 -266026.875 -2128155.5 165226.390625 -363708.9375 1026808 201829.65625 -304315.5625 661632.375 872318.625 
-134205.8125 2017372.25 1093984.25 49241.376953125 -837808.5 -389588.375 397997.90625 -389943.9375 303014.6875 -955685 -1654148.75 2264380.5 374931.375 1978503 -1386648.75 540753.125 
-682425.375 1077375.5 1708701 -679765 -1847955.75 -1273631.25 -755830.875 335242.09375 28165.2265625 -1835174.5 324680.5 2706715.5 -2280130.5 -2047044.5 -1193943.75 591330.25 
819158.8125 828585.4375 2269786 -406869.875 -263826.375 -2748284.5 -942365.9375 1217015 723847.25 -1208276 -645990.5 96774.359375 -2092688.25 -1497346.5 -2064377.25 -635080.8125 
1618717.75 -1970391 2219294 1652728.25 -198134.0625 -3012137 839833 1650806.25 -1138976 827508.6875 -2033541 1008271.6875 571223.875 -1916624.5 -1580626.5 983109.375 
986213 316908.75 1291458.25 979779.5 -792162.5 887497.5 -91757.53125 -239568.625 318884.9375 1350316 -1477769.25 -324583.03125 1718498 282120.25 -112319.171875 1446413.5 
