64 64
250361472 -12923940 -141733248 447092992 -229903552 443023616 -113892224 426420480 -111368064 73581568 -151973504 467096576 -116157568 -111391296 -123526080 505169408 268916224 -124348096 108274688 180201984 -172935104 -271997440 75595552 -304314112 -334509568 -150417280 58917520 451120640 -449187584 -2488240 87340544 -262822720 123004864 569827328 -161794240 -404073216 -165055168 122627968 110025984 369027072 15743578 -260145664 -77041792 -420087040 198476160 -26541520 -279107840 239313664 -243645760 -334518016 -297130240 175421760 54834736 -130217632 -429846528 432862976 -497516544 -668568064 -27740056 -143024448 50113648 157746048 348134400 -119884096 
61632992 -98056672 53287344 -193006464 253396736 -108065088 -179556160 166914240 99644128 -19855872 -54178576 201325952 -343090688 121861216 -346759168 -69151072 -258207936 -202003456 -219259136 -248251648 284716800 379460096 -315245056 249488512 110032864 300851712 -16403152 272738560 -115724416 53363760 -3614298 -342474240 166486912 127541504 -105560192 38120416 -133221152 -37418240 213846976 324865280 320098560 -126435968 -21289504 -177927104 47351616 -51307312 -432663040 -76387488 516753152 347921920 -518763520 24282232 179710720 -126613312 277695744 14751874 -308571648 52835648 -52103088 -258947072 -186679872 -302008576 -17711152 -13508620 
136821568 -190308800 118552800 -118433920 87722880 -200850368 -213044928 230153728 -78328832 293684736 210409408 -335110400 23595184 -487300864 75022304 69288576 -158277120 14947974 -552152576 197996096 -278667264 -85708192 -221281984 -101118336 -40815600 -21237560 -20356152 18979656 -97321856 142942528 10677028 715672064 -136610624 -314667008 19405408 326945024 24357664 582006272 96163200 171065088 32010512 469642240 91617344 244249984 -215017088 -158983808 -507872000 408878592 -316672000 -65391472 391650304 394224384 341475584 71453568 -159168576 313551104 -134358976 -354483200 85022400 499478528 189025728 18373008 476516608 -170159232 
111387616 -54469056 -235890816 111596224 64632320 -20070144 -248752640 -99127680 260305088 70589248 526521088 255916864 214247168 -604068352 73359040 184113600 174622464 -34402688 -470067456 -349202688 -44886464 37242032 -105708576 -194518720 211334848 293251584 -261923008 -463982848 48147408 339583488 -713875456 140886208 32893840 573047808 -52209824 -20666592 63436864 65114496 -90156352 294455040 230762240 -324228096 611987456 -246903552 -30427976 173266432 -51558352 369526528 321867520 -644606976 -292923648 6415502 166834624 -769098752 528387328 267966528 -435930112 -389726464 -81185728 -207072064 -100599296 171148480 315171840 94338656 
-435923456 413170944 215624128 44431520 99569536 -493731840 84835072 -105616320 175554368 -250819712 -569243136 -484918528 -279219968 389252352 -6189056 304888064 3382704 109726592 251406976 142848512 22291648 -81797504 168529152 -65158048 -238355648 139192576 -686615040 232756416 -94035200 -88594304 251490112 -200143104 -83900928 10650964 -698580480 111428672 -217724928 -544937984 11035200 277393664 -94046080 176658240 17473112 -169353152 145349312 -379944192 -386683136 -419850240 29653160 358043392 -272225536 106459232 61747648 405214720 -40689600 -215189056 155577792 -192390784 950544 -367740160 12805408 -258061824 181667968 -505601792 
72757696 84732928 -353959168 342823424 -304844288 331239680 -33446056 230491712 247150912 184737792 195810112 88001600 311103744 120508992 -53885440 -513161984 356292096 -247987328 -350925056 -159004096 71608320 26910352 -230818496 468809728 -559763968 -236956736 74923968 -101744640 -3197086 81893312 -89986240 184986048 -80482240 290063872 -34605024 -258313024 92617888 35180640 209907904 446725632 -724493312 -165311296 577232384 342551808 347821312 1552896 345538048 769435136 -467220480 -154197248 -74565792 -182834944 36969696 -84813120 186314368 27404816 -43990976 63227728 61300800 453491712 244204864 200307776 -151186048 205014592 
-248909120 130660416 -412633088 -62547168 -357186816 33517024 -366016000 189422656 344050176 -729813504 212854528 102069056 278505728 -528178432 340478720 107620480 252135488 -324972288 -34616640 -236471168 -300662528 -157954432 7278768 129432640 -551001088 126373216 609128448 84008928 185446464 -40949376 330073344 140777984 -379240704 100514560 89408832 179748480 176572864 -57421856 269851392 -32237760 322905088 -203943232 126250496 188136000 336787968 131540096 -210988928 -360774656 -243330496 -277018624 187063296 -106111200 39473184 97190624 50424192 -23855432 211923200 2849584 -190806592 -49078048 -79631296 375009280 5503536 -242393216 
-33902256 158401984 -239295936 548974080 -175327936 427363584 150439744 -444892928 -115287712 -262344512 273295616 -214299008 147796160 -300646400 -27170768 -321285376 -275098880 -288458496 97359328 -182090304 -416229888 -144544384 -188818176 -415458816 -377487360 189002432 -288977408 -278439424 -17618760 66380272 44024928 -190698880 -267530240 319595520 -768483328 316163840 107226304 296124416 57933936 63610352 732844544 -95766272 -150520960 -289792512 -19904256 -236827904 -13197532 -90149312 -295993600 -132599360 -294251264 -328006656 -80874752 98416576 459946752 -33659440 -126738848 48799968 -918166528 76083392 107720192 -106474144 309854208 180804352 
-132700064 15887338 -19181480 103435904 -369388032 -49143168 45091088 321915648 -205122368 -546443264 14021678 -115416320 575662080 -283739648 -393644032 162814080 -229153728 -8239456 -136178752 178061504 -197636160 -494004736 -33743952 98743552 191120192 401248512 -90804096 74468160 -112329600 -15246960 63201456 -242008704 -240553536 -71054432 -508577792 -155327232 -215738496 -357572352 42298128 -87086400 460785408 -47832720 144344192 -165393920 44904224 223513472 -403098880 35512368 72909760 299836160 196985408 98694176 50376272 203755392 -180296960 470031360 11384682 -29695360 -440992000 -70184864 -28323328 -83726336 85326560 220846080 
-225305856 636926976 147853696 -884473344 555008512 -133175872 -172455488 577586688 330817792 -122773632 -46362992 -454652928 175885504 312684032 241401216 -97983104 -468825088 275866624 346605568 -134389120 354033408 509851648 -236474496 -200556736 223281088 197854464 26321296 83815488 513154048 -150891776 -164298752 -366391808 -367775488 -82704640 28972720 635337216 145662272 -423047680 245716224 -223339264 -170758400 -55668080 146144192 934480 215552896 -684688384 -307708928 -261346624 -79073088 -322257664 -267067136 32471136 157179520 186435136 447192576 -305135616 -108285952 -125360000 28033128 -606279168 -58194464 -705335808 118778752 94803712 
262284608 88530528 -8597360 -35212832 -346658816 67434464 -103679840 -251295360 9819414 110076384 135894144 617423360 95275104 45737008 -331383040 147608704 459646208 171740224 -31508640 -81803200 -359662080 82629792 575617536 346521088 245518528 210500480 116761184 -74104224 308338944 231142400 -101177632 -299966976 246615040 6338046 906126336 -299446528 -339219200 -294022656 -241822976 -370732032 -16324314 -83731744 89898368 -133989152 309772800 268262720 250400896 98191744 211865664 -174498176 -127966208 228748288 -112539872 -450097152 -652818944 26262728 -57735568 -51815776 -145585792 -138167232 -175506304 412862720 -24708712 392509952 
-181492928 354421248 -130353504 -1473344 127374400 -585211904 -366137856 -263712576 178332416 -751191040 208754368 -595011584 -46208240 -493717504 -1474368 335066624 -93253056 185936192 -183885952 -358968064 282355712 -386039552 119446400 -86971808 385422080 118095168 -41177152 -182368512 96582752 795047936 98931712 -62637456 59026288 -98747456 42508976 -85438208 161722880 -11726064 219214464 261887040 47542224 249123392 107387328 -182653120 -34350000 458008320 -307814912 -340248576 419791360 101339136 420462336 -264684160 448584448 129048448 126220448 334499328 309299200 -76508704 248828288 210681472 -234032768 104342912 296720128 309422848 
-144311808 -131058368 50305120 201432384 513491200 -175013312 -227958016 -189915520 161432064 335974656 248010112 -76458528 630932480 -111044256 177683264 -476014336 -34654576 168991680 -2052544 -119234624 205804544 259143488 -405661184 484807680 -403404032 -370496768 -423897600 -249713472 -106871872 -165887744 -357486080 -114778816 159288192 -234002368 -207455488 46923296 243136384 373378304 352860672 -414827776 -266521088 236465728 222570944 372570880 349125632 -496579840 238305856 129077440 -283539200 -10570254 -171063680 76878336 -23809784 -278298112 229414464 49075136 -130150528 358893312 34300064 -14559366 581517824 -367846912 24173784 82686976 
389265664 -251100928 71273472 -41559616 -200403968 389811968 -57006160 -288002560 467682048 -10185104 -36057152 166441792 340860928 347062272 304299264 -452168960 166193472 -141049088 100367744 -134304832 370514176 -266171776 -206588672 66242336 -210064256 179780736 -205246400 25931840 -265864320 210112896 -248684224 43951744 213380032 -481166336 277359104 -176395456 195569984 134379520 310512128 -406179328 -53036368 189451072 -120463488 124553856 23630624 -305979904 111946496 117928288 -247443904 192046336 22742664 -42138960 113661152 -67350912 183301632 240576256 -474109440 747191808 -186969216 62491120 38982336 148606976 -2004024 29332752 
126809920 191300352 297311744 -75157184 183159936 -342772224 -613736960 -803950080 244507776 -366675456 -67360896 -340252672 -318014720 416600064 -277084416 -140026496 -154959104 -32534080 499173632 -413596160 571344384 128193952 617342976 241020288 219293440 -218342912 191826944 244340672 -123704640 79543488 -204665024 -434553856 -229294848 -126750432 -36931280 -433332480 150619520 -103518912 232375872 -645862912 -423846400 527525376 -357131008 74128448 218801792 -120390624 240038208 -387232768 -198169728 168782720 -289496320 -201003328 -48577616 83494976 388383488 -4252669 266085120 101164672 165960384 -132348384 -431713536 -120504256 -101503008 -214792128 
5147256 322587648 222195072 -176066688 -116994240 -457837312 216302272 -6830342 -393077248 234579200 320572416 426731264 -126059840 -14133308 -260984896 226591424 85619840 -89620032 288701952 -105104928 44495312 326142720 80611136 3412032 -115125216 -103794592 463679488 105641984 -218385792 -368513024 262268864 403635712 -193387968 -42575840 48812112 -420416768 -48947072 -293507328 -206535552 -477454080 290398720 200907328 -270075648 367657472 202471360 -95628032 305173248 20768160 -140981632 -13466932 149637120 371254272 -221013952 122697248 346261248 65945152 -399257088 85275648 -329581312 299185664 -180793920 71636768 -9332150 7851308 
158775360 -196034432 132400128 58421264 287393024 -432176896 -185355264 -505970176 57835776 -66378112 370857984 120900512 -195284608 144790720 272390656 -230980288 -6091488 127116192 -287640064 -217332608 -12004424 22642832 288171264 -61914304 -380343552 -249943232 -275156224 -37476208 143420288 152928512 -386444544 206154560 46404608 -129048960 -234025152 -11994220 30369664 16783472 52768176 -1689600 -86275104 96177184 -95204416 -28648552 -225178048 222672384 198110016 -234714944 203423232 -70235744 -471695104 -101101824 -288973312 5591632 427632896 33377800 551750144 278411008 -62984000 67304864 -68645760 359632896 170378176 -280536320 
-341422336 -35887984 24318584 -72450624 115818496 -123451104 11896488 -344418304 -209474560 -99198112 -304413184 -102444128 -216237440 58259008 9484968 290458368 367190784 -11673930 -10277448 -289124096 -119559904 -322290176 106763392 -265741056 169117248 235123840 -768210944 327781120 226334592 501833216 113460896 162346816 -28182560 -196423232 -187464576 245591040 -409669120 260756224 -354538496 296388608 136741824 2375409 -44560304 64896912 95254656 124242688 -258545344 -92647008 134840960 105048864 -244861888 -661956608 -280866560 780168704 24597328 -118819360 656934400 273832192 -33929584 -310755072 137967168 35463376 32596800 -24800064 
-69993792 42819040 -66473952 222063104 39539264 357449728 288039680 -129026528 141622400 18110368 -464698368 -117468640 142112448 101821824 -131060096 -57712480 383056896 -14579712 178021248 -38928512 -277046016 -122404128 370304768 -28317936 26108592 182290560 -373595904 143462336 511732480 245186048 -60468928 -7354704 -17252696 -152570048 86173824 -261316672 -22350624 -157199488 13717408 14803296 -80000192 -17156896 140173568 -258250304 227067648 428968704 202915008 -543683072 164278272 -4314886 50723648 -205528896 106214912 58435216 184066368 -167796096 507340800 135818432 229543872 15290704 265958784 -173745472 -33586640 17083672 
-104857696 -273698816 283170560 -322545152 229924672 236345216 90581440 96339904 232587392 -96202112 -105244608 49760448 772505600 -22934208 203128000 -103275968 310244864 -58996736 32660256 -70874432 501949696 55386160 -563287552 -283368192 123412800 229799296 -185600576 -86328448 -460644352 346946304 -838306304 143589888 -129017696 -438238720 60493504 -88727168 -241390848 -233568960 -247727488 -210160640 -119641856 -298302720 -65907328 -6803397 -544971264 -226695040 -539612672 475398144 993546752 28891664 92744896 104930880 17743672 531375616 -5734330 302180864 -639756288 -63563104 238208192 -155894016 -273831168 -103988608 -286382336 -265446592 
-61518464 -59386032 -211235136 380241920 331001856 -289860352 115329344 167513344 546927616 -191737920 -264308480 -746895360 617908224 6124368 418116864 305925120 -147883712 112290080 62528144 21174016 -803149312 -83566976 312871680 -360990464 -147183680 183858496 -603330560 -213249920 475069696 -172190656 -15068654 -527803904 -433308160 -113230944 -448271616 762919936 375043072 -324833536 357338624 -373606912 -91860096 -209345152 182402560 -572718592 -304912640 -6302544 -467320576 -381105152 291491840 121086976 -103392224 25474320 -254486528 228518208 43890368 -114442272 164197248 272252160 -87937664 -254456896 246764736 156078016 9863752 -10876656 
-279992064 157971200 114324352 -123889536 -162227648 93256320 -16999584 -612326400 -394104576 171065536 -301065216 120966784 -460806912 220151104 -405740544 -190976064 165295488 -312058880 63544032 306924800 -195002752 357030656 -240125376 214743680 -267371968 417159168 -16399840 298886400 230681216 -43788320 -143649088 1140602 108184544 -166073536 125509824 -522139136 -345694464 -41188288 -207922624 -218626304 239888128 -334899456 -166722496 -32476608 -132867904 -81650816 295753984 117145824 78339872 178345408 -220941312 403980800 -233854528 276720640 -37672448 -93189472 175202688 -378054144 16718008 -169131584 397648640 99408448 -539231232 -603851776 
51379888 351206656 -76671744 231991104 -36706864 -127528704 394240000 115631168 -162042496 -111806272 -155016128 8020768 -9204832 244090432 42953984 215177472 71928448 -122859776 315422464 155345536 479146240 -476338432 -69689536 -522135808 -332600832 -192854976 -31533216 -146369664 -106752512 -62921088 -16000062 -442296832 459170560 -157259840 -662744576 103417856 5550064 134289536 94392096 8028184 -136722688 1665918 -59784544 -84584224 -133522432 -192119680 347430144 73170912 -64628784 366959616 482683648 -87125088 -26794768 -215855104 -26929512 151929216 58872864 351881472 -36753984 131045504 -24518944 -131950944 -62405312 408364032 
-352779520 -258375232 -291881984 411393792 -9922610 348382976 123686944 -91984992 211823872 98839648 -286403072 -201584448 276149504 -261869952 376757760 308416000 153436352 49430080 -41176512 39611296 -318577920 -122286528 65156576 -43893184 -287445504 190342208 239894144 405230848 201687360 -4928600 221024512 -204873152 -34445776 -182693568 -340915200 193693888 151228544 133360640 -254981632 152902464 127967552 -691736064 251593920 -291270144 -175966592 139157760 -532521728 -253786048 341696512 32378000 -245726656 244734464 -41080992 -737768960 -559198720 -400262144 120028096 -142345600 420095488 -372276992 125183552 -84102720 -88324096 -292227072 
590045184 90015360 -72437760 269091840 -292759040 -16531416 -178604480 -23641160 -191003520 136316608 309313024 -189033344 244225344 34659456 88361568 160463680 -515568640 -297340160 -607805952 -176237440 -170861184 -21241056 582936064 -41602016 221246272 -422295808 58646976 -137160896 35735648 548975104 -4643188 -75080864 -432339712 -5694248 -70358912 -176472704 11635882 356134400 586080256 -47822416 87286624 332989696 -26570832 -223829888 -227374016 -24640952 -32359072 -53306496 -245279104 -355220480 -343865344 -92828416 13540832 -158530944 423842816 110270432 313481216 -127584672 -430360320 294470144 -183910464 -460222720 365755904 146452928 
15588288 7050510 -132872064 222352960 257147904 218517312 -363059200 -160383232 118895392 -270407680 -369225216 -267449920 420562176 -6540700 267493504 -47897024 201900800 134624512 106942912 -737097216 -255242816 -201477888 -94193888 18225328 -36423168 -311479040 -414506496 93937760 138700928 377954048 183650368 -208322176 -525332224 -235306560 111901088 219990400 216299008 523767296 -294372864 78882816 523475200 165150016 -4922263 223540224 344266240 -218290944 9589338 -290377472 -502390272 186952960 200186752 -421836800 -658739712 12473248 75552288 -202446656 18082648 -107843648 -323700224 152494912 91430720 -191662720 -50422800 8766200 
43074368 97670784 -210766848 1425136 -22792096 14203776 31037656 283458816 351023104 170896128 8656712 -404066048 249716160 16151536 374251264 -94619744 82262656 24716496 -119630688 -16626560 -123108672 85324480 329069824 -215348032 42546736 64974848 36614592 128044576 370222592 -53109696 269125888 -380292096 -468457984 -254700672 -79193120 314332416 86097952 531412480 -92275488 -376029952 -220019456 187935424 -327112448 -217236992 -239005056 -334899968 192289024 -251301568 -423830528 80383520 -52886128 -404354304 -479003648 393750272 526984192 -218857472 357350912 -131359808 -12755184 149913152 404372480 -141487104 -602083840 -369400320 
-347013376 284569344 -206831488 151183104 -469137664 -340173056 311101696 362755072 -239612800 -305198080 -248771008 38866656 -192146880 -226872960 514016 -39226528 189685120 -287004928 -242631552 -161822912 127639840 -107751808 -220057216 157199232 -216567808 155367104 475720704 -73122144 -462681600 44232864 155724032 -334713344 -129260224 -280014848 -164226880 -246904064 313430016 -79776256 592605184 544503808 21593632 -438027008 -718230528 177428992 -324228864 222366848 67861984 -240871296 -69668480 185826624 391218688 239154048 444112896 423640064 -2804826 -308942080 203002688 186316672 267972480 217423296 119425600 -272526080 -79548096 -380361984 
-554073600 728371712 -159558144 141121536 -188333952 336821504 603386880 -320809728 106994656 -11988816 -673932288 -678255104 -274092032 106572064 -582736384 -399572480 -10729472 -199949696 246408448 -99450112 -789727744 -474491392 -153246272 228380544 -607310848 -112728544 35321600 108419488 517637632 32191504 111555776 -467884032 -81237056 -442090752 -269049088 -297680384 223304960 41252576 17149072 274098944 -76179488 58112224 13775336 123599808 148583680 181305920 -385415424 -171260928 -770107392 509554944 19625600 497414400 167636928 192053376 57416656 -25871912 266639744 122432320 384550912 54637456 116142144 -604066816 206070336 -268109184 
404918016 -454299392 -12453576 142273408 23711256 88512192 -454764288 -318781440 209812992 -38792400 -4273551 -315144448 -635378176 140442048 -82849952 -250660864 -98716480 196532224 212025088 -91865152 -215960384 258245888 646612992 107647744 466830336 -92484640 -261348032 195635392 164966592 -257627840 -87041120 -377564160 37210976 -245392512 134178304 -116416480 -37233936 -84558112 112303872 -182560640 -206629632 455772416 -485037312 -277673728 -205819072 -100034336 119043840 117568288 129226624 39001168 -431508224 -223407232 -257874944 187620160 47342304 -227422336 593895424 -132271456 275527424 85341792 -85439520 -6609888 79099776 -288924928 
385226752 -392549120 -310273536 9642016 -341595648 -676194304 -176577664 386319360 211393408 -367101952 -267491520 -6007200 -205475200 276710400 316650240 294345472 -189334080 -128517216 -305955328 -128840704 268615680 -344653824 200484672 182462848 103555936 -674570752 164983680 114223584 -315699968 201779008 223747520 -207499840 -72705728 -308985600 20052016 -227927552 -62353648 197737728 621703168 85144032 -185131264 233284608 -366469632 -282330624 -268580096 439284736 -339783168 -182981888 -114005472 334837760 65208624 -623442432 331917056 207658432 51781440 -176233408 453276416 352229888 251612288 411870720 -145378560 -14203680 231274560 -105178304 
504108544 -357230848 -27831088 170659072 -140357056 -111237952 279373568 -19309208 -299412992 33154160 141784768 -207774336 -395741952 176040064 -232002048 -136704576 -237399488 232909312 45450192 82995072 -111361728 -150954240 340025856 294432 339194368 -321693696 223084608 -55460912 -124126912 470075648 222692224 426195200 121619968 340134656 -28924352 -902557696 225202432 -162698240 274858496 321662208 451086080 315579648 116950912 -24424136 -3446720 282883072 -318712320 -43200912 -55459712 331259136 257573312 -116122112 210378816 100916768 215895680 -365905408 151290176 514602752 102668352 469012992 200106944 153457664 376482560 -155152768 
615399424 -193248320 128736576 -4952464 -691520 76761600 -111087808 228293248 113320992 50234112 183667264 162900544 133241152 109618784 -166674176 -265813952 383599872 -46323712 29403112 -375975424 -224243264 -90884032 138888448 -274535680 -43990624 -195821888 -113300928 -73628992 231064832 -434609408 -356870400 105032448 -264326272 166993216 163402048 172597376 -433316608 -169261120 302480640 -101843168 216576448 -111307328 -26381600 -272402432 68622720 273919232 -316417536 -167010240 -45396032 -62090240 186056704 -310722816 305682432 -72006976 167639680 110478848 -187524288 75543136 -117509088 265391104 42520672 268931584 82362208 110469632 
128081600 -568957440 -249951616 8217584 212331584 -318823936 -73288736 -408653056 -193722432 74544512 281032704 70500352 -111362400 -292845312 -204178816 254657024 -15993136 500767488 -266732416 23045072 -21757096 -256771776 500620800 -203288832 192529664 -181323136 -402343936 -121120544 222251904 152360576 -159282688 -272388608 303644160 149592640 19076408 33169504 -36696960 30294776 -535634432 -156170944 13844500 127255616 -218406208 -422974720 80713696 125213920 167801536 -166723520 62931968 355081472 522187520 -226314432 -202453696 -52062528 2208898 49085568 582978048 280620544 17029344 80643712 255604224 344057600 -176434304 -120657536 
101853056 -504406784 -82869312 361743104 257461248 14752998 36683088 13773870 404813056 -238330432 271564288 -82167584 -183399488 -331857664 60330256 342119936 -49506416 -524336128 -303949568 285812736 147625216 270987776 -206132800 -116348096 374831872 522802944 -46739840 -347364608 -280448512 -113623616 299407616 -20402344 -66530400 768768512 -557881344 294470912 31396096 194863936 -255843584 141390272 -18581240 9036320 245606336 -83989024 -90037664 35373216 -402600704 515594752 277734400 -257494848 -68145824 329894400 -46607616 10956974 -337888256 168136128 -280174592 -152233344 -141837760 -256177216 157989120 187697408 45482112 -37690624 
350524928 -400151808 74745472 -80772768 389957376 360213504 195687168 147345152 -128550944 -248175168 147252800 142382912 751418880 -862339 77330304 164144896 385774336 -16687782 349943808 -365841920 558857728 -224220544 268744704 -201271872 228599936 257943552 277695488 -460800256 -152915392 -143015744 -541808128 -242910848 109464128 35232560 230742272 56199376 126600352 -175383040 -79765760 78708672 -359569152 -196942784 -268911360 -44810720 212210944 184273088 64470048 -241774848 26606632 -108973440 629082624 -268639744 21819888 193715648 61612576 224249728 -518257664 358728192 382229760 139719360 -190440832 -384792576 -362998016 29413024 
-167866496 69952544 -203219712 -386181632 -133762784 -117381472 -350121728 -112267616 -193670848 272644608 114940960 2218610 -422518528 -142136896 -384145408 -336034816 -520621568 152241152 222080896 466115072 460978432 122165632 -366657280 -95208192 294044928 8789848 188786368 397937408 149396928 232608128 -276251136 202098624 310127104 -294099968 -322629632 -237855808 180921600 194269696 -129239104 -100580768 -32481232 72140864 -218849024 25712736 -438759168 -149327552 425192704 478934528 368546560 -16276478 -87413120 -94506208 197414848 -264370176 305246720 394519808 -2009066.5 -145398272 -65991056 276302080 -43687200 -173721856 105279456 -81066112 
188216192 14480524 84148000 -258958080 213469184 -116912384 24992880 -226818752 67146464 275032320 220712768 639458816 -112168512 243255104 354467328 666545664 -32908880 -66397600 137194368 132349184 308724480 40196512 -152748864 -617896960 292224256 220873856 136955904 -353493248 -420024576 111095744 231832320 21957552 228382656 28191248 -68966976 432337664 -186811904 527199488 40855760 50444256 65472384 -94060704 -535182080 305094656 285730304 -450700800 305438208 502928384 48216320 -296094464 352616704 115997952 160318592 36496608 -151626880 413806080 239716096 594041856 158282304 -156387840 -3569648 38622112 141246336 495525376 
255714112 -805780480 -146273792 -375326720 -48981856 -259682368 -88717088 295054080 -163301888 -66922608 160882112 -363322880 -79729984 -530385152 105070272 -277622272 -490122240 -80587264 -295498240 523193344 88067264 423117568 -332553728 225933312 42099952 -369869312 233843968 -280633600 219618816 -116871616 91436832 416782080 161200576 12059044 342516224 379428096 8737504 66353136 393872128 -25871112 146883840 590228480 370450176 -57067520 -375364096 -175251264 -212765248 310591232 143696384 472983808 310083840 71604672 319052800 -169037248 -1149806 -304740608 -74584128 -172965504 222086144 351938560 167781120 -15479696 -66672 58459456 
171813888 292216832 14180736 -219028608 -61564864 -219680256 -34715904 414962944 -269838080 17019848 86750272 163626560 151499200 -138347840 -457319680 99289856 -150495104 159567488 379738112 181587008 -397124096 -17227104 -40754048 -91505088 418590976 -117414912 -58151936 285502976 -305499392 -198928256 -7483346 78362528 -363397376 207201280 -193292416 -194145792 -191255296 -158437376 14449120 -354357504 191667904 -57496848 -219364352 -115877568 488297216 -17013248 -86745728 -4301056 1103184 -387175936 -154446080 340935168 40852720 15055808 -267581312 253357184 -25842680 -206108288 -215236480 -312594176 -150350592 -182368640 377955072 160682368 
-409918976 -387616768 -435901440 -214535936 -134059456 -110885344 -229108480 -357779200 198930048 112690656 -366785536 59202208 -62359888 -340000256 537063424 -545039360 -371857408 -39725536 -236402816 128621344 -123728320 460163072 176344 267195520 -584067072 -137986816 209300032 289596928 120143264 -311863296 242531264 250860352 -288218624 107022688 284401664 -69869408 -26607464 105070848 -137086208 -466254592 57203424 133337344 -65967520 -94597152 240502272 -213628544 23689088 -375935744 -289824256 -110842528 -526254336 -39418800 -139708224 83007232 -24289584 -293259776 -306794240 -234009664 54239184 -304044288 150040640 577033216 -49144480 -475015680 
-328935680 369118976 -426020608 -368922880 -62830576 -90182688 -312254208 159521600 241137792 189935744 -219402688 12109256 236674560 244361792 615965184 -254850176 31247856 416194560 235068288 -408426240 46193408 231193728 266047616 128428512 122419200 -183667008 -361851392 480495872 458515712 299778816 186034496 157538752 -160791040 -294659072 269269248 -72938176 -31428016 -421681408 249457344 -179993408 -267141888 -37718336 85077056 228288896 363653376 -312076544 483996160 41034448 15868096 -318728448 -393522176 -146265664 124212512 -54857600 232542720 -180437056 126198016 323100160 198344704 -264851392 158475136 176397312 272354816 206250560 
90873600 229425664 -93520768 11171308 -120177824 -111508640 70393344 -555267584 -72328192 25215568 -53603776 441696768 -226773120 505205248 -67218976 -260054848 -171207616 -235023680 -61244528 195993152 -311986176 -106837760 483956736 -182079232 -22483896 -42526304 -230805120 -18476416 376610048 -272761088 97142816 -84208288 16462276 79029056 -3455865 -205666432 -389980416 -470440448 -496806144 -370909696 251237312 321018112 -676770816 -200757504 269114624 -199646272 321940224 -7241142 -429211392 -296327168 -202430080 -452628736 -270962688 213374592 611097088 62295136 985411584 200726208 -392648704 -116965376 10616418 86628416 32809768 138536384 
-668476416 454937856 170890816 -162919488 -182089088 224299008 37398768 129938720 -102813760 -582551040 346930944 -19482088 -313299968 -66935328 -47514624 -143193600 19709632 16606968 343690240 59246048 505369856 -69630080 -531217408 -41866928 -583130624 216364224 7295520 83117312 -164458112 -415201792 69837088 312137216 316457984 -266072448 -275234816 405771264 -56078848 351632384 -397284096 -1385064 -71060192 107881888 -248131200 545990656 -26304256 -471362048 257528576 439870464 -412595968 -46285456 -175596224 63555616 268500224 -29098800 184892992 56147232 3926032 -18651568 -204681728 110491424 -291262464 -56337968 -81268736 119134912 
79983936 34340656 -76302400 267966016 490029056 49088016 -135664704 -127258272 65977968 174980736 431028992 -15989568 121363104 180549760 691118592 87571200 122538912 287084288 234792000 123033888 256061824 434854400 -40010768 62181104 -113691072 279748352 155467584 -343021312 -270675712 -434521856 14370342 -83868320 160779968 387234048 -248749568 433894912 234621952 -90098688 249525632 141190848 -70404576 -85834304 2754997.5 -115003168 -22536344 -623861248 329266944 89191488 350720768 -239228544 -328593152 55150400 -193809408 75318720 -35641248 -51146512 -282005248 -131201984 -153938304 -89117312 284999424 81221792 -233350592 108354912 
-437900800 350356992 -328044544 -303117824 -136151552 -380264448 -87950016 51825104 196391296 144440896 255330560 -194527232 -220170112 -348609280 157995392 56747392 -228698944 439111680 -337689088 -359308800 54929232 -189436736 -241997568 -160115392 212270016 110873184 -89221152 221367616 14916230 20514128 -35683472 338870528 101705920 -167641536 -349255936 429985024 207218304 294167296 -166881472 75800832 205250048 -219312960 -110702688 135952640 -228275776 -44833792 5429026 415509760 -93349984 -71947584 92172384 108168192 103087360 -216928640 166648768 504219648 -67182048 -2873512 -96617056 173307712 -316193792 35536528 666466816 472660992 
618919936 67564480 149432960 -109135040 202140096 71878464 -355026688 141544128 -259720064 591828992 168512000 -83964160 257799680 297483264 -7858691 -3573607 -135099904 261509248 145588672 177530368 35120064 196074624 -113829120 -344279040 179628864 -36894512 29811040 -289599488 -107326656 -55980736 -541447168 166130816 -91199456 137417728 -200075712 477277952 -555744768 70205376 594354176 -225978112 210437056 -448562432 99572576 854202.125 -196852032 26383104 314309120 695317504 644505088 -424647680 -201287424 -184937408 10190580 -339314944 173526528 285761792 -216642368 21990840 -55965360 38490528 -189244672 29053264 -585782272 280943616 
615899136 -187889856 138721280 85365280 -229314624 -47253648 200766208 289539584 71062464 257751552 -22871920 171058432 32167648 277079808 228882560 1366738 -102110144 -105344160 -128724896 224095808 205150912 9162352 -67108192 -215859520 -18304608 -493748992 -313884672 230723072 -175681024 -6031552 3959407 -166372736 87764896 -171275712 -83106304 -107319104 -231379584 83441728 113349824 -135564352 -110987328 166289152 -264185728 -291208192 -203534272 69127168 130720384 -273784320 159958272 283462144 -399096 -268256384 -235265536 316872192 336652288 246698880 -196112064 -233394688 -50972176 194681856 -7582072 133814144 -138521856 -113133152 
-168808896 43240240 -172257408 299004672 -153628928 -33781776 108513440 -107705728 922826240 402648320 -280130560 32431264 342153472 650673152 1140745216 -186117952 -60031520 -274906624 -484024064 -102500224 -149188288 151382976 -81420320 148333440 -153749568 -101000896 183695360 -394376704 -37414272 -106709024 184119808 143702080 -244957440 -96323040 123758112 473563392 145435968 279228416 37220784 -97720544 -134909248 -338782208 257928448 166406848 -442217728 -60518592 137536960 506850048 -377409024 -535760128 -284301824 -149300864 -114819232 -154843200 509980928 -271427840 1218349.5 4638991 228765312 -26548424 -28490544 56672560 -194166208 66820400 
-65181248 -311261184 165520704 -77171776 -259077248 -214862592 -104482048 -98871392 318922496 327075328 -81286048 304757504 -469786368 326115072 -208437376 338924800 -196636992 384510976 -111387456 417609728 -28818320 137689856 41288064 161765312 170540480 -188103616 -67308576 434658816 90749952 -204886272 -297563904 -65537008 76615488 3249952 47133120 236721536 -281054464 58584672 -126744512 -164773568 -158239552 -488148736 17765720 -228205632 -445195264 209318400 -85429280 281265664 193002368 -102077056 -766157824 80509632 -126099488 -22276112 -434403840 -175155648 36972576 -449129984 -73756800 -171523008 -120955200 292479744 -58284640 -465897728 
-220257792 -158703296 -282098432 -89815040 -384274176 -13240728 -243348096 263374528 -307437568 -10863664 -270839040 202504128 -31962592 -235181248 -11593808 239398784 52902784 248374528 194626240 144054336 356735232 343447552 -236027456 224650304 289796608 53579152 142275904 483616512 -112769152 113286816 35303440 204172672 359453696 -32662584 3614264 134445952 -110483584 70494112 -19081232 203553024 330390016 -654300160 57463696 29217576 -209213056 -39084352 150669504 81869344 556366848 254340544 2279096 72707200 26901632 -358901760 -504597760 -180858368 -179370816 -428028928 300735488 -126494976 -152816576 -425642496 -118152096 909264 
-49902912 -97733376 128957280 164028544 92166912 -46326096 103357792 267111680 378084096 -470455040 117069760 126652448 -86693152 272180224 330375168 208723904 -188553856 241102400 300228608 112949920 34036048 -44506592 50021472 -21785056 214515264 261169600 63963168 -117356320 211600896 37365808 -50017248 -270972672 117909248 -2243414 -105617824 251286272 276253696 -7941342 -279954432 282252288 256426496 145396672 165078720 -553829888 -452648448 493919232 -67134400 -75384032 27832848 184351104 124276736 -248350912 31299816 118388032 -100538432 136999488 -128356480 -79176512 -161240064 304266240 -335510528 109989344 59753968 497873920 
-253957248 -2108176 -184229696 81302528 14871888 560374784 370424832 -567482880 167899584 167072384 -426279168 358013952 -149940352 30132592 -336718848 319291392 291978752 -5141968 227720448 -140015744 -446615552 -119456224 301376256 -118492160 152532992 39324000 -140462720 269643008 1248877 -206802432 -162210560 -485905664 101626496 -72957696 50973888 116542944 150565632 88783872 -283584256 44377376 133097440 -307443456 36122976 -659947008 62395952 175504832 -70484800 -46798048 -210396864 -84121408 -497882368 -310522624 138855488 -78751808 97248512 -93813120 483533568 -194258496 160493952 -498909696 3585648 -498103040 308371456 82557504 
-82476416 -468957952 -66937376 427866880 -304382976 -74018304 -244606208 -110489600 460956416 67219008 -134045472 403938560 -95277760 -225364800 187231744 497908224 227118720 45395040 -104890400 106786560 -383264768 180585984 216171776 -10123056 329852160 212765120 11334744 52163888 243282944 78354304 73900160 -187353984 62877056 212170560 62168000 20783360 -61585408 110436416 -293718272 119805728 -157892288 37043232 -146381888 -404047360 -906618368 105212736 -227047488 6959792 107837440 410869248 -262859328 170356224 -320925184 -13694952 -248665280 -65678944 114979040 -513954560 -339187200 194943232 31180016 133969760 538183680 -51517920 
229048320 -67101072 -273472256 -134920896 397395200 -77532352 -187892288 203517376 -330762240 -259431744 552560640 -55879504 400203264 -662684160 -197150080 -212198208 -70696704 -127389184 -163006720 -113690048 15542176 -61801104 -414571520 -208544512 -65300720 -208581888 -42097520 -183703488 -33927872 -265153600 -615982592 -243928704 122130688 -2705054 -120113120 293867008 124645312 117941120 155883712 -152458752 205152512 -165420160 -80835360 65612800 220454528 -402307840 121570272 -49149200 -123904320 81922976 413869056 -152780032 -350147584 7006029 -91752512 117460416 -29928360 -43356112 -79366272 -68491328 311234304 -289471488 -135417024 -39606928 
486466560 -919629824 135283776 312359424 -314988800 275900672 226407232 -68994080 215175040 63708992 -182629504 757449216 415105536 103743808 300549120 125787648 491762688 -506792960 -259313024 45767056 -105119680 80755904 178925632 61332864 -60648944 429930240 394610432 -229667456 -45807792 34884448 68648480 -126389696 -125028800 58724272 541107200 -213570816 -74261376 128215488 -23422144 -189118144 161119936 -229847744 -14898552 -337480704 -187720192 130436352 -311620608 -232285056 360124928 -3664020.5 370354176 -214870848 -336208640 499331840 -247165760 -186239936 -113567744 127165440 -13841160 -39992720 -28606112 653146112 -471409152 -143968256 
351718400 -497822208 147661056 -106141600 122367104 -104791296 -229089152 -187787520 84924544 25625888 170736768 -147302336 -693058560 77222752 -128463872 -118122112 -27360208 153542912 -16731616 -20839952 624600576 -48919168 -48099760 -156411136 393196032 -106110176 70975232 -110579520 -354980608 43845088 -317819392 -285213184 130145536 -34043712 -146577664 27697584 70282336 571188224 165263936 58488160 180135872 125187584 -598721024 -103355168 -414019072 35212304 -65470912 -207583424 437364224 -134878144 -127451008 -335931136 -261383680 -372388608 216910272 -199360384 -125968320 13178960 -292097792 452331520 53591168 301262336 95393984 138182272 
152788736 -695582208 -216709248 -328036096 -297721344 58428064 257149056 -394739968 222792512 421707776 -109278720 143747840 -99470432 -380183296 -224064640 -461442048 -302823168 103168768 105448896 475513344 -473404928 138653440 254906304 -281967104 117687008 -297361920 138270848 120854464 232406656 47941920 -329594880 269884416 -223204160 -241122048 47547136 -318346496 123025216 -9611280 -481848320 -564654592 -396606208 367028992 -252766336 -301060608 -211818368 42452928 133854432 -383682304 49505008 186670080 180411520 -125791072 -45566272 152174976 421287424 -188254016 667878400 -31540688 126110688 329362944 143069184 -22274048 363424512 -316655872 
-249376 315345920 576306176 193080320 468051456 -565186048 -310055424 -527552256 -282693888 -143644608 -155162880 -49157584 128655360 14380504 -297876480 401017856 366298368 85362176 139945984 -266676224 159357696 25830880 199344448 -328317184 157008448 112696576 -307941888 -47738016 -347436288 669324800 -362077952 226631168 20807192 18852792 -62661408 -222818752 -107623680 218369408 124112704 178712832 -8736960 196888448 -377046016 -117041600 -214332672 -18061344 -133340096 -640291840 391966720 279785472 148023296 245863808 444573952 -64106304 -137552320 211571200 -124579712 -334803456 -69045728 135812736 45756416 -74864576 658044416 -90098752 
-486539520 155272512 207266560 127924352 216158784 -278776576 -61479552 -87174400 -205030848 -90211488 298942464 -313097728 114483360 230992128 -5364474 370850816 -38855504 105476480 -73942720 113525344 250840064 68598176 -170477632 94968000 -187574016 186205440 -56448208 233014144 63814896 5064680 210171136 307738112 114757376 -209114496 -242889600 285964544 -69654400 -312350976 134403904 67027712 -544256000 -465463808 570414592 248092800 -196620160 -272373760 -165397632 17549416 350935552 50858336 -270306560 119165120 255341056 -73213504 -215297280 -551888896 610800640 348996096 189948160 -258843328 245635584 -97291200 -40693504 151467392 
-45389984 36444448 -246228672 13485840 232899264 -71868608 -393238784 324022272 86103776 203543680 245830912 -119467520 40055376 -205648000 422067968 -378462720 -450401536 -195813824 5795432 -5468906 60907968 510959616 -517917184 187537024 92781664 -199594048 70795136 78407104 45065568 559712768 66038464 -42492848 262844032 -279915776 60357920 -21516048 110096288 534288640 172709248 -202890432 -177798656 500568832 436450560 201724480 -157547648 -39382496 259764672 66813568 -143309440 477649408 71330432 -78002848 -43759920 125758112 318577152 109708864 -102229824 171191552 62946096 224358976 234701888 -393239040 153382080 380612864 
658336768 254058048 479225088 49312304 -76438272 359552512 86168320 65104464 -157912768 -264420992 -92728064 -59387040 10219720 203835712 62230560 -52221424 -16279800 -616964096 -473879808 -365560576 138787776 -300969984 300427776 -265604608 265780544 -222341376 -533437696 -430325504 -184066880 474733312 -168654720 50728352 -76248736 115449024 341776384 -74893952 -418088448 513494016 -48867056 186310656 410162432 267794368 -19352000 85154592 -192084736 266042624 -77971552 -355896832 77146208 -324929792 -365647616 -217814592 -144518976 -180683520 -380174592 364862720 -268314496 -191561344 -198599616 -131824480 -583623168 -37048096 -54068656 -108091840 
106081536 -18985176 433970944 -161978880 159754368 -8149680 -86125632 -167988864 117828288 -369233152 -403607296 -460004096 -72984576 352324352 -47974624 102662016 -68626912 -210562496 -335909376 -362496000 314650880 -225522240 424003328 -154618432 -25867520 -679855104 -539510272 288974848 -190906240 -154043904 -299138304 113836192 -128542112 -437857792 -6688366 -132641952 -374136064 -139496832 421604608 -147785536 61050176 138924672 -7556568 188700864 -254438208 -146016256 -278223616 -461944576 287666432 -43230144 -514375168 -39372960 -132351968 214900672 -46407872 -182996672 637397504 -118360000 -2279444 -235041856 -210444736 -228966464 128969728 -497379328 
289742336 -557268480 2809874 464507648 93972320 859425280 226353536 -498528000 363380736 -126359680 252199424 127843328 -146136576 35816672 -222971840 -234059840 392889344 60868160 22091848 86165824 69960384 -287802368 332321792 -154653120 -257346368 -314660608 252478784 -110103616 -452889600 -607755776 -222362048 203171072 85055680 563524096 -192341696 -104518176 23101736 -413538048 -163548608 201304832 -125269728 -339580160 185506432 -1002264.625 165975424 239767680 -138825920 273543680 136899904 -366256896 -182349760 -118831776 184433280 -499434752 4326363 30777856 310860544 226961600 265788800 96013344 -214056896 352677888 -225886912 -60907520 
