10 10
-1.0143529474735 0.18846486136317 0.59316239506006 0.19704071618617 -1.8478994593024 -0.75014464184642 -0.56615301221609 1.0189740285277 -1.0792760550976 0.38674212805927 
-0.4253832437098 1.5367897078395 -0.68029457703233 1.9867607504129 -1.9324218779802 -1.7712161540985 0.10045423451811 0.29149316251278 1.2933588251472 -0.52637046948075 
3.2642050981522 0.49546511098742 -1.445827960968 0.010134026408195 0.95661555230618 0.12857666797936 0.50996832549572 -0.45039717108011 1.4508864060044 -0.3532204721123 
-1.2817228734493 -0.75079835951328 0.67213366180658 -1.4314658790827 -0.60044498369098 0.096464929170907 -0.28470033593476 0.49317057803273 0.24051734618843 -0.98397711664438 
1.1359221339226 0.76062880456448 -0.85671710968018 0.30391855724156 -0.33863860554993 -0.28454107791185 0.65480399876833 -0.1931378422305 1.2148454263806 -0.88664316385984 
-1.1348918527365 -1.3170671835542 1.0834780931473 -0.87711535766721 -0.98707756400108 -0.80490929633379 -0.42562276311219 -0.33060258440673 -0.73373328149319 0.94628237560391 
2.3143071234226 1.000450104475 -0.11614252254367 0.68942115828395 1.0219284296036 0.13354087620974 -0.50972354784608 -0.30966712348163 -0.37569475919008 0.96805262565613 
-1.8810317516327 0.052244974300265 0.59195526689291 1.4762301743031 -1.0273476392031 -0.061585197225213 0.32696356251836 0.13419587723911 -1.3261824697256 0.662607524544 
-0.46635577641428 0.44496988877654 1.3710019960999 0.15848168917 0.6150498688221 -0.73872989416122 0.26262975484133 0.23157165665179 0.17092231474817 -0.74790520966053 
2.2919052988291 0.42142495699227 -0.57412973046303 -1.4101335257292 0.42087962664664 -0.27827983349562 -0.46652767434716 0.53200779855251 1.7393681257963 -0.24530121870339 
