16 16
2322436 -1570225.75 -1324088 185747.8125 1439996 1378888.25 -1084877 152617.71875 -2423272 -2041248.25 48485.6875 2228299 -124296.453125 254890.140625 -941470.5 -1422718 
-2162154 365003.9375 -581623.375 1052994 -2326076 -132523.75 312323.5 -1479287 1401783 700167.25 20975.125 -627854.375 1136934 -25564.625 787787.125 829830.875 
-366106.28125 753924.0625 996522.3125 1214022 -1740393.25 632497.375 5151.71875 1211301.5 -1887913.25 -890478.9375 950702.8125 2054456.5 1488570.25 -655759.0625 838397.125 615856.9375 
-1189152.75 1590345 -1242218.5 2103972 -887841 -914152.875 -808863.0625 1498978 157046.0625 64764.96875 -3049696 -1807034.75 1765095 1075568.25 1098862 1617809.25 
-2618670 537260.375 289151.34375 1611253 -1028944.8125 263603.25 992159.4375 116901.6171875 -150217.8125 1723968 721927.25 -96352.328125 -644871.1875 298892.8125 1552880.75 2050881.75 
-254609.875 753142.1875 494283.625 -55699.359375 -745628.625 724270.3125 -965720.625 650974.5 923654.9375 874686.1875 -1901729.25 -2039163.25 668269.375 306186.46875 -890308.25 1911762.25 
339772.40625 2322825 767707.375 55303.5625 1281641.5 -1301276.5 1857882.75 -45674.484375 169630.6875 463653.1875 -707186.25 889266.375 3124697 420527.53125 814842.75 -306377.375 
71539.90625 1434644.25 1636667 772921.375 2096486.25 -1092619 1491647.25 607584.625 1535836.5 -322422.28125 -348070.71875 1175157.75 58349 -889443.625 2225845.5 1039023 
333020.5625 -319701 -1888208.5 2058716.75 1311194 -128676.328125 -467380.15625 -26820.275390625 -1019987.1875 -1357784.25 -23285.234375 624340.8125 -854920.9375 204820.375 793589.3125 -1227886.75 
903444.5 -259983.140625 -670385.375 576859.75 555054.75 903136.125 -860850.625 -477159.15625 296303.53125 -1091091.5 58521.5 1503348.5 666724.125 -311219.625 -1758052 -1466534 
473021.4375 -38059.5390625 1492383.25 705710.0625 156281.4375 1601322 777219.4375 -272740.75 -131231 -1580224.5 800871.75 1457868.5 377921.5 -1189856.25 689122.375 264043.6875 
-1422255.5 394987.5625 729815.375 -862570.0625 843285.875 -1431363.5 2435800 614260.0625 -708866.25 -1006262.8125 1053688 -105128.5234375 -839586.0625 136925.171875 1558058 1077743.25 
-1713391.75 877317.625 -3638865 1829906 405708.5 -85664.09375 -1380236 10914.8125 2811713.5 1326044.25 -2970815 -876561.5 -156147.234375 1278589.75 907867.375 1743309.75 
-2437617.5 529306.25 -1333000.75 782076.6875 -1381174 -1038868.875 -1066542.75 -4752.5625 150115.25 3169508 871705.625 -600718.8125 979498.4375 1041481.75 1016843.125 -200751.96875 
-766088.6875 -1044297.875 8060.421875 74300.203125 -177649.96875 67829.4453125 -979146.875 -1124604.5 -1151502 3305255 1603675.5 -211893.453125 -735984.125 790840.9375 -1267626.25 674168.625 
631354.1875 767692.1875 206849.5 177332.5625 771189.125 1105538.75 7110.1875 153628.359375 1674498.25 -740147.875 -662409.875 -623708.8125 448773.625 -1901299.5 275028.96875 853574.9375 
