64 64
-2267023.5 -538076.9375 -1038531.875 -338921.34375 2320881 5546336 2539466.5 -245227.640625 -2290045 544440.75 -2655587.5 3195858.5 915627.375 2037907 -1156630 -1589762 3749290 -3887386 -1995285.25 -1056164 4733765 -206331.09375 -1534019.25 -1664.0546875 -2853353.5 -1250639.5 -3914025.5 1807812.75 5149541 -4502681 -1212326.25 -944388.5625 87106.46875 2602678 -2927391 -4398661 205671.203125 -624320.4375 -1150560.5 535182.4375 -544878.375 -174205.8125 -543513 759381.75 -1234129.25 1792740 414426.9375 -1721156 62002.28125 847350.125 -3285587.5 -4132804 3047939.5 3292103.5 -2296732.5 -521948.84375 2126776 -4558578 -313422.25 1257699.75 -2922730.5 3781799 1242973 -4655061 
619992.5625 3931073 -2642280.5 -1946247.75 775186.6875 128438 1309389.75 -2841245.5 819522.25 2831051.5 -4107966.5 -67471.25 -5939817 -3315601 1454678.5 -295713.03125 -1483035.5 -771575.875 -2142148.5 7659822 1400712.75 1007846 -4122333.5 459569.9375 821364.5625 2162533 1551346 1425348 -8743846 1411127 1576705 -418571.0625 -2883135 1975388 1732997.5 7536890 -1855854 -206065.890625 2589305 -2468590.5 -4095575 -1723081.5 520613.15625 364095.15625 9245110 -734419.375 -2855347 -2358651.5 1457309.5 2081665.25 1611753 3248775.5 1712102 -962835.5 719876.25 385448.03125 -4474110 5226993 -2526668.5 494134.9375 674676.125 -2203075.5 -1931046.75 1096016.5 
3162866 -2718135 562107.0625 2485147 936045.625 2124351.5 5878683 6042280 1256978.75 1185644.75 -1160300.5 -2392559.5 -244976.5 -157602.921875 118146.03125 674942.3125 1932726.75 311520.9375 -581447.6875 28931.375 3281582.5 450496.84375 -2633110.5 2250746.5 -2785496.5 -1855466.75 -1033021 -1170417.25 -2451229 1538147 -4844132 -3043411.5 -5056469 -6985177 396277.4375 -662440.125 6678525 2241555.5 1604764.75 -450695.21875 4581304 153872.25 3643953 -1942520.5 -4779380 1543145.5 639986.625 -2297025.5 563563.125 3444805 -3577168 3459333 858583 1954532 1916366.25 1352058.25 -1151102 106960.9375 -1203637.25 1103605.5 -659501 510663.375 996291.125 -6841242 
3028122.5 -3791580.5 -4956198 2006038.5 -643968.0625 2762158.5 -1651202 1716731.25 -4801967 -1621911.5 -3591842.5 -97912.5 -2416320.5 2089276.25 -3036781 5131347 2442313 1831613.5 -547534.25 -360160.28125 -2824018.5 664231.9375 756869.3125 2080501 -284205.0625 -3547366.5 4879738 1069225.75 -1390103.25 170903.609375 2024124.5 -1326809 1583600 2022087.75 -1711542.5 -2282418.5 3219549 -2228629.5 -1409974.5 -783375.5 -5854776 -1108497 -5127113 -816141.9375 4968040 -5608258 -1629263.5 -71496.125 -1360041.5 497968.8125 -808743.5625 3703639.5 -4192491.5 4065864 -2410108.5 1251729.75 -355036.5 -2200802 -3732247 -2214731.5 3714163.5 198601.484375 1880345.5 3487976.5 
-1810883.5 463899.125 -4569201 849301.0625 3716565 649998.625 820825.9375 -1601081.25 -2157049 -3304900 -3078355 5917618 -2464087.5 2805770 1995588.75 -5123340 1155703.5 -315155.15625 -1903585.5 3490186.5 3208398 139009.46875 -793354.4375 2218532.5 4661535 2946698.5 3917926.5 -458343.6875 -232856.75 -3314436 -1286002 -2850363 130460.125 -762504.375 -1088288 1404560.5 586993.1875 2608400.5 -1758839.75 -5329308 5991.9375 433183.09375 511704.8125 -187164.734375 -157438.6875 -4067739.5 1731412.5 -1464471 -2120703 -508931.53125 -2131345.5 4684521 2699304 -3088407.5 921264.375 2006306.75 2490555.5 -4222680 1751353.5 357968.5625 -939558.1875 2550748 2997253 243489.5625 
-3376985.5 9834.75 -4455503 -494374.25 -2171694.5 912205 2105332.5 2519754.5 3638976 -2170461.5 -442991.59375 2181882 -678965.375 -597679.4375 1862189 1575572 535686.5 2686097 3181352 -783185.6875 -1201416 -2947899 1463514 3838961 -2463130 -3388959 5753.25 1102510.25 -3723027.5 -4862791 -674858.5625 -287571.8125 -1268208 -1301432.75 -1977245 -4954978 1253819.75 2106907.5 -830505.0625 -3645981.5 2624658.5 -1890787.75 -161681.3125 -1141214 -1659773.5 117059.875 -1960867.75 -2591749.5 574811.125 416716.71875 2703284.5 1249935 -1421514.5 -1242959 3542947 1314348.25 -2523645 -278558.25 3513472 1676788.5 -317037.46875 3349630.5 2877254 2560029 
-477347.65625 -40492.8125 -1529047 -1775016.25 -1003572.0625 -1196168 -75227 908994.75 -2198482 339015.625 -1399098.5 -5263326 72318.0625 2002247.5 -5428757 5736896 -1900531.75 -1066325.75 4017814 -1698037.25 -379141.65625 -3570113.5 2085286.25 1936878.75 -823622.5 -1455064 -1777361.25 -1217052 3012256 3158892 460946.6875 -560262.75 894764.5625 -4260061 225431.9375 -1810921.75 -2252921 744729.9375 2025044.25 831370.75 -3562346 -4758863 -4684606 -1172134.75 -4932502 3335352.5 3804635.5 710075.625 -596864.875 -4077362.5 662949 5061566 -522759.21875 -1956782.25 -349423.625 3554337 -2067264 2435814.5 -1473531.5 1548964 -2998152 1259814.75 896681 3559871 
-3026388.5 -1766403.75 850347.625 3925188 2306441.5 2691856 1952282.75 -3624546 1817786.75 2170384 293438.75 -1229154 -2162649 -258784.46875 2313886 -668762.75 3706136.5 4183224 2948217 -4269132 5355931 1880783 -25783.77734375 -952518.6875 4525143 2403129.5 -509477.15625 1221816.75 2685271.5 -3195774.5 -4127342 -123132.5703125 1588274.5 1956402.75 2039257 -1477267.25 62007.89453125 -4321016 -4923696 32515.681640625 -768348.9375 -3290775 743431.9375 -684572.25 495028.25 1990498 1659397.25 -503312.125 -1134761.5 1377855.5 -1183198.5 -847559.625 4883847 -1216622.5 6235461 -337895.3125 3364519 -2466882.5 -1031317.5 -633729.4375 -5079648 -668379.0625 -1764031 -5344478 
1545158.75 1063792 1543000.75 2691613 -1148359.25 -6059883 1232456 3690167 791838.5625 1340819.25 -1578907.5 214347.1875 -4292209 3240287 -1940724 2198599.5 549004.5 3832265.5 2804869 2086616 -4411298 4182664 -822977.5625 2847139 799858.375 352161 415230.1875 -1738313 -1076858.5 -1985654.5 2365998.5 3599465.5 -624170.25 494223.875 157361.578125 -157959.53125 -416479.65625 5154010 5338953 -2268966 -2250533.5 -2570903 -1145754 -834210.6875 521588.6875 -822005.75 34491.9375 9360170 2460446 -2096149.25 6291308 2244005 1475899.75 -2831098 1692273.5 3899975.5 -1615201 2793560 -1915446.25 1662648.5 1277172 45013.109375 -596063 3523525 
-2813422 4042776.5 -2997596 -2022701.25 -227747.703125 -70542.7578125 -2926744 1249495.5 1217767.75 6317081 -3423594.5 5340464 2457205 -301298.1875 -2688141 1291696 -3045176.5 -4691154 117626.03125 -3163422 -1852115.25 -1871730.25 3855458 1700900 -332345.0625 -2782001.5 -122005.21875 -1346331.5 1602920.75 -1955740 -718298.875 1761892.25 3867001 2279208.5 -956589.125 1734701.25 367480.8125 60217.4765625 -1595671 -46514.71875 -2811394.5 -2614920.5 -3863976 2158807 -1759772.5 1341649.75 -2928754.5 2497407 -1549813.75 -711326.9375 5792667 -1606553.5 -4617444 22386.96875 -2599247 4315639 -1178773.75 -1867528.25 -147294.8125 1073913.75 -2510793.5 -154831.96875 -1406708.75 577490.375 
-1389624 4023233.5 -6691696 -1353892.25 3532300 -2371364.5 -3155245.5 -3164218.5 -1845977.5 2132419.5 -1416551.25 1748616 -1742812.5 -2802068.5 4038532 4200610 3011318.5 -3390104.5 2033685.25 6757288 1822631 6059397 -1809673 -5867400 -50580.5 4921538 2541028 -262197 -5543447 3961861 -219323.828125 -826005.9375 7118632 -212811.125 4127866 2489100 -1524996.25 -8241368 -1505579.25 -3248074.5 236.71875 -497303.75 4289023 -2807952.5 6009472 -3747456 41722.3125 -2680895 -2273598.5 3057566 1370226 1805037.75 -66326.75 -1353992.5 410084.96875 -2074847.75 659936.1875 -623512.6875 -644157.0625 -4233744 1203910.25 -3894466.5 -176608.171875 -965952.375 
1645421.75 2826824.5 2053988.25 -2338104.5 -2457590 859857.75 -1847287.25 -83670.890625 1179777.5 5293112 1617527 -1853685.75 40373.0625 -565634.75 -149627.28125 253513.5 -39912.5 596179.6875 -912618.0625 -635939.625 -3029345.5 2403303 67270.4375 -532094.625 -829707.25 1856704.25 -1630758.5 -1429507.75 1096678 -2296934 1982160.75 -2540509.5 -2901508.5 -3463334.5 -474754.21875 3585470.5 1613340.25 2484821 4203268 1293168.5 2153780 4182038 -3206285.5 -765379.5625 -214273.4375 745529.5 -2223484.5 140945.09375 437162.78125 -1176482.75 -191843.9375 1918857.75 -2533151 -4674895 -1409286.25 1830741.75 -156728 6259855 723607.625 1429932.75 4228900 -330313.3125 -34278.90625 4294341 
-1247195.5 -3376532.5 5218212 -962483.625 -1417433.75 -2902622.5 -2193131.5 -6680276 2509427 5050907 1947626 -1501552.75 380425.25 -4084773 -76875.484375 1703314 -1129981 -1048720.75 2593480 -3505899 3809254.5 -586130.75 -3887531 -4182459.5 3795056 38523.46875 -3189369 -464304.625 346959.34375 3213906.5 -1385942.5 436738.375 1338213 1095251.5 2627105 2727479.5 -4616594 224583.84375 -1211658.75 3549332 544525.1875 -2548628 -2671346 3263621.5 3265538.5 2213094.5 2441767 357423 5322961 1975084.5 235081.6875 -3783470.5 -950142.3125 -1256557.25 3266253.5 -968159.75 -2094891.25 3162417.5 3561344 1233106.75 -3147158.5 2007016.25 3206903.5 1653454.75 
476101.25 2597369.5 -1007462.3125 -7103664 -1525568 6622576 -2330977.5 -739105 -1062747.5 -647123.8125 1250410.75 252923.375 -756082.4375 933847.625 -2231685.5 -1478633.5 -1970740.25 -3036685.5 -507094.5625 425622.46875 -1399402.25 152063.921875 2323211.5 -3824728.5 -1569168.5 -311727.5 -647533.8125 -802732.75 -49170.21875 -2661524.5 398581.8125 -72051.5078125 2283817 4136522.5 -1446730 -1632084.5 1646580.75 2538404.5 465227.1875 4038351 -4276584 1012613.5 -1244450.5 -290737.59375 2655524 2712265 624105.75 -231747.71875 -4757080 -2030512 -1287446.75 -1822960.25 -3586571 2788935 -7017508 -1392064.5 349247.125 3010618 1354633.25 137285.0625 -2244974.5 354944.6875 2129242 2396445.5 
-736778.25 227699.5625 4629074 115424.0390625 -1114456.75 4370677 629063.25 1091414.5 6877224 2488399.5 291116.9375 -2477539 -1939158 -3697484 3177904.5 -3209525.5 2245992 1121539 -1883077.5 -1771548.25 -438427.75 -1441986.25 -917600.625 2792107 2462374.5 -610219.25 -180755.515625 590552.3125 1345735.5 -1187016.5 -7115058 1566351.5 -201700.15625 614012.6875 -4279079 3264799 -96363.4375 6663770 364339.5625 306167 1277081 1405970.5 5564792 -4262112 237716.015625 2861412.5 -2408459 7925290 3326660 1040579.625 730218 -1910080.25 1260968.75 828761.0625 3740062 -1693420.75 -1189071.75 6522890 985914.6875 2039544.75 113572.15625 3877669 -3909422 -5293910 
198541.875 1406699.75 2523643.5 263685.4375 760442.8125 2338177.5 -2266131 3034258.5 4543389 254565.78125 -1959217.5 -2094733.25 1921473 -6149136 1281817 3270978.5 -697199.4375 -1372627.5 -3856873.5 -306807.25 -2352654.5 -1170379.75 6275352 193554.28125 -2345753 -3502502.5 -584281 2605245 -888608.875 3292570.5 1511774 3350682 1383488.25 911717.1875 2548535 2073625 496306.9375 3299036.5 -1276665.75 -1281484 3148070 566597.4375 1123975.25 -1774771.5 -1068188 -4083948.5 -3631540.5 -29268.796875 -1072663.5 -4533043 -95786.546875 -2785735 -1622422.5 -3152951.5 185574.40625 -2661487 896845.4375 68472.0625 -6590607 853732 2965888.5 1425076.5 -10347424 3030984 
3174995.5 -384594.5 857941.125 -1905067 1252169.5 4754368 1453905.25 133967.9375 946430.5 1959003.75 1549821.75 -2296875 3912432 3452189.5 -2458837 -3796824 -1394888 -988566.375 -3733171 2901328.5 311456.375 2205772.5 -5851609 -2136125.5 -2220350.5 961265.375 -3265996 360378 -19609.40625 917195.3125 -400964.6875 51304.953125 -3816845 -941312.5 1617501 2368026.5 23147.4375 -720418.1875 3707644.5 -146454.03125 3796799 5497598 4496411 -2200981 -5271518 -1891668.75 491927.8125 3326578 351901.5 3762221 -2722525 4326033 -329157.5625 -3612043.5 -985573.3125 3573913.5 -7801988 -1370535.25 292114.75 2831455.5 3181506 -5426119 -1186190.5 4774282 
900774.8125 984256.25 -1907997 -1178688.75 5756743 2863196 -1532059.5 -1124997 1682460.75 3856955.5 2490318 1894707.5 -147442.53125 112637.53125 -698161.125 -2202150 -1269303.25 -1567091.25 -4108751 1017629.75 7363265 885827.125 -4715924 -1649022.75 4687049 -3576781 5448732 -3236208.5 -4767590 2767408 3049859 -2210841 -1361819.75 -647468.6875 -1309352.75 2124849 1624222.5 1702316.75 -416167.6875 889980.5 -1290183.75 -275839.1875 -4799236 1044009.3125 2163937 333987.8125 -1703906.75 -3960401.5 -273340.84375 6021658 -200494.484375 973580.625 2530948 1344143.5 1766783 2222590 -1539491.25 -4032506 1903107 1075945 4446953 -2015847.5 -211000.125 4054.15625 
1786778.5 -1242473.5 969342.125 3543791 6392976 -4122230.5 -1297072.25 565795.375 2770889.5 310087.5625 1403703.75 2933911.5 2693692 926406.8125 -32915.65625 -1720989.75 -3354257.5 618684.125 383562.5 3522397 4449368 1409609.75 -2236125.5 -1151617.25 3183555.5 -1492299 15910.921875 -567078.9375 -1814145.75 3607162.5 -2123974 284797 685143.625 -1844949.5 -630809.625 2124131 3604657.5 -1018267.0625 -3383119.5 -946921.5 5305846 -771077.25 -153574.1875 2331763.5 1223634.5 3020171 4690836 -1462882.75 -40097.15625 1930569 919598.8125 -333946.96875 2081715.75 603588.3125 3538557.5 -2683351 -980120.4375 -1337711 2076749.25 -1393376 597188.6875 -5464054 4315322 -3252137.5 
-1414126 -809149.4375 -2202053.5 1610059.5 2830590 1030137.5 -2915385.5 -2287174 -2645093.5 -1992691.5 614993.9375 -1936698.5 2942244 -748034.1875 -2272161 2057193.75 -2538872.5 -194158.46875 7830347 2413467 2965505 -94779.71875 -1389014.5 368366.625 2745837 1138823.5 -4366674 -5001748 -1821360 2890797 780463.9375 -2685124.5 -1154431.75 6340315 2743133.5 -1819565 -6213950 -153173.828125 3389693.5 398117.5625 -939205.375 771159.125 -3084805 -1866264 -774170.6875 -388129.125 3083173 358943.03125 3044168 -234587.984375 -1484576.5 1381599.75 3033953.5 -1500670 -1894127.25 -1578547 -1204113 -20804.625 -618709.375 3189933.5 614031.5625 -205433.46875 4408227 1518926.5 
797232 -596407.75 -4426634 4608018 4461190 1696820.75 613254 -1514318.5 -2691558 -2359631.5 -1870924.5 2639648.5 -1900268.25 -5238330 1052411.25 3559189 4559581 -3538994.5 5883656 832449.625 2032919 -680373.125 -4186730.5 -1899273 -1924061 317491.1875 1094868.25 -1657437.5 -2354669.5 -1701940.5 -3561461 -5114987 -31286.9375 4453455 -3909310.5 -2017808.5 -573223.625 -824944.875 1745413.75 365589.625 4123838 -825051.25 78355.34375 1404420.75 -1865545 3746555.5 -6292026 -3143607 33527.6875 2047269.25 -1012001.875 1094953.25 2374793 1715810.5 1328524.75 -1996411.25 -700509.25 -1058370.5 3084807.5 179000.8125 -1276289.25 -740437 -226322.9375 -4577370 
-1451265.25 -504347.78125 3658874.5 -2185813 -2571383 -3985074.5 2803574.5 -4569153 105032.890625 -2659597 3708560 4427685 -33401.296875 204422.96875 -509987.46875 -1209916.5 -787246.1875 -1664137.25 -319512.84375 67209.53125 -254653.75 2053336.25 -2855850 1245916 -3393982 -2869053.5 2538760 -1322820.75 3358484.5 -559047.6875 -4429399 4811188 -277900.875 -2188776 -3728767 3705321 109534.2890625 2206098 -1665447 -1169632 -6155260 -216401.15625 213812.1875 -1992753.75 -2954969.5 -1507491.75 1759697 -24992.434570312 -2090101.75 1060962.5 384879.4375 -2408614 -3196189 -5299486 -733768.625 140276.5625 2753882 -1521012 453141.3125 -1074033.5 573920.9375 276668.84375 -657801.125 3819993.5 
575593.25 3767207 -2977220 -2528834.5 -9660.7006835938 1421609.5 -1164793.25 -3404202 4987828 -466302.8125 446443.4375 3339143.5 2442905.5 2921933 3223824.5 -5524325 -1896866.75 119881.78125 -4353161 3608757.5 351069.625 -1143971 172257.703125 -2862716 -1987195.25 3625942 -381417.1875 -926948.6875 -91097.8359375 1474717.75 1569742.25 -155652.8125 785055.875 -2283797.5 -621029.125 -357838.09375 -2935212.5 -492452.8125 -1202174.75 -1518261 -2191295 5011223 4117479.5 -959541.875 1029169.625 -2518462.5 1040336.125 -893166.5 20949.01171875 3642727.5 4062503 -288387.15625 -939734.75 -824797.375 -1904494.25 3221047 -919890.125 -4969245 1193071.5 -703180.375 1416048.75 1379881.25 180983.265625 1779348 
-1514141 -394782.25 -1555100.75 -1859780.5 -2039898.5 -710742 2003170.5 -862697.4375 -627935.6875 6082500 715944.1875 -169754.09375 -3076032 -2243358.5 -4218395 1270235 -762600.9375 2925354.5 -1904454.5 -4720474 1187668.25 3398660.5 1858172.25 -1325687.75 -4331256 -3200875 -3396390 4118.0625 5052283 -3263524 1430921 -468499.09375 3343859 -1957766.25 1820558.25 6531505 1917421.5 -3668895 1162966.5 -708230.6875 -2442964 -6189107 -3593732 2510304.5 970818.75 3940393 3074647 167880.109375 1061997.75 5306251 1050850 -767804.1875 241316.1875 -3700396.5 -121585.734375 3621250.5 -395802.125 -4393535 2213017.5 -29439.390625 -5091655 -2549859.5 -2818918.5 1118550 
987286.375 2174146 -1542702.25 1214212.5 80656.0625 -1048723.25 590503.125 1241625.25 -2514948.5 1335553.25 -3228561 2421731.5 119441.5 -252765.59375 351254.5625 -1487914.75 -3164659 -2026004 -2747667.5 -167889.828125 -1299985.5 -2284704.5 4362166 2015170 1435994.25 -360977.875 2932800.5 1674398.75 -238040.171875 -764073.125 1260507.5 -2674348 436740.03125 -972884.75 -5181356 4167316.5 3359296.5 1449762.5 -2823843.5 -4037768 -107189.03125 -121201.140625 -1829068 -390055.5 -487181.375 -1556792.25 -1746340.5 -2466328.5 -945200 737050.1875 1445281.25 2180121 7058707 -1958929.5 1118893.25 5028857 2508553.5 1098432 -464554.28125 2340073 935210.75 -618945.375 -2305445.5 516913 
483647.53125 2134265.5 2064782 289736.15625 -1362518.75 -2144158.5 -2764107.5 -1461500.5 -3782431 -423300.40625 3363906 -1886512.25 4433370 2037294.25 -574559.375 6072949 -3499497 3074490.5 4769211 -3438902.5 -1957192 1172062.5 4233412 -3398903 2512347.5 2286891.5 -526494.8125 -3098574 605103.375 3593043.5 3716615 167526.03125 1738103.75 -1464231.25 2706784 -4094643.5 2338888.5 -2558744.5 -1900088.25 553845.875 1097165 -8020940 -2084782.5 -1694368.5 -4990480 1055221.5 -77147.78125 -576292.875 -1876295.75 -1596560 1007885.875 526895.375 2682474.5 1542821.5 -223700.875 2423229 650579.9375 -1086640.5 1341348 698910.625 -4328840 -536686.375 5025547 1822704 
5719145 5011955 -2498880.5 32974 400000.3125 2170849 -522110.0625 618217.6875 -4711318 -2537266.5 -2282532.5 1630138 -2236632.5 5173297 -4017814 3553428.5 -1497865.25 -2011660 -940593 -561860.3125 -4820255 -871191.375 -2988566.5 573762.8125 -2617598.5 -18480.6875 3796239.5 962129.875 -2748958 1250743.75 2213929.5 -1333381 -278341.65625 -70969.953125 -3876508.5 -1635066.25 4616469 -2174677 3283754 -775503.5 -5751452 -2699809.5 -335426.6875 -3174195.5 638412.5 -489276.5625 -5233196 2606462 -3510781.5 1259621.5 5173586 7209164 781009.875 2531305.5 -3864110 6219251 -1846478.75 3070030 -2826317.5 -823925.5 222728.359375 -2284489 1674517.5 1804609 
5649016 -6062563 679429.0625 2641053 3234078 -326989.40625 -293442.0625 2328897.5 -85372.15625 5020514 3905523.5 -2400845.5 3768847.5 2884642.5 -3319484 3960623 -1130058.75 -1103815.25 3625618 3176986 -3727485 -202089.28125 -564279.875 -1143973.75 336087.1875 1779802.5 -5025886 644200 -1051930.75 745243.75 2110553 3796640.5 -2509720.5 -1106327.5 -1768964.5 -2696385 -443849.625 1267119.75 2958229 1065087 613640 2579267 239063.65625 -5932283 -2313992.5 -2538843.5 -1447971 -357137.25 -2019813.25 1772229.25 -1882424.25 2953182 -4194096 -501667.53125 -2478812.5 1571436.5 -2002976.25 5341283 -2190187 -4080551.5 4489188 -829939.5 -3109647 2937553 
2378478 -2074937 1875302.5 1120378.5 -2235670.5 -6978177 2137010.5 -229945.71875 242961.203125 4424573 4052587 3080277.5 1820271.25 2714434.5 -2984815.5 494832.53125 -2526505.5 1362946.25 1982939.25 -1890397 1714812.25 -2846764.5 4969871 383205.5625 -2217739 -1841991.5 -3518110.5 -5161690 87950.4609375 757725.625 4894283 2749510.5 -638805.8125 2528173.5 2920479.5 4123979 1265641.75 -1598077.5 -350052.6875 -1525691.5 738588.625 -2258257.5 -4314540 -1504295 -6333976 571346.75 4106851.5 -2251478 732684.875 1965297.25 1681883.75 -760491.75 932687.625 -3137445.5 -1242858 -1488393.5 -628880.0625 -3208487 1492068.5 -1073924 1514132.25 -5471849 200854.375 1448653.25 
786628.375 4263255 -3002734.5 -4259179 -901150.1875 6634499 1529794.75 -2367657 1569629.5 -4353331 -2883943 1292155.25 362730.5 2411915 -1252823.75 -4295362 -3217370.5 -1521307.5 -4380980 2620229 466200.84375 3496461 -104131.875 758928.4375 -1572301.5 3119668 728107.875 1228332 -2370146 -5012744 1357078.75 900303.75 -1302236 7190080 -2010854 2287478 -1834180 621811 -1926940.25 3856205 -4142134.5 2414228 1251246.75 895273.1875 4788177 1673817.5 -232614.3125 -1920169.25 -1006144.5 999824.125 -311759 -2099991 -907026.125 3263212 -5596923 -3092789.5 3405414.5 -1429921.5 -332423.125 1802898.75 -327746.34375 -941674.125 -889333.125 -1096208.5 
-1368199.25 -466329.9375 910618.8125 -2355505.5 -1267390.75 -1755576.75 583905.9375 -845189.25 -3319442 -3293732 -2319874.5 -2529714 2674649.5 2972644 -1126210.75 -2460958 -3414691.5 3332095.5 -3214846 -1162346.5 -5525948 2945273 1118973.75 -164385.40625 -4696313 2004385.75 53035.0625 1487.515625 5368500 28674.03125 4367288 -2280582 -74344.8125 -5905942 -1692874.5 5073739 -2991516 -2230221 -1875248.5 1596415.5 -4094720.5 -1995313 -1920315.25 -397923.125 1351235.75 -2117789 3331920 -2396145 1935518.25 -589127.5625 2450946 2169410 891395.4375 1104727.75 -4589033 813367.1875 1395438 -722358 2821140 4436848 513585.6875 -3526105.5 -1318624 1324262.75 
-1811514.75 1243262 -1376124 -5307357 -1084361.75 2550393 -3025316 3590180 -1534795.75 356490 -2176702 2972387 1028091.375 -1444628.25 -593487.8125 -1718682.5 -1151561.25 -2310821.5 -3456245 1250798.5 -1704444 407760.625 1425950.5 -652160.5625 -946361.3125 -1041996.75 -1937795.25 2453610 1248810.75 -1537481.5 1932761.75 -2802030.5 -1272177.25 2137998.5 -243732.25 1651530.5 2006441.75 4035048.5 1327472.5 2053417.75 894395.75 5050450 -4050031 1910842.75 -2939845 -1886339.5 900059.5625 1167723 -2332678.5 -4160069.5 1175120 -3276187 -4891652 1314025.5 -2800833.5 -426654.59375 -2125782 134561.875 1493617.5 2226005.5 3193102 -227534.609375 -371477.125 2322342.5 
-298446.1875 -1517647.5 -3294586 1072430.5 3693370.5 -2448344 -2238893.5 -3138749.5 -574976.125 -1270175.75 -1584766 -1690135 2313190 5705252 269980.25 2729395 -2953160.5 336878.4375 3007465.5 2746269.5 298282.09375 -1201793 -361367.25 -5583271 867117 3423197 -567556.375 3401412.5 55442.96875 2864316 5451281 936195.75 -521293.1875 -2135307.5 2706473 -3805193 -4157391.5 -3635721 289711.5625 5706257 -5057285 -2894641 -5048458 3385827.5 532818.875 -2046802.25 -223153.28125 -7386118 -796791.75 -1880995.25 642250.9375 675242.25 -152636.375 2418447.5 1265234 -1168774.5 2011060.25 1024745.625 2536300 842555.875 -591735.6875 -986278.625 836816.875 1531177.75 
935619.625 3052441 -2885957.5 -5947418 -682155.75 3705300.5 -3481668.5 2652628.5 790176.9375 1067803 -37617.390625 -689036.875 -534506 1504406.25 -410017.59375 2335073.5 2777541 -2790876 2299319.5 2933439 -397293.65625 -837515.375 477688.6875 904048.6875 1411314.5 -380730.28125 1280109.5 1700989 -1007522.125 -1105228.75 -1783945 1906623 -225026.78125 -891689.25 97934.0625 -4485585 -1343935 3379838 1436535.25 4651623 -697737.125 773373.4375 1964195.75 54988.6171875 -2554651.5 1090365.5 -3141544.5 894917.5 -5217206 -3640379.5 2986977 -3037195 -6453119 1990967.25 -968330.5 -3439872 761662.625 2418819 3308558.5 203504.6875 -1428262 590838.5625 -196149.625 2027024.25 
4137677.5 388015.40625 4638334 538900.25 2062090.5 -3349470 1014262.75 -405985.6875 446373.21875 -2913209 1379038.75 -6037091 2335685.5 -629405.5 -761152.625 1975815.5 6122287 122849.2109375 4866161 -102082.90625 -1252050 2972758.5 -4384114 -3780904 -113964.9375 2279727 1900967.5 1239309.5 -4443617 199575.390625 -5209355 200892.84375 -2198568 -1857437.5 -778001.5625 2182140 -3919404.5 2298759 -2206171 1015145.75 -1798048.75 2270600 3877726.5 -1769995.25 763066.875 3889324.5 -2661332 -2696479.5 331041.53125 1839074.75 8653.875 3938716.5 1443136.75 30555.6875 -1063578.5 1830132 1669374.5 3516466.5 2230568 -581351.6875 5219986 -1929611 1934940.5 398477.375 
-903975 3142226.5 -1394090 -5603469 -2173813 1388651.25 -604494.25 86620.21875 2161380.5 1431402.25 4140694.5 1751527.25 -316347.40625 1668065.5 1322107.75 8011.4375 2230713 1297571.5 179482.375 -3224485.5 5271527 654735.5625 -1762725.75 -1047306.9375 5700655 1847722.5 1206604.5 2982129 1178062 324109.5 -5439079 -1310964 436127 5327582 1299335.75 1455782.75 -2050014.5 -961928.6875 -4835377 563653.0625 2482864.5 -195959.09375 763378 -377108.8125 -1179274.75 550058.0625 2433904 1713390 -190942.875 -128573.3125 1337672.25 -200343.75 1333646 -92211.9375 2091755.5 -1251495 3865472.5 534717.125 6539986 1214780.75 -4948975 2267232.5 3927501 -1310194.75 
2393775 2483017 -1727013.25 -1590477.5 3771717 4111460.5 -390879.53125 3110900 -4427400 -4806671 -4986004 -5299981 -1941377.5 3862578 -1196787 1525396.5 3482445 544985.875 -1432949 5189847 1789258.5 1597299.5 -2749349 -2142571.5 -2875290 -655422.5625 3555978.5 -1270588 -3642612.5 2091450 4903732 -3592932.5 3053430 -3728575 -1314940.25 -4658316 2281805.5 1046811.875 4125608 572882.9375 -1285959.25 -6575484 -221170.40625 290328.3125 5040254 4106272 -171284.78125 -3799241.5 835402.3125 651373.5625 -1044246.5625 5154727 4324698 3667829.5 -3918269.5 3918576 1652566.75 2015453.5 -1276204.5 -1057930.25 879384.5 -1082578.75 538756.25 -4892095 
-826792.875 2547549.5 1381757.5 -1520463.5 -483441.96875 824918.1875 -2604067 220575.84375 -6883.03125 -3966050.5 -747519.375 760997.25 13084.6875 -3363450.5 -846265.125 1034449.375 -2405732.5 -1029107.25 -3303250.5 -1116605.75 -3682038.5 -1450580 1996311.25 -866653.75 5054144 386113.125 -354346.5625 -2390361.5 -1218311.5 952298.875 3089871 -1025742.9375 1507946.75 -2236915.5 1516559.75 587291.1875 -4939964 -1323464.5 -1758264 -828216.3125 -2202317 -522353.4375 -1100788.5 2180072.5 1980204 3129538 -1599399 -1343156.5 -1054673.75 -1559038.25 3484890.5 -445176.4375 -2506116.5 197874.25 -4279333 1273318 2179119.5 309363.3125 2240415.5 394956.5 2348491 -152448.984375 4395469 2050404.5 
563474 3653743.5 -4135707.5 -3733046 -5044116 3446533 -1767966 -3815585 246581.1875 -3516232 367490.96875 258683.125 -2791865.5 -2106216.5 1303010.25 2316291.5 -2933549.5 -2528603 -1163514.75 760621.875 2776707 -3789485 1877897.25 1117481.5 -309488.59375 -1620220.25 2686081.5 2295853 -1838644.25 3206999 773419.75 -3481275.5 -2681544 3255544.5 -1979025 1710368.5 -1824194.75 -2410149.5 1727341 3236943 -3677141 -1937309.25 -2541724.5 -747623.5625 -1934226.5 -2689671 744319.5625 -2501428 167581.953125 100583.34375 -1269678.5 -3099268.5 -428143.5 2587921 -1670869.25 -653546.375 1490896.25 632918.4375 2229841 -964392.125 -822700.25 -1216593 -2728657.5 -2101984.5 
600113.625 454667.9375 -3267497.5 -2729697.5 -1567259.5 4302412 -2942846 730220 -614013.75 3828496 1387272.25 1940656 563098.6875 -143782.46875 1231023.75 -4076208.5 1713554 2856847.5 -9120262 6712487 -1342430.75 -1517362.5 939194.5625 -2488528 3437112 1596958.75 -3296329.5 -2296763 7801219 1150705 -55210.65625 -2640124.5 -564902.8125 -2849965 -1881748 4256495 -2296385 3759612 -6075981 3333713.5 388721.09375 3249232 204779.65625 43436.4140625 1814166 -3276635 1198019.25 -2153740.5 84094.25 3954538 -2251273.5 94155.5390625 -4444295 572826.875 -5041744 -2530449.5 -1835887.5 2196515.5 2215030 1132311.5 655675.125 2444308.5 1382970.5 4671305 
3461451 433438.5 2343738 -718871.375 -3212987 -2818979 -1321983 -1981360.5 750576.375 -1881221 1353173.75 -2022178.75 -3218660.5 999740.5625 1632403 2166411.5 2838114 1906716 1550478.25 1647272 1836192.25 1508198.75 -4284833 -2752460.5 1266229.5 -1607762.75 194288.125 -2847859.5 -1486761.75 3577520.5 5482727 1264833.75 3034205.5 -2670480.5 3560596.5 766065.5 -4151186.5 -2025322 3134975 4459398 -1918743.75 -3912899 -3785210 2250710.5 2603571.5 2223205 -171499.984375 -4853493 2229148.5 2404059.5 2253212.5 -4547817 -4047690 -92937.5625 1704352.25 -1219736 1439443 1326236.75 559116.6875 -1535349.25 1575965.75 -1087960.25 130367.0390625 3419607 
-2399938.5 1211052.25 3412171 3669390 1308075 48967.9375 1355103.25 -4390158 5502371 4109746.5 1059296 4236737 4849257 -1537201.75 474156.125 -5175943 -5768723 -3271539.5 54431.1875 -1804269.5 3646252.5 -4110234.5 803473 -3297303.5 135998.34375 4886162 -1128983.25 -2573676 1027629.625 -804972.9375 -3740830 2608566 -2426896 3111094 -1077527.75 2498964.5 -1055671.5 1362520.25 -1050288.25 -2365037 663479.3125 3795352.5 5463290 53399.78125 -6123294 916787.3125 -32662.4375 1442441.5 1548432.5 940465.1875 -5361998 -837004.75 4717042 -3125504 564784.625 534178.375 33139.625 1477808.25 2136076.5 -1087531.25 1496451.5 1039124.125 -1494871 2271276.5 
3367029.5 1678650 2899251 803416.1875 -4852199 -2550458.5 -1546155 -692721.5625 -147348.1875 6218533 118526.3671875 -1746157 -1419084.5 -5358311 -2243956.5 1373297.75 -3432466.5 1815926 -5226120 -2793927 -559011.25 5478525 3562894.5 4407657 915770.1875 -2727807.5 -508928.125 -2319917 -2568731 1178655.25 820189.125 -429521.1875 -867058.4375 -1057090 5373217 5991235 1775364.75 -2834264.5 -1189701 -1871638.5 3738343.5 813572 1030115.8125 3314568 3565554 537100.875 495299.21875 1840186.75 1836310.5 -1167814 54817.84375 3628550 729010.875 -528635.5 854845.875 1171658.75 -3604281 -517204.375 748535.375 -517021.0625 -2551869.5 101353.859375 -685829.4375 4029117 
1341980.25 1413114.75 -1865373.75 1040904.4375 1549964.75 -2518543.5 367581.375 -3716783 -1583418.5 4407322 4262786 -3071393 -1966979.25 -1055375 -1666330.5 4036058.5 -1861525 -2423852 2136518.5 3395742.5 1332098 785898.8125 2456915 -1348207.75 -3255738 -1640212 -1587958 -1324246.5 792295.3125 2764768.5 -3327335.5 -169792.90625 3567324.5 4459943 2658162 347823.53125 1338354.25 -4095371.5 -1284449.75 -1731826 -922318.625 1579955.5 6737188 -919459.75 -1529469.25 -2535010 1412703.5 1559847 -1796764 964418.6875 -2966956.5 1678857.25 1857274 1267625.5 -2380844.5 -2091312 -3450830.5 -1983455.5 -1654963 -1877153.75 -5493947 -1716093.5 -4236821 1081171.25 
-68233.34375 379768.125 657243 -4341795 -165428.03125 -3008473.5 2122659.5 -3430270 -211741.34375 4556660 -641045.4375 -2217860.5 -3454042 1031273.25 1293878 -2804134 -175031 94194.609375 -3721528.5 -1541162.25 -157760.546875 4103508.5 -1031094.875 5026587 1648013 2643272.5 784661.4375 -1218171.75 2008298.5 -12653.875 -1909392.75 -1285623.5 -3763826 -6488618 -50428.28125 2788025.5 -977074.375 -3855621 687909.5 473216.1875 -880782.75 2935764.5 -1080114 1003099.75 -51810.125 285897.0625 -475196.125 -676789.5625 728196.875 2432385.5 1722469.75 3275385 3827484 1344965 932119.75 2456033.5 -2765678 771839.75 -294952.90625 -1975439.25 -4749263 -7080403 -2068475.5 -3956353 
1331519.5 -3378140.5 -2068335.75 -3130641.5 -1694443.5 1533187.75 1126603 -730854.5625 -2203050 1308008.25 -826799 -1938026.25 -6234459 5880123 -2160431 -3729913.5 1699603.25 1920554.75 348261.75 1346391 1934246.25 -4137964 602479.75 2121986.5 3090631 729869.5 1662052.5 3291844.5 1232023.5 -5081058 413156.0625 495659 -2505704.5 -3762505.5 39616.953125 -4382842 -108757.28125 -381161.0625 -1602170.5 1916770 -2099076.5 1632439 -3308102 3190264 3290932.5 1256327 -3382943.5 -2489099.5 -1644517.5 1150256 -430762.46875 3762585.5 597733.5 -359969.6875 2514336 3730510.5 1732551.5 3326689 -184157.984375 947207 -3206792 275121.84375 4498981 3275597 
4360263 362673.65625 598324.125 -2250762.5 -156547.71875 1899442.75 -2661747.5 432632.375 -2242806.5 3456086 2340926 -658646.875 -438185.125 -1071881.5 -1689415 1876404.25 372180.5625 -1045123.4375 88592.109375 -79589.203125 -1789617.75 -2689890 3931729 -3735066 2470814.5 -2524505.5 -810152 872030.4375 -1557345.5 2666315.5 1125230 -701296.1875 951035.4375 1240687 2645520 -175892.5 -1333509.5 -2110205.5 -1808335 -597102.5 825910.8125 -1846337.25 2215042 2495775.5 4914104 898557.3125 -2720971 -3693429 493688.9375 631956.25 2843100.5 5784910 -582106.4375 -2118409 278367.375 1163694.75 1860301 2482784 2888612.5 -146313.78125 577870.9375 1103470.25 1872223.25 2503444 
-4195630 -3221804 -762542.375 -790178.5 4231750 5431067 -213738.875 1239218.5 -2910468.5 91388.765625 2608802.5 3443970.5 5671182 1002966.875 1966393.75 -4099164 -1234768 1886542 -5851004 4157846 -269599.34375 4171256 -1526406.5 -1788372.75 300007.25 -493736.0625 -2170119.5 -862259 4612521 -2241302.5 3231969.5 -2683073 -1069581 2719801.5 -2812601 -3926062.5 1495871 1268606.5 -1949577.25 -1559354.75 4256837 2409479 -616735.6875 -1534750.75 4683419 -1245664.5 4890085 -1658453.5 -206254.53125 941154.75 -3596458.5 4910307 3425143 99629.625 -3594914 180136.625 1511741.75 -1835307 307881.5625 105497.1875 2145863 5126155 -571822.4375 -5062322 
1351877 5462647 2260760 1640019.25 -1140245.5 458857.40625 1803553 446637 1683149.5 -911294.125 3891090 2576048 4515847 5090551 1913309.75 -1766439.25 1299991.5 2412297.5 -1814887.75 2135523 -1339727 2367604 -1843250 -489295.90625 -1070536.25 5220743 1200082.75 1755978.5 3650761.5 -2578953.5 -2826192.5 3126042.5 -2393724 -2371064.5 1844238.75 -2510083.5 -266930.8125 -6093628 -3889643.5 -2218809.5 5529180 -2546976 7516117 -1431.91796875 -2303135.5 3151363 1472533.25 -2341909.5 -1793463 1121836.25 629284.75 7233479 -1129669.75 -1434953 806625.1875 2115797 -321352.9375 1190659 1248250.75 -4156034 -3017035.5 146632.21875 3906322 451495.25 
-465891.5 -1959588.75 -3591187 2945638.5 2924395.5 -3349971.5 3193180 1028776.625 -1011606.1875 1273737 -4005782 669203.875 2104206 1577869 -2877554 -2419343 -4952757 -5455494 2613633 741238.75 -1070802.75 -603474.5625 -426075.46875 -386701.78125 -2262199.5 3202239 -1440723.75 -1104855 -2955927 514426.625 -1072134.75 2758244.5 652679.5 -846290.6875 -1613381 3661398 -718428.875 -5373871 1787121.5 682157.8125 -3287448.5 -3529393 692728.25 1926633.25 -3920280 3022683.5 -3841622 -647408.375 75413.796875 -1137039.75 273716.53125 -1891279.75 -279877.8125 276774.4375 -1624191.25 3077416 -584430.25 3930145.5 -217199.40625 -270788.28125 -2221289.5 -4884213 -3070808.5 -6267852 
-984547.6875 -1661236 -28750.453125 -1323429.75 3636899.5 3072001 -126144.09375 -1868364.75 -1021685.1875 2822520.5 2080364.25 4624693 -2880777 894472.625 -927563.1875 851181.4375 1455313.75 -6421168 1635498.75 -188778.3125 4532256 -1471171.25 -6045598 -2357526 1105253.75 -3506850.5 -259375.109375 -1851900.75 -313741.0625 -58641.7265625 -25046.9453125 1326713 37762.326171875 6336935 306677 -1705190.75 1315510.5 -285344.46875 4437088 -59858.794921875 -1819369.5 324360.0625 -1730994 1922783.5 -300294.46875 -420907.09375 -3381965 1947867.25 1117939.25 1055145.25 -2059730.75 -4348634 -3107501.5 -2313019 -1168927 -2204243 231750.203125 -3502544 -109235.6015625 -1177161.25 -421260.5625 2796034.5 2931797.5 -2450203.5 
-2620434 -3618318.5 -1010096.625 -1389031 2078222 -2957623.5 4675383 1772113 -3602095 5463108 -29923.313476562 -1584640.5 -2275008.5 4032866 -1953216.25 -672317.625 3919071 259354.75 4101920 -2470179 -1517495.5 -35569.78125 1871172.5 3130260.5 -3688149 1963334 -3802021.5 1985349.5 3944783 -6160943 -2505349.5 -1160789.5 -3926358 -2830171 -4116615.5 -8003546 1458599.75 451710.4375 78565.5625 -699403.4375 2105648 2857862.5 -2974044 780298.5625 320858.75 4871309 -1454592.25 277621.6875 -1261414.25 -509308.875 -977750.25 4603782 3373261 4311791 2130790 5863145 1350962.25 -1913017.25 -2430518.5 -2176714 -4383494 -2297768.5 138092.125 -5327963 
1100100.75 -2622977.5 -857939.875 2731257.5 -956420.1875 1328862.5 4205698 499517.75 -2331592.5 1200070 2823597 877763.125 -233382.375 1133198.5 -1811802 806984 2003092.5 158946.9375 2341423.5 -2452947 -509751.59375 -1620625.5 -3462438 -3047793 -1063998 -314949.25 946461.4375 -1044273.5 -2772704 1260674 -1737576 -3772100 -4555769 -1647986.75 -505469.8125 -1089695.25 2861166.5 2434981 -1197780.5 660474.25 3079875.5 -316659.9375 -194756.4375 406901.90625 -2463045.5 539743.625 -2694860.5 -5257188 -1922381 600291.0625 -6679442 4669786 223788.46875 1459649.75 2968220 1353137.75 892184.875 1297995 2803593 3744644.5 388497.875 -994127.6875 6482299 3657863 
5102166 2555606.5 1216230.5 -589903 -582981 -940743.375 -40470.3125 -1665587.75 -3489739 -763994.875 -44153.4609375 1424990 -6861327 2583425 -3257092 -1032400.9375 -6697459 -3602390.5 2397087.5 3547261.5 2671296.5 -4654980 -1622643.75 1842861.5 4609360 4510401 4522840 -1851150 -9746332 3642776 -469629.78125 956854 -4528213 1440900.75 1035574.8125 2503675 1169020.5 2446111 2929879 3381761 -7659225 281643.9375 -2131376.5 -477404.0625 927400.75 -2305619.5 -693233.1875 994991.625 -3132000.5 418644.28125 3806170.5 -1078049 -1139838.25 170507.34375 -1018271.125 -1461535.5 -2131535.5 5561472 -1175526.5 -3506930 -1538659 200056.21875 3595105 586961.3125 
-2000645.25 -1129507.75 -1252053.25 -1303163.25 192584.6875 3263667.5 -4709901 1670195.25 -2607116 -740149.4375 -2383530 1501351.75 2625534.5 -3705094 -380482.6875 -6119701 -2603230 -4913126 -2316776.5 3853373.5 -1873775.5 298948.1875 2621478 -1835756.5 -784477.25 1543211.5 530712.25 -198434.984375 -2275925 2060327.25 -454374.78125 -716795.75 3924476.5 1732795.75 -1808404.5 5945337 947524.375 -2399485.5 -2003157 -5368891 -937344.875 1930290 3144776 -1641745.75 1599625.5 -3753650.5 -1023052 -1023695.875 -3007787.5 870313.875 -162787.03125 -1153981.25 2562727 1190221.75 -8751994 2852780.5 1606128.25 4668818 557390.125 536627.875 468102.3125 -2756560.5 -223860.5625 -2381969.5 
-4609632 2557503 3250077.5 381764.46875 317863.75 -3116151.5 -51947.8125 58626.65625 5068723 -2508524.5 -801870.8125 -3163708.5 -236899.21875 1073027.5 2421624 1238204 -1495245.75 -4026656.5 879647.0625 -1217690.25 538389.3125 1604934 2000837.5 6076235 -1810118.25 -2780449 4954617 1627150.75 2099329.5 -880195.625 -279184.40625 5004093 2383082 -5018484 1141315.5 -2026369.75 -1828185.5 -2571910 2541889 -1546296.75 -1402631.5 -2319623.5 3202397 315577.875 1025218.8125 713892 2616290.5 -845851.375 1667036.75 -318.40625 -596650.0625 770515.4375 405602.5625 -1905452 3249428 65712.203125 6055920 -1402065 -5292047 -2169193.5 904147.375 -3049644 -5519419 -1437154 
1983981 3250247.5 -22748.8046875 -2794092 1947749.25 -2454006 -2102045 649312.4375 5573733 2769324.5 -166014.640625 503305.5 733414.6875 649411.4375 -636618.875 -2570807.5 -2061843.25 -2572490 330908.0625 1745451.75 -2756369 3454680.5 3129936.5 1827218 602557.375 36509.095703125 3393680.5 -3288896.5 -2485931 1562798 2031226 3251779 3351591 -43781.6484375 1145492.75 5528027 -259872.640625 33586.625 -371663.71875 2354296 -541563.75 -1259941.25 2433805 1343552.5 64726.5703125 6046347 -4142492.5 1942038.5 -903645.8125 -3857858.5 4033261.5 -553044.1875 -3860686 8061.9453125 -1884991.75 -4158308.5 -2562047.5 423778.09375 2232926 -1498693.25 907574.9375 -2992408 -236754.4375 -3511051.5 
-1022824 -2847880.5 -3007016 -900984.4375 -1524618.25 -804949.625 1570526.75 -7380406 1284712.5 2003359.75 767674.75 2101462 -2833385 -1312436.75 -1889380 23833.875 -2719052.5 -2823525.5 -1251953.75 2487786 -196624.140625 -1454808 3421603.5 -2505392 -7759089 4075647 -1779699 -1450566.75 -760005.125 -2343225 2051913.75 179167.0625 3486814.5 -1709942.25 -4721243 -2456032 -159188.03125 -2092024.75 -3054685 -1803956.75 -4666039 2516828 840764.875 -1765482.75 2914794.5 -1223808.25 511632.40625 -1256475.5 358139.75 2144805 238115.78125 -1992170.25 -6751641 1543490.25 -2835675 1422649.75 1612190.75 47943.5 543471.625 -4846926 3063265 847584.375 1715207.5 2976305 
1499120 3039074 2203758 -1204400 -4635020 1636135.25 3676601.5 -545396.5 4877719 -3777929.5 -1247470.5 -1622756.5 -140199.9375 1482644 -538845.375 -1162831.25 -5734008 3330272.5 -3473661 -2101341.5 -1014475.0625 -5064495 1178197.75 1981133.75 -2090640.5 746977.6875 -6213554 2588305 3466475 873319.875 173958.75 -612068.5625 -3061946.5 1374954.75 -1997358.75 3801639.5 -3144311.5 378310.875 -941279.8125 4261605 -3399453.5 1682303.5 -2223844.5 -3197668 -2127081 4149046 3386350 1673962.25 642298.125 -2366378 2831880.5 -2059514.25 2236909 -3115901.5 601140.3125 -2830156.5 545466.0625 950239.875 1451451.75 3466195.5 -1371516.5 261787.78125 -3524679.5 922259.375 
2939141.5 -237007.34375 -1044522.125 111585.8515625 -3636589 -410741.6875 -1218500.75 2130645.5 -4424151 -392645.75 763119.25 -4644185 -6914359 1309818.5 1171020.75 946793.375 8670614 1183004.5 2162531 -48460.15625 -1387047 1124105.75 -3539105.5 495749.71875 2341906.5 512244.4375 4435087 6244339 1973153.5 -1488341.25 -2006973 -2155273 -381311.625 -2244078 -1276230.75 2975964.5 -2749136.5 -3939268 556412.1875 615694.1875 1670851.25 -468691.625 -321641.5 1533015.75 1212953.25 -5216548 -4105618.5 -586139.25 3090166.5 1423821.5 2296033.5 409629.5 -497638.4375 -193879.96875 5978036 1235135.75 284893 6367516 1975985 1859132.25 957355.875 120728.2734375 -341649.96875 2738067 
-200960.6875 2163223 -627933.75 945849.9375 -2993887.5 717158.1875 720892.9375 2918042 3950456 -1477943.25 -3865072.5 -2644611 342232.875 -2168947 1469799.25 -3209785.5 -5730837 561488.1875 -1608903 -4478714 4099482 -6177682 5343636 5964661 -827393 -705597.125 6956533 380118.6875 -3283215.5 -736770.6875 -1703293.25 643457.5 -4695093 -4727313 -1347513.5 -3443720.5 190701.6875 2703497 490595.25 2605728 796752.6875 -1212450.5 -1037984.25 7515435 -3392921.5 7330814 -1185053.25 3319360 -58491.203125 -1406597.5 -3407778.5 -2765652.5 2286647.5 882759.5 3587913 1294753.5 2415301 1415785 -1269652 661849.125 -465256.9375 2582692 6247.21875 -1193616 
-1217393 -2869707 2598811 -1366401 2731055.5 -18660.421875 -411417.28125 821844.6875 -1280269.5 -95556.546875 5122288 -1665520 -2304664.5 -493073.4375 1846703.75 510162 4596740 -2010868.75 2109313.5 4332674 -3539325.5 3744642 277705.875 -2474429.5 -1465043 -3342311 607503.375 2574256 4345612 583497.125 -1060479.75 1818420.5 1954264.25 4473087 -1516619.5 -5882272 -3093171 1256100 270409.96875 1699027.75 272519.8125 5029411 3708556 514451.71875 6344914 -3137201 -1677170.5 113304.9375 -2024224.75 -1277428.25 -3199386 872352.375 -508143.8125 3020482.5 -1506904.5 -3320041 2465502 -2042401.25 -2853734.5 -4636158 2105878.5 4277488 -3186401 -3560012.5 
4329304 500151.46875 941536.25 594758 4116805.5 7932137 -2860030.5 2935191.5 -1848260.5 1957737.25 -2959146 159932.5 -748634.1875 679403.4375 -961620.875 -1149385.5 -1044725.625 -643178.75 -3245805 3615510.5 -2058948.25 2102819 1845394.5 -617063.4375 4750345 2402671 1257691.5 -2959840 -1643648.5 59419.796875 7655413 2063504.75 1840925.5 893024 3167323.5 1014525.5 -896884.125 -3062551 1091545.5 -1874693.5 -2558544.5 -2708642.5 -3231294 -2041180.5 217004.53125 -3668039 -4966537 3003122.5 1014903.875 -371230.625 2663253 3608101.5 -3561768 518437.09375 -4609658 1455929 -5386887 1502729.25 -1426077.25 -151061.03125 3669503 1603273.75 3774837 2287799 
670308.25 2521434.5 -34513.5 -3441253 -3711538 4490819 -931775.8125 -694968.1875 4035584 722719.625 -530205.25 -4659768 -2047576 -2912178.5 3269234.5 3768275.5 4383979 4988651 -5332798 -1359726.5 1981298 -3166914.5 339636.4375 2548274.5 -168672.75 -4738086 -2087983.25 3287258 1319908.5 4909120 491805.375 -3188257 -315208.125 -2685322.5 4544885 -455955.90625 305102 -382611.96875 3011856.5 1817604.25 2288440.5 2402265 -3744348.5 -1912160 728341.5 -108763.75 -645248.5 272286.25 811862.25 2232140 -21363.125 -202872.484375 -624155.875 385257.03125 4850938 -2175851 -728268.375 -3994030 -1642804.5 -895955 -637091.625 -1560101 -2539362.5 1256086.25 
