16 16
-38.182356834412 -49.337826728821 -99.358575820923 -175.50668144226 -113.13851356506 -92.581253051758 -326.10150146484 -154.79790115356 -211.01717376709 -27.042969703674 -59.759696006775 50.077338218689 -81.487385749817 71.678640365601 177.10125160217 166.07071113586 
-146.18735694885 -118.50099945068 -97.271161079407 -11.330948352814 182.04928588867 96.704702377319 -71.094520568848 -83.546000480652 116.63929748535 -51.653165817261 -119.55423355103 6.7018227577209 -120.34903144836 34.128870010376 -63.713850975037 -154.59048271179 
-175.60198020935 -135.1242980957 -230.06825637817 -105.48907852173 93.99516582489 -63.068136692047 -155.5315322876 -168.96778869629 122.69334506989 156.78297233582 -423.44663238525 132.23268318176 155.02422332764 -127.50404453278 84.51953792572 -163.98421478271 
-150.40400123596 -148.81597518921 64.215593338013 67.83197593689 213.82688140869 137.20762825012 -120.91464519501 -146.53058052063 62.827433109283 -109.57521247864 47.294824123383 -44.167413711548 -14.054894208908 145.55637741089 -57.932598590851 -39.51729631424 
128.27613639832 107.87913227081 -207.72186279297 -105.58659648895 6.172443151474 -264.62160491943 50.491687774658 69.045217514038 115.39142990112 245.61874771118 -328.0285949707 135.09782600403 325.66763305664 -278.61249542236 -128.32041358948 -150.10124015808 
-184.83909416199 45.032069206238 -55.419574737549 97.49423789978 -39.795936107635 -36.600810527802 78.59162902832 -74.973269462585 -17.486140966415 28.8430082798 -140.84544372559 139.09191894531 -126.59735298157 -99.011644363403 -26.902680635452 -115.82517147064 
-24.396774291992 30.751089334488 -46.1366147995 -31.550914764404 11.283154010773 -307.09868621826 -67.992530822754 -13.96488904953 42.657071590424 193.3422088623 -166.72519111633 152.14725112915 63.432489395142 55.776252269745 45.918721675873 45.82927274704 
11.957170009613 196.29320144653 128.43495750427 167.65962409973 32.937462806702 -155.58988571167 199.03155517578 195.3551940918 145.51472473145 -71.159961700439 127.63710594177 64.715002059937 -128.5947227478 -77.307590484619 168.54451370239 -41.566637039185 
231.43125343323 75.567761421204 -27.403505802155 -8.2511138319969 -31.267370700836 78.030016899109 -4.1812995970249 89.680822372437 -84.347473144531 -136.61562538147 170.13629722595 -48.034809112549 100.15054225922 -9.2295641899109 19.088372707367 -102.5394153595 
15.974951505661 170.9547996521 135.98454284668 227.69765663147 83.863745689392 -34.575004577637 27.43819975853 244.4874458313 204.60820770264 171.71310043335 248.65886688232 101.83083343506 4.6504325866699 -56.242095947266 -109.94552230835 70.869892120361 
61.47527885437 42.681360244751 109.1639289856 65.201671600342 299.49069976807 -128.64970588684 -200.87341499329 106.16058635712 205.76879501343 -1.4282441139221 -17.611182689667 141.087059021 156.79475784302 -238.79263877869 -102.84239006042 121.20071315765 
189.45080184937 114.75723838806 -344.85733032227 52.180258750916 3.4629337787628 117.11979293823 -25.2330930233 -103.63096046448 118.41032791138 265.92346954346 -7.4074482917786 103.62705993652 283.15650177002 -195.15710639954 -340.0471572876 -195.9311580658 
20.539077997208 170.6834526062 -51.675531387329 82.584519386292 -96.614570617676 -358.54979705811 110.25608634949 56.217553138733 -101.04630279541 32.788142204285 -144.79615402222 293.12589263916 234.93229293823 17.36952829361 -102.63098526001 -192.61152076721 
-149.3406791687 50.653440952301 -22.2699842453 13.254235267639 44.419470310211 -186.50210952759 38.389533042908 -56.862339019775 99.543436050415 57.169640541077 -269.51972961426 303.20843505859 193.98217773438 -5.7346720695496 -25.792147636414 -295.3637008667 
-12.360706806183 148.2636051178 -201.30846977234 -1.7142181396484 -234.24272155762 -43.823078632355 34.236728191376 -51.971586227417 30.464620113373 213.37850189209 24.406320571899 103.87763500214 108.41269016266 -77.360514640808 -146.77453041077 -158.29573059082 
-91.105095863342 -5.4542365074158 59.320225715637 -62.581532478333 -221.58395004272 38.832377433777 222.21862792969 50.658638954163 -150.6957244873 29.615419626236 -33.419989585876 -45.305574417114 8.060284614563 215.67895126343 23.395928859711 -5.283223927021 
