16 16
0.80040095746517 0.24064534716308 0.82507064938545 0.6984198205173 0.45452020317316 -0.81692182645202 -1.7263099700212 1.0763188675046 -1.8281249627471 0.04688095394522 -1.907568603754 1.0562613457441 1.3395519554615 -2.9088233709335 -0.35297521203756 -2.1133699417114 
-1.1267689839005 1.2515035197139 0.29419668391347 -0.2009900668636 0.93730003014207 -0.0080717541277409 0.14469111524522 0.56445515155792 -1.6302110999823 -0.52130824327469 1.3488658815622 -1.4495605751872 -0.48264259658754 -1.2264643907547 0.2857524305582 1.2152105718851 
0.73981735482812 -0.87916532158852 -0.83727554231882 -0.8439367339015 0.18255041539669 0.88677355647087 0.065138758160174 -0.64734081923962 -1.1839797124267 0.086252961307764 0.98236870393157 -1.5208416879177 -0.10062564909458 -1.5136940404773 0.84499764814973 -0.35939445346594 
0.054278866387904 -2.5149788558483 -1.4014779925346 -0.61398449540138 0.19647666811943 2.7688941657543 -0.66065422073007 0.27114206366241 0.18170927092433 2.3472673743963 0.79837636649609 -1.1132796108723 -1.9423149600625 2.5073128640652 -0.25642262585461 0.82011780142784 
0.48946804925799 -1.9705284684896 1.0655963271856 0.14587529189885 -2.2595119178295 -1.2751181051135 -1.0613713413477 1.4175086915493 0.084473792929202 1.933228507638 0.69733922183514 -0.48232717625797 2.5835801661015 -0.89976527914405 -2.0275775790215 0.84797383844852 
0.23693541903049 0.082364832982421 -0.054800564423203 1.3862560391426 1.7505841627717 0.61997324228287 -1.6825029850006 3.3749710768461 -0.84005654603243 0.32813178189099 -0.99598387628794 2.7681054025888 0.075009629130363 0.86845324188471 -0.14058496057987 -1.2624261155725 
-0.14633073844016 3.0613147169352 -1.0833256617188 0.72402440756559 -0.17259154655039 0.13777868449688 2.2806931734085 0.7426004819572 1.3167157918215 -0.58556368201971 -0.23730765841901 1.5513675808907 0.9259864538908 0.92714950814843 1.034364849329 0.85193340852857 
0.46168829314411 -2.2876586467028 -1.3896075114608 -2.1078228354454 1.0337535887957 0.40828824229538 -0.95027688518167 -2.3193882107735 -2.4134642183781 -0.34386195242405 -1.117669634521 0.50304769724607 -2.1207208037376 0.72363443672657 -1.4730981141329 -0.84517983347178 
-0.79624507576227 -0.22384558059275 1.2030352950096 -0.67358704283834 -1.8687537536025 -2.3018961846828 1.6045789644122 -0.72251665592194 0.48535360023379 -1.8884015604854 2.1860019564629 -0.24424478597939 0.3546289652586 0.13116358406842 -0.72253856807947 1.6692510768771 
-0.75136398151517 1.4692358225584 -1.1343323215842 -0.85680368542671 1.0859797745943 1.5865307897329 1.9544267505407 -1.0588586032391 0.24883695971221 0.74282002076507 -1.7420669272542 0.19801771640778 -0.42524443566799 -0.32503337226808 2.518328294158 1.4722658619285 
-1.600475512445 -1.9036713689566 -0.12361181899905 -0.11058855615556 1.4705555737019 -0.18304153252393 -1.9372201934457 1.9481158852577 -1.3150087669492 -0.37438316084445 1.3446095138788 0.89067887887359 -2.1905959099531 -0.59119117632508 0.32653072103858 -0.82122763246298 
-0.44026700407267 2.0510481595993 2.9393932521343 1.0397313684225 -1.0476306974888 -1.9607252925634 0.11606851406395 1.5544100254774 1.7517646476626 0.130968445912 -0.83153720572591 0.078345399349928 1.5570459514856 -2.7874521315098 1.7597930952907 1.5370241627097 
1.3880308195949 -0.10582762956619 0.11906203627586 1.3807914853096 0.68487122654915 0.11660564690828 -0.49772245064378 2.5707887262106 -0.05732337385416 -0.024872338399291 2.5386730283499 -0.55441750586033 2.1587835103273 1.3693710714579 -0.54679007083178 0.64041068777442 
-2.7730718702078 -1.4772557094693 -0.59963661804795 -0.62763120234013 -1.0293499901891 -0.65831812471151 -1.6213704496622 1.0564218983054 0.26269591227174 -0.48956518620253 1.0843116864562 0.2500231731683 -4.043163985014 -2.1514033079147 1.0246574133635 -0.75186070427299 
-2.5896058678627 1.4019465371966 0.20956441387534 0.23837121017277 -0.72538965567946 -0.95744151622057 1.2912915199995 -0.42771818488836 1.18079829216 -0.57700163125992 1.1377878189087 0.6126083470881 -0.23861661739647 0.58193841949105 -0.88613140955567 1.1018184050918 
0.14573182631284 -0.1142637655139 -2.1529316157103 -0.27389968372881 1.3049125894904 2.1469376385212 1.6410080119967 1.1912063732743 -0.33686953783035 1.2219844833016 0.03272988460958 1.0976008474827 -1.3212133273482 2.5750699937344 1.628560140729 1.0192678198218 
