16 16
70.003479003906 -5277.3815917969 22734.76171875 16386.59375 -20165.172851562 -4386.9116210938 19594.233398438 -10069.216796875 -3530.5068359375 17469.048828125 4895.900390625 -25890.720703125 -1420.1754150391 18994.154296875 -17924.170898438 8520.9243164062 
-5560.3825683594 -13507.651855469 3198.5784912109 -9091.6025390625 2601.7108154297 5656.3510742188 -16388.48046875 13459.150390625 -1000.0778808594 9001.8481445312 4128.4064941406 22895.819335938 17003.853515625 -8374.2412109375 -2648.4425048828 13005.174804688 
-19156.44140625 -18425.545898438 -30443.766601562 14004.287597656 7757.5393066406 12573.496582031 -509.45648193359 5685.1552734375 -5496.453125 3625.7661743164 -5942.6479492188 -5937.5480957031 14207.201660156 -23311.09375 9926.7978515625 7929.1140136719 
19840.666015625 -4308.9099121094 5007.1623535156 10616.981933594 24123.0234375 3230.0510864258 20843.875976562 2060.9585571289 2408.0123901367 -6259.0993652344 8298.4848632812 -18190.776367188 -20152.094726562 -9259.0493164062 -48.413116455078 -4449.9301757812 
10807.46484375 7776.8845214844 23304.00390625 -14694.907226562 4671.3376464844 -9774.0341796875 -11124.375 -9230.7373046875 1595.6848144531 5038.228515625 3053.2712402344 5821.0029296875 1990.1430664062 11780.721679688 -12983.518554688 12760.383789062 
38678.3828125 17729.75390625 4607.0327148438 -27451.112304688 9060.0439453125 -23888.354492188 5543.9296875 17546.4453125 -5619.6496582031 -20511.489257812 17804.365234375 8572.6337890625 -4568.6052246094 3340.9896240234 21901.725585938 -2623.9616088867 
-21946.692382812 -12067.987304688 9057.9716796875 1975.7501831055 -24992.256835938 -15488.168945312 -15431.197753906 -20748.079101562 -16241.611816406 13544.094238281 -9499.8818359375 3361.4249267578 -24999.013671875 -5080.6657714844 -5092.7734375 -12729.027832031 
-16132.249023438 -28531.377929688 -2906.7976074219 15148.036621094 -4755.5756835938 19521.19140625 9011.6494140625 9606.2431640625 -3154.0106201172 4578.1965332031 5243.6040039062 4575.6350097656 -9968.423828125 -19935.763671875 -19796.95703125 -4316.0402832031 
-10804.369140625 7028.8686523438 -12782.3984375 -10128.783691406 -1074.791229248 -1755.446105957 7602.9309082031 23522.983398438 -20282.099609375 20129.517578125 10977.229492188 15322.506835938 17610.505859375 -12248.671386719 1307.526184082 1156.3296508789 
6357.8745117188 27507.397460938 -8183.220703125 -12022.440429688 21712.461914062 564.77185058594 13649.773925781 22008.030273438 19052.1328125 -1583.6657714844 17824.665039062 -6197.9694824219 25257.354492188 3760.4359130859 33230.359375 13287.738769531 
-1588.12890625 45.83740234375 2009.1020507812 -20066.553710938 -4359.5290527344 -6432.5512695312 -18676.86328125 4109.5537109375 -1369.3430175781 -2035.768737793 -1138.6762695312 20888.404296875 -6949.4245605469 -3403.8024902344 4246.2514648438 -2376.8858642578 
21649.545898438 9520.61328125 7387.111328125 -12238.357421875 28945.740234375 -9221.3349609375 -11679.096679688 4913.828125 -3906.4432373047 -4187.8208007812 699.09051513672 13510.522460938 -10614.939941406 -5792.4538574219 8316.8291015625 -13057.631835938 
12680.289550781 -3009.8491821289 16535.321289062 -3964.0707397461 -5764.1640625 -20279.08203125 -2180.6042480469 -21413.171875 646.91751098633 18534.461914062 17102.044921875 -1139.7422180176 -3131.6741333008 8817.2998046875 -20009.676757812 2311.1451416016 
-2581.4401855469 -6616.3901367188 -1316.592956543 -3803.7907104492 -4956.1638183594 -1644.9795227051 -17041.09765625 -5301.2495117188 -14492.266113281 -2975.7855224609 -15284.079101562 5331.69140625 -12130.032226562 4363.5791015625 -215.04467773438 -7924.0270996094 
1101.6412963867 -1450.9183044434 -17941.130859375 4308.6186523438 -21421.530273438 -14000.630371094 -19570.272460938 -20969.284179688 -22948.814453125 -16349.958496094 -10871.708007812 9667.2641601562 -8099.8989257812 -2215.7805175781 -11071.112792969 -33815.078125 
39427.875 30503.764648438 -2242.359375 -35340.966796875 10397.302734375 -30894.27734375 3417.7501220703 912.30740356445 -4226.1533203125 -4108.4143066406 26780.430664062 3094.1638793945 951.88740539551 3796.6682128906 14945.122558594 -3103.0852661133 
