10 10
-0.1139710880816 0.15653306245804 0.89148081839085 -1.6990665197372 0.73565828427672 -0.74831011518836 0.78760403394699 -0.59414454177022 -0.2121948748827 0.93155639618635 
1.6877026557922 2.4150548577309 -2.562739238143 0.39790363609791 -0.81840682402253 1.0920882150531 3.1990367025137 0.60081318765879 -0.45995050296187 -1.0732079818845 
1.4482738077641 0.50743079930544 -0.23299649730325 1.3988316431642 0.31817501783371 1.1193699464202 -0.42546061053872 1.4653036817908 -2.0655733495951 1.3099250197411 
0.73980461061001 0.96689589321613 0.3727226741612 1.7792294025421 -0.94047509506345 -0.14888940285891 -2.8795796632767 1.9256837666035 -2.3648681938648 -0.077364560216665 
-0.7436635196209 -0.036143645644188 0.61822416633368 0.84501182287931 0.37638627551496 1.5035196468234 -0.78121748566628 0.44164190813899 1.0106281191111 0.9375978037715 
-0.5772560313344 -1.0188995227218 -0.64599936455488 1.0054751187563 0.82209316641092 0.088924764189869 -0.68722547963262 0.42210244014859 -2.815250992775 -0.13301181420684 
-3.7743324190378 -1.5205174088478 -0.21869765594602 0.88875763118267 -0.086609434336424 0.77430324628949 -0.25866749696434 -0.56850803643465 0.3325100839138 -0.37348123267293 
1.7447548136115 -0.74070346727967 -1.1413177847862 0.42010328546166 -0.53931789845228 -1.579223126173 -1.1172955110669 -0.045803021639585 -2.0789918005466 -0.53810422122478 
-3.433134868741 -3.0486129373312 0.53280724957585 -0.66284527629614 1.0956767052412 -0.89783121645451 -0.16622125171125 -1.1813004910946 0.18675905279815 0.59177652746439 
0.96194273605943 1.1052028238773 0.66511100158095 -1.8063179180026 -0.25100997835398 -0.99682389944792 0.17625134252012 -0.55387932062149 -0.12837584130466 -0.25368049368262 
