64 64
-312086528 -109688576 -288631040 134516672 -411828736 867568 232086400 231747712 111691648 292721152 216081792 390706688 -216592448 -387385344 78029568 -324428544 -313524224 -498175232 245895680 -210875520 335735296 -164043776 158437184 -878720000 210730688 -431761408 501390592 -535872768 52610592 195041152 103694496 -178890944 -74757440 -61016800 262077056 -245542528 -204711296 481048320 160809728 -89494208 158407168 -91146144 173091904 103564800 -51433216 -299555072 122301568 355654400 128117376 268377472 -230560896 -163609088 145636736 61968784 -246560704 28030720 -206943488 103793856 163195648 25948816 69854048 78767232 321151232 483888896 
-349447168 -96772032 -440478976 -80021952 107871040 -374337024 57703328 12022176 160532032 -181929664 -83806464 243342784 -28050096 -481990144 337603072 171445248 -5246560 74994144 -138981184 445190912 -201755392 95265152 -81617152 -185588288 -460375040 44283872 62742880 -253436544 -559395840 108697248 -523291392 97180352 -156625856 -691585024 14994200 361593088 169753792 -320599296 63045824 163271936 144055296 -166778688 384573696 -31115152 257988608 -174714752 129003616 -79868544 -271347456 409453824 152539648 17178064 -182557696 44321600 18279576 225340864 -671296 -298933504 183591360 -497530368 -106053504 -327535360 373701120 -264073344 
200596480 160876800 105644224 -106725024 -296046080 -105114016 -21892712 -198779776 301216768 -452220416 200152000 -83220064 -538682368 124691488 -367516416 -463756032 52884384 78884960 211384960 -212694656 -415933184 126657472 313766656 113003040 -175767104 415632640 -160059328 -2457536 -63694688 696159744 705525760 166826112 -390964224 291580416 134321536 16045408 -375001088 91202816 -14180488 -678483968 53721840 100088192 -20848768 269306880 -61035616 57247232 596377600 111056448 -151139712 28450896 20448544 9605072 -140575168 196729344 -137002944 -165264384 427917824 -196580160 330693632 -112466048 -27389248 -189938752 43987696 -160928256 
557982720 589393408 153107904 -175128256 -72070080 527509760 -555756544 -72905344 -544273408 -695359488 -194377344 -495548928 173523456 -149657792 437187328 339250176 290384 11194284 157740352 48599776 -415675648 203612608 -241235904 212389760 67699136 -22266296 -374064896 220143488 234418240 -94937664 636062208 369022720 333521152 -440343552 -57761360 506151168 81000064 -125046400 -43752208 -297963520 -405974016 -166011072 -273416960 60405552 -56491056 -86777664 95627200 158170304 258902080 -265262720 -475550208 -192823168 218705664 154812544 -116958592 -317820928 -36082544 366120192 318168320 172176128 401480192 2748570 -263950336 -225286400 
29475432 -179049536 -371031040 -238690880 79503488 5689088 377687552 299026176 563821056 105642656 317816064 349403648 -281743104 120938496 262855936 607510528 171734336 65544192 -44695488 304416256 316171520 75548352 -121990592 -208508800 -173444928 -425794560 318727680 -576291840 273822720 -187137152 -531388160 214482624 -203976512 -77464224 -367820288 517073664 325009408 157044928 -50335168 134495936 71253024 -296614656 239024640 -190827008 -316547328 -486940928 -122935872 -269784320 -236651776 260481344 -80178688 -195907904 -178658816 599662592 306529536 90718784 -421779712 74197760 -236392832 -109686656 -327705344 58044368 224215552 238578048 
341704448 234121664 -21853656 348547840 232983616 264069440 430977280 -208590080 110133120 -20281832 424272640 -250125760 303854592 -148176384 313688832 -315423488 -92791872 -249949184 96707328 107624928 111091904 178100736 21486808 378269184 -87923616 163120448 -112281280 -112404224 -42224112 269758976 525256192 235472384 197796416 193822592 -177112256 -334823680 137330240 11031328 -274929152 -14145152 -346335488 -75036160 -178921472 -500190976 -149934912 -87647104 335474944 -157146112 -70658368 468076288 -351201280 118358208 -118909536 159753728 110297856 179865216 80248576 -8233608 350293504 -332072960 250798912 -679261696 147284544 -42085120 
-2791773.5 -159423296 136126720 84508800 -165287104 -91121152 -247865408 611321344 284184320 -12547430 721529344 -67131616 -563938816 59281968 -291815936 98969280 104640192 -187523008 -243549248 -109192000 -131415232 -268219136 252245760 -86510464 248643584 -23238568 -24657072 431680256 -170374272 409783552 208214720 -166714048 -420216832 -81045696 149326272 2053136 -275830272 119810240 214818176 -141414592 -100932000 -284112384 -124663776 -28622728 -363695616 9221472 146993280 159494208 -120151712 498166272 -218269952 188452864 -349931264 516963584 -345096704 -147847616 314954240 7464956 117320736 8102950 247356928 -88428800 -21315200 83189120 
66848336 469027840 122237024 -406251776 -51074480 -544859648 -40809088 -292901376 182992000 -151582464 -304328192 58250192 -53155568 -240441088 50002256 -420031744 84092160 145981632 -251134208 -202996224 275131904 83842176 53397840 -342887680 430132224 242298432 -127667104 275482880 186319488 669232640 473367552 -144957568 91920928 152183744 181236160 -106554944 171888448 -78475232 98442720 -124685056 -87589984 -271170816 -515589632 262673856 -242983424 394216960 107078752 -132830496 171533568 -397500672 443218176 348742400 50408352 195937856 189796160 -438650112 588874240 -465445120 31213696 176869312 62355232 -48516960 61536736 -141853440 
77921440 -56886848 378807040 -474088448 -11362376 178566784 -152142784 430753024 140567168 66543904 -284945664 162645888 -100984704 22350648 -61236624 300119552 236016640 568220160 32058352 -478325248 368761856 16802832 -64709632 -227165312 209497600 167901376 -19924904 -337172480 -2813524 -295078912 270714368 119106336 -115919200 -5606872 -281419264 -105004320 -242335360 -116712160 39895840 30741096 -686675456 -45800944 -113825568 234292672 -166468480 -235568064 -108353408 -81851136 -261573888 -473156864 65824992 -97616256 226807104 210181952 549033472 711204864 199740480 342302464 138283584 -156390656 -147709056 -109344448 -209979008 472211200 
399319552 38133440 -63114784 -97687456 82963744 -220092800 -228949696 171829696 -231297024 -184432768 -122589472 86659328 416111872 117103328 381396992 251400384 528773632 -144146176 -467062272 168643584 -145478016 -57952352 41273312 -90363456 458707200 349412096 316539648 259186304 -316835072 -385679872 43847072 -38771344 201201344 171416448 -42433184 -133639264 -142024704 -19334648 -85979744 198364544 33150376 -325059072 -164000512 312855296 201267840 -193636608 -143411904 230886528 290666752 159995584 160184704 81879968 461242880 -314058752 20725544 -88030080 -146113664 153272256 164239168 -66103328 -28529728 -133308512 414639616 137046272 
-474106368 -221112192 -45111872 303886336 -391966720 177757760 -413836544 -89886048 -180854464 360664320 -98921952 -238171840 -151649728 304982528 137896640 50474064 -118115488 -68704608 -89232384 -471837440 29620288 -229796864 311236608 -104486048 137439040 -210042112 -178862976 -99232544 -69188928 163352320 -22847800 53308288 316601856 255653376 360870400 38775616 295860736 -34544272 104133600 -525511936 -141576384 -142536192 -69837376 427169536 214030528 34758400 -341280512 -360056576 -309406720 -109304192 16303932 -224813056 -337726976 -247208064 -126812416 -187474944 61557152 -636047360 -1391248 -539733504 -68198080 2903462 -728103424 -24726568 
-277473792 -37627904 224082432 560876032 -77038080 507561984 -34773008 41755472 -154904704 307446272 -71970336 203591296 -253477952 -338717952 -5800859 345310464 -156822720 -99898048 -167182912 205895872 -252937600 -412806656 236082496 -317925888 -60955616 -439946240 467549440 -137223616 -383085056 -306905088 -440564480 -243344960 -9270852 -505171200 632145408 322745600 -219739520 -349432576 -259252032 291074304 141642240 -312531456 469895680 -68236736 290733568 -423497216 -298835200 103482336 -428051456 545765888 458970624 -333735424 -365917952 138600512 422074368 314423552 -406753792 9480172 -169521408 -384436224 -147172992 -266912448 114570592 66051152 
-581055488 -306493440 -259918720 99636672 33817376 30564608 -93776832 27518816 396545536 346794240 280650240 -43748480 23504752 1638204.5 -95743776 -176955328 -86540928 -268535552 43338848 -194616320 -48160288 -125359008 146243648 -102123072 -75523648 293807616 42329632 31078480 71188448 594365952 367938304 -86900000 -46297728 479275520 3589804 -724514816 -40304848 39614624 -113495232 -78438912 14897564 -271514368 -68151488 134382848 401492480 -23840496 375893760 -561153024 -88998912 -22174720 176006592 531479808 -429282048 572605440 -124550112 -108569440 -56670688 -574135808 575603712 -218495552 -81897984 -59704352 -147781824 281971200 
564938752 -190130432 408503296 324282880 122729120 284654336 -215202880 -271535872 726841856 282487552 353902080 -243190080 -325669376 88832608 -27728048 -269075968 66997824 158284 189739456 -274955520 -505205504 -168802944 338977024 559939584 524495616 253936512 -137444992 159882112 -108204864 34359200 391253504 -116433728 386167296 347746560 -1868978 -607113216 -138085184 507682560 -209169344 -138809856 153949184 17153872 -232825344 41050656 46467488 20768008 225698880 -63878496 5248000 394030080 -4762514 45044656 -222746112 221527296 266198592 185858112 607083008 -91993600 -218058496 123886496 248767168 14429936 -220226944 97307712 
-55464784 7564969 -358745600 341802240 90974944 190650112 -81653568 -549326848 -140497408 -302931200 -78427840 -20528016 323736064 -241043840 208975168 55137728 67577856 -297860608 150428736 -198439808 154239488 483344896 54025952 129051424 323076352 -201642816 33060960 -352692224 24328472 -236445184 121422528 443098624 192359680 134658624 154802944 -112695424 163497216 261522752 47347520 -107730944 -70908448 124081888 -237481664 -34298432 172332608 83094304 301353472 -573307904 436232192 -252211584 19165840 -686725120 147319616 -281430784 120496448 -146803008 395271424 -37672400 -275381504 -166727104 108455104 -53151712 -189827520 218015744 
45865792 -189933440 1229864 136061888 431388416 156439168 -139722624 -345217280 554338816 267386496 123383840 -252172288 420797440 181732416 161218880 457214720 -366960128 -58495408 282408448 252349376 254730368 254170432 249819456 80306464 327267584 218808896 -162220160 139729152 -106453056 -355509760 -583675904 325386752 118636896 -185278912 -671203840 119375936 292131328 238852608 105445408 574737920 124419424 -376284160 527227904 -233526336 100348160 -460510976 271814912 -133851200 -246116032 351378432 262638720 150607040 6275563 -251678464 702389248 -321069568 -38557808 -317637120 -398865920 -63712720 328091136 16736670 -144305408 -11747454 
-184826880 47746000 49822752 411779328 529874944 44495296 -216213248 113770144 206883904 159779840 402706432 -285547264 -600465408 10322854 -62981504 -36584144 249529152 20065096 128463456 -95185792 -261621632 -337450752 -85065984 233773952 -406309120 314981376 147344576 -406765056 -33696064 212285248 492813312 96318464 -131883264 793084416 -224572736 -94628832 -161481920 372255232 -225612544 -253726784 -27921280 -224130432 271013632 -66173136 -32670816 35420752 19379472 135010176 -287990016 493038848 83435008 300803840 -336064512 161948416 2895561 414911232 -224806528 -95394048 146584384 -235878784 30782768 -112736288 -60130368 -55128896 
-323869440 322208000 142559872 -154410048 640229376 692852224 -130493120 -250679680 486817024 138325312 -26896256 -514261504 348327424 145918656 -24695856 83659296 485818880 391126784 -241084736 114513312 520077312 -1726939.5 202100032 -648435712 72046816 400972800 -31985584 235331968 -134275712 -377573632 -14562540 25013096 134433984 107316896 -646178816 314958848 671962112 368307456 499534336 206414464 112105792 -268647680 380875264 -1154806.5 249780032 -260934336 71597312 -449106688 28308704 187828224 -502428160 -19899040 231952320 -33608416 23655168 -412283392 -98496960 -256437632 -353809152 506250752 360261120 41431968 -2285126 -47838208 
-286095872 -382271744 34164704 -6882392 241542400 -454367488 656387072 59005280 1806188.5 245906176 79458048 221317632 -82693984 -481722368 -24220144 -305651968 206278400 113196608 128891520 -60261920 -167710336 92394112 -64313728 -75692800 132436736 137375552 -126795968 -583337984 240971584 597004288 355302400 109333760 -313541376 330508288 -324555008 -498685952 -110127104 356227072 70910976 -105798208 -208788288 -183159808 69284544 -34353760 35036208 81373504 377605632 16615680 -168031104 -228011776 294995456 244577152 260623744 116535296 -92772288 243825152 -35264992 -236169472 -323044864 563261952 243903232 213273792 -63264832 63274128 
325295616 151988032 309496064 335213056 -527436800 195181248 41751680 -377460992 -203698816 275589888 47373184 -92961600 121126688 -159044672 194755584 -74148352 -439794176 -574304256 385468928 25434432 -263904768 178902272 367819264 -27053568 169863424 -373064192 31804008 96528704 -306518784 106856768 -329445888 406063872 140744640 -491237376 345137664 -115492288 301522176 -369974784 -168967616 -187095424 398690560 -145696000 -63493872 -63908864 -374168064 -418426880 184134528 -50838464 111090528 8792212 -59424064 24332224 233861312 -68588736 384971008 -197892160 -317176832 -7337896 -137338752 -280798464 264821184 -363473408 -200137344 -77846336 
222487616 -80579520 446910720 -104950720 291934464 297278464 135010880 262027008 -79658400 144104512 -248189952 -197788416 567266304 -20558080 -124790496 -326242560 244525824 -1640470 335373312 359461888 128273568 189902528 193771776 203374208 3749288 387940096 59899280 315014144 -24376536 -150205888 -107541984 295839232 -1552567 82877728 -558334464 -173126144 -161819648 125021728 -58064256 256086656 -34328704 513834752 26096320 -61437984 -1048688 -134353408 189507968 -565899264 69286944 -196401152 -87077248 488793856 382408192 -187189952 -286938368 -156446336 277635840 341128192 -314926080 -79556160 -20556704 21462728 377988352 -199306304 
121104512 5155958 -62693056 125832832 -318344192 319900928 -251613056 -279005440 106665600 -272009984 63905472 -291544832 -91693184 34848064 93669408 228714240 -188531712 659296256 804736 106248416 191323008 245482560 222078464 59450816 -228837056 203743808 240793728 311043072 224980864 -375889920 232152832 -278321920 167641856 -9412000 536273920 327231744 -470921216 224934464 -239106368 61799536 542356992 215004032 -310466048 89260288 490733824 -419892480 -6245344 139155712 407479552 331517952 206110656 -773677568 100936736 160539968 -400039680 54624 64936560 -79292416 -232968640 -253058560 -279427072 30583216 35824592 -210196608 
-304882944 79727296 5863850 107820576 136471616 -104936832 114492928 -109605632 -70410912 87926016 155367616 -125506112 45771632 86174976 -28583488 -345736704 -221481472 28478864 343284224 19928400 745088512 -211779392 390876672 -411921920 430465792 15956006 146156672 -107833024 185577280 -409891328 -383605504 -313691648 123273568 490841088 148123328 -39697280 133921696 131094048 201289088 397796352 439551232 -2043287 263437888 552453632 -36870368 -199606784 -261618496 451366912 318247936 -65613520 107805248 235708608 351488000 -285515264 253741504 92173120 -257476288 -212302080 -130916608 163970944 -218323584 -272817152 -224952832 420398080 
67404320 277386240 243934080 -108443424 -165890432 150765376 -211110912 -434426624 199259392 -18477376 -78509792 -841360896 71225600 -35078832 -295323648 4372576 199719808 -283523584 234747776 -287043840 -29010000 -179269056 -91454272 55745088 -361417728 95060352 -423988736 243987136 -172852480 243232512 166188416 298684672 140431360 382936832 155514176 -213179136 60868816 -170568640 291995392 -417645824 127896896 -338523392 -86192672 -149303168 4747664 409417216 103444480 -630306304 -452657152 -81196288 -30436544 226985472 -3625314 -250457920 13268386 -556150784 149435136 -337142016 69840864 -105386976 362228992 -1110088 -28546928 -85952960 
202262016 -32074824 257087360 -419333632 161958336 93159488 -133423072 -94329728 141345536 -577053184 -351504640 -120052800 -411802624 -97872544 4939672 206753472 191057728 184620992 -11979922 62230432 -80015872 -153860736 -34428608 -204653888 470136832 -14863680 -320593152 -537328128 148833792 398517504 -416258560 -20903032 109992800 327753472 315503616 214049920 102035168 231648000 274134784 -181687040 47893280 203785280 387261184 376443904 -82290368 246966912 -177244096 -177647744 -196339328 -95539936 174774848 123037888 86346240 -382025984 226974912 177205632 -62245872 -180219776 72107360 -263913920 -207385408 26293208 -99152128 94084480 
23841728 172027776 83144032 -301960448 167234688 -32131680 -66358144 155033216 478436096 429114624 -203335744 -135732672 -8341856 -155292416 -205136384 484116224 93360672 123010880 -424024832 -54242256 185705408 164817344 138571776 -21722472 7807968 190406272 17222720 -160780352 126958432 11818080 -43012288 -19442848 -68813248 -6970256 -489896960 142839808 532680192 -26903336 2355760 131142592 330361856 -137859328 -79018720 185936192 85185600 92577088 -192571648 281087488 -75319680 64365376 -201434816 134962752 12622744 742088192 330280448 -272182272 -275038208 234145408 68509312 287503360 74916992 -479648768 -69336768 -38226992 
410842112 -46225360 114955168 -70594240 -340619776 -332442112 98652160 102833856 74451904 125540640 437488896 -197091840 361784064 574643200 -395121152 28008528 -228868864 70670560 -199091776 37647408 397564416 318865408 269656320 85906240 575393280 -76580416 14398944 570055168 55418528 363829248 169400448 287683328 -237724544 -74876864 61274304 93689664 9966240 -50981456 -163913152 51727120 315492352 56555088 131372128 -12059584 334257152 134848768 272760064 295806720 151731776 -362017536 224112512 -64550368 155102912 76791936 198832128 -62743504 11532688 -101637472 245300160 -45222608 326852352 167034880 -375990272 42930304 
-23701704 234371904 412221952 -183042560 -105269792 250899968 -249261440 51624320 423782656 455575808 294776576 -275343872 159668992 -127029888 -342787072 -478842624 285268480 301057024 122528768 -229331392 406311168 -364838656 299087104 -257016448 721306624 253274368 163333760 -4618902 -306886656 350936064 267573760 -455310848 -117649056 336841216 127144256 -56587584 -346172672 572232704 534724096 -188290368 83856672 368776960 -65939648 70055360 47350336 110670464 -35515568 -212298048 -62262.5 409848832 -206692992 910788608 140906112 63302800 -212230848 -52303568 553254912 -75831328 -101469632 235186240 555138560 74133952 38450080 -30998824 
395993088 66901792 -148746752 -143053184 72805600 -25763552 265478336 344926464 -250419200 -49176384 -288690944 299529216 4843489 35017056 553561088 33639264 112478912 -667035648 417470464 -230837184 146510464 -23310104 151921408 -451815424 -354435072 141223744 312843008 53561984 -1297912 -727541248 -88808928 134800704 -84386688 -281290752 -475006720 -3369024 68912288 -30844528 -224355520 14041520 -275952896 -126102624 212576960 579316736 -211591552 -640940544 -34242848 -25352160 176467584 -142729088 194540544 202065920 -42475840 -595014656 -74765824 -124785856 409839872 -470108672 -206736384 -344130560 -291662592 31400736 405100032 -349626624 
-205066560 174547520 92759296 61227744 -225263488 237487488 251350912 -80909344 104235616 -308254208 47436704 69398688 -99341408 -127355616 205959296 -498373120 -198255232 616158208 -23507712 -68612704 511882752 161795456 69027808 -4323600 -46835776 -226724096 -251455872 58137472 -277088768 -370454528 -255625088 -202017600 159541888 -308516096 411160320 89806048 366475008 41463728 104512448 -69614880 253617792 -75840000 -423286016 -88414720 -295323648 16948288 40503824 -15168800 -76624640 17195720 -216947392 -53924240 271743232 -121533120 55819472 329229824 197024640 2623424 127700896 169334784 53389264 -266700288 -278791936 -35554432 
-441223680 142303104 49832192 -10306000 -278044672 -211590080 -255211136 -132675648 -393085184 -257214144 345216768 -128436864 17819488 248722752 -99310528 -81324256 200227264 -245511744 405107200 -330208000 237624512 -263591104 19524184 255130368 -478891776 -263445952 119053536 82242624 334656512 36505760 412477952 279887616 -564268544 -128713888 217293696 426890240 173391104 37917808 294714368 -140278080 96176800 -114279040 -385439744 31230352 -173621632 42212032 100248384 585394688 318174720 -149808384 164458624 -330449408 23862376 270263040 61149440 -380680960 201158848 -81987328 379000064 -317798656 57654240 -95122496 -170859648 -85592672 
-596419072 238377728 -239424512 -114433984 -238907712 102932768 49226656 -95263200 -200316096 -151203008 -141799424 107561280 77301184 -219371200 238905728 68227520 308240896 178990976 147623872 -89621344 17268448 131990720 344761600 -263551936 20208800 94656544 -118630464 331455232 223588864 11660256 39069376 -71430912 410861312 -183374720 184552320 508148480 3390784 185720640 222783296 -172931456 183068224 334670592 -113324416 285985280 543017984 -234562176 -101184352 300989440 93582080 -104242816 -203239360 263841728 135704960 -139551808 -334628096 -218397056 -190613888 11179336 -149510272 447758080 192002816 -32619296 -176856128 -193388736 
291765504 -284174848 -161697344 -116345888 59873232 51390304 563927552 170412864 -295441664 -310877696 -51981264 -38517632 -27169624 -11742918 93114944 423723264 -144613504 231083136 9756262 641839104 22686696 -23821664 -485449216 -86475616 -45377056 -398029312 -138955904 -472341504 332377344 198283648 -218310208 153188480 -18346736 -439595264 142068544 464734464 -513881344 -87761024 -23535336 26723664 139894400 45352224 411139840 -139724416 114450624 160404928 -33237240 75097632 -482052864 2143059.5 -176486272 -343247360 77577920 -282738688 -466667776 317270016 -75059136 285290496 -22256464 -144180288 129787520 263968064 524488704 225994560 
629456384 568546816 405450752 -37853200 106956448 89573056 385323520 -313691392 -151229312 -322865664 -127446784 -130524224 -180490240 56105184 -201242880 -15793600 40663328 -1120742 189650368 231542976 153170816 538855424 -93831232 -49832448 186627712 -245218176 -224598656 -44990880 186398848 349065984 281140992 83300928 -294848512 -165114432 3860297 242344448 149824448 14102764 -348914176 148840832 -217710592 -137138688 355613184 117312800 -75065120 605421568 427996672 -382572544 51586944 -888235008 50212384 -60515792 -64656320 -197555392 167123648 31744856 -24447736 180970240 42570352 265039296 -469257984 -24793040 29730560 101127296 
-289507072 -299718912 118908864 168704384 273853952 394389248 -174944640 -29746240 -203948608 -62758736 -114726976 158067712 112458016 284780288 397189888 415947008 49154896 120916608 428620800 251255808 220887296 -423411200 -69160384 -4090308 -478041856 -319340032 222809088 -67723328 -543066112 -376079360 -548825088 -49029888 -163262976 -481875968 229619584 521224192 49636960 -426043648 14558382 -250100416 399083264 127109152 97128352 196686400 310107904 -326318848 151819328 -154430016 -333044224 266971520 201068800 -110500448 -173538112 -460526848 65327696 108402176 -432686080 -288709888 47780000 -645515776 -344390400 -534557696 94975744 -33989728 
-90929696 168718912 -515787008 139088128 -97930080 150025664 209484032 -433945344 426073856 -63211424 238334912 -131466048 -481338368 -12747524 27241280 -121875616 -215195840 -193022592 572159488 -73656224 59074224 493896704 218135808 -80381504 -601872384 273600768 -89680064 -261851776 -14663912 -233292608 -319838976 -116423840 62022464 425407232 190918656 410406400 -260264064 169025152 -254838464 117221504 421692160 -41758640 78352256 -22121536 315201792 -13017872 121190496 -376653312 -283386368 285891072 -84484416 -89353152 -200170816 -224867264 -45228080 189587072 25899792 -390740480 329250048 -203905280 -394472704 29458256 769356800 96409920 
-380692992 -162815680 547184128 244763776 -441823232 186055936 76555104 396211456 360683008 -86139808 76329984 185996416 259610048 393756928 211014016 -91052512 -97169696 388616192 278022656 102952896 -104984800 167182080 51429280 -177959680 -442138368 -399444736 671350784 187252096 -1021676032 -89372800 -156685312 130445984 214118592 -357405440 561063936 20691584 173235648 91108736 -123610432 97709216 52954336 -5576336 -79973568 -327603968 91599808 8603296 -1320800 -203579392 -440193024 437266176 61517040 -215578368 204420864 -556565504 262330624 241619200 704910336 -35521664 622818304 -353221376 313049344 -360413440 459856896 351631616 
318955264 206527040 -233988864 -85125824 409962496 -50528480 -162675584 -403204864 82311104 -217587456 175291968 83866880 -3727327.5 108773824 -41211008 410709760 -78244416 -211617856 -14057712 76954976 -307648768 67279264 -221388352 -26445960 351152128 78043360 -355465472 -268475392 189119360 422490368 -90318336 652747776 -324798976 -43407440 -139691648 314503424 230671232 171612672 154502016 -196697728 -142533760 113379968 90251744 -226483520 -33200136 58690032 123845184 -35183584 83060928 129833504 -451457536 -30268048 46919248 441767168 275826176 -183530304 -447106816 -103698176 -164147328 163341760 139841664 -294496512 122489472 45003296 
395346688 -13181452 162439808 -276646912 240958464 -378422016 -274270976 -108223744 -337977600 -277097728 -268102144 -23805168 266827392 -196185216 -403831808 -2614320 146581248 -23278960 -87023680 -227416000 -159255936 136733696 210882944 307098112 -120159552 350682112 -179005120 227198464 -72110592 -48185488 3535552 453919744 -471778816 31456992 -2899078 -85686592 100495360 -319697152 -193676928 80640576 -39176592 44267840 -267228224 -215619328 -91104416 25312696 262991104 -92150272 347660288 124781056 154603904 557731328 512149760 179288128 411638784 202253696 -166081792 -233093888 -199492736 -43096928 183878592 -469312000 -240702464 -147385216 
-146422656 -279620864 27039272 -34201600 -454630400 -289583104 200463936 110792512 364206336 142857792 484626432 209332736 189953664 76324608 -162058176 -145053248 -484952576 139655616 496475136 37461792 119757984 -55971408 -167702848 116542400 -356295168 -113772512 371613184 -496239872 71924672 221206080 190254848 131183360 -510840832 -132943296 -126935360 -180398592 -346258432 205159232 -134874560 384739072 141130816 -63266832 212988672 -260125312 -25379272 -253441856 111691072 405834496 -364032512 340388608 158961280 536924160 425056512 188872128 236359808 203901376 82749568 -43879440 537248768 -443977472 -76009664 -90402368 308393472 -88319040 
81285728 168807616 -171344448 -344284160 297933824 84841152 -383527680 -54633632 -103989856 -48123376 249051776 -77512448 -355688704 157965184 -194595520 -47406304 512355584 -466003456 -40638752 -363769600 423541504 -389526272 -73644032 -144304576 -56502368 112173056 42955136 211508800 -245653056 -227905472 456952576 -51919120 -324536832 168236288 -216657664 161974016 -67991744 403937280 246471616 -365427968 -203036608 294046976 -551510016 276156928 234958784 99998272 -377312512 150382848 507007744 394079232 -183444800 -201454720 -21684920 397735680 40249888 -53300576 346503936 -531053568 -157069824 -42602000 241105152 -82925184 49713936 -145743616 
275872256 183462016 326885376 -20162016 63456800 134402752 342780672 -386309120 99847648 513102080 -491423232 195940224 64366368 -64407040 173272896 77827136 -26222096 -364794880 193478912 -91936064 6419703 196567936 368596480 -172200000 661473280 -49653392 24419368 -71181280 -50820736 483022336 3704224 135451968 155197824 153565184 -141683072 -682633728 108092640 208575616 -432273152 384995072 -177081408 38078656 20183552 318012928 371321344 -112591392 62501984 -524874240 121312384 -450268160 375901440 282828288 20740344 -19014896 278285312 43777744 -40026352 -40019200 -515134720 89705888 -103325248 -87959968 216213440 222035136 
-79653600 449221632 241751808 142353728 -209727616 -158127488 -212377280 -200055680 158818496 438188032 717579264 -642790912 -4819281 883333632 -319166976 -106917568 234116928 468565504 220527744 59206400 315117568 -37594656 -7348392 127312544 -22092352 5943880 135322240 169609472 309688576 -14800456 174635712 282653440 -115876384 281851136 77141728 323528704 -270429952 -59050736 27879248 -369806336 422234880 -251812736 3309851 190863552 222672128 656459264 53142096 -160831360 -207342976 -334760448 -101223872 -309834240 -9768324 -7541112 -218477696 -424679936 280149504 -189628032 476086272 18116144 349046272 630694400 -68830592 116469536 
-14965616 -226243968 -39570896 -144323392 72141888 -2612666 -249977664 -205560896 -192147776 -560128512 -333310208 -64919632 149947584 280188160 381466624 -34275888 -69150400 317007616 -276792832 167366912 226466816 -74100512 -467997696 252080192 -137619520 -93359392 41333504 -228351360 -152856448 430549248 62508928 168201472 -194747136 16802920 -212069248 224339136 -95652384 -73954624 -144848192 -47671104 -123418144 281720064 117658400 -112993856 -275169536 -245392704 117619328 -52138368 328631552 126639168 -395602432 -370635264 160323392 -171909504 9967370 -55266720 -338022144 -339847424 228493056 -730056192 17203880 -227881088 -60272768 54608000 
91338272 172611136 -346054656 231106048 100892224 -478119424 135942208 -349260288 -365192960 -349700352 -155245376 -407538432 59308224 118474816 245593344 122859712 -250875904 206048960 37744768 296908544 -248191488 469716480 -250773952 162960960 -296100096 56206432 -634194944 79679232 112248224 258782592 -36540816 510221056 352503552 -369642240 -102578432 273805568 -176909312 -323449600 -266275584 -247519680 -272261888 -28650352 -92190304 -80610272 6646724 556981248 -79523392 -396143872 -217533952 -160342208 108904064 11131312 -288705536 -212331840 19752936 -157933312 346464000 -149084352 -39335344 -465071360 117425536 -50209056 -249248000 -4844928 
55643456 278970880 255604096 2233184 106988288 13625872 -10148224 -130453536 225890688 -236565888 -447636992 -14601944 -184673856 -172618560 237954368 101027904 -232060608 118943008 308105472 5021552 -957565440 558271488 -208252160 160390144 8795592 -139537792 40684224 -78442368 -220006080 81671712 -139627840 231978240 -276912384 354964736 -61932688 -182945920 15624032 82491840 17969952 -46611264 -181059328 -196203136 -179236800 -370863872 -404436224 -105305280 146855808 -611527680 -315061504 -253287232 -81147264 31455184 -381284352 203359488 332883712 -269917952 -40631024 549829632 167930624 310055936 56652560 243780480 -53400416 132416128 
301749760 -723943424 315704320 37650144 135178240 626507776 -43496992 319341824 -56155104 66071408 -386104832 125332416 451388928 -204337088 11228846 561680896 -312099840 101666112 -385098496 56128032 -132803712 -113959040 -10823232 -379635968 -19350120 156512768 244468800 -87451392 -102081024 -111363328 -61051904 -10654068 13507050 -424561152 87486368 -193594816 -98647296 33236416 -380164608 121371584 -46503360 619849216 131532800 12277040 -399224 -547382784 -233075584 27064896 168321664 529111296 172184320 -608879616 314072576 75474304 -70220992 615736320 -361319168 168447680 55524000 -662770176 -239222400 -298078464 86781920 140964928 
-250502080 49762480 77999904 -171623872 -179041856 -77388128 -99096608 2396078 -55491856 -466096384 -296637440 176800704 95150976 91988608 -266736512 87065152 229983680 151623104 223595392 -54801472 300768256 -126634048 -210748416 203085760 -708346368 7805600 -346973184 -434045184 277782016 192215424 225536384 612630528 -130160832 235462528 -25934720 -43532960 235421248 7136626 -46840096 46589792 -112897920 288698880 74239840 -110250784 442819328 37988384 1691163 37280208 -179026368 -217198016 241281728 -495043840 410516736 -74146208 227539200 -243686272 -91541024 -183798336 -255865216 -458482432 -198085952 -110641472 -265513536 -153001024 
-37839824 535141376 168116480 281341184 -66060832 21719480 415086592 -76104608 293125120 36901136 256018048 -94232512 89409920 -110618880 -41063680 -42572688 -56469680 -218067328 105879616 83934752 216726400 -357756416 -132948544 -421561088 -38236480 -413117952 17886160 328789760 445745920 235157056 329977600 -169360640 -466509056 -273831168 60004752 1944368 371476992 455568896 -103730080 263048320 85081728 -482746112 68482144 -224677760 79353888 -70559456 133584704 307202560 246267392 484906496 -88104832 173002624 -360377088 640765440 75340896 -537992704 -46777536 -227674624 55186464 206349056 -7212544 -97821600 155109888 -146689664 
-180039616 -260611328 127404896 -11692480 109189152 286746112 -360400896 -371823360 -299226112 44593760 -49680576 -98400320 446735872 -20235664 321129216 1030466048 -434800128 -61088752 337217536 406943744 306549248 -101107968 -436054016 -144162304 266477376 -517458432 460489728 -381533440 -257513024 -328180224 122615840 -41675904 231962880 -619777536 506200320 256539392 -12971792 286386176 185172224 -278012160 735874048 -166780736 14140796 81963936 498748928 -333548544 6576928 433662208 -180661888 207654656 176518208 -321867520 464342016 63842080 -196335488 109596416 -188721280 43738352 194180608 54117840 453525248 -269305856 210272832 -155645952 
79289568 -112620416 38056960 346907648 224230144 -68181440 30902464 -291046400 318116352 630069248 35594880 -204159872 18978352 -68071456 -359592192 58476384 -64297216 -302538496 34706336 -291695616 216404992 -225113600 -54373024 143009664 -524584704 214622848 -140094848 -186594496 13766680 -566129152 -215192576 376766464 239228608 186020800 -545768448 -324055296 144287872 -517306112 -84271744 139886336 -43603520 -725753344 -69440928 -28142160 -79638976 372211200 -346332416 -306769152 -182700608 152659840 247137280 -238791936 17554272 -75300928 471753472 -280878336 -50792288 -167806976 -295571712 -320288000 -4599280 -187766208 19983384 109029600 
-3043027.5 482012672 112984544 -172107840 -393905408 110980288 -314718464 -239719616 485176320 137193408 -214818496 -43071408 -297468160 -157635840 -540990976 -26758384 -260532224 772324352 157843776 -347871232 -127421504 -85758496 -44041872 -80329632 -175254528 510791680 17813904 -260116416 -73893696 -265342528 264452736 365366272 100965312 -95399840 223765952 388413696 373612544 -173656320 101147936 -429250304 147653184 -183306560 -117390816 -229683136 -251861056 -129451712 -205203584 1031070 -99713568 173665984 -95072416 -4343580 181071232 525031680 729259008 330505472 251533056 282140928 35021824 260531008 354490112 -24934864 -52851808 264803200 
-352894208 48915328 -280133888 111187840 -395176704 -233442304 -348510208 -834744832 21822864 -46329296 -114799584 399922432 240307968 320698368 120089600 -48080240 -212329536 440435968 -203925184 51734176 59564976 282590976 -96020096 -111566848 -396063744 208386112 266005312 -38671440 359156992 -27581976 115202144 -229063872 330515456 -8367308 309501184 196908992 224899008 544443904 -476539648 7475749 323075072 325085696 -307642368 -132296192 384487168 162319168 -143420800 60897792 712940032 431306240 134379648 -36801392 123509088 342051840 361821440 399387392 -40772928 -204718272 -200159232 -50543568 -102233120 -155341440 -73409344 69251168 
-35934224 305158656 55586416 254620096 41040064 -22068624 -422833664 -55433376 -381155840 102387264 -304570624 -296429056 139351424 53683456 291407616 -226845632 196330560 273126400 179515712 253208128 -222310016 3125372 487076864 82154624 100760256 -162659200 -123327712 580523520 -504366080 -401584896 -546029056 196589888 435877376 -292236544 233676160 183937152 433646592 -280482048 -485419776 299446784 489691392 28695544 139590144 239707456 955799040 -178680768 -242691264 -204981760 -27601928 -30541440 201233664 31761632 199731392 -424040704 388369664 -151190080 -174085440 -91738016 -36843056 -561915392 -310662400 -5195414 -262824512 -216059328 
92233760 -258747712 110181504 26842848 -518114304 -79119360 -415866624 55978480 95450848 211317056 162617024 174873728 485573120 503671552 45146304 98403616 201378304 -151020160 167862784 -157156160 -179084032 275609344 316525056 -203367616 -186377728 249827968 247313920 56140176 -168271616 -387455744 9034936 347490560 -3251024 120747968 -279454464 -121014880 -241570496 -368901376 -110999072 112071648 153979392 222690624 -88047552 242119488 553155072 -363649280 51642704 108244160 63168416 96777280 188325312 -747481088 516095744 -154965376 457153792 -73407200 -109038688 68057344 32862256 -856709632 -346093824 -133898336 25474056 136718784 
259704000 314225920 378316544 -216478784 351249920 112982912 668337152 -308513536 -23356424 -127751328 -146171584 254459584 -148151488 17411104 -153468928 44916688 -142975104 -301433344 187040768 333389056 399108864 -98200736 -157582080 -464275968 142865536 -160367872 125347616 -518477824 181423744 207199744 -73959904 25309088 -451769088 179992000 -159996608 -230478336 -338888448 180883584 54908928 529129216 55656112 -88791168 166623616 -329104640 -67247648 -37725760 -105992704 -127494400 -22218024 29336984 312549376 -199137536 -126519104 384758528 574846464 -186071040 -610604032 -66101408 -291342848 -218099456 -187081728 -412432384 211649536 243790208 
67234272 -151961024 -374969600 647199232 58018432 381197312 -205740224 -380245248 342370560 135001024 141170624 -179489216 -79960704 -78675968 9139724 535288320 -315306240 518527232 -197176512 46613248 -273426432 -93001664 -536667904 269003264 51859200 153140160 231230400 -176461056 -111382784 -537193984 75874720 -22323800 84983968 -153471360 269256448 -88148640 -58741712 167974720 9505070 166736192 428168448 -61742848 431572480 -434874112 -27965456 -254380032 -57538704 -139582976 50651968 455823616 -351177216 -149799872 -263244096 -92430080 -96399232 776822272 -299897088 -3098508 -55741280 -82436736 176426752 206249856 -162358208 -157843968 
-283768576 156892032 -115715776 395056128 239940992 463733248 -286546944 -271481856 205983488 80495552 241318080 -35737120 317803520 -153950720 221825280 326228992 -9884554 -297901824 182444416 25339312 224186624 106594624 -141031104 -261347840 174538688 -427906560 38659216 313098240 116158016 -128416096 -248410752 84837344 -141749440 -322511104 -55053600 -131738624 -37852288 480509696 -186779264 272454912 209881344 -6035130 73704096 -229366912 460190208 -133862400 223800704 -701905408 110862144 364299776 -245249472 289305088 -270930432 188623296 494583552 -55114736 -2961936 -176998144 157749888 -266642368 255522240 47671280 -112401504 91246432 
-184105408 333518592 78305440 221899200 196628672 -313797120 149963648 -162929152 89510112 -150079808 102351776 -96815168 5372592 80167488 208879232 -125178560 235246528 300375296 -258249280 303733760 -251574336 -55461312 -187519552 364162048 230596160 -308647936 -477927424 -45747744 -75998656 53790656 -245233728 -50766848 -82637056 -32984592 45088672 216909504 61865552 -123305792 136194816 -53342640 -443577088 -173073920 32404264 -297002496 275554560 605975552 3360560 -242556224 -376165120 5471032 136096256 275223552 -32644008 -291140864 87861248 -85792608 -39569952 -16467720 -59937664 -75330368 65467040 277484032 -101977728 -224724736 
47713520 173481088 -87265408 -248695168 200555008 20854896 -10894050 69545024 -107234752 -30748224 -224783552 -104292608 339083776 -35079216 305025280 226371456 26909488 126992384 209087616 -197010560 -209836544 464596480 -50716176 -23443640 -399304448 343052544 -58098720 71670592 -68169408 64424496 355621120 155481216 377283584 121773440 -103948288 -108843232 428676864 -15323538 -288666624 36266096 -179987200 -43782016 -158915584 -168046848 224274944 -315673600 118548384 -130856512 -18937872 -377032448 -261590528 120020864 147099776 262364672 -89339936 349928704 -51165152 102160448 350481920 335422720 -265590656 -250852224 295746560 37729984 
125497152 -197638208 204949312 87544608 -247486272 136990336 -94434592 294459136 152519616 56391936 -494139648 148601472 287801600 -547909632 -100963040 -185837568 -66035136 140719872 116267328 65338432 9363902 -189263296 -44779344 273324288 -44214864 -29631672 119665504 301169664 -173354880 -65351104 -99678496 -128659680 337922048 7000256 189969728 -567525888 86988032 325923840 -28291992 -54690480 109206752 224390848 304262144 7461195 222411712 -31108584 -308338944 90817824 -609250304 173867840 -14496668 -56060976 48408624 -341309696 157170880 320980992 104531840 206461184 417926912 9867678 9980486 341837312 -170924928 230421952 
-284860928 763751424 -112851776 64253664 287785984 165706496 359651072 -131514304 -785506816 4992011 -311835904 86820800 364016896 -342431232 -157648256 -130117056 330823680 -317306624 -69707456 21239264 485432320 143391680 332918272 -245384064 92613280 83848000 -398170880 432708352 30090656 -569561088 112413856 640717824 -81155008 -590883840 -104167616 -75251200 741934080 -348254976 -3368712 -4075984 -319027456 -118176608 -365245696 -339003648 -238258560 -143522688 -93429056 -234129152 389911808 -465530624 -28902032 -254093312 206163392 165370304 129727680 -312279040 -299964416 411030528 -450671360 74611872 138069248 -370133248 -277859072 -48973136 
-118059648 -64089536 -375196672 -203784704 504419584 -159531712 -245271680 -433837568 -229432384 -177500480 -436408064 -322169600 105948000 241798656 105472512 -273988096 282947840 567470080 -496745984 -209767488 -333742592 202809024 40546592 139914112 -338790912 567299072 -292317440 15165472 174811264 -1782256 -164420096 -100907136 259449856 379609856 -93084928 359761664 67579584 -215468288 -832401920 167893760 -386103296 321465600 79008192 -24474264 164563328 264144576 62934128 -222410240 458901248 -209178560 -336711680 80423744 -100953984 -150976896 294638592 454251776 -125885120 -70124800 142504320 -56330896 -82363328 -329667584 326111744 199644928 
227406208 -286633472 325662208 -126852928 -25161872 -205243776 -94659264 447648768 219810048 255091264 -214387840 -129403552 -1318205 254300224 -326053888 178801344 -291015168 -5396896 -163857984 -130884160 -158559168 63426992 119834944 131993088 451941376 97561344 -58131808 267995776 -389521664 -65876800 2238640 -182251392 -52626528 33388432 -351262208 69548736 -157979072 71169376 255901632 305200128 77759520 328967936 247112256 248925696 281246976 204868224 -237574080 221909888 -73689376 -101082368 226410368 185677760 -260286016 -44472128 -37366048 179397120 503642368 263342912 -80254976 -62238368 344014848 279740416 -32097680 -125572832 
