64 64
5101725 2350889.5 668651.5 2540709.5 1902278.75 -950621.125 4452153 312408.4375 -462057.28125 -1524493.5 659058.5625 -877232.0625 -1266262 2374451 -2922900 80082.625 -1174702.75 298005.5625 -5098602 -752617.8125 2277839.5 6220525 1764084.25 -3705284 7146399 -3757340 907467.5 748326.125 -3200212.5 -1077211.75 -5038285 964214.75 -1055677.75 -3176489 -1483809.5 -3340026.5 372440.25 2780797.5 1512129.25 5059910 519775.6875 -2195935.5 2278344.5 -36042.5 -1302334.25 -2141242 -1529448.5 1273048.5 -529581.375 -3188776 -4175322.5 1440137 681220.375 1535066 275151 2355222 -1548965 -2388663 3877922 4381377 -762769.375 -2290376.5 4905783 -3132101 
6797559 -3326366.5 1965955.25 994654.5 -4119896 1182335.5 1375383.5 -5014045 -1134907.5 -328467.4375 5060965 3172622 3308317 -1989707.5 -515278.875 3423526.5 4556431 2104309.5 2848427 -1679810.5 2026288.75 3384332 -1194095.75 -2714961 -3346672.5 1678243.75 -2102159 17693.865234375 3111399.5 -2687183.5 -3408256.5 1509520.5 989134.625 -1151035.5 2145795.5 -2697137 -1143551 519188.71875 -868905.375 -3727546.5 -2236779.5 853075.375 -1473399.5 85480.125 -532706.0625 -121290.40625 1708874.25 255786.5 2621350 -2751293 -112448.703125 200473.578125 1992592.75 1707066 -450232.5625 3566844.5 -3327035 245798.84375 4019844 2085099.25 929228.5 -2418290 3743643 653202.875 
-670280.125 232899.578125 970518.9375 -2078020.75 3410469.5 -1760181.25 -1093271.5 -1361283 -2114135.5 3231045 1106460.25 -1615708.75 2058487.75 2131015.5 520078.9375 -138490.03125 -1676666 4090763.5 -3458401 -2941396 1674383.5 -1088654.5 -3232220 -2333471.5 -66807.1875 789945.375 2529222 2865663 -1354014.5 1055498.5 -1661116.5 -1648164 -2749419.5 -1909178.75 1716129.25 -1835748.5 -3422237 -684553.3125 3096058.5 -134895.21875 -300366.125 -511383.96875 -6100922 -1647375 -2009576.5 -3378050 -4333871 -6016.2041015625 -1289406.5 90495.53125 -2255944.5 -2267252.5 4910670 7723699 681751.8125 4240455 -153530.8125 2278212.5 2175294 2607909.5 -7558548 -1835699.75 -1256726 -3315894.5 
-3821924 128772.515625 1513077 2601952 -778138.25 -849067.1875 -1985740.75 1173057.5 -2799736 -2466764 1396561.75 -5110869 3588589.5 1329214.25 566592.25 1930772.75 -723908.4375 3230591.5 -998362.25 470409.25 -2168297 4230313 4371272 822063.875 3748262.5 -675611.625 -3023144 279360.875 -321348.09375 1474662 -2022149.75 -3350184.5 -1673404.5 3327674 19362.616210938 -276036.90625 657450 -978927.3125 -2606745 1835041 3471897.5 2222053.5 90967.4609375 -1454982 -2937272 1406148 1121899.25 175133.703125 107692.140625 -115706.140625 3156103 1180669 -1886829 -3025640.5 4977506 -487117.3125 862269.9375 -944799.8125 80715.5234375 715848.6875 -4092677.5 989385.3125 -971292.6875 2705108.5 
2189145 1126356 3063804 1347524.5 -4048743.5 -3509022 -4126196.5 -2911091.5 -1011677.3125 -230397.546875 5144722 -4321873 704882.125 966955 -817285.6875 528642.5 -1211036.25 -1600255.5 -2219862 -559374.3125 -1535366 -2897359.5 -3069056 1791705.25 1535459.75 4158897 3154176 -3238891 154743.890625 -2645164 -2735467.5 -2234637 -5736942 3633793 2411815.5 -1063798.25 -1745386 -3326097 -1693843 -226298.484375 -4191280 -93998.5 -2317529 1425541.75 172376.4375 -5331093 -1983986.75 1370793.25 -846432.125 30568.6875 -4079277 3687433.5 -2525663 4984395 4362323 1362717.25 462575.53125 -424375.125 -671550.6875 -3591208.5 80956.1953125 -304009.15625 2294001.5 5640785 
1446620.5 2066547.75 -1733810.25 1500013.25 -763850.8125 1865615 1549341.75 -2489226 -2599741 -1410471.75 483072.0625 2239391 1939771.5 1895093 -719400.5 2236557 2542058.5 5498881 6185692 1688435 -2012007.75 3066482 -801703.25 -861893.3125 -2055911 -1924859.5 -26887.40625 -181287.40625 -213142.375 -3614293 -3028500.5 -444762.875 -4478985 663858.4375 -5076895 -1565222.25 2036024.5 -963918.75 -3752058.5 3442445.5 2914165 5524512 -1303980 -1371822.5 -344191.1875 1874303 2851450 -4634775 3318780.5 -3657493 2665205 1563291.25 -824415.125 -3130811 -1252862 -687748.8125 -1994479.5 -3189907.5 934549.75 2670727 1596863 -1257958.5 3912789 952296.25 
4958183 -2666061 2908316 2726094.5 3110579 325820.625 -3644450.5 1910562 2527034 560131.25 -185751.875 1785570 -769084.5625 294162.1875 173064.6875 -1992484 2938626 -7432072 -1426282 212504.5625 4391312 2077478.25 -568142.75 1412547 3043272.5 -3737637 3387978 -1210506.25 1111294 -3205699.5 -338229.9375 6976258 1365877.5 388806 -4449277 2029359.25 1087365 4011028 -4142235 -3266949.5 -3042874 -2055572 2709705.5 -3474819 1007720.3125 3375723.5 -481290.90625 -1801881.5 3762857 180010 1547474 944267.875 1660116.5 -579315.375 1282360.5 -1860522.5 764900.8125 -1261422.5 1219022 1568180.5 3918518.5 1682066 -2717251 1886134.25 
4804224 23010.1875 5103783 1526428.75 -1038869.375 -3615432 24579.953125 -884917.9375 -1813371.25 769650.625 1490771 -1920366.5 -4186507 -2472194.5 -2645896.5 1743506 -661661.5625 3967073.5 -4120519.5 1924578 -406409.5 -309086.125 341025.4375 4168356.5 -2747513 -574901.5 78260.375 -2478795.5 2976805 -4215123 4712843 -477094.03125 1194461.25 160711.375 1461664 -1579819.75 1130657.25 -287614.25 -613701.75 -3304869 -1661671.5 4952943 -724879.125 1393203 307305 -6702278 -1463300.5 -1601310 2647044.5 -2441944 -4528571 -1969024 -2405699 4054419.5 341485.6875 693815.3125 2146453.5 2235439 2216744.5 3587127.5 56641.009765625 -815664.9375 2969911 1641228.5 
2865066 -3612543 1145549 -1969328.75 92603.5625 50162.375 -3662114.5 455882.75 -3088194.5 1392373 2479265.5 1819415.5 789265.25 -120381 -546349.8125 694108.875 -341442.8125 -4029384 877636 -2448472.5 -4690751 -278754.65625 925306.5625 -1776230.5 2984404 -5401165 511848.1875 480952.1875 -4358054 69217 -5385819 -1165264.5 -1719464.25 -3492132 -265928.40625 -4921144 424888.0625 -447116.25 4730423 2256544.5 -2731556.5 731789.5 -1629278 1685272.5 41232.80078125 1050254 591607.75 -3031606.5 835235.75 -733479.375 97229.359375 -4151508.5 3865011.5 -1099733 1828137.75 3795743.5 5141567 3525955.5 3042815 550009.375 -4789956 -3906189.5 5458907 -2622440.5 
4163903.5 -2829261 1719156.25 -1474037.25 -270344.0625 -4690041 -1408106 4789681 -2317657.5 2814846 -1766920.25 3845086 -2210733 3714697 1319866 -2710030 -7682093 1060589.5 -834777.625 179510.296875 -3305057 4378765 1293652.75 2196369.5 -2315937 3104443 -463371.28125 423496.5 3470424.5 3883547.5 -3506101 41502.6875 -36870.26953125 1254392.25 3590300 13023.359375 3459283.5 2136369 -1932491.75 1904843.75 -5140428 -5005320 -1201914.75 -1789910.25 -6269419 1207795.25 -41559.0859375 -2854019.5 -59064.3984375 1117547.5 1905574 -5876995 1559775 -306927.78125 -344962.875 2423176 781850.5 835203.75 1005334.625 2261077.5 -793857.9375 645159.875 1886271 -2954401.5 
2181730 3963563 -3690424 -972794.625 205658.9375 3280381 7812027 3920648 2087386.5 -2945092.5 -1269379.25 -4959261 -2761457 1246829.25 657876.1875 -1552238.5 -3720014 -1976506.5 -1902424 -1237400 -2253856.5 -210097.203125 6066498 -895037.25 -428081.0625 934607.4375 1415588.75 -506635.125 -937517 6369133 1333372 -5794025 1277009.25 -1024860.0625 3875484.5 2081291 342859.375 3789576 2726668.5 2248862 4161539 733672.1875 32100.984375 -2546873 -1957160 -2583477 812781.5625 -1145882.25 869360.1875 -2065343.5 -650401.5 -2336169.5 -1951593.75 6088312 -3303890 283089.28125 141746.328125 -197937.203125 -1532202.5 -430125 3792475.5 1394115.75 2586457 -3902600 
-4508855 -208042.28125 777540.125 -622700.875 754967.6875 4313201 -1806819.75 -2986265.5 1214342.75 1292939.25 1308032.25 -411527.125 -2019589.25 -2307421 293292.1875 -2215349 1017574.0625 -2829961.5 1627007.5 3850109 -1360934.75 -3130262 -1096382.25 2710345 -720069.5 -320382.5625 859871 2050065.25 1944806.75 -6284070 -2466946.5 1251339 -184940.453125 -489207.4375 -3837329.5 2067448 -5015272 -2923473.5 209147.265625 -5227170 -367439.6875 284844.5 -779981.25 -793707.25 3212539.5 1399596.25 423614.59375 -1217822.75 1284750 2725015.5 -491162.5625 963368.625 -1130131.5 -2754357 -2783350 601839 -853970.25 -2542930.5 1090060.5 -838978.875 1234555 4107981 445181.65625 -759238.625 
-2547348.5 -3014665 1582907.5 -4732437 148195.0625 -3455303 5873844 2122720 3405423 -6978675 1408539.5 -6046840 -2573184.5 4720381 -1888766 -1890189 -3101548 -1796275.75 3073086 -1653225.75 -538026.5 2425306.5 2368599 3172004.5 2036213.75 1613537.75 -4101696.5 2973093.5 -1717964.25 1494905 1263052 -1635975 3215497.5 601921.875 -736077.5 3080150.5 -3038504 -1480155 -4361170 4378601 716195 862148.875 311446.03125 6121535 824628 358748.59375 -3538024.5 -2813829 930594.8125 -927762.75 2506442 -3566447.5 -1519896 1185900.25 882076.5 -88004.8203125 2317197 2372958 -3638319.5 2305139.5 -28689.46875 474829.5625 4663445 429595.25 
-845531.625 1084484.5 -5820986 -1107161.5 -2490834 3369669 -2719840.5 1917366.5 -5536033 997473.8125 3259018.5 2526723.5 2958653.5 287931.09375 1372740.75 3603060.5 1580127.75 -2557156.5 -752351.25 -2092691.75 1168921.25 2062643.25 -386994.75 1858223.5 -1223636.25 -453072.3125 -34473.13671875 4922286 -3473391 1124408.5 -970877.375 2298673 3270412.5 -4183310.5 697757.375 -791833.5 994716.8125 -1294969.5 2661975.5 2297207.5 2067244.25 -2216194.5 2666913.5 5581050 -1623003.5 5861307 2583869.5 4283775 -1877895 3755386.5 -654192.25 3669809 3629176 -2300492.5 1709508.25 -505934.15625 1874222 -1140825.75 644397.4375 -2137069 1475636 320338.46875 -2328659 -1321804.25 
2171319.5 2269036 2694510 1788766.25 845071.1875 -1733320.5 2642777.5 -5736324 -1464853.25 -212842.0625 -2177660 689022.75 897694.8125 4827262 460410.75 95017.3359375 1644414.75 1859210.5 2932935.5 -2419382.5 -1211878.25 -3168922.5 889141.625 -1148636.25 -1809050.5 1487041 -4179785 -450461.78125 977751.25 102047.296875 -1907416.25 2711291.5 114874.7890625 -427848.4375 1389344.75 1459322 -4313080 2881958.5 -1747160.75 -3897008 1598777.25 1234434 -2232398 2122631.5 717713.1875 -1703189.5 -106539.2421875 1610364.5 285410.5625 -3721710 -1213881.5 2857722 2898273 -1438907.5 1341074 -3447490 1170185.5 -570162.3125 -2490224.5 -1288689 2314724.5 324141.96875 2129210 -2239067 
2833448.5 -3369483 -2157573 3093043 -288175.96875 -751223.3125 1020526.9375 890453.625 -568921.125 75287.984375 -4624790 2003885 2238381.5 -1636188.5 858698.375 1354401.25 5425959 5007355 -2248409.5 -3463745 3759298 2786815.5 -3444255 1417051.5 -1316808.5 -5305191 -2898415.5 2809993.5 2597950 -438420.75 2891273 3034454 5489610 -3406290.5 -1401374 -5691799 3674405.5 -494551.0625 -527612.5625 -1952861.25 -4186465.5 -336357.5625 208685.34375 4742165 -1348208.5 -3601000 -1667535.5 3001312 341639.4375 622513.875 360867.59375 1115217.75 1421888.25 -384275.75 -836889.125 1636587 807337.25 2535361.5 3144724.5 2713037.5 -3069169 1021102.5625 183921.46875 -3071837 
-3020966.5 -83668.71875 -916714.875 4419468 1462477 2990835.5 -3409936 -45309.90625 -425066.25 593773.4375 -299639.65625 3855310 316297.09375 1357566.25 1824774.75 433679.9375 -1975956.5 -1664157.75 -1213101 -1232274.5 871810.5 860231.1875 -28588.15625 1808091 1101104.25 -1495955.5 718954.3125 1717780.5 3065530 -886389.125 1008767.75 4446532 -1739744.5 -48103.40625 -272902.4375 -2841159 2371874 -309243.5 885429.25 -2653035 2164401.5 -1354004.5 3866749 143446.75 4029836.5 6154886 -476691.5 200734.109375 -2041969 7325083 -259690.1875 2696974 2516760 -5075326 1051235.25 -1341599.75 2096423.25 3052904.5 -220067.65625 1462976 1764076.25 -813771.75 -320838 312634.59375 
-2956897.5 2485112.5 2909651 4294127 -857481 6277971 1248164 -3337077 -638090.375 3510348 396865.5625 5849905 854111.125 -1023024.6875 -34335 -1656840.25 790303.4375 -113760.515625 3865672 7010342 2403471.5 -1604757.5 6287375 2048359.5 -1550947.5 574899.25 -2792174.5 1202587.25 3328205.5 1208374.5 412013.6875 4377785 38616.390625 -1529458.5 83274.140625 -1884792.75 2040799 531260.9375 3162.6640625 -5875824 1573265.25 879234.1875 1424354.25 -2027007.25 183186 4310528 1729368.5 -2145086.5 -971412.5625 1499678 225841.671875 378601.53125 -2336156.5 -4590568 1885687.75 -3523392 1830976.5 -1281730.25 -5280485 1109305.25 4022402.5 2701099 -2518767.5 -2170803.5 
-1813274 -3823945 -6744112 -4826286 1772552.25 -504171.625 570286.6875 -1039069.4375 -3003442 2213836.5 6297794 2833601.5 -168195.484375 424876.40625 -1405710.75 1110533.25 2145370.5 -3831215 5099885 2823656.5 -2800638 -2253244 -2388421 -903476.625 -525907.1875 -2253556 -1411912.75 2906147.5 -2860824.5 -1338906.5 -240168.75 -1875327.25 702187.75 -4997731 -3321063 -20201.61328125 505483.5625 -3094236 2620477.5 5862453 -2365643.5 -1800235 -1068063.5 158296.5 574888.4375 1883417.25 -131039.90625 713212.375 3937014.5 1374802.5 -2085429 -209881.875 -1758492.75 351192.75 308778.09375 -1813950.25 4856131 3035216.5 -231263.28125 -3439496.5 -2378702 2877550 -920888.6875 3081348 
-1209138 1781912 -1121398.5 89817.765625 789605 2381050.5 1282729 -3495416 -272744.71875 -2321271 1395598.25 1822726.5 -3352336 -2043828 2276366.5 -1715344.5 -691885.625 1776009.5 2669660 2712380.5 140821.4375 -1633589.5 2517028 1267110 -3235169 1214887.25 1410395 2053302.25 3395213 1115837.5 -1844678.75 -333587.21875 -2033758.25 -3276476 304653.25 2808425 -1228052.25 1250250 2398524 -5836479 3213012.5 1270258.75 1178089 -4877675 848855.625 899475.0625 2821252.5 1413889.25 -3016460 1242577 -543324.3125 -2170380 -793189.375 -656374.375 -40495.09375 -650553.1875 -2062216 -3846301.5 -900371.3125 5772691 4167012.5 2837670 -1659036.5 -2929845 
-1381097 1613550 -2264444.5 -549413.375 49373.5625 261240.5 6813019 5524965 -1921422.5 -2315347.5 -2964132 -2071489.25 -330184.0625 -2613813 1461178 3042858 -2302914 -2480564 -1193212.5 -1544150.5 282674.0625 6955292 3481285 -810494.1875 -30366.1875 -1652142 -1118852.5 1584502.25 -600819.6875 6733794 6279191 4346205 -304461 1892119.25 -192727.09375 1795053.25 5156478 309096.65625 1708084.25 4196177 5508034 1356352.25 362904.84375 3845459.5 -4855273 5211063 -141683.234375 -67981.15625 -2091684.5 -2452018.5 -762591.125 3875159 -1996075.75 -8112098 -671626 -1844684.5 -1430890 -1865530.75 -3758055 577286.5625 2570819.5 -1636252.5 699483.75 2442226.5 
-1297687.75 -1209797.5 -5642109 2115208 3483439.5 1230432.75 -3114924.5 -5643109 -784858.375 2798658.5 -1684568 5308455 -411600.9375 36837.53125 214948.25 -743599.5 4629706 1365592.5 3744575.5 7048900 240139.21875 4059816 300668.6875 -6949422 -207856.1875 -1573675 -4800814 2930461.5 -1765674.25 -3288474.5 164767.375 69174.3125 33234.693359375 2329732 -1389339.25 -4269470 569108 1643974 1004237.125 1253198.75 -1131337.5 -1885945.75 2221052.5 1533318.5 2811474.5 3852471 16951.7890625 -434838.71875 213511.890625 3246879.5 -1427139.75 3163970.5 -118896.625 -4465371 -3413956 1343535.5 -2406655 -1974302 2329466 -4066963 3320666 3703269.5 -3148258 -2793832.5 
-3487468.5 1057624.75 3401670 4677451 -3875563 3888931.5 -546433.875 1110103.5 1123432.5 -1103101.25 -3110336.5 -1384175 -2934224 3652192.5 -1476993.5 4129932 -1003729.375 613175 -2662422 705564.25 -3947045 -4592949 236013.96875 4295686 835652.1875 -7262421 -6025115 -5124602 2078169.25 -5654924 -621490.9375 -2364716.5 -1159681.25 -95585.3125 -894610.1875 -4077994 -2920087 2178080.5 -2560431.5 -438949.5625 2620305.5 -351099.875 508830 4621776 2613331.5 -5410463 -1590032.5 490566.3125 398616.1875 -250100.8125 -2596736 3532315 -1753936 -2075475 -3505425 3803988.5 -3204273.5 -1340637.5 1111794.25 -1673653.75 2647239 2543988 3090829 180405.65625 
948718.5625 -3833441 466772.3125 617799.6875 4856497 -3574380 1219367 2497169.5 1110817 -1028466.6875 -1338363.25 278327.5 -644786.0625 1918414.75 2124195 -1176462 -4210054 670091.75 -865717 -2186489.5 -978334.3125 -1077567 -1249330.25 -1043263.3125 -1060076.5 2542802 2332706 435631.5 3915576.5 1874475.5 -1614973 -113517.3125 779038.8125 5388350 1399599.5 4122741.5 3453096 3508049.5 -1012441.1875 -1059411.25 -3279597.5 -2868.0625 -1927102 -7382714 -4469371 2673905.5 2236719.5 -1402503.5 1130855.75 678942 -2421539 -1530704.25 -546462.25 1755464.5 1460754 -1206140 -1792492.5 2454226.5 2624546.5 -1400831.75 832938.9375 -298401.90625 -1052498 -671740.625 
-3394816.5 -1454637.75 -3741767.5 4343750 5426689 151833.734375 4525359 661080.75 2680313.5 1515885.5 -2037375.5 -2252594 587998.375 -170512.640625 -1215726 -976459.375 -2699710 3754200 -945088.5625 -3078032.5 1838195 -4346888 -4902002 1561755.75 -2938252 1289777.25 1224845.75 1119874.5 3009123.5 -345100 2698329.5 201552.4375 2222182.5 249902.140625 -1836824 1863633 2831203.5 -1752729.75 -2026063.75 -2078285.5 4874721 6607051 4798071 -2427310.5 2747313 -3361179 -2092654 2388884.5 2258666 -1559430.5 32399.620117188 -648023.125 -1736685.75 -1205118.75 -635408.0625 -220967.90625 559287.25 5179702 3236296.5 -3388227 -1942985.25 1187262 1710464.5 1046228.9375 
1479089.75 -267359.3125 2100487.5 -2958285.5 -4258066 -1009583.25 -3069605 1323415.75 -424410.5 -1494751 1928463.5 -382043.5 806834.625 612494.75 1016956.875 -618043.8125 -718890 -1726228 -4398151 -1039388.25 2186413 4694202 -3545121.5 7640431 1347463.75 4032644.5 5573895 -600961.25 -834384.5 57253.59375 -1238496.25 1423847 1462406 2363687.5 2949887.5 -507009.8125 2496137 -140971.546875 -687543.8125 -693995.3125 -1957758 -1220482.5 7361721 4508069 -1536253 -6907481 1294454.25 4081106.5 -5201718 2050984 -3032152 3245058.5 -471495.125 -2768230 3865770.5 -127162.015625 1093359 -1269162.25 315696.15625 4453916 -2755059 -1956108.5 -303228.71875 3988679.5 
-181240.859375 4320288 -819461.25 70583.2578125 874301.5 -2032178.5 1115733.5 -2037562.5 -3574305 -2706919.5 -7364465 -404600.625 -2727971 1240466.25 35456 2745542 -2600668.5 2180558 -2730723 -1759179 -717135.625 46770.3125 3247274 2200385.5 -2498580.5 -2933662 -3168284 1654641.25 3508253.5 1825082.5 1876000.5 -1879510.75 -2262718.5 -953182.375 -244185.5625 -4820488 913054.75 -2397681 -551991.375 1798986.5 -1398667.25 3563686.5 -8121002 -1550080.5 -1470925.75 -7404583 -3223705 -2527206.5 -945072.1875 -2995906 -1552425.5 5282264 -5951779 -2262610 -4497763 381462.5625 1601949 -4775879 2176504 1003096.125 974401.875 1256487 2237640.5 -3372428 
7609980 -1317153 -1313074.5 -1083356.75 3483796.5 498718.5625 1016567.25 1015468.375 -2060601.25 3185038.5 5072793 5588573 2258572 -2377399.5 -749685.625 -2363364.5 4794901 -5023019 518411.5625 -1041845.0625 6085569 2975128.5 -3098693 -2524761.5 -1656584 3457912.5 5257358 -1234429.5 -2752487.5 4259048 352753.4375 3248395 2264668.5 -914859.1875 -2629284.5 -747425.8125 4577732 -343018.125 -1995988.5 -1238215.25 3907714 2807088.5 7564029 -949209.125 2835361 -2368143.5 -2295316 3603033 1248472.75 -2080853 3093071 -340821.3125 3044401.5 3303479.5 77014.28125 -1590383.25 3286741 4455913 403991.71875 -2833482 355767.5625 134550.25 1654817.75 5618479 
-2373018 -5843744 6536573 -946528.5 4291829 -3247698.5 -4087991.5 -438034 -1326819.5 -969984.9375 2227713 -1398242.25 433184.9375 3390371.5 2824872.5 -2463907 2700515.5 -3806640 510883.75 144356.03125 1784248.25 -308827.125 -83302.9375 5787763 4296063 784622.375 2510129.5 4002675.5 -1070593.5 -2569399 621517.875 1825173.5 868525.0625 297693.6875 -5430552 167145.1875 1031606.75 1021802.9375 -2679984 -1332766.75 -3865321 964846 -1571253 -1042618.8125 3839015 -359843.5 -1344033.25 -1469768.5 1964201.5 -83831.625 650189.4375 -2184543.5 -1739009.5 1976774.25 5785566 -852364.125 6493553 -1075327 1360756.75 1702192 -3856640 1147905.75 854135.25 2927694.5 
-1755463.75 -382754.09375 1376229 -1435359 372646.375 -1876589.25 -5360501 1531314.75 -65786.046875 -675038.125 -6825984 -36171.4375 4221576 -3223971.5 -2649425.5 -1121637.5 -1180685.75 -526585.625 2972781.5 3869440 -2174277.5 996354.3125 -494470.9375 -2828350.5 -987884.125 -2282514 27269.25 4209886 -1201374 -1199435.25 2648608 1238736 -2457651 -938232.375 -1687767 94124.5234375 4101092.5 601330.875 1793247 519314.8125 -5576756 -2444848 -5104213 -634921 -3971100 441624.4375 -955258.125 -3215648 1640355.75 1071881.25 5855419 -987888.0625 -3902266 -2727347 -147434.3125 3558558.5 -1093663.5 -1041216.5625 4441165 -233065.0625 -3388283 333683.40625 -1657116.5 -2300602 
465845.3125 2406827 -2048791.25 4060553.5 -29976.2421875 1495954 -4674528 -1045264.25 -1883700 151769.6875 -1703440.5 -754857.25 85031.875 -2407892.5 -2922976.5 -1317673.5 -341020.5 1439582.5 -1094374 1146486.75 2998432.5 -3173447 4623209 -4646010 -3367199 802372.625 -2359605.5 -5607769 4288837 1803171.75 -2646531 354022.8125 2386069 470797.875 -2207437.5 -2368067.5 -2068102.25 -1580525.75 -93119.453125 2020778.5 1869301 -661048.4375 -3460028.5 -2053663.75 -1890264.75 -3919620.5 -6112310 -1525240.25 957147.875 -4151436.5 6747540 -1656511.75 -468031.46875 -4392221 1886617.25 -736987.4375 -2938792.5 -4395482 -1284197.5 198227.609375 -41752.5703125 -1720058.5 818420.1875 -3507228 
-6138683 -2267281 3406659.5 1486240.25 -568266.75 -1233622 -6155789 5316751 -4160196.5 -3403213 4034259.5 -1073617.5 3311652 1180695 670304.25 -1830203.75 6757045 -1361549 1482950 -2272889 5093705 245084.9375 5352144 1489412.5 4824094 -891084.25 286388.1875 -68813.1796875 1045450 2779614 850399.75 -143578.5 2026583.75 392597.5 1151296.25 -2151928 -500577.8125 527024.0625 -2017532.5 -3164878 -835265 -6975022 -4243334 5118509 -2316446 2769711 4031205.5 3590639 -6134235 3483303 4379184 170576.59375 -4241.15625 2709614.5 1725875 1396934.25 -2310851 -1257797.5 -1505386.5 1500521.75 -4132974.5 -2014719.75 -1844750.5 -2663948 
-1404767.75 -2444909.5 -1869706.5 -757908.5 27096.3125 855004.75 1125095.5 995323 -4045801.5 2465184.5 6581548 -1492360.5 -2220467.5 1680964 253281.4375 -1521060.5 -3856819.5 5220938 133955.125 -1813546.25 753690 2984107 -3252900 263310.3125 -1033669.5 3509373 1390451.5 2037701.25 -1428560.25 -3498212.5 -1371603 -134153.0625 -2032589.5 -5344725 -1021649.875 421690.71875 -1212249.25 672561.5 -1035590.0625 4272705 -3192749 2968306.5 949034.125 1377256.5 418473.53125 -433368.46875 21106.212890625 -474101.28125 -969125.4375 -1080308.5 5139261 718289.4375 2651478 1555823.25 -255836.71875 3287594 -61878.5078125 1271676.5 426906.59375 2723265 794810.8125 -134702.15625 3356171.5 189136.5625 
-1775493.75 -652048.5625 849008.625 -2163184 1586840 -3584377.5 1676178 -2848352 3022088.5 1799677 -508855.625 2771456 3321924 -8016938 2237223.5 3162219 2602283 5063960 4656861 -196278.265625 -1988025.5 -2553101.5 -1751200.25 -2018911 -3585875 -3707444.5 -5629901 -3918831 2241626 1529507.5 -170721.34375 -1579109 -382042.9375 730572.375 -4118654.5 2830254.5 -5255677 -3421673.5 -902260.125 -2527928.5 -2837710.5 3206195 -3625067 -1389189 2317342 4873708 -1602850 -348717.0625 -287424.9375 448359.5 2314437.5 -2414326.5 2221715.5 -2774877 -2167458.5 -398348.625 667587.125 4417870 -583712.875 -2006838.75 -6668838 -3434731 -4315913 1217730.5 
1042734.625 1757945.5 -2994844.5 506559 -3908167 2829770.5 -1062985.75 4819951 299515.78125 478207.4375 -5151365 1049997.5 -898158.8125 -2914908.5 -3689498 -1379254.5 3013050.5 1890752.5 -4268042 -401060.25 1121851.25 778577.125 112936.9375 -2990889.5 -4400959 -1867190.75 -1122183 -2700078 1878438.5 -396553.125 4664747 979460.5 7002461 -5560494 -463440.15625 -3176598.5 3113745.5 418418.25 5094428 -3885434 200730.375 -374040.1875 401455.46875 893571.875 -785592.8125 -3348051 -1718738 64903.890625 3483151 3890774.5 2115301.5 -874378.25 -833957.3125 189608.828125 -6839005 5146002 -3518370 1531763.25 5488755 1614989.5 1039677.0625 2879909.5 2827430.5 -5843419 
-516267.46875 867346.4375 2531655 2611345 -1033657.3125 -2143789.5 -5383920 1477982.25 -3426600.5 -34435.041015625 2728860 1989627.5 -1586133 -674707.6875 -1005664.4375 1558624.5 3719602.5 -2015131.25 3423145.5 1665164.75 2554264 488682.09375 1790693.75 -731524.0625 659573.5 -111127.90625 2054782.5 -2472861.5 -3289480.5 478277.03125 5475479 -1112299.75 -881262.6875 -1644051.25 -12005.636230469 2860600.5 -1444730 3886759 1786524.25 -163834.734375 2690175 -2903687 812619.3125 2258387.5 36234.955078125 1506118.25 -263191.84375 -586741.3125 -252504.046875 -930197.625 2771539.5 -1276804.25 735981.9375 -808815.875 2021327 -1315653.5 -248098.75 -4364267 -3377278 -740487.1875 -410686.375 -353209.71875 -3665975 1062458.75 
1407221 5495856 -2223441.5 2856311.5 -2669576.5 -59771.0625 2417177.5 -3679950 1781317.5 625757.8125 -820859 212346.6875 2918484.5 -2684846.5 3255739 4435983 928131.25 1343572.5 -936828.5 1756109.75 7753635 -3033805.5 -2110132.5 -4606123 1472338 4702372 548473.625 -2297323 1625038.25 -58890.8125 363477.875 6857144 1731661 1392075.75 -95276.5625 -295869.15625 -633279.0625 -3013818.5 1079167 892708.625 -660481.1875 -609804.3125 -2751341.5 3572228 4408353 4889583 248845.84375 -531346.5625 1282182.75 1321061 3185508.5 3976510 -1427595.5 3152862 2701194.5 -454281.75 -2225930.5 95243.5625 -993678.25 -312349.78125 2800715 -1596558.5 -234561.8125 -628330.5 
-1945268.5 2053234 -1849133.25 956063.375 -1331744.5 2435920 2907282 -3974980.5 3120277 -3406309.5 725604.5 -2104877.5 2484392 624874.375 -1090348.25 136995.6875 769839.5 -643617.75 -4226943 -1564618.5 2925335.5 -2328505 2191091.5 2479038.5 3369824.5 6387094 3476547 -2083261 -817086.0625 -952079.375 160949.4375 6083360 -213442.703125 1680797.5 -351984.6875 3491736 -3453246.5 483503.5 1901534.5 -2822866 3941956.5 -2391012 -1232364.5 3692385.5 362419.34375 340518.46875 257205.203125 5098604 -1096817.5 -488528.1875 -1243318.5 1273815 -1751696.75 -2808882.5 3691412.5 2934256 -3028439 -1167191.25 -762319.25 871983.875 774469.875 -3306961 2758973 472894.125 
1965755.25 -647507.625 2073360.25 -1294287 4888401 -1883703.5 89681.6640625 -2009542 -4686355 1268993 3235606 7306268 1413040.25 -3195826.5 -1511045.25 3916585.5 2009352.75 1196479.75 -1334998.5 -1856646 -3243470 -2953019 2959862 1828743 3025480.5 -1190588.75 -2707747.5 -1852917.5 1875892.5 3723786.5 1269352.75 5724832 1505446.25 -1035219.5625 1674412.75 -3645544 -880946.5 -5259612 2464979 -6816053 -321307.5625 1691228.5 -1811511.75 2774279.5 110811.71875 308611.875 19475.8828125 1615604 -2232339.5 4381129 -1535633.75 -4567501 1808536.5 -718785.25 -33373.09375 384045.03125 7664672 5303578 -52634.125 -323920.5625 -4703233 2171066 2779664.5 -1088397.75 
1400798.25 2915155.5 -424576.28125 1440393.25 -990253.5625 2216711.5 -81035.546875 -2278506 3407795 979677.75 652615.875 267941.375 -3814285 -1616737.75 1375395.75 2568953 -1831380.75 -5488433 -4750183 1256759.75 2310755.5 2135797 1060508.75 4432017 3621696.5 1651204.75 1421009.5 -81745.703125 -5504467 -1014369.625 -5591810 -3280556 810322.625 511647 -492366.625 875355.625 -776690.3125 -3820468.5 1420273.25 1193198.25 -350419.75 -2130601 4644731 -1328216.75 -132038.578125 -2893451 -1066348 3902640.5 -2355195 443842.6875 -5032143 889443.5625 -3462750.5 -535679.0625 3589800 611984.8125 2419229 -1682215.5 -66912.203125 1165605.25 -947348.8125 -283694.59375 -2303615.5 -2054578.75 
333664.4375 -3153808.5 461353.9375 129276.6328125 -3081893 -2538415 1678478.75 4270261 804222.25 2406639.5 -658287.125 3834403.5 -2830932 -1264104.25 542648.0625 -1261403 533516.8125 -1515462.75 -623885.3125 -1849836.25 -1191226.5 934794.25 3570477 4857971 1201984.25 -6482483 -4998090 106391.03125 2089564.5 670595 -1911259.5 -3304570 2335312 27777.1875 2951844.5 -2755498.5 -2719882.5 1131279.25 2324680 -2459448 34823.875 -3885091 -681348.25 -660378.875 244816.953125 4113028 5084251 4786904 -4153317 3285712.5 -4795167 -3540299.5 1325419 3151593 -3663979 -610315.875 -2141006.5 1566351.5 -2227777.5 2595978 -2083019.5 2031525.75 -2234435.5 -850200.125 
-766541.6875 -1348768 2945824.5 268014.875 -6153342 -4134745 -948152.75 3236040 3314651 2937804.5 -1837348.5 -3971444.5 1754234 -5340392 -1986177.25 -3133285.5 -659515.5625 547488.625 -1055372 3506549 6295669 443546.53125 -4705724 2609495 -5489168 2329284.5 -354842.6875 -1489245.5 3679190.5 671461.4375 2499196 -585533.3125 6477478 1722763.25 3716493 2174332 1269329.25 3497847 -320250.96875 -5325965 -2952177.5 -579545.75 82843.25 3871955 -2813152.5 570476.8125 -405493.5625 805042.625 409086.96875 -1154842.25 2961964.5 4246170 -2888310.5 -1695122.25 -1454474.25 1406241.75 -4960164 204515.125 -3270338.5 728510.5 719606.5 353265.75 -2528076.5 7335001 
255342.1875 3358157.5 -3047770.5 -789043.6875 1902181.5 4168123.5 4684431 375368.75 3838514 1335640.25 1135807.75 205314.75 1203389.5 -819747.75 -2653193.5 -994448.1875 -1738816 -2801933 540658 -2015540.5 -1938485.25 -89404.21875 2247302.5 -4547274 -569484 -2641526 -1122915.25 -121971.890625 -4557443 3668241 -1365790.75 -198537.34375 -1253638.75 50758.9375 -3905964 -1971586.75 2451306 -855308.75 -1569484.5 1217349.5 2590852.5 -719798.9375 -794470.25 -8468704 -3871766.5 3307901 1062108.5 -865109.25 274409.0625 -1319303.25 -1300942.75 -2888361 -1980444 5467172 -554038.375 -5831661 1381510.25 3821093 -1771642.5 -3984382 -2018908.25 -1631775 -1517341.25 -3605342 
-165410.046875 -493853.40625 1997653 2002481.25 -3449722.5 -539729.25 1010781.125 -2355982.5 -1283630.5 362310.78125 -1133527.75 4957767 -793711.375 784688.875 34991.09375 3938248 -213791.734375 -14994.796875 21342.25 3970687 -1794346.5 926246.9375 2443320 4573232 3073526.5 -1195857 -1934490.5 -1665000.25 824024.375 -4934531 -117422.421875 51921.375 189245.640625 1610938 -1660283.75 -2775655.5 1104921 -67131.90625 411076.9375 -3990623 3747005.5 1852028.75 -88349.09375 2822858.5 3352183.5 3619952 2008123.75 1900435 -537852.3125 6303690 -2636550 684954.0625 -1672172.5 -505551.875 -995168.25 -261046 3271288 -2906360 -799999.75 -390791.1875 -546289.125 1604243 2836325.5 -309904.96875 
4770921 4933583 -584100.25 435161.0625 8454442 -3810861.5 1189571.5 2630287 -2262936.5 -2261177.5 -2378261 -43824.3125 1144304 -152832.5625 174412.125 -868911.25 -3530905.5 -2209184 -2616239 -752987.125 -3049602 1928391 4167184.5 -3417831.5 857747.5625 2467253 -1814874 -651171.9375 -3144392.5 886875.375 -3259747 -1950700 -837400.9375 7396193 -251526.0625 973847.625 1090491.5 -109618.6875 -137480.71875 2819519.5 1304354 1276694.5 3398370.5 -6633088 -5101277 -1425817.25 -921056.4375 -1154818.5 624235 270066.75 -1105756.25 96316.234375 1128692.75 -2455461 1896418 -2195969.5 -322847.375 2140383 2757087.5 -4474322 2209228 -5095382 148851.8125 -1282632 
1806949 1029188.4375 2448896.5 -4538019 -1858702.75 1509090.25 -1937505 -1236113.5 1737091.75 3527841 -3093791 -3196357 415036.28125 -2458408.5 -1366407.25 -1769223.5 -348094 -7580685 -2834648 3895364.5 -4293056 -3858553 564323.875 267916.625 -2155623 905222.0625 5235815 1330027.5 -2819316.5 1266655 1743053.25 952385.5625 -811909.5625 5054364 1768411.5 2409495.5 626014.0625 -44900.0625 1796027.5 -1128075.5 -2737500 3094678 2464782.5 2781522 -1830102.25 -7977912 -2365293 -4571433 1160659.25 -2066675 -4466642 -4212098 590860.75 -2920520 852237.375 -2348122 2391537 2870511 -2113019 -182203.1875 -410759.8125 -779898.5 -2865473 2924397 
420998.90625 -1013887.5 651832.4375 2505300.5 -483589.5625 -2575649 -1907274.25 -1589844.5 -1091997.5 641461.75 4443404 -926416.75 1316296.75 -865295.875 1158244.75 844849.875 1144588.75 -1281415.5 -835281.5 -931637.25 2016552.25 -141177.78125 929.75 -1533838.5 -1853033 696290.25 -299170.46875 -854764.875 3293077 292878.75 1121306.25 1023592.8125 -325299.46875 835842.625 -7896600 237977.921875 -3159367.5 -1633657 -2443489.5 -4531654 -2162524 -549327 493619.75 -1495049.25 878500.625 -2996675.5 -2207494.5 -1757287.75 3494638.5 -2091166.5 -2037365.75 -1241788.75 -1893717 -875768.375 1677312.5 1970193.75 -2382042 -1965995.75 3141332.5 -1556466.75 -1058220.75 -1639963.25 -3061504.5 2879034 
-519311.34375 -2542108.5 -648889.6875 -3129269.5 -5416128 -1359455.25 -5944079 2513254.5 -2501324.5 4543329 208775.21875 1738267 625201.125 852523.75 -1080696.5 -1872259.25 -2680961 -832204.875 1226735 2373974 -4626230 -2981483 -1631162.5 3517286 -3221322 -3188977.5 -20966.890625 736851.3125 1203369.5 1089953 -2671759 -1431412.5 704925.9375 -1243794.5 1814259.5 -1821635.75 2582157 -341479.9375 1695000.75 676445.625 -2482599 -2279164 3697431.5 6127855 908667.4375 -1229596 1148524.25 960486.125 79117.140625 1212843 332610.15625 -1910779.25 739397.875 -5298925 1579861.75 379012.75 2253723 -268131.125 -336373.78125 453361.625 -2363579.5 3474520 -2575645 3865853 
455615.875 -982380.0625 3387041 3850344 2486008.5 -1255567.75 -3581005.5 -5369784 -2384189.5 -2930136 -297916.6875 2456934 -1541676 -4178517.5 2106809 1340397.5 1194773 -1269951 -2136967.5 2692980 5333421 1069295.75 49871.3125 -3381873 1178916.5 6879.0625 687278.375 322120.53125 2713360.5 -2800241 1145823.5 7315953 -2867323 -1791016 -25599.171875 -1537293.75 980044 -46167.765625 -924155.5625 86562.5 -4088838 5922766 1347299.5 2176661.5 5101148 -4689670 13685.38671875 2641375.5 -2683114 466050.5 921115.3125 5012610 -3819236 -2122906 2179818.5 4155705.5 2131507 -1103899.75 3456439.5 -2541806.5 2116238 -1166728.75 -730722.1875 -3700847.5 
-3526710.5 -1982497 674468.75 14712.71875 3494265.5 -7557895 -3259557.5 -1846742 -1783859.25 4478004 3538356.5 1656893.75 -1665589.75 5842865 -3874194.5 -1525533.75 2598436 -1637341.25 -3299721.5 -2824652 1537307.25 -4845118 3325200 1839851 4235270 -2805869 -3455576 -275291.15625 4150134 87364.0625 2887555.5 2343725.5 -2031185.5 72.3125 -2520558 2175067.5 -4149894.5 -2766028.5 560765.625 -4522177 639097.375 -5186326 -5837350 6583783 679526.5 2550421 -3328685.5 39504.24609375 1327798.25 1279594.25 -2372999 -1467202.5 1606964.25 -3223164.5 3831873.5 595993.875 3669637 -1020316.75 -4993977 -3697604 -1432021 2879359.5 -1853592.75 1573008 
-1590226.25 5005870 892615.625 1019797.875 339961.8125 78360.25 -1450858.5 -2339724 -1215651 3809872.5 -3537523 2846762.5 -902742.25 7495284 -1992195.5 -366173.125 -3701451.5 838776 -553447.75 3140319.5 -209641.9375 -3457679 -2663693 3202352.5 -524684.9375 -1274504.75 -3276164.5 -539134.8125 -461755.0625 -3617497.5 -1100434.75 -827450.0625 -3041138 2603632 3100591 -2443635.5 -153175.3125 1695937.25 1414771.5 1742193.5 1601581.75 -3902223.5 2715512.5 2000546.5 2960983 529712.6875 2512077.5 2487531 -2048121.5 3589294.5 -1180492.5 3944521.5 1557790 1661590.25 -847020.75 -3792307 410163.625 -1094237 -2541132.5 -3474857 2646327 4659137 -3150404.5 1776259 
5003699 -1680336.5 -4160499 -1990681.75 -1853706.75 309032.25 1961113.5 -2198411.5 -2923516.5 -1064877.75 6067969 4871444 844263.375 -2518551 330989.3125 6223119 509492.9375 638931.875 1870307.5 1376571.75 -719872.125 -421295.90625 -302235.1875 516647.28125 -679388 1899215.25 265577.09375 -2615035.5 324383.1875 77484.25 3493072.5 2659580.5 3903330.5 -1688753 2292922 -4312579 -598112.5 -3427253 -971904 4561802 -1005504.4375 -1111217.75 -1330843.5 6915943 959780.875 -1464778.75 -2015211.5 5275790 -1230152 175813.3125 -1117546 58668.3046875 977796 3565746.5 -271284.5 -6782.64453125 3901467.5 1834769.25 -1817211.5 -1498140.25 -1002901.5625 -3284478 2831118.5 769361.75 
-1292590.25 3043758.5 -410959.75 -1795099.5 -324690.5 -582109.5625 -803704.8125 1725685.25 136949.28125 -3847118.5 -4151239 1467832.75 988052.3125 325767.75 4990236 2944412 -2178916 -2835114.5 -3017269 -2433036.5 -4037352.5 -4652465 2286091.5 -458828.5 -451070.875 3483329 635876.875 -848325 -1358713 51094.5703125 -5684454 -617280.0625 -4640048 7543801 2203166 1898202.5 -1954960.5 -2422722 -482006.53125 1372254.5 283714.8125 -1610121 -2901402.5 -2117163.5 -1157624.75 1675354.25 -2481.4482421875 -263002.25 -2360899 4136314.5 -6090288 -3688253 3216567 887250.25 3556509 -1751671 -3850861 8938.265625 -1332861.5 -2786723 818069.5 -5621146 -4164132.5 -3031000.5 
4722871 -1922348.25 7766646 3407107.5 4247452 -3473677.5 533612.9375 -463243.5 -4162047 5332912 5739042 1616957.75 -2198800.5 6771826 -1626761.75 -1405251.75 -1274803.25 -2216920 -2335290 6426992 3335335.5 1818418.25 -4390789 5082351 -851438.5 -264240.0625 4129493.5 1032702.5625 -2663446 -5236018 1069719.5 351125.15625 37355.126953125 -6243855 -2612561 3548019 3516728.5 8779000 -1141614.75 -2097366 352530.8125 3665259.5 4309266 2633756 -201476.21875 -3161149 4088204 1446074.5 2157084 -3609679 -923457.125 753416.6875 -513859.09375 -551825.75 4138046.5 -1365246.75 4833965 1653006 -200654.21875 467085.125 2069482 1889890.5 -457966.59375 6216897 
-532689.375 3388389.5 4117033 -2695432.5 2502894 -2559292.5 -320987.34375 -2718368 -2276435 -1759094.75 -4479605 -3163232.5 -3302559 932397.75 -722206.0625 -241184.546875 -2446015.5 -343910.625 -4048139.5 2441232.5 334610.40625 1007131.25 1676660.75 640112.5625 -1319199.25 430395.8125 3050527.5 2215532.5 -441869.34375 3360895 2219851.5 -1501611.5 -2330869 2082846.25 1989714 1555474.5 941351.875 527062.4375 1906714.25 -87354.09375 -1023688.375 7465037 392141 -1115022.25 -420646.5 -2406641 -1650796.5 -2370316.5 3340327 1926014 175224.3125 -2316306 -2355687 -2859453.5 328659 2097166.5 3738307 -1377255.5 1219764.25 -1300219.75 -450196.5 1063454 3038094.5 1189406 
-1050585.5 -896585.8125 168240.265625 403830.75 2084553.5 -6197119 495449.625 2741143 1622208.25 2193681 -267792.4375 -916963.8125 -2082281.75 1634276.25 307206.8125 -3158089 319647.75 3556167 -473146.96875 -1878523 3080910 -4500381 588034.5 -153941.53125 2779772.5 1761020 4104814 -2053718.75 2019579 2474002 2051005.25 4299737 -23698.6953125 1454444 2415381.5 1695178.75 1416122.75 -219964.078125 -907792.875 -2350764.5 652563.75 -513393.4375 -1130070.5 1453761 102401.1640625 2321102.5 2965431.5 224166.046875 -1842714.75 698473.8125 -3877326 -2275327.5 2593453 1253567.5 1336583.25 568910.5625 -657831.5 1025862.8125 -1667611 2227230.5 -3203849 252123.8125 1422636.5 -1465374.75 
188518.8125 -1034903.4375 -5453945 -4753266 1053868 -2386251 -1579719.25 3214730 68309.21875 -4637140 -5161601 546420.5625 1382477.25 -782000.375 -1826688.75 -68695.9375 1785151 -6815987 5188465 -1297194.5 -2347331 -1891066 441880.4375 2475067 72167 911442.625 -387949.0625 467826.6875 -2930977 515410.375 -1663465.75 -873515.75 1998382.75 5948696 220628.46875 818112.875 1666771.5 -3083216.5 -163136.96875 2422406 1467616.5 983221.125 -1173187 -989818 3078453 1750395.25 591690.625 -1710864.25 1836346.5 3507518 2157516.5 -1809253.75 -3425025.5 1108341.5 -3062939 -2917336 588921.25 -1120927 2923146.5 -5095147 -155704.125 4989814 739426.6875 1855301.25 
404867.65625 -412536.46875 2639279 -3656588 979704.75 -504553.28125 -663364.8125 -2087421.5 2208361 717176.5625 573791.8125 1651525.75 947961.125 522159.84375 -5530328 -2254622 1212296.5 -692178.5 -872479.125 4308113 -1232941.5 5402084 1621356.25 1064829 269556.65625 640634.875 -284083.9375 -1822125.25 745333.0625 -896767.5 3205231.5 598670.3125 -166834.03125 3309224 -1480656.75 2054407.75 1255866.5 -884060.3125 1009121.25 -1330995 -53075.40625 -1733927.75 -691543.9375 601768.625 -2826337 -2431274.5 12355.129882812 -2285230.5 -661591.0625 1169258 -2610331 -3285861.5 -4033862.5 -3273725 -1702352 -2820225.5 -2873326 -634204.375 404023.625 5117988 -4092384 2649194.5 -2669733.5 2395632 
-127784.3046875 -377943.15625 -1153401.75 -606050.9375 -1056545.5 -2199931.5 -3131728 150066.703125 -376336.53125 -2342681.5 1764021 1944629.5 -259530.328125 -4597976 -1849864 -2223299.5 4667728 -396582.4375 1892951.5 -1027914.0625 -1239203 321304.0625 -378382.9375 -1403717.5 -1287344 1585075.75 -1170133 -1092176.25 -1035709.125 -359501.96875 -63344.078125 -258854.546875 1421479.25 1205075.25 379086.5 -3953389 -2291236.5 -4172923.5 3271522 -2090846.25 -3683677 -1839735.5 2805965.5 1339782.5 4568539 1327768.25 -1458673.5 -881865 4555751 3959404.5 -3537248.5 -3502180 -1575955 -752966 -2654832 2544724.5 -800034.9375 530405.5 3066812.5 -3266333 -1182073 833976.75 -256441.6875 249103.375 
-870315.3125 1839088.75 5817149 1662170.75 -3177844 -1174975.25 1978546.5 -381931.0625 -1057504 -4838214 -340320.9375 -871096.75 -291103.375 -1444911 -2641071 1210315.5 353885.125 918352.875 135283.75 -1164467.5 1561431 1707110.25 1137238 -2790448 962653.0625 -1117347.75 -2006230 -1252200.5 768776.125 -1220819.5 -1293237.25 2947141.5 -1926259.5 -6079438 1941602 1041693.375 -5682647 2411343 3054564.5 1425187.25 -923007.75 -2528387 -6053226 -2528605 -2770415.5 4691158 -779532 -241547.28125 -993779.25 -4642386 3149274 -2344236.5 1728024.25 2724005 1470250.75 -784465.5625 -3375145.5 -4933975 -3693029 3055705 -2115350.5 -2896258 5157257 -1158244.5 
-5181194 1244836.5 -4374039 -5794698 1007568.9375 575003.875 2548961.5 3408186 1009559 -403489.5 683194.8125 -1961243.5 -1702130 3512507.5 -470804.1875 -2019513.5 -4690614 794927.8125 -1590299 -466859.78125 -2317508 -2527184.5 465896.625 3073691 1817128.25 5000947 2066071.25 -1222102.25 -185881.6875 -608055 -3839559 -4168362.5 -2754427.5 6867374 -2850054 -1094227.25 985687.5 -5807524 129777.09375 1635802.5 4726236 -2097455 340856.59375 -5567516 -483892 1585701 4740.162109375 156393 1448995.75 6307539 -4933318 815721.375 -492597.5 -1730292.75 -3033130.5 -622614.4375 -2289107 1478008 218385.1875 2716198 -1088038.25 -2413293.5 -2861014 3286810 
2302534 -107594.40625 3525610.5 1377988.25 1068891.5 -2090688.5 -1989850.75 -2105450.5 -6295296 -458777.5 2589710.5 4535629 -1128424.5 264886.40625 873968.8125 -3129097.5 -4928309 4182887.5 284980.84375 -6754449 1530623.5 -2456182.5 1445128.25 -1070930.25 -4508897 72780.6875 1624325.5 1887486.25 3527703 5781450 -322850.1875 2885725 -2763559.5 -924736.6875 -1148177.75 -4169863.5 296563.4375 -363585.28125 794792.625 1475484.5 -3390245 948740.25 -1772011.75 -2343704 2465123 -1140646 -310230.9375 1147270 -2133675.5 -4568475 -2252484.5 -965870.75 966471.9375 441033.78125 3879927.5 -3047430.5 3329203.5 -91516.296875 -1769620.25 1204173.25 -237875.390625 -8346302 -91877.890625 -1013120.3125 
-1385001.75 -883732.4375 2356735 -4658847 -1671075.5 -259397.6875 -6038331 -4646225 2797820 38192.7109375 -7402877 2026498.5 3324616.5 -1094650.25 986358.625 3012439.5 159724.375 -4011225 520454.90625 -372203.875 -1257262.75 3617080 -4219783 7785196 -614689.75 -395206.1875 -18416.25 2056295.75 -3627270.5 -2889145.5 462412.9375 -34459.1875 -976601.0625 -494168.25 945025.5 -58287.17578125 997744.875 1322676 2362094.5 -3503555 -2826070.5 712594.75 -1606607.75 543454.375 1155080.5 1222762.5 1738509.25 1458044.75 -2899109 3949947 1453206.25 2237533 -1815829 -2087030.25 -692199.125 540692.75 2059358.5 219891.078125 4932820 95679.1875 -5506301 625678.625 -2177679.5 1043451.4375 
229054.78125 -3670401 2101212.5 -3489892.5 -2198847 1499076 4590064 2449020 5721583 1408560.75 1569855.25 -378961 1433117.25 -3813220.5 4847499 -241020.9375 1411244.25 -1098820.75 -242313.375 -904970.5 -2981497.5 -4919107 -1690379.75 2675519.5 2046420 -1195524.75 1888189 -2456874.5 3252643 1430065.5 807635.125 -314508.25 3840443.5 2017933 -1950393.25 -66556.421875 1927362.25 -10342.09375 1709988.25 -5414458 4697724 1254677.25 2413134.5 -2867194 3218780.5 375401.875 3105359.5 -757879 1690857 490958.96875 -5928019 -3312082.5 389317.4375 3493897 1903703 -718399.125 578027.1875 2332440 480819.40625 4129598 -2176579.5 115919.84375 2938544 3629084.5 
