10 10
-6724.0178222656 -13565.220214844 6998.7202148438 -297.99429321289 -2003.9518737793 -11037.26171875 -12942.095214844 14204.821289062 -18892.864257812 -4747.7507324219 
3721.1758422852 2268.1975097656 -9995.5576171875 11935.024902344 -16390.923828125 -1727.4244384766 -12720.84765625 -5431.8352050781 16920.734375 -5579.4526367188 
-141.54096412659 17034.802734375 -20257.907226562 -7279.9006347656 -7731.3510742188 -12948.154296875 1866.481048584 -19804.697265625 25582.463867188 10613.370117188 
11310.010742188 -1440.0830078125 876.54968261719 -13040.330078125 13291.018066406 8199.6552734375 -1763.8358764648 994.31298828125 -24264.151367188 2460.6195678711 
-5538.4616699219 -1256.0280151367 -333.57458496094 -2901.4831542969 1217.073425293 -10938.721191406 11037.4765625 -1653.3020629883 3822.5445556641 6892.2746582031 
-13023.997070312 14638.727539062 18243.178710938 -28451.0078125 9095.2099609375 9879.3002929688 8553.5541992188 -598.14819335938 -7464.9816894531 -1338.7041015625 
281.38864898682 1106.2985839844 -12060.015625 6850.4084472656 -7177.9130859375 -5413.630859375 1643.2664489746 -10256.06640625 23074.169921875 5697.1613769531 
-7827.0764160156 10070.361328125 -3111.47265625 -1181.1668701172 -1877.6004638672 8106.9357910156 -3982.2017211914 -13711.559082031 19232.1953125 8043.419921875 
-9430.9340820312 -2677.3337402344 14577.459960938 4306.2404785156 1750.2217407227 -8016.099609375 -4329.8508300781 -2786.9232177734 -12161.317871094 11498.99609375 
-5421.8662109375 9847.380859375 -5454.8227539062 -16864.286132812 14516.496582031 -2318.1037597656 17540.49609375 -7283.2395019531 3540.4700317383 13499.502929688 
