10 10
-58.444427490234 -66.860790252686 72.057203292847 28.562181949615 -112.71837806702 65.928597450256 -39.920120239258 -124.79954433441 -102.21185302734 -46.386268615723 
-31.75181889534 120.82268428802 -12.106308400631 43.526373386383 44.704805850983 -11.259712934494 36.923604488373 -196.08293533325 34.622609138489 -71.000836372375 
27.459458351135 181.94551467896 8.1694631576538 128.67789459229 24.316010951996 -112.48185539246 -204.78630828857 -42.393144607544 137.39476013184 -155.58785247803 
95.469367027283 -78.900526046753 50.147476196289 69.523359298706 -30.727245330811 71.200037956238 -278.80088043213 -13.876966357231 -20.391386985779 31.339917421341 
-64.251564979553 62.824412822723 45.131908893585 72.824323654175 -85.343602180481 33.159562110901 -205.48540496826 -236.64102935791 -111.26724529266 -76.450881004333 
-79.029223442078 -205.46787261963 -65.971201896667 74.138976097107 -80.671663284302 124.40316104889 30.986654520035 28.673461437225 -50.744213581085 60.877578735352 
191.92108917236 -56.554834365845 93.990678787231 -18.169327974319 83.297426223755 47.981283664703 132.70004844666 122.80859470367 -134.07237243652 -38.11326789856 
-177.11437034607 30.633850097656 -107.08716392517 -170.96938323975 -194.64236450195 30.59304690361 39.66312122345 -77.451099395752 -71.906520843506 80.104030609131 
-62.706573963165 164.99136161804 -28.962201356888 -10.709662914276 71.93390750885 -60.515226840973 70.718359947205 -302.0073928833 249.80735778809 -60.888628959656 
99.420078277588 -51.878792762756 55.450264930725 71.554275512695 -124.72395420074 142.48531341553 -341.7174911499 -63.666360378265 -292.20462799072 -34.554936885834 
