16 16
17102.674804688 -4439.2592773438 16029.366699219 -9949.865234375 -9476.470703125 -2865.8788452148 2440.2516479492 -2220.335144043 -15936.840820312 -4517.4931640625 -6531.5678710938 6781.6845703125 -6132.9760742188 -16183.399902344 7055.4772949219 -4868.5620117188 
-555.48266601562 23414.0703125 6853.7272949219 -7847.5424804688 -9213.6577148438 -25533.067382812 -7718.3100585938 17729.66796875 -18019.662109375 4094.3754882812 486.33331298828 -12020.036621094 -20324.209960938 -3215.8900146484 -5156.0246582031 5504.9426269531 
-11867.502441406 12260.190429688 -3050.825378418 -25370.064453125 -15918.096679688 12730.81640625 7410.36328125 16871.474609375 8244.4077148438 6665.3959960938 14219.843261719 19185.268554688 37203.6171875 13751.9375 12029.334472656 19434.314453125 
10815.726074219 2743.087890625 -1724.4248657227 856.87646484375 4478.9084472656 736.1396484375 5939.751953125 -7769.1086425781 18647.696289062 -16576.604492188 -7844.9345703125 15602.063476562 20399.303710938 15676.271484375 7356.1979980469 2057.7531738281 
3344.7475585938 24558.654296875 -11831.7578125 -10993.562988281 -474.92358398438 -3806.3483276367 -5672.4321289062 -3068.5067138672 -16166.301269531 6888.384765625 6600.5747070312 -1064.2208862305 -3622.1704101562 11744.749511719 21405.295898438 4512.8642578125 
800.1650390625 -29949.486328125 -11951.713867188 21710.021484375 21046.09375 -2878.1254882812 -5038.8166503906 4602.8422851562 -10215.2734375 30277.8125 -11816.184570312 -19094.89453125 -25246.736328125 -1896.8224182129 -27581.599609375 -12188.625488281 
-7098.7204589844 16640.741210938 22109.950195312 9397.5131835938 -17474.600585938 -7935.90625 -8192.6459960938 16156.386230469 -14557.129882812 -7267.40625 14139.918945312 4682.271484375 -17527.948242188 5190.9028320312 28927.209960938 -6497.5695800781 
7320.494140625 -20051.72265625 6732.5122070312 10920.861328125 9577.9584960938 -15480.566894531 10455.885253906 -9168.7866210938 16220.7734375 -25980.864257812 17188.591796875 1252.3849487305 20708.84765625 1527.746307373 8967.3715820312 -351.22283935547 
-9347.423828125 27049.0703125 -7534.6140136719 -10701.376464844 4224.8344726562 -2464.1679077148 -17443.502929688 -3638.3668823242 -24291.194335938 16743.969726562 10501.907714844 -3077.3825073242 12106.573730469 -740.92594909668 55343.166015625 7328.1892089844 
10724.267578125 1505.6499023438 12657.747558594 2779.5349121094 -10477.008789062 -25335.637695312 -4235.8303222656 2210.2092895508 -11259.146484375 -15782.277832031 -9045.5673828125 14671.984863281 13831.754882812 8933.2919921875 18577.509765625 12096.676757812 
-9924.3598632812 -9447.2856445312 15167.827148438 12060.336914062 -8418.9833984375 12435.542480469 2870.8779296875 -8897.0532226562 16735.44921875 -13076.021484375 -6324.2045898438 4344.6135253906 2932.4545898438 -5590.1252441406 1825.6484375 -7470.1345214844 
1398.3684082031 -1400.3342285156 -36771.833984375 -19894.95703125 29532.004882812 7483.255859375 10726.775390625 13991.804199219 11198.838867188 11299.053710938 15943.483398438 6911.4077148438 37629.82421875 -17159.54296875 -10346.834472656 23390.176757812 
-3093.9595947266 -24469.6484375 8120.4372558594 15672.341308594 18229.354492188 -27681.637695312 2170.7528076172 4313.8547363281 5685.7890625 -13766.577148438 -4573.060546875 5422.6176757812 11934.889160156 -12492.161132812 18796.155273438 4.3534240722656 
3365.830078125 -4129.9951171875 -22397.353515625 -6156.7172851562 -10717.980957031 29886.194335938 12442.768066406 -6190.8325195312 5801.5070800781 1523.6580200195 10447.194335938 9184.3134765625 16793.56640625 505.78225708008 -17782.888671875 589.13983154297 
-7621.4028320312 -9150.0654296875 15999.150878906 9434.853515625 58.634643554688 7085.0466308594 -9948.3676757812 -23080.487304688 2488.3271484375 -14626.606445312 396.74731445312 -290.05871582031 -4718.3129882812 7235.0866699219 19665.645507812 -6756.4897460938 
-1283.0956726074 35448.654296875 -17896.5390625 -18920.357421875 2105.30859375 -10077.373535156 2474.0101928711 16061.063964844 -17806.725585938 8870.6284179688 -11899.328125 14351.989746094 2689.1732177734 4280.6909179688 15926.583984375 -3097.7344970703 
