64 64
217644544 -199775232 95828160 282311168 80276576 -204853120 -175113344 133465600 -118039936 -469328 13841744 -85626496 323509248 -94371008 340432640 -259127680 -293165824 -63336256 -344721664 -5341104 104509312 321594880 -23602624 -318742528 123023072 -261777600 351682304 157925056 -67056880 382782208 81317568 343139072 150936960 -616907264 15963064 143737792 -120821152 244879936 214357056 -13009808 241477632 75869216 -47366992 -9835184 23521040 70447424 192361216 39182992 -88600576 -197898240 234495360 -558482432 -414842368 202902400 96939392 241368448 -59391776 -199083456 -94181312 -266978752 425695232 420644352 16910592 -120725184 
-798439424 -624671232 308508160 -81104320 65754176 503521280 -162728896 314266112 -209933440 -70020096 263237760 55490352 -332895744 -233016384 125767712 -100052896 -5209022 115608864 -104587616 -398689280 -201265984 181651456 -23955656 -68061792 -808914944 -53914896 -168253376 870461952 137688128 103094560 -248925504 31116160 224143680 244703296 -152000704 160217728 89030656 -131563200 60149152 -117928256 267653120 -205132032 -231566656 485697792 -508743168 332250880 -139113216 -276828928 79828928 -23295296 351758080 -95948768 129380768 -89130016 -103190368 3871344 -184392384 92380704 -221048768 -237657920 -389642752 -125858016 -228252736 -465651200 
-466925568 -138043136 -15687996 62379680 42790832 262561344 99937024 135197312 -146310464 306308864 -298340096 62175232 -118250752 -104957824 -291630848 3366120 -316117248 156882688 198880128 424833024 66388576 -5101856 43578800 -166561664 -583693312 -98270720 1144416 -137704512 -222539712 -29946720 -143348224 160099712 352715776 108058272 -172408128 152441600 -285555712 155534208 29206648 55564832 -271099392 -322487040 625407488 414884864 9483104 -117010688 294298880 -303695872 -51491424 -501362432 -244611584 311522048 25106128 143322496 -220483456 -299980544 -110926656 294215936 -118957632 -463283968 31045888 357872896 106715168 142103424 
260014912 107498176 193653376 466804736 -241752960 -97588544 266760640 160148224 -358381312 11763136 25192576 -373343744 -63951520 -206747648 14071808 -434153984 488726016 -102979008 -41621760 -21318800 435314688 -28573056 140072640 180688064 -45094192 368623360 372866304 507605760 -52100448 -26651392 -326414080 239031744 -196951808 363784192 4820566 120483072 -263162624 -205083328 -149833536 -49274416 766082560 225487936 -413459712 -111555424 -36627968 -28645576 450859264 -351886080 -42641888 325517568 217880640 -473338880 314553088 -261588288 -431846912 172122112 -126597568 158310912 -116401440 373778688 390827008 358989056 297273088 237349824 
-156314624 -17726320 35264272 -408730368 -98418304 43862768 -282758144 -278496256 -344587776 -114121984 177023360 -493512960 98061568 -14382736 -67887936 6216040 -242645440 55755456 -48146528 150836864 245321856 156630080 173730432 -17547616 -320362496 -233859712 147207936 7164344 -446087168 169505088 -159653312 136795328 226760512 -7934240 -279207424 123029888 -276929024 -428606464 -39689952 473451008 163725824 -142189632 -51270848 -252333440 14324848 239475200 -6327648 439120384 243281152 -186975040 79477984 -167455296 -10657314 -255571584 74562112 -474775040 467439872 -383840000 -131199456 49293568 -292664320 -288978688 -103379808 -399352576 
-222885440 117067648 -64470176 -27825160 -16979248 501915392 313715200 254373824 -128025344 -112760480 160015872 273538560 -9324436 -413627136 -226829312 -24283096 359443712 161009664 701009920 -429068800 -378431744 353312512 359833856 -222702272 -46328384 -456282112 -147279488 516723968 273177344 -41424192 -105140736 -1332758 -634967552 213939904 245912832 569300992 -64795648 177385856 -149875648 24572680 137757824 -261133632 -110881760 -109952000 -292624640 245522880 -604683776 -625688576 -159857344 64708256 -119291584 -61984896 338842624 133897728 87899648 78357120 635194880 -225233984 -212947968 59042016 -551575552 518339840 -161939008 228117376 
-71128128 -39270640 93228832 -121835136 -22373800 -91945952 36312864 448773888 -258505472 -241666304 -75211712 -224484480 -18391344 110114304 355575808 -105036096 272236800 -277073408 165798528 -118997824 368885760 -111716704 265803840 129951680 480063232 293177088 38968032 948936 -393035264 421759744 283868160 -149767104 -382530304 -376625920 -371062784 -2980902 -315316992 468193536 -53615968 166614400 -154982016 253760960 29636752 -58394000 244026176 -135142656 -149273024 -159306048 -159590336 -87549440 141062464 -413014528 72193248 313664000 263889920 97959008 369003520 308737792 -53416336 117199168 -177851520 46958384 -29597240 775636992 
270896640 66931552 20423976 344313856 153661056 10753128 -71407360 -58213648 -74452544 167958144 -49446624 301104640 -26896592 -460519936 -26517424 -328808192 -177171456 380749312 -193789824 -462000640 -234557376 529990400 96907840 -317915904 414625792 59028480 -36849984 -35191424 -177731776 -105319680 105479872 414342912 -124832864 -637604 304907520 105742528 -193494464 -278915072 -77976416 171826688 76033312 200897664 -240803904 -59277328 298050048 346860800 317640704 101322368 -319598592 115040544 -266034240 -653219328 -69440256 176543296 -306851328 600938496 -106775840 31244664 -141629632 -306899712 -121195200 501146112 -372131584 194994048 
500966912 234019968 -48732096 -690074112 -391559936 486379776 371433728 82843712 382993152 -73055232 -214700224 -342723584 59180944 -301225728 -26840176 -218162944 66104816 -159967424 142355648 -255463936 19442808 70689920 594968064 -258763584 -43047536 59128640 192141760 215180608 -363833344 71668192 557026816 -317892096 174222592 66117600 -624998912 -242404224 -9144776 130313344 -799749120 354818816 -107674208 111516608 233540096 -390092800 -66858896 -413462528 109226560 -441782784 -92437440 348645888 -376061696 -276055808 -293798912 -453384192 7323904 -187219840 312686592 2514360 311906048 -14249378 -300956160 -8061648 119265632 -489818368 
-312054272 68232352 201097984 29593344 -97461376 -307313408 64222752 -394576384 261009024 106815488 54389760 -46713104 404164096 -235387136 223391808 137269888 -43914656 -32201840 -663108096 -40320320 -43242080 -541387264 -27352128 -158424640 -500544000 347683840 119772256 -419185408 871437312 -253172160 224018944 157188928 -201323456 -34350016 -9666008 97407808 221979520 -70479232 372571392 184076864 330511872 -78933280 164871232 -35081104 -270954496 88037120 -136966976 -73753088 -62674688 -83452960 -136045440 -111601280 -9969170 -194914880 90371392 175033728 256275968 57388000 -397669120 224557824 -171521152 -133614752 102931424 -548830208 
46331616 -84013376 547701760 486464256 253465984 42949216 -514905600 245788416 415981568 -280295936 517128960 187727744 -131325184 373980416 299748864 32624848 265899328 -188776512 24639912 -18541320 -203235968 135995520 -230411392 -165829888 450520576 -105585920 39456720 -176650496 378701056 37876960 242071872 100621216 -241818944 -200041536 -292991488 168557632 170655040 338568192 52564928 -467930112 247209408 292109824 15994880 -155845376 166724352 311146240 120909568 -403124736 56203888 276363520 27870032 171030208 65891872 213268992 190661568 429624064 -173548864 106281280 -37056736 56121344 103465248 36929392 220912640 497745152 
-24931552 92004000 -227777024 120618176 -195535296 34081440 118688960 193155648 15963330 -2258272 -755489280 131487008 181109184 -119068160 -20035544 -444990464 103158944 65218576 -13681720 -120821536 275393792 -291406848 -261172608 224962816 -284282624 20523200 76423104 269058304 -124981376 -116152608 -195018112 98610560 90137856 169053952 -45615392 -309310208 -60213168 -123587680 -253913408 -316577280 -351889664 112339360 148826752 444029184 359545600 -486182912 496370432 102688256 65505088 -189728896 -413558528 -525700096 -205626048 -14345508 194292864 485566464 -8586352 -7724636 203734912 -552888320 -245473856 3269000 97272960 404480256 
-116372736 394548224 -435348736 130479232 -274828544 -331777792 1735208 338594560 294100480 267529728 -60140224 218002432 -227696192 25380920 88983104 -125241568 260200448 272165376 22238376 -30818560 204531520 255670016 -163346304 136181312 189944704 176388160 -214468352 523980800 -24700808 -19665728 -81043744 144236864 -7874852 640317952 499341312 329004544 -64954624 -4474908 -187039232 -199841536 -123238304 -204235328 -218283840 -140470784 53145584 -417668608 -21126592 26872416 -368950016 476281856 334503168 -187818240 318855168 -41116160 100838848 -108847584 -144328448 -42857024 425946624 98549856 100917088 298938368 25672832 27194048 
136809344 -42291664 -58214336 79717792 -552028160 -95486880 640565760 48933168 -348418048 -51907744 -680227328 242537600 -751770624 -362947840 -344620800 -122044416 162720320 105645952 99872512 -472759296 -491014912 45522880 -109574784 -286224128 -145341888 -151720000 154862464 -28414800 -378715392 -36676736 -382569216 476818944 -369335296 545190912 351491584 -234385088 -6270263 -81473152 -541521408 -238664512 283785216 -25327552 544631808 471202816 47053504 204765440 18312152 -326754304 -319556096 -181661120 -11609744 -104080448 -220448384 -132932960 109041952 7322832 29750432 -315352576 -127065152 -501163776 -93840704 343071232 314246400 -75325888 
-436590592 233795520 154471808 355263232 269888768 -249982592 -437464064 -349520896 70570432 -218923520 194343552 762798592 -124667456 -211363712 154374528 167694976 -561535488 -17273200 -179005824 143088384 -259660352 212220672 -351695104 -164449024 -35083152 -100605312 -89391264 152265408 33771344 97185664 -479223808 210338688 -143402560 375145984 225953856 -24412248 105123232 525053952 -101543552 14838032 -413266944 153792256 -2415072 234328896 -342042624 -277355776 -100803136 -99824320 -25282960 -199537920 214532352 537673216 49633648 -107708224 352807424 427026432 421833472 277122304 116208192 -431843840 20990912 34912400 155499776 195894528 
-101306112 113924800 -159630336 -294520064 -101961568 -730108416 287887104 113830464 -166479552 -343855872 1111792 185991040 75856096 -160281088 235558080 -303897344 411446528 -106452416 -171634048 150822720 249540288 174834112 -218105216 -406604544 87169760 102093248 68459776 156076608 13684614 48353712 93047424 -35759552 -281339904 191454272 262877568 238134144 -31803472 -66062320 -20422072 66184992 -24686776 -273333760 281296128 -304190976 -63387888 30793936 -298778112 139547648 -137153088 -381835520 102326752 -525050880 212303744 102774272 -37884208 130695264 -136426496 -302363648 -9995440 303524352 -1959392 -109452128 382159360 -32895632 
-6404400 42514816 -293820672 300290560 50920032 421682176 542348800 -147783168 -254204480 -94782656 -242072640 12543256 297799936 -308847872 -165327040 -284979712 -202027328 -260745216 -324989696 64093200 721624576 -488722688 111008512 -205560256 -84486400 248761152 65882224 79532448 571614208 -389604096 215852672 90957376 622288384 19439944 -324211456 -86932864 -214986368 -218810688 -190262144 -294940672 -598053888 -33771200 255596672 26769488 248902016 38853904 114392256 -333849088 18302128 -376810496 -619734528 96811168 -125747520 4888228 -211911360 334052096 165367552 512295424 -67199168 -45342224 630744576 -628295680 -124326656 145803712 
-412528384 -488213760 -46675040 24633040 310902272 -88941312 26828608 305474304 -160584704 40233936 104463040 -334762496 470601728 34553232 70993920 75104512 -288623104 256689600 114686848 -99272096 100682336 -151201280 173193088 332942848 112377152 -376583424 -109044256 -169339584 869621760 174985984 189799488 478904832 373348352 -582094848 -3150608 203076864 117987392 -358313472 406052352 -373975040 298278912 76172640 -183689088 -261881088 -171528896 676783616 -42143968 350150400 96300352 -244983424 71728256 -344220160 190791040 -99362592 -101563008 31485392 57565056 15068340 -772457472 150967104 94090880 -369255936 -277583104 -158438720 
-60052512 -22048368 -117612992 -22303480 -381939456 -286129920 -320262656 242137792 507446272 453089792 -313558272 297168384 86431648 147871808 481657600 71579104 -25354696 398794240 -440677120 -189767680 -238199808 26475248 -499070976 96105568 -255357312 -178478272 -464646912 -255977984 105477504 -103612032 -276218880 -259932416 101339712 -386293760 -176088064 -121066720 -158888704 275632896 -115776160 -349701632 -171782272 99109696 276542464 905744 13888848 -537690112 -213677888 -46881312 378432256 186692032 147194240 -92057216 -95661120 396692224 338508800 388612608 -395624960 15671018 -72090624 -389142016 -665050112 576442368 240213504 -36873952 
-126564288 158722368 -101382976 212590336 -71527296 -210939776 -168128704 283565312 262756544 -455639040 -120349824 -271879168 207266560 239343424 154446976 -212797312 200497280 -199864320 462953728 -100540128 273309696 -5992176 141754240 651132928 -345286656 -326350080 44334960 -303298560 -183362752 -199264768 57111840 199693248 -81328832 245048000 299276544 108782912 -5734122 -324434432 187677376 -45079824 -571767296 -37154528 208512256 45677968 258218304 -136355968 166631744 560471552 -14902302 -407718912 445947392 -564642816 81330112 -360340224 339021824 105291520 130516800 474870272 -167713664 -452139264 -220647232 -278882816 -177326400 -27200208 
38836688 -43906944 -373120768 -55565184 374819584 -474438400 -148035392 -29563448 148328960 -403387648 -218168064 788579840 265225728 -88914848 439584512 -108676896 68398560 -140998016 -621356032 -67936832 -69148960 160971648 -187037504 -77387072 138892160 101026752 -408950784 -132713568 11239128 -133829600 -107963936 -43909824 74657248 83227200 76078112 141534976 -116389376 -63122800 267419904 -144299264 -138381504 -347772928 -21851416 257476352 375187456 30076864 37719152 30721464 196492480 104924832 581818368 174113088 -117670912 18001208 478254336 303898112 -133732576 251189824 -233226880 -198013376 315670016 -6116060 -29394720 38686784 
-609157120 -302972672 436321792 206235648 168461184 37925360 56646880 551942144 -111745472 268419200 462048512 -146500032 283192320 -142428992 119310240 -5026856 -465103872 538991104 7985152 126125504 -228588672 355459840 58100512 495344640 -373313792 -478673152 59433536 -339972864 -110712704 177355712 -62355104 446007552 175093376 -21891704 298724608 349820160 650799104 503017216 -200308160 69322912 158734016 136186368 -271100672 274431232 -125878400 -455086592 211799104 58700128 -56702800 -420566528 -158567552 123320768 476467456 239684352 -71604544 -145018112 304274432 -413529344 -525451776 185310208 -625375744 -54183808 -261240448 93201248 
-294863104 18984952 75841472 553765888 -224957952 -82842624 -324743680 67247104 -292799232 -151326272 -93496224 -133067840 -74847776 -15935896 75911392 -161775168 -408388096 416094208 284434688 102108416 67270688 -81673056 6521088 -186243648 -250507392 1078268 -595187712 -138928000 -135988864 -28615688 -614142464 -558582784 -278621696 136426624 -88529888 204247936 -207337792 32555416 457411328 58754928 446957824 435193856 -249677312 -91661504 46884160 245908160 -58206864 122999040 -438400512 -4837514 -311589632 -212352448 -72149504 -35988848 -466943232 -202524224 -271743488 -49974272 620209152 213845632 326772992 363295488 -70541568 138004160 
-239483904 388466176 -33562928 -348372480 -114790400 47252688 -628807168 -106520608 455593984 120764192 -273627904 213709504 -241074112 -292380672 40143424 275651072 248083904 -177008640 152715264 250411968 -306494976 558879744 -130099968 452833536 9183292 -250174592 -429143296 122556992 10759188 -220298048 -321869824 168744192 70169312 432832256 -18792880 230673024 -498350848 -180977152 -262305920 410381568 11770196 -102395776 -34704320 -288814592 156233472 -684831232 -255376576 -34497184 582218240 260089600 94448416 8249654 201657088 41628032 392952832 158242688 112872352 48126592 132371264 -491287808 -512769280 85332992 186522944 41416208 
79391232 24605304 -22682480 586174976 75812896 401394944 -35667056 160246720 -6574040 546149888 351631616 320170240 -377258752 -6248440 239602688 -562926592 42981824 462959104 -464695552 -491756288 -482373632 200736384 67393984 -415171840 435606016 -385061888 -8407232 148481664 207190976 8584458 -25302544 192220416 103637312 59790704 815259648 444529152 -267057152 -394891008 57396144 -3689039 522578432 305920256 -302756352 -599770624 62994640 550808576 32855664 -360291584 -337456128 326823168 -147823680 -248125888 102909952 8237190 -59651328 391571200 -192179584 -479115008 179219136 -223714880 390019840 389830912 -654517760 -88760864 
317207552 33953552 164187904 -27668048 89985440 -306905344 -257843264 26685992 260006720 89638208 268609792 -193876032 214951680 52907088 653912064 289048576 42813056 -377612032 -213548736 61899328 175457600 348997376 481514240 -40678464 432533248 -94309056 283302144 -515247360 289831424 -74280608 326637056 279848704 -140001280 -570216960 109333408 213117888 169424576 358490624 27275352 -12471104 -25271328 121866944 469388288 -526808320 -239907136 -146227392 -617400832 -249069184 176742784 -157062976 -116141600 -393881344 -158597056 230810304 58023552 392569856 333996288 -236054784 11988484 363192064 -326092288 281592064 -421871104 -311229952 
-51974736 -100177408 200035136 -9780464 220532288 -192325760 -236296192 6748008 215116352 92523520 -421686272 643012608 99966240 -11944488 270467328 250983744 326736384 -154626432 -244749376 117213664 3498852 298541568 21808760 -114070144 113087168 142289472 102462528 -356681728 214853632 67695328 220124992 -14328784 -183477056 106889984 207280896 -391970816 -64001088 40747488 557291008 -68523616 186343552 -352464896 401689856 525064960 418977792 -255282944 -206670208 -212646336 297473792 93167424 438628864 215526208 -215196416 476161280 723059712 -173710848 -129518304 -32294600 339825664 142143680 -215656640 -201208256 -479988736 90554176 
-48882624 491593472 -383921152 -303992832 616080896 -771031552 -458442752 -398460672 -92090816 166337984 -74764704 652378624 -218016384 -488228096 368712192 382191104 50863920 -212452352 -207025216 169075968 -52426208 100394336 21633472 247489536 192474560 323305728 -36656032 -161946048 -69330624 281031680 37432000 299720448 -311275776 -402889984 221565248 338204160 94068160 329922816 342529536 299795200 -380311808 -189635712 13325888 -21465152 -291231232 -351620096 -105202080 44200880 -17524224 -370844416 720286208 -412458752 -70446496 -36473568 132362752 70664672 304288000 124077440 -369195264 87068832 -10568416 -83614208 -159267136 -532920576 
6621408 -18571920 399267328 760159744 251654400 293887744 -15769952 454037248 -171405184 -448533504 376473600 -12006048 -357047808 -83540736 339286016 -284266752 111791200 18359744 -181384768 118052352 -176982912 -28344256 56519648 192979200 49045568 -459906048 277527552 219807424 261800064 54364288 372203008 451856128 290539776 -41718512 172028800 434701312 368560384 318903296 -471207680 -238781184 -8498080 245620736 25523024 10607232 -134912512 245702080 284704256 -361797376 -66040288 168362176 3243168 -83592896 419579648 -7439888 190092992 536959488 325875200 328471552 -38986336 -272099584 55140864 -172672384 -293918720 -78170400 
-118834400 -298034432 199184064 -103762144 191608000 99265536 -305053184 32701584 -18222192 -44328352 133893440 333618688 224295232 605545984 -334316800 295701760 11571470 -2306032 357024000 124770560 -269966336 240523456 -307480576 -226041024 -227294144 -188729920 31178064 216814336 -96356064 -70444192 -145734016 71649504 23728992 -125952960 -41340048 -432936704 20026144 399241984 256552320 -354603008 -63596736 -132810112 394520320 334248448 136373504 10093504 -347469056 -91053792 151347904 -357253376 436301312 401442048 58454512 138498752 4261040 -484937216 -203973952 -13096968 214942592 406630912 187569216 337882624 5855990 384535296 
123556800 -87102592 319501824 -6930592 57591376 -221771392 -293211904 380779776 156009344 29553088 255708480 178479936 182331200 144816576 -100919456 114905600 -207919040 368082688 -66879392 -337435392 -281246208 54734080 -245519104 232047104 990390784 106864768 473718528 -35137904 -314658560 264858560 -9937928 497286144 -87419040 -242277056 2858376 -594689536 294514432 31363008 47372928 -330656512 -119701376 203460672 48919968 -95632128 -94055232 204768512 -342781952 169807680 554616320 396396032 -1652304 -239818368 -88568544 237119296 -30103072 161632896 93878688 128288256 47406736 342699520 20381920 -413273856 -262017600 390288640 
272775424 272594432 207719424 53544400 18021672 -237951296 400370688 -184909120 -245907392 -251588416 155678208 -87876096 65953152 36949088 -283374848 297097984 301262848 -236872896 193699840 -160267584 -144846336 157552512 -243538944 -83919424 432335360 -20951152 239314048 -14567306 -347673344 -211021248 209838720 -16939040 -288766976 -36984608 298995712 -47781136 13983080 -194724800 13308384 229088192 -376311808 -238303296 31416720 -118967776 121998784 580142592 -477638656 298369024 -259101696 -25883272 -152348608 140591872 -466022400 337261824 -298537216 -507280384 -250534592 -43989056 631629312 51159440 -60983248 250256768 -522507008 259513792 
-512942080 395299840 -252390720 -345388544 -388861952 -97974688 57274400 364723712 -271419392 -74584096 231062208 -238831168 271704832 179456448 531634944 -317143296 615289856 -27456144 -110535904 107353152 -482777344 -180444800 220352832 449552 -80758368 -322495488 -623952896 -89205792 -94667072 543224832 143881984 -347100160 240030848 -12323376 -135998784 278105344 -221449600 92972256 489142784 339741696 175959360 92866752 379429632 -442512128 -319813376 -112068224 -409020672 231835456 -86367232 -698043904 -248028352 -335845888 -351636224 27784080 129619712 -119170752 52810064 -528057600 -48672800 -598020608 -506544384 -25650520 107820736 22109624 
52703072 439383040 132954656 -68471680 -5217702 -458291456 247008960 -143836416 -77299712 -63840272 -309044224 353402624 -32230464 -472926976 -96647616 -402801664 248632896 -70163840 -96064288 176337216 -517285120 -94159232 231849536 62378432 174521152 269327616 -371466752 -191609600 233943424 -322082048 -291104512 -158869120 -651796480 274077952 -202742400 -47242720 -145538752 375414272 134099104 72245824 85317728 -200443008 181030144 -282816768 -301986048 82018912 107846496 -492214528 -165361984 -51206032 223898752 -106579904 401198848 -115331424 -444233728 -95287584 -177063616 -240997312 176446592 274982400 244399616 -133870880 -6772255 -9187494 
36605232 -191880832 283640832 170259328 126801600 343155968 -535386368 -618998784 202432000 474100480 95690752 672351744 -98187168 -100524352 -8648512 234740672 -323536896 175443392 -51153440 -98211456 -138968640 286975744 -106570560 -411607808 -85977504 386720768 65466288 388195328 -129524640 162288512 141965696 -215154432 387244288 -197105024 -21114496 -224926528 -213041216 96035008 -82699872 -155331712 -283699456 379304448 236107392 -403708416 -209032192 390564608 228221248 -552210432 189844352 134142528 -258606336 -106619744 -355647488 -30169800 -448594944 286595584 -674157056 -70533568 378674688 139708736 292416256 459257088 -279094272 -394121216 
403647744 434750208 286595072 -33269328 285380096 -334808576 421364736 -361555200 -12528546 427762176 -375184128 84508736 4862152 -359918336 -168580416 65770688 -289652480 69075648 -96005312 269199360 -173568768 -181303040 -58877904 -517938944 130742784 174879168 5726960 -279847168 386019328 -137173056 -195700864 267507008 -360083456 -44773904 339302656 -197646720 -230397440 59373232 -211174848 173678464 153331392 315751424 76452096 -119523328 -65521136 70281728 141237248 -12025060 -290888448 -456911360 372011776 -79430240 37386928 -440146688 2017378 -54044192 -180168000 -55279200 120984160 246374272 349775616 -183079040 101146656 -381954560 
724950528 -366718464 4736960 319011328 -100898496 654364160 -89977472 301565696 -435583232 -293385472 47259904 719386624 -953743360 -201029376 500951296 -330725376 -116041920 -386839296 -222263744 222722304 459951616 -13686464 519587840 89965472 -142716160 119166336 -376066304 221191872 -182067264 479474432 476509952 -419036928 393284096 -56495456 -222282496 308317696 232601920 715454464 -283291392 135769600 -45458784 207147648 -11810896 233414720 -198398208 -621842944 226084608 -418751232 -231228736 -117406944 619650048 23805744 77763424 -196444608 102574816 186538368 142240640 333154816 531113984 -174128128 82088480 -404508672 -138539840 -365989376 
330874112 25782440 -125199296 -81643008 32087048 -133278624 -342680576 -12409368 1634708 -154310080 -181051392 -48965584 -18598264 120147360 198726464 -132178912 -146342592 85782080 -636912128 -469417728 90596160 484894976 112739328 -77362208 -113035392 32513008 -45852848 -50150576 -14706280 -247871936 -248219200 -237806144 52431168 298495232 43388032 -300514816 -105899840 -360203008 -151526208 -18298664 -308827136 253008320 -286667776 446686464 430857984 95008256 -45423872 88261056 -383440128 337425152 -6009410 -495378688 -170403264 8953792 -269068032 374919168 21018824 103994112 487175424 -70676512 -353457664 -36508352 -347111168 106152544 
1091312 -405284864 167738944 45753600 169928704 547497984 5101104 -12583424 -328778496 386420480 -418344192 -77134976 -497886976 -430625792 -127496256 203382144 98724576 -53720640 587301376 388608512 617865728 -320597248 217190272 -166609280 -159329920 320773120 41405552 316829184 238144704 -34437600 635628032 186687104 56115584 92152128 -202204352 173960320 -19675368 -141628352 -204824320 -125355520 58285504 -152410816 523935488 247046848 -61391408 30744096 337270784 -468114432 -60418144 -347309312 -64985760 -85150688 467631104 -248713344 -128188032 -41317552 54445232 163593344 -45794832 181536448 -102658880 -287092736 -61173632 -374034688 
236895552 -56852848 -203389568 -59248944 -244978048 114891360 223244032 266104256 -31920936 -376508672 178517568 -108032544 -39086368 -106764736 216577920 -47699728 312106496 -324730112 -376013312 -309874176 16346732 35283568 454833920 258405440 -92401696 106191072 75909056 144503488 186578112 312183552 328959232 -231093888 93337184 -325315840 -217229376 341510656 314252544 316545024 -192107904 228539008 109989664 239996 -434791936 -80796768 -367778816 -339452416 59230768 -269843968 -243685184 211251520 126113504 -23593480 37435104 166005696 -121863136 316845824 21093224 -78131392 -277543680 -462514688 -58085408 108996544 296587008 -291028480 
-422016 -267518400 446919168 148722240 556419584 242832000 -357649664 -405268992 235750400 -320937984 241348096 -5096904 -412815616 444754944 127713024 370210048 -238661440 -505779968 -253487232 83648864 -475129344 126255776 162194112 -463876096 31467008 -33377744 -14266056 -285314304 -33371600 149050560 291440640 20356216 -72867424 -309205760 -206529472 174916352 309036544 376741888 -22477248 -86116160 9107864 300501504 18170160 -24812728 98359840 410591744 77158912 -179115904 -165582336 155092672 -18106760 664052736 -384033536 -15291696 394376960 -205702016 -104667904 29504144 -233036288 -93245216 238285248 334896128 -8093811 -97734336 
-425600512 61409984 -465528576 -177499776 129815264 -285691136 -494030080 -45936256 170537856 221382528 127796544 488849920 203562496 -613837312 -201847296 -100289504 114258464 387528192 -128216000 -210485056 -507561216 532923648 -89509504 122062560 380093184 443128320 -485692160 -255163136 592903680 -279467520 226458560 209172416 192001728 209221504 197693184 248815936 -385976 -310682624 208456576 176491200 -109154144 26031136 -192857984 -280487168 -114293696 -67594304 11323024 -68310048 -165126272 -184142976 73519040 -388655616 408412160 -29522296 -369365760 -43751232 134280448 -59550128 8888320 -405575168 -81728896 -276138496 -561945600 -484573696 
193963648 276269056 230341952 -17201440 192667968 -435265536 -337680896 572739072 156131520 -165333248 -323592704 104185920 86423008 406701056 277533696 168976640 300235264 -31565240 -173654848 332861184 93941280 -103795008 56833376 422011136 246422272 -173457344 -75120256 -607358976 -23281464 -64875408 -9625056 211065152 -152613888 166297664 196232704 -43401840 58928672 -127618240 414249472 185254464 485108736 -222330944 102697536 31271472 461344768 -383473920 29883104 99392192 106577888 284484864 49447504 -189105024 247233920 -246731648 238947648 -2552256 -295204352 -64002768 12350592 419280640 112517984 -105976768 43537664 399571712 
-303548672 90003520 -241065024 270029312 189807488 -146361088 -336836608 229470592 4239120 -194695552 -768676352 395852288 334330624 -333485312 147391872 -595773440 316540160 76646016 -284502016 -119223680 102703584 -44578880 -12718912 212635840 -171356928 -239044800 -161122112 189287168 354662912 -98071808 -235848704 99614784 450697984 77316320 -63820640 201908672 301410048 -118900800 180642432 -399097600 35420784 -162539776 152721600 117250848 118384960 -523537664 175397184 -144021696 228157120 186610048 -391467008 -281350912 -75340224 -135004160 256160128 599070208 175835840 -208680896 -18893696 -422490880 38044000 9581680 -63648480 248909568 
-68343520 -372976896 327258368 563923456 109697856 -417660160 -481693440 69897568 -414651648 -293719040 -49408528 -246018432 132166944 -80238656 -96391712 49567744 -259453888 26876808 -153174592 -7988776 343464192 -223374784 54929552 225676544 -38938864 415640064 368362496 -452954112 251157888 -61309840 -20482864 485295360 -139103040 -190390400 -138926528 47809888 198672896 185939904 -148905600 -298919168 219658496 643048960 -468199680 416632832 -521664 -100362592 454017280 -29602176 183498880 328360192 198932992 -293892352 200223744 181854464 -125075520 -45537504 313532160 -54493472 -525910528 143252544 174876800 43078912 24816928 193444160 
-79054560 -279919616 111491232 -67307232 -73483616 303016960 -225239808 168407168 276260864 -689107456 229163520 -82181248 -267201600 264512960 140228864 -146441728 -69576896 -569453056 60324224 199248704 -570005504 41671232 290806784 715254272 -354519296 -282179328 356598272 72857984 -560573952 -67504768 360513536 56411744 -187061248 204795904 -413770240 -371702528 -159458752 206587136 -262064832 -451346688 -612538368 -224583808 640230400 24463280 -228424320 474294528 279333120 -289292032 300115200 143691904 -24131200 190464512 -174220352 528088064 217891008 131816928 -476902144 4103928 441286912 -542210048 -124491712 3537264 -281788416 -368477696 
771443200 -50728944 -325993472 27556768 222200576 191100288 432430848 260527872 -183757952 -270436864 409345024 -331812864 285919488 214146304 -168241024 -246686144 224096320 183726528 186199424 -440248576 292427008 325512192 76294848 165727232 -56631744 -212558272 331964416 -91274400 -146609152 293470976 266733056 -224443072 293885696 -92041920 100451040 -577653248 91228096 -110769952 253789824 402735872 -32479952 -512111616 -22147368 -204630784 383160832 301690112 -199292544 237270528 -398334720 -229383744 -248046656 -225121280 84523392 152036736 -371438336 92156448 260003392 -215999424 42368544 171869760 43103184 -275822592 -106531648 317148160 
-192117632 -34539328 -155032448 113603360 272396288 -327681536 126304608 155449088 24924416 107574752 -442991360 -357986560 174444544 108506304 -291861504 -68525408 392807424 161251264 496831488 46334048 -77357696 169039744 -50443680 417513728 180300096 -87396832 70609440 -161584960 68109664 -163178560 -222237120 433217536 -199106176 303426560 394116096 254522240 135174144 -346713600 51409216 194730048 138893632 -376115456 -139100736 -53529568 76720896 109719296 -160254336 283212544 -35110720 -66895328 407527680 -272522240 127022464 -390782208 228237568 -377562880 44400256 73014336 -654769152 132578944 168279808 -295876352 -92480864 -229506368 
-189398784 122000288 -54517472 190611200 -193961024 33623264 -79645952 147967168 194964416 -214898816 255799808 -319638528 249382784 272515584 269111808 -465918208 74719968 236921536 -32651472 -96325792 5287840 234768128 -46855040 167628288 55091056 -44095520 -301741824 318926336 55447296 300975872 108167296 -454973440 179597568 -304894720 -378604288 -253694016 -631208448 193635200 165413504 199203392 -194075136 115819104 150270272 -610905088 -273375488 405579008 -218964480 -144385728 -48636736 -166133504 128212576 -261439040 178935232 305010688 -91304704 308620800 -52228992 -120503040 17811280 -228976448 34688992 -479314176 216261120 9163168 
-165839296 -479292928 -43971840 -56914576 142712704 376420352 109317984 -81277760 263763520 -32285024 -241728896 -303121408 -27409568 104146080 -226240384 -155677696 71765248 -97522304 338015232 51617008 431462656 -155654784 -114373280 335849984 -666605056 -8516584 -70745856 238846848 -379757056 -351347712 148195584 -62231808 21207712 57523696 -449209088 -165286080 355858432 305868032 -306550528 -236024000 -426882304 -290471936 317769472 390887936 -179025664 -575535616 131354688 -123546304 120521760 181132032 89619680 282904576 106030880 176952832 182676480 39480512 -166930048 -53221920 -262923264 208068032 -336468224 229299072 -236854016 37847952 
-241704192 260338048 -516624896 -306213888 179837184 -34058384 60748816 -560682496 126020160 129263104 -194751680 378242304 -42326288 -4059488 -405555200 -10942586 -116773184 267620352 -404678400 439612416 112493472 338632448 83836352 197988608 191670912 322574848 -302403840 33255600 122940384 -381848320 23329256 -73365568 -57835616 358902784 -111790528 225729664 -176398976 -450283776 63461968 486406144 411069440 94117504 -387548672 72574592 93291648 -322454528 259178176 210910144 -397694464 163266112 -400359168 2233741 270095616 -180739840 -806736 77845664 356775680 337804800 590443008 212744832 117370496 -65260576 -70341248 114651136 
196988160 -78226880 32622936 -36832096 291684352 192241600 181716544 -488808704 -1155624 193504256 -660581888 26597344 -132763008 -148987840 -699429888 -159558272 -541414400 12218248 410629120 -88527264 196484864 68236000 -147766016 -652054528 228618176 233779648 46892192 124504960 163080384 -149481792 -1523864 6262432 -383132416 211951040 32428496 -95127040 264996992 -126118112 50301568 177708800 206841728 -46814640 -404004096 171679360 129525696 -84263296 553268224 91776576 -624636416 -313342976 100300256 272913152 353908480 -714557440 235479872 116305088 322224640 -95586112 -203503872 215012480 165445760 -225584640 114736320 229170176 
-194139712 117514880 -122652000 25425760 -302821632 -109753888 -20061496 -169563904 169183488 -121635584 292610816 74942688 -419184640 -161467520 36415152 543573504 201811200 -170670144 -55588032 360076288 45012304 218914752 101273504 531804672 -461432576 640155136 -180816512 -485203456 -158417664 -17347968 57658384 -164431936 -167655488 553923072 -201973568 33182280 176471232 519703296 -199514048 138067264 -288285440 -226131904 228535872 312695040 -129000480 -370054144 -143582080 -314061312 154192768 -215655552 -210304512 92261888 174447424 563087872 -49336064 -128397248 -164683520 103248288 -21443512 302405632 -450492160 124615616 -47137840 -96303552 
407421440 -66978944 153857216 366964480 299361280 322358272 24385376 -275552256 -162735360 173892608 -71154368 335606016 -52185024 -88358112 49484768 -42380368 -120995168 95466336 255698752 -618838016 482821376 529566976 133888064 -273717760 -272073984 60721792 275164672 317028864 409632512 156119488 -88986304 -342360064 -141935616 32963136 345211648 -287640320 -458117120 -453331968 162380160 -258699456 246768192 292519168 -244213120 156856384 357308416 378684928 340687872 -399222784 -329677312 132741600 -96657600 -153661760 -264196608 -24943200 -509560064 271053312 128355232 72694944 -2289632 180447104 -26477440 117812288 184829056 42341376 
115285440 -59005472 -284135680 44953104 78501632 27821408 640961536 228494784 -243692352 146299968 -541085184 18510408 252711552 -193818112 331511040 -463336960 795177472 -199151488 -74508448 -294011136 263175360 74846336 41857328 525758464 208056064 -270185216 237002944 333625088 222624704 167138624 458761472 332934912 -326067456 -48482032 -69542880 74926144 215225664 -236190592 -104985248 -203261632 -167415040 87339200 5527272 15622704 37390608 -468219904 -291144960 172734208 253388032 30132976 144384640 -570522112 -6082456 236717760 655605248 336615168 550022656 -324007680 -420669184 -540908032 -393650688 -196878592 2581423 -95858816 
-225793920 223462144 -405220608 -64644224 -153916544 301268480 148545088 70458464 65827120 34224320 -243454912 -184454784 -314673152 358042112 -141631296 -148315328 89717312 -167048448 44344704 -20825176 193415104 -158900928 -70261344 180464576 -16614472 315792128 348508160 188593216 41488592 -108808000 -221406528 -184235520 105767232 430966272 170026304 61638976 -570000896 -367906560 61224704 -15196788 250471296 493328896 -70521280 452455168 -155653056 -205040768 132176992 73230208 22979880 91316480 -118837184 -223976768 -141699904 -7445886 36445232 22433400 -261174144 124182752 209415424 236655168 207649280 196807552 79872352 127278816 
287330304 278575872 -56020304 -167074944 222550144 -51713968 201824192 -276206336 62287968 257148352 -158433600 -260469376 -470021632 -44343520 -359528960 92153408 -214483136 33979440 -163442112 369561088 -130672800 -160981760 -241634432 -324526592 -114598464 244755520 -88071392 -203076800 101169152 -136497024 -178461312 42340928 337069568 336319232 438542080 250390528 -76474112 -579014656 -15445332 186956672 359745792 -105967488 -591491584 -17876832 222689280 143089216 479459840 489972480 -134954432 -319657728 -71857472 256419328 156830912 -386213120 66191088 -252310016 -487042304 -45423232 110038720 38640256 165670912 -53184992 36755088 -229092864 
86732672 -482982656 593030656 196008064 273363968 359796224 -5948504 -198939840 180882432 165203072 -583868928 243325248 -46652672 -824933376 -110000992 268616704 -420183296 150798720 -108171424 -284858624 -211778432 569197568 264763904 -446361088 66786688 8363800 -109563328 273015808 369226752 -231232000 350801920 169732096 50260736 -262306368 -256075776 -235198848 239323008 60677968 -431942912 37172160 501647360 391362048 -125073888 161171072 -169323072 -186370752 152235648 -1269592064 -160576256 160861440 -645693952 255566272 -328065280 309213440 -210917120 277654016 174708736 -137366528 -183314816 -287134720 -448308224 52216800 -99011072 -208576640 
243004608 116150048 -625908 73545184 -433057792 -304990208 -198545472 -240486016 -168733888 249755776 212477952 -123812672 25657104 8047912 -64012432 336809984 157951680 -83892640 -319211008 386303744 317042688 -194662912 -360350208 -365147392 -27851200 382904832 128196768 -137908352 -212950976 116182624 85834176 -191234752 450326784 -202766976 -281716224 -278194432 -246536320 -32033008 -643682816 482905088 -154110016 -129601248 46325760 -268951552 143451904 77649056 -55264048 173115648 136694592 -66367296 50642576 -99181696 -35053040 -113858848 -177260032 -282865152 -322547200 336707328 304366336 79552000 189708672 158383232 401156608 -103111744 
-42439984 -223872448 175235328 -411216896 -142249792 -227711616 -134888832 -170344896 63012640 -169345856 -180717440 -141307072 10665038 60465072 -213506944 56440320 -426125568 -306753280 153781248 -437357056 -169951424 239312832 -349861632 -484375552 234757888 340690432 402903296 165718528 31342600 486255872 122550240 -274291712 208151936 -408942592 -274576640 -32654928 -123622432 166729344 26269416 -126452192 -104183296 334063616 -26030280 117489504 -170433280 455588352 278443008 312614144 -15155418 -397772800 -160726912 -624119808 -69732032 192674624 -191076992 166630912 -139820864 -163040000 -332644096 33029592 82575904 46314560 550747136 -120963520 
53770208 668966912 -360947968 36889536 -97873536 23146608 71235392 -250707072 -235621632 -280019456 187342784 87074304 -132076864 51178688 118524896 -256494336 354558976 138994432 -373804800 -8684708 -92102528 -140720832 193726720 23675320 -177733824 116874080 -271798784 -42430288 248467968 17362904 -357633792 -148785600 398139904 282069504 56120032 540156416 178632000 266961408 -38918896 319338240 325244416 460404480 -464058624 -435974400 -54014496 -518154240 -197167232 91840192 -238134080 -83858240 117438656 92121952 355908096 -527980800 -258733504 -22877400 474714624 -167362688 -212735808 -461820416 44269344 -50226784 271250432 -57868240 
-95535328 -486614016 -12596454 98762912 525924608 -120524288 -177675776 474081536 -21801880 -237208064 -47942000 -510770432 -509802240 -311548160 -22982624 -66340544 -136699968 249256192 46330384 -220456000 153350080 139110656 -65107232 164077056 5662352 -22801968 34343232 -126858528 193227072 85929408 -265318144 251955840 -188658880 -99916896 143755712 44992832 -16120128 -266252416 62970624 -310702848 -62685168 117560960 -126891328 77733216 140458048 337579776 399099136 10079536 -242491584 229263232 -40825936 -349267968 63922960 200045248 -441736448 167289984 -585458688 -197884736 -27526912 -221256576 158773248 -34695456 -320324864 353823488 
446649344 -328814592 600367104 234897664 -58283792 155028480 -181092224 -369617408 -73115584 -142925440 -103353984 33877328 -672415232 -229794496 169510016 320364032 95082368 -678587904 -397496832 -187199552 266174976 306575104 227141696 -365489664 -168202432 516335872 373965824 234226688 141658240 -52249440 851630080 177848768 -20546720 -13826384 -64779888 37520448 216571840 191381888 -180760448 -142293760 184471168 212018240 -43630992 210370176 197860864 36696160 268811520 -624826880 -344873472 314373888 -14676116 -72991712 -328444 264173248 -65890368 129489088 -45632256 25117168 -389379328 16737084 294160 96923680 238838912 -265899904 
172785600 250444096 121259392 -106497568 228716736 -442845696 8344186 456958208 375868672 343492864 -28851816 157019008 -366504704 -251465024 126180416 -133631424 -173430144 447109376 265136832 -209469440 -281422848 459105536 -326171648 -441535232 230291392 -178306624 50253312 -64026272 -519888384 390929408 76668704 -43283632 -65623936 -14764698 784160256 427930880 -291897088 97493056 -241285632 -29456176 -256322688 -70358112 -147029760 74284640 173758144 -33468184 713424384 -192823232 -296818944 -33920176 294977536 -105954976 -5240671 135356992 -78907200 71271424 -457985024 -24133240 -437027840 -378950144 2256322 511896576 420763904 312397312 
