16 16
-2.197661921382 -1.5745695903897 0.87857923656702 0.1762578766793 -1.5484672263265 -0.82580032944679 -0.92354336380959 -0.055695321410894 -0.31781617738307 0.18644833937287 -1.463619530201 -2.0194347351789 -0.042722570709884 -1.1415411308408 -1.1379899159074 1.3145477995276 
0.40870466455817 0.17337800562382 0.1248058793135 -1.1689843535423 0.66501662880182 -3.0316057056189 0.9439215734601 -1.1485201194882 0.044359700754285 2.2515024393797 -3.0768240839243 -0.18949178606272 -2.3003792464733 2.0344139933586 -5.200249671936 -0.81770794093609 
0.12063850462437 -1.1568521112204 -0.66153663024306 -0.65602245554328 -0.83735159784555 -1.725063636899 -2.5419401079416 2.785643696785 1.6649185791612 0.33028247952461 -3.0200751423836 -1.8524528369308 -1.0597942844033 1.3119954764843 0.68259509652853 -0.83868461102247 
0.43455690145493 0.25415279716253 0.08386747026816 1.0195587426424 1.5269192010164 -1.2987612262368 -2.8153024762869 1.4880160689354 1.0650968924165 -0.011083317454904 -1.8040514960885 -0.30298751220107 -2.3678334355354 0.25010382384062 -1.6043162718415 -0.21548154577613 
2.4236686229706 1.2621671482921 -1.2235250174999 -0.94481483474374 -0.062871942296624 -0.24476782605052 1.2222809493542 -0.57191937044263 0.64170325919986 0.25238630175591 0.2062894962728 1.3957307934761 -0.30266398191452 0.17423381470144 2.0368932783604 -2.4353094696999 
-0.92871098220348 -1.3134701028466 1.0118224993348 -0.38915512152016 -2.3847902566195 -0.088444938883185 -0.70419400185347 0.45429106429219 1.6128869578242 -0.37070244178176 -1.3543564602733 -1.9312032461166 -0.38934049382806 -4.6521967053413 0.95910333842039 2.0126658380032 
-0.4487566165626 -0.64808632433414 0.45270251855254 1.349755845964 -0.58697620034218 0.5209594219923 -0.99787998199463 0.60054552182555 -0.88503133133054 -0.63081115856767 -0.37890277989209 0.83619173243642 -0.63578934967518 1.3831594288349 0.10915844142437 -0.57642555609345 
-0.79857617616653 1.2821678444743 -0.0088539179414511 0.57123259082437 -0.076796647161245 -0.32935792393982 0.7457648999989 0.11614175885916 -2.334669098258 -0.030394371598959 0.35174603760242 -0.1314749289304 -0.36764474771917 1.3843854516745 -1.4651515185833 1.1380604654551 
-1.4200502634048 2.5461099892855 -0.654561098665 0.42043293826282 1.0447839573026 -0.74493892863393 -0.61664094775915 -0.60278474912047 -1.8870636224747 -1.1964840218425 -1.1889569312334 -1.2357650399208 3.1348736584187 0.88931859657168 0.79114110022783 -0.7813905775547 
-0.068487567827106 -1.4807832315564 1.1375276073813 -0.068132841028273 0.96877488493919 -0.28855139948428 -0.43552703969181 -1.2544318214059 0.53238688409328 0.01111856661737 -0.043379347771406 2.1214290112257 -2.9394238591194 -0.16291261650622 -1.9743122905493 1.6729902625084 
0.33529955893755 -1.2113670557737 1.5733271688223 -0.80106260627508 -0.81480487808585 -0.66624694317579 -0.2057943707332 0.66150980815291 -2.0044405460358 1.0629079192877 -0.85362385213375 -1.859146669507 -1.3103682100773 -0.1161334849894 -3.7222205251455 -0.72714541852474 
-0.9042307138443 -0.16744364518672 -0.73283674940467 0.70634223520756 -0.91836499422789 0.65726920217276 -1.1883256807923 -0.74514079466462 -0.3504216875881 -0.72623917460442 1.9199780449271 -0.40642824582756 2.1653583645821 -1.2005289420485 1.9151275902987 -0.59601747244596 
0.75584080442786 1.1873430162668 0.67022301256657 0.21291735768318 1.2289723008871 0.44729607924819 1.0330171734095 2.2437250763178 0.28836323693395 -0.8289438970387 -2.0164843350649 -0.7091467268765 1.9679867178202 2.4077799916267 0.65073385089636 -0.26078615710139 
0.38505322113633 -0.64136667922139 0.55883683264256 0.63359905779362 0.63317683339119 1.2907425388694 -1.0494991019368 0.51415070518851 1.4406133070588 -1.1035174429417 -0.813033208251 0.62962237745523 1.551513299346 -0.53910453617573 0.0099072428420186 0.8971209898591 
2.9235680252314 1.7098318710923 -1.2090822532773 -0.48084077984095 0.51270463317633 0.26525875553489 -0.55241396278143 0.12238163640723 1.9727067649364 -0.62647837772965 -0.93252406269312 1.4495409652591 1.6954513117671 -0.35601608641446 0.12339525204152 -0.84216978773475 
-0.23294636793435 0.23318517208099 -1.5292223766446 -0.64364206790924 2.2240378111601 0.10483546555042 -3.2145099341869 -0.29045110568404 2.6974079310894 0.19643993861973 -0.40994453057647 0.24409388843924 1.7496209219098 -1.2299428731203 1.0739073231816 0.18147753737867 
