16 16
1581418.5 1419412.5 631734.625 2913486 -2024362 -262757.71875 794306.1875 -1700130.5 -59259.72265625 -223393.03125 -110558.78125 890751.4375 802223.1875 350533.5 -2453469 -214353.265625 
-131801.515625 -1322088.25 -331926.1875 -371096.375 1046454.9375 622901.1875 913085.5 519690.15625 -652532.8125 -130355.90625 1926761.25 -1593623 -496523.96875 -71532.125 1195954.25 -36241.8828125 
-460082.625 -985604 1077197.25 1288992 -826847.375 -1321283 23093.21875 1018291 1997960.5 1385802.5 -2120111.5 -1447237 1064919.75 662470.75 373823.78125 1382264 
-1412973.75 2123159.5 -621289 -908726.125 -1094421 -644836 -769120.125 -2041009.5 1128718.75 694274 -1831745 536450.4375 2570197 1777960.5 1098000.5 -2438056.5 
502234.0625 -2515584.5 1999926.5 1161723.75 -2085466.5 3303832 2446609 1610979.25 493949.21875 -1616399.5 343124.0625 -589977.625 -3523583.5 330370.4375 -2136653 1585078.25 
2176216.5 1738128.75 417949.3125 1071545 -914230.875 -1386418.5 813673.25 1093867.25 -1946469.75 -878620.5 2914191 1182092.5 1877293.5 726572.875 -1887610.5 -1449384 
1079365.75 1531547.5 416263.3125 -40218.80859375 31961.4921875 -2961399 -2250674 1724577.75 -80430.203125 -139248.40625 786010.25 807044.5 1580437.75 -2201961 795202.0625 275293.0625 
1455922.75 787643 1240503.75 -673435.125 -38760.59375 -1913321 -35030.578125 -217993.25 -658503.4375 -38129.837890625 3811579.5 1173386.5 2562183 -1980695.5 2689175 -2533019 
-330932.4375 -450809.59375 -572495.3125 -1042778.75 2103254 -238748.125 -1890548.75 432261.4375 -1543791.5 -964448.0625 1203227.75 -156081.78125 -1070525.5 759003.875 2561247 -2279014.5 
150045.953125 484367.8125 -557464.6875 1026860.375 869901.875 -1927394 217124.140625 1021495.6875 725796.625 1355449.5 -177860.390625 832673.75 744049.5 432391.875 1841121.75 -1894067 
-165368.125 -147420.4375 812796.75 -2833877 -362584.65625 -953679.625 -1712590.5 -118960.75 297796.34375 -636373.0625 956300.25 806197.8125 1756948.5 -1607155.25 1096170 -1401963.25 
-682558.4375 -3811796 1430726.25 -664664.875 -846115.0625 1605991 1877413.25 -1751734.5 1384542.5 1072091.25 47295.5234375 -1270455 229486.578125 -1279110.75 -200679.296875 1286235 
102489.15625 1469035 -809927.8125 195820 1373773 -1595522 -609311.4375 -672617.25 1141592 805295.0625 -336467.75 -1380869 416890.90625 432231.34375 3992682 -2338406 
1110106 2163182 -852796.625 -390750.84375 -2403722.5 1775080.25 1973087 -975162.1875 92371.3125 -647079.5625 -418074 1627051.25 -2007517 -766014 -2345895.5 -803824.1875 
-1458604 -3730183.5 2108906 -2047665.5 -890856.75 1830385.25 718991.8125 1689792.25 248441.921875 -174979.265625 -276639.125 300284.375 -417954.8125 -732161 -1584713.25 2579340.5 
838097.9375 2404098 -75462.6875 2011881.75 817465.5 -1003280.6875 1073841 2685121.5 125777.0625 592020.3125 583031.5 1041237.9375 -77355.265625 2020899.5 1903384.75 -1315837.25 
