16 16
1.6519011035562 -0.54769646376371 0.075207298155874 -1.130349189043 0.49412540718913 -1.1653185337782 -1.623485147953 0.84065849334002 1.6784589141607 1.0551159977913 -0.35611712746322 -1.2282628268003 1.9938543885946 -1.3226857855916 1.4234492257237 0.34708629921079 
2.2654473781586 2.4969858378172 -0.0077282900456339 0.23451903089881 -1.1003066524863 -1.297519877553 0.59217841550708 -0.82840773463249 -0.56728226691484 -1.2581594437361 -0.63183667510748 0.23116405680776 -1.2836750969291 0.90854834765196 -3.9317962229252 0.067403137683868 
1.5465553253889 -0.56679825484753 -0.4573671463877 -1.610484175384 -1.007764942944 -1.3478334099054 -1.7724894881248 -1.9671651348472 1.0088632702827 -1.5640529990196 -1.645702123642 -0.72397030517459 0.24435663595796 -0.13930984027684 -1.6098090410233 0.62173194438219 
0.92625313997269 0.81444983929396 1.1291901022196 -0.88124231249094 0.82599596679211 1.2733946964145 -1.7996770516038 1.2029378265142 0.25290346331894 -0.49574822559953 -2.6598065346479 0.65895643830299 -0.19540996477008 2.7099787145853 0.68684048205614 1.9669964909554 
0.4947777800262 1.1413469910622 0.14229662157595 1.1267668157816 -0.73722230270505 -0.11563069932163 3.4818198382854 -0.26802969351411 -2.5358702838421 1.0614710152149 3.2015440315008 0.4582102894783 1.3968675434589 -1.7517781332135 0.4502788670361 -2.6631641685963 
1.4607373997569 -0.25399538688362 -1.5598022118211 0.044193219859153 -0.10783094912767 -0.66516077145934 -0.62149820849299 -0.25472262874246 0.69205559045076 -0.67988926917315 1.4681852906942 -1.1508742570877 0.061417430639267 -0.066636647097766 1.2147492542863 -0.55049128457904 
-0.23545632790774 -2.122514039278 -2.1004163175821 -0.054978721775115 0.60020810365677 -2.0945352017879 -1.6203991696239 -0.34846957586706 -0.079206330701709 0.72507737204432 0.94958546385169 -0.63888786360621 -0.2517926953733 1.0758754983544 1.8189706429839 0.15642901975662 
0.14082799013704 -0.50892924517393 -0.46172430366278 0.37426706589758 -1.1969768106937 -0.65123330429196 0.36980149894953 -0.037960359361023 1.3869785964489 -1.4025883674622 0.64702521264553 -0.51546955481172 -0.59548499435186 1.6753548979759 -0.1222768635489 -0.26580725237727 
-0.86298018693924 -0.52072115987539 1.7237209305167 1.9789612963796 -1.8047154471278 0.44194642826915 0.27673218585551 1.2944474071264 0.59304268658161 -1.3937817886472 0.43004316277802 1.73430326581 -1.9979585856199 -0.11370877176523 -1.2996925637126 1.8836180716753 
0.84794050082564 0.79988886788487 1.0869687274098 -0.44949081353843 -0.051809683442116 1.33747805655 0.21213316917419 4.1119823753834 0.80831683427095 1.2605489045382 -0.66268682852387 -0.39154582098126 0.58870009705424 -0.19818266667426 1.7255501523614 -0.56857484951615 
-0.42791739292443 -0.55337427929044 0.38117288611829 1.3093357235193 -1.1729196459055 0.72387408092618 1.6536763235927 -2.8859425932169 -3.2558174729347 -1.6855338960886 3.5323755145073 0.54660416394472 0.21000359207392 -1.0174980610609 0.62106424197555 -0.2128218151629 
2.4880004525185 0.57572926208377 -0.019300339976326 -1.2865974381566 0.58994421362877 0.48295740224421 -0.67374290525913 0.34205992147326 1.5768528059125 0.92985887080431 -0.52163525670767 -1.0761981159449 1.0897747799754 2.0160004794598 0.95841094106436 0.9105912335217 
-1.0493812784553 1.3767282143235 2.227455675602 0.37769017182291 0.54489120841026 0.84235513210297 -0.81433457508683 3.8641943782568 2.7042088806629 0.01084435544908 -1.5857924520969 0.067563625052571 0.38713840022683 -2.0806829482317 0.29942838102579 1.2016008198261 
-1.37864176929 0.18516440410167 2.0961614698172 -0.56822279840708 -0.1410720590502 0.40202835202217 0.049245556816459 0.4008474368602 0.68909265473485 0.91318181157112 -0.68470104038715 1.3242303356528 0.18878005072474 -1.807598747313 -0.14621051307768 0.6730013564229 
-1.7079496607184 -0.89159372076392 -0.97186564281583 1.6883098781109 -0.64817545935512 -2.5095308572054 2.269942522049 -1.8140760585666 0.12371319252998 -0.17270179465413 0.69900810346007 1.0774581581354 -0.68245656788349 -0.32225626148283 -1.9934103563428 -1.108585819602 
1.7001624107361 1.2689002305269 -1.0032879561186 -1.062777556479 2.0428125411272 1.4093960672617 1.7226377874613 1.2171619981527 0.60098573565483 2.7900809943676 -0.38444014638662 -1.8053559660912 1.3370488733053 3.0941895097494 1.2581836506724 -1.397540435195 
