16 16
-2863.1059570312 353.44714355469 -3821.1301269531 17802.971679688 -2785.057800293 15544.984863281 -5775.1616210938 8314.2348632812 9282.3305664062 -681.20318603516 -3207.3593139648 18133.946289062 5270.6049804688 2020.4919433594 11058.443359375 1637.2880859375 
-1211.6702880859 -21512.58203125 22799.59375 -8182.3283691406 -3014.9935913086 -11014.460449219 19405.293945312 -14259.370605469 -12938.293945312 889.9162902832 7860.28125 -473.48460388184 -2998.5452270508 -2663.7738647461 -2555.1813964844 7713.9887695312 
-14722.317871094 16515.140625 10857.587890625 -10218.668457031 -13908.479492188 6137.6940917969 4598.4296875 -7827.6706542969 13621.1015625 19282.524414062 -7828.4069824219 -946.66763305664 -14162.331054688 -2358.298034668 8991.5532226562 -29514.353515625 
-5555.9438476562 -15893.611816406 1933.4541015625 8235.0864257812 -11902.628417969 -17676.125976562 4317.0493164062 -20107.594726562 -11850.465332031 -14539.795898438 34980.88671875 -3038.6271972656 6183.0905761719 -29540.424804688 -18038.973632812 6617.0773925781 
-23886.573242188 -12350.787109375 18647.71484375 18234.008789062 -16797.265625 9294.5478515625 -24444.557617188 11214.573242188 -218.58609771729 -8176.2663574219 6901.66796875 3885.5824584961 18272.0078125 -15259.041503906 -19245.70703125 -3516.123046875 
8377.8544921875 -1558.4504394531 10713.610839844 895.96728515625 9460.0009765625 -1986.0806884766 17821.381835938 73.504455566406 -14719.799316406 -16915.559570312 -3019.6748046875 2519.6141967773 -4495.7158203125 2141.7150878906 -8847.3588867188 112.38543701172 
-8656.3569335938 -4787.3666992188 -19194.40234375 10338.130859375 -1371.5052490234 8418.537109375 10851.545898438 -22102.612304688 -9980.3916015625 13840.6875 3443.9508666992 10099.952148438 -6528.0034179688 1843.9381408691 8217.064453125 4154.6020507812 
-8932.6494140625 -25412.181640625 -1532.1614074707 3090.5215454102 15672.710449219 13866.509765625 13774.372558594 2631.8492431641 -13802.55078125 20243.079101562 -9384.8388671875 -6696.8251953125 -12782.165527344 -272.72987365723 -5987.8994140625 -10843.09765625 
-567.51348876953 1221.0900268555 -4222.767578125 5799.5756835938 -36936.978515625 11371.035644531 1935.9995117188 -5215.7495117188 824.66744995117 -3843.9858398438 -1862.8023681641 7655.4116210938 -18559.526367188 -13242.458496094 -379.18193054199 1654.1141967773 
4335.9812011719 -12824.586914062 -2992.0665893555 -248.74871826172 14326.963867188 -1483.7983703613 -4776.2116699219 5591.1918945312 -9134.8154296875 -6860.2846679688 -3013.1319580078 -4086.0979003906 1986.9424438477 14349.126953125 -3638.6317138672 21780.840820312 
-18347.075195312 -31528.376953125 32680.479492188 -13122.1171875 -8867.3842773438 -10651.631347656 -9965.390625 -8755.2485351562 20713.7265625 7214.3725585938 17183.544921875 -1331.7973022461 12716.637695312 9176.1508789062 20301.135742188 9075.4482421875 
17495.068359375 -9739.7915039062 2041.8713378906 3553.4926757812 25902.5 -21212.356445312 12206.686523438 -14044.112792969 -2630.8684692383 -980.25765991211 18375.337890625 4750.5520019531 -5301.5610351562 4589.23828125 17121.27734375 28032.149414062 
15481.647949219 57547.2734375 -18245.153320312 -1851.4247436523 -27514.552734375 6865.5158691406 -10392.805175781 -4448.7001953125 21765.620117188 -6917.80859375 651.03631591797 8566.0825195312 3261.4561157227 -6439.3491210938 19162.106445312 -4110.5358886719 
-12708.692382812 7931.6328125 -12655.442382812 4537.857421875 -12616.911621094 20811.1015625 -12792.090820312 4597.91015625 -1884.5051879883 -2730.5844726562 -4127.5422363281 8106.9829101562 11533.517578125 -7247.251953125 -15511.771484375 -6037.8146972656 
5645.6713867188 3063.846862793 4492.9350585938 -19241.908203125 -18299.698242188 8362.0024414062 -4711.240234375 565.87640380859 -11880.451171875 -8576.376953125 5797.2861328125 5185.7272949219 -763.16906738281 1397.1614379883 -22506.896484375 -15790.18359375 
-14611.770507812 -33946.1328125 9113.5830078125 1974.0288391113 13033.991210938 -14906.35546875 19798.30859375 -26299.556640625 -1504.5624694824 17838.501953125 2293.7291870117 -4222.7365722656 -7905.4304199219 -3394.5222167969 18011.37890625 19224.6953125 
