16 16
-28271816 -209724928 -64844304 -19497384 -61373984 195871744 -71411328 -253550080 -37137280 -76465952 -217069184 -90180064 237469952 198344832 110614912 233073984 
-66976400 -94867680 65275040 3006189 -58890160 -112967520 79153792 34713968 136731328 -85735840 6100610 14606706 -54427216 285808128 65470704 156003520 
29651392 206533888 -35024672 -8381104 -207333120 -119147136 -83033344 -45739232 -105801120 94481024 68332800 246922752 -148376704 -166163712 -75110368 110249536 
280426752 8084048 -188433536 -76378560 -48330400 -134298176 -13145104 27143016 -86926848 -235561664 -129670304 75559648 -209414144 232723136 -75794688 80007840 
102393184 195571264 -129841984 -177214912 -49931328 -32443328 224076352 -37789184 -146356736 -239737024 -84630944 55799168 -202774400 129829984 -59128416 125925792 
-121771936 30711504 130665216 -101460384 -551976 148299264 274942464 -50773312 -37087984 13398526 114939200 152762304 94999936 50130496 97014560 -15685420 
-133353792 71788672 -340316416 -101253280 209386624 -278548480 -20612320 30614976 102321024 114008960 -87882688 -18499608 -138589120 -73169568 -203122944 62736352 
53592352 163772160 -287828736 -169208448 39967136 -240041024 -129006784 -298624 -135283712 14329326 13497480 100699392 91042112 -48961104 -177592448 83142048 
144746816 26283568 -39024880 32129360 -4806472 14119056 -217574656 290106624 42302448 -44938672 -150079552 -266710912 116350912 -70838144 -57615568 -114199744 
194357632 -149757760 11025006 -1066928 -79796512 133578304 -164346176 -62183968 -61752752 -165795904 -41651600 -202890752 263334464 196969792 109258464 -108122688 
177829376 -115607104 47201408 104532320 179012992 52715408 -147492928 -29259968 38979168 124190368 -50196640 -57945984 38392720 -165460224 -128890016 -97427744 
221342528 -48584288 98941408 -1924288 119027712 -62343200 28443528 117600896 151488384 -54690208 188668928 -136672384 68027712 178562304 120077248 -101460320 
-61841744 -155724032 208864000 -774656 -165101184 126098368 -20663416 -76210112 165922880 -4339224 -2376360 26534120 -319734272 280522752 168117824 10959640 
123515520 -277249536 -237045440 74552256 242936576 -120332544 -139853120 142863104 107805152 255744128 -195839744 33965056 -196188992 -150067648 72866240 -33792736 
100674304 223067904 -207098944 -139541248 -61826448 -138065088 4036056 242002304 -101615744 -254348032 -55653120 -171198528 -46506960 73834880 12915552 -59230656 
29471504 82052800 -212171456 -245250560 227587520 -89171008 -215576128 -32831992 40096176 167960640 54938544 -99096704 81689856 -19460560 -99649856 -26255632 
