10 10
10751.898925781 -6846.8305664062 2882.6704101562 19041.41796875 4457.2529296875 4059.3164672852 -18864.096679688 -12173.633789062 12484.922851562 -570.09674072266 
-3207.2109375 -5443.2836914062 -1939.7271118164 7674.7990722656 -13168.689941406 5298.0615234375 -589.03460693359 -5664.8193359375 9473.1376953125 2861.28125 
6564.4318847656 15126.330078125 18419.10546875 -7559.23046875 -14734.975097656 -3482.7896728516 -23696.172851562 -13636.217285156 1417.862121582 -23009.642578125 
-4465.2358398438 -225.63287353516 -19837.80078125 2110.5792236328 12518.399414062 -6927.9064941406 23790.100585938 -14716.739746094 -392.11247253418 16970.799804688 
1498.8779296875 3691.3024902344 -6467.7250976562 -10259.748046875 11459.939941406 2615.0654907227 10302.186523438 11472.303710938 -10714.116210938 6502.3247070312 
277.4641418457 -3966.3735351562 -9083.7456054688 -3185.0068359375 4925.5090332031 14924.317382812 -4398.7866210938 -11882.179199219 9363.85546875 4380.8046875 
-25104.060546875 -4863.9323730469 4085.2532958984 -11491.109863281 24948.318359375 -15082.388671875 17198.778320312 10204.029296875 -14267.546875 13326.42578125 
13330.196777344 7577.3139648438 -5473.1164550781 -2051.589050293 -15274.554199219 12802.250976562 -19623.416015625 -6850.2998046875 18144.067382812 -7232.6442871094 
-15816.091796875 -15629.619628906 -11993.500976562 9057.0532226562 17737.916992188 6424.5637207031 7966.4379882812 5903.9167480469 15478.534179688 2311.6303100586 
12498.298339844 8457.2578125 11870.918945312 3200.2699584961 -8678.7543945312 -3859.633605957 -13505.848632812 4033.2822875977 3038.9005737305 -9703.7377929688 
