64 64
10216424 -399264512 -218506944 -66508544 90654592 225662464 -194244416 249730304 -87928160 227420416 -205051328 51442496 179839424 309045760 -207275840 -245104512 -609563136 -129596416 -75913056 -55283648 -64615472 -170161408 -377049856 -95198368 398483968 -208085888 -274857472 -15425352 334659584 -283062272 177628608 117009984 155179648 -26103504 99808768 483453696 477013248 -261259776 179081600 417833728 206234752 -174964160 -236718528 331485440 19695008 171692160 212138432 35504992 483177984 89124096 -268052224 385639936 157479424 101910912 452488704 -97410144 -127499744 317386752 235458880 548748288 -135700736 100412416 10845354 332462336 
247098688 -224910656 -19526712 -444969472 193450752 -255213952 -140765440 -152140224 -225363264 -402998272 -254038464 23683264 -70068128 -25448968 5769768 -57932416 -59844176 281043456 275190016 373414144 -686064640 -46533824 377391616 -144756992 -36822688 -74540032 -521327360 -54026800 65448288 263316288 -166521856 278914560 -289556736 457879552 -54638240 -21049824 -792536576 253215872 -130567360 -352086016 -161030272 237533888 27675504 -154472704 -166466880 -419138560 -149256576 37668640 -13303754 225495552 93193696 -122801344 -301926144 262057856 -354758144 112460384 104014976 -60906000 -319528448 -176402432 -47785504 -175345728 103519648 -515903488 
82228320 -73871680 -214639872 156125888 -141533120 -253042816 -190871680 -140349248 180207488 -149724032 42286384 -498136064 117296384 -122226944 -184794496 434272256 204258752 -284716544 349809664 196783936 -242209280 -434539008 163736192 6446720 331215616 -98365408 -84812928 98572544 -236654336 21026024 429641728 -321071872 364919552 85476032 149134592 164963200 -234404416 206139776 -317078016 225774848 58810000 -89354176 -291401728 231584128 -82435424 189897216 -703741440 -69006496 100533504 170764992 115605728 -204685696 -325036544 -250873600 -316706816 101990624 -106931264 -217481408 205260416 -90087520 273394944 209529984 106374368 -753768 
173757056 84725472 -114776320 18746416 -119349248 14711806 352861440 -239442688 -73803744 377948928 -291111936 -74561952 -187786112 -381116416 140690112 37961216 85562880 84007584 221675072 214546048 404027136 9071362 -399642368 122655360 -593319424 -333081856 251248832 -263834432 133382464 200636224 -168283328 75815456 772171264 14824238 -70919424 -544247296 -10765096 -569452032 -134121632 415397632 44707472 23991672 585545728 14247608 -295879680 477317888 -287668736 103909856 -71206112 79555200 589094400 -272458752 291066624 -180904256 -377227520 498057472 -275238656 -264772288 -265891968 -94351584 -121363744 313947904 105427648 134016096 
251649152 -161616448 -61099952 141031808 287242240 -1990112 -500694784 -275725824 -389959424 -98423648 121223040 -26819584 279833600 291118080 -187111488 -414053888 -233807488 74189120 -259313280 347188992 -267515200 -522651136 200147136 -42393088 169390592 -233378176 -346614016 -322009856 102169344 92184256 -101170752 35028272 -85569856 -11315648 171579328 116604544 -66641984 -198733248 -117722944 325277952 -109893120 168369920 -88019200 -205194752 -11016256 37471280 261723520 -187879488 223250112 101176192 194139264 363752960 73570368 -227621376 -124998624 -457387776 -183110400 -222803648 -321397248 -123458272 266035968 -216105216 -291699456 23302840 
-310435328 -182467008 -244193984 -573497856 -222532096 383511296 109880128 516687104 16869280 -357904896 -463077632 106500416 117153248 140725568 -93913120 366810112 -68474048 137448832 21874960 310446080 97974816 29174280 -396179200 436610560 386156288 580001792 -206789056 -21317320 9385604 154929088 -284399360 -61994608 -30513784 -18222088 -92250880 -223586560 -56175392 98036224 -166105920 -481133824 -194391168 -196072064 -275528192 530210816 18097784 44661360 50893088 -322540544 192751296 -357144832 -22013584 275318784 -24770832 -41987136 -57064832 310424832 -326895360 468930560 -153908608 -83166176 65310480 -145830400 41274656 88442720 
-410182912 439736576 -93085120 -284565504 -306142208 236411392 441448192 380640000 -98672064 -233744768 180850432 625380864 -375841792 40524704 -357535744 316460032 343069952 301430784 -320003840 -231873408 226557888 84936544 -230488192 348358400 -569265152 362359040 -145059456 331701504 173065472 534330112 39953088 -427725056 -300096512 6359328 -336737280 -305202432 308929280 294739200 -700001792 -719698944 -5581456 -42988960 -115107648 -180162816 93869440 -17820240 -160725376 341439744 -373672448 -62354304 469209856 343159552 540877824 105533056 134145568 -191367680 277391616 -161595968 -198583040 -29241864 -452683264 101227744 444604160 -225109504 
14408632 317775104 397621248 357522944 -166963072 531860736 661067776 -13192416 105533792 105530656 589120512 -131296160 -453022976 -107840448 -106782528 149747264 112728736 -181709120 -188018112 129338944 262833280 239117888 264378496 228068672 -298991616 64903936 -3221692 69648640 392329472 333593088 18247488 41832288 292845312 108169856 256403072 -314874880 136595072 -68801152 -343363840 541598208 326671360 184921984 92275136 -303689472 -57240736 -565001216 157001920 579742208 169637888 275413760 -277401856 54101984 561294336 -408118272 91992864 -705874432 121118560 -212767552 -541037056 20499256 -648288 132774720 76462080 80714208 
-870551552 57792784 -111258592 -46091488 -289221376 -172012032 6889972 177967872 137008512 -84763808 -187126080 -563058688 -9721078 -102795904 -475200000 -200506048 400314112 125853248 355469056 146736512 -68406656 -487703040 -161877696 -257058688 -218532032 -116916928 -118976448 -365113856 317224192 40883968 364995584 -447073536 -3966304 -594769920 -415031552 -89526272 -170179456 -289388288 -35332704 -141107200 113569728 66341888 -132060768 631182848 -53105600 316490496 -470155008 410672640 356710400 -304740096 123951072 93457024 44834064 -159815488 63294032 321029632 -231141120 -11961650 6313494 204875904 32574704 -35595504 84483264 -38811264 
-508324096 303064064 85213472 -169167872 -128697952 426670080 134882752 372095488 -52563904 272919040 -164759936 -237501952 -180051904 -344370432 -270535936 -84281216 -27920824 75443328 -233801216 -225836928 372492544 252278784 198978112 -135554496 -143867392 197853376 -312466176 -219369344 329728256 364242432 21157696 -626471424 343929344 -37236320 40829600 -18623568 -67587296 -210493312 247582592 66435552 225062144 -185303040 -114702560 294856192 304836608 12368304 -195692928 -226859776 236397440 -166815936 -276194048 19038464 603104768 -477369088 -430756352 -261592960 67548960 53864352 -235617856 359665920 -115620224 -123140608 228276800 -47400608 
543729664 -185257024 307759616 -28775488 251831616 -97405568 -271565824 -75186688 74605504 -147812800 -4376088 -201687616 179212608 452321280 -114463680 -185258176 239516224 86449728 128877376 38730336 132782336 -383408384 412010752 -156277440 367288576 330272000 -350712064 -690898432 -162305728 -221467264 135419520 468375296 -100747840 132561088 556624896 81025376 25465928 -254271040 319730688 7642504 -98104928 -30089824 136825536 -599792128 233422592 236554880 253083840 -130052480 318295296 -326740480 -139991104 35325296 231941568 -74230528 127835264 28985232 -252412736 189116096 157712256 -340610304 693622784 80440192 -170676736 370590720 
292054016 130453824 -288568832 130891968 -259154048 301407744 254329024 -182180416 497691392 -83528128 98328416 440723456 -81344320 -356898048 -238989248 -278162176 -215560320 -321281024 108046560 329847808 -25674720 170749248 -738342400 368205568 -167949184 -717532160 -247659456 -167830208 -43766688 -50692128 -204671360 -252614912 70401760 -176211008 272971008 67793472 104332032 -342315008 133773440 419041280 247231104 562803200 410889472 255716992 -855660032 370800384 -321457152 -120718016 -57763616 22163304 202741376 215406784 -209428672 -59808064 -169399040 442938112 -199306688 -233834176 -77360032 288475392 308518400 84754272 -273275648 228293760 
7354112 -40547840 -251436480 157700864 -151677312 6276464 -26081312 -566055424 -163909440 392311552 66535232 192034752 197487232 504573696 -57795024 -459994880 -238767744 356928000 275521536 947144 -66558848 -8200474 -264880512 470945280 190247104 66927696 156893760 76848064 -75068480 -131720800 -808369152 84547488 -180549376 -193571904 425047296 -443495680 162912576 -570561536 399350528 335156992 -400061184 127559360 -65825312 310100736 -10707432 30982016 529565952 241067520 115178560 85734656 52032160 -114197472 -90462912 112206656 -209648704 408994816 -176224640 -8715410 100709248 264770624 119168608 -170380224 -51595120 -183600256 
-359758080 299163392 495629824 -136048768 -146333440 420734720 -16826280 -276184064 174286528 -154523776 148802560 258248960 258274816 -108845248 70118080 -64126656 -74501312 -9308688 432846848 -278670080 -390019072 154650496 -65108464 294978560 397309440 54540320 -48058144 12590592 310185728 272543744 604614144 -126858016 79073216 -207139712 30639992 -161767232 40814928 -359707648 -152407616 -66167040 144898944 -6364688 -161266304 -198769600 -314786560 -366406656 178206272 279991552 426648576 -398709760 222796416 -162231680 291264000 137113920 246450688 541208064 263344768 266428800 194954880 55082352 -111042816 -171916416 -6924576 236307520 
-130906720 -204468160 39854528 -418451712 121350336 -274531328 -431494400 -144808576 102509376 189941376 -89433920 -152048704 -471276544 423850240 263240960 108466624 337571840 -157616832 -150538816 -117005088 -64027984 -39527008 232809152 -349281024 6435176 -185345536 -56993840 -188359296 -188973632 -622398464 -316454144 63379488 -22147832 69020896 -394548 -188495424 -142004032 -201533056 -126437824 225813056 166028096 310109952 96202496 -400202752 252576512 77100160 308061440 -253176384 200665472 170267008 84989344 -303522816 158316928 -48411072 92586912 176609984 272657408 -78542176 67399040 -217190976 425265408 83552992 155679744 592238592 
404346368 -65698416 -439100672 -138563840 -149863616 -169005952 321841664 -484465664 -275944192 114680352 44666880 12062960 24684936 115155648 47060160 -153659584 -8470488 -273436160 -70493920 -35263296 208205440 111566528 -401883136 397101568 -3368520 70922784 -125686752 273853440 -251572544 -23552128 -616463360 239129152 -13918472 39025696 -122944896 177132992 62981488 42128976 -486970112 34513968 -248273664 84295520 -435714816 271279104 217586048 205911040 148955584 219737088 14259870 17202144 91265280 275673088 -8284280 288013568 -229116800 260276800 -577184256 83711168 -13667880 -233660608 40724256 597060608 85534592 -21652768 
697079808 497985280 -329523200 -465657088 3307778.5 -13499168 -171455552 56804512 194738880 -73452320 377844480 254444864 -371815936 39465888 119341792 41559008 4280332 -34110224 -44009200 -177987136 -41371504 117358656 125646080 -160203968 -191049984 155336064 -13699352 -460178944 -230093376 -50530448 67460480 332984576 37378144 88125216 33982560 217477760 -141766912 -171781120 188506176 -39483920 -189853184 344833536 -118220672 -245690560 -295467776 -154425856 -195619520 22867448 -72490656 444734208 106839584 161337856 138580864 -16930264 -218745856 241186752 36485088 -552582656 -274870016 94659040 -15573612 5023008 405024512 -129197856 
191030592 267532544 -18089432 -305080064 -131388544 48437840 62278784 -503364864 -109100256 191074304 53811040 -473870848 453773824 -5485432 -151067968 -264704640 414494464 -74476224 -281623552 -127824960 69379616 -453366272 -198614272 -159211968 146675968 52190768 77535904 -504486400 92990496 119250816 -83193952 286848512 402505984 -255336576 -357112320 76593984 -170843328 -190207168 124888896 537507840 -119534528 -410413312 90625184 -113780288 528978432 -60120096 -20639488 315971840 -383805696 -190888128 -221842880 180508672 500396800 -661241344 -642811392 15089536 -164254400 -496453888 -85854784 314996224 253125376 -161744128 326643456 31861448 
15006288 542627328 -228267392 -150928768 -437360384 -133440224 172397248 -402043648 263394816 74800192 442174720 -96995648 101021920 -46993376 -297411584 -392556544 -362165248 -92255968 129362080 -14771488 149107968 329340672 -83438912 207396608 311060480 303947008 -129796736 413777920 120523456 -163431808 120084864 10753898 128021504 5491344 -189409792 36597920 -17087000 -76975712 347792896 122911232 -160294912 37633024 180022656 331293440 40797280 99921408 263774272 81342912 303117312 -11088208 -454122496 278675456 -162975232 22519968 -96259200 -933856 -153389824 10190498 233507840 225185984 -290002176 -140339712 55575888 -84319776 
530706432 125113696 -420641536 -71863232 -516407296 -90164320 -46339552 -201750400 32306256 -320663808 44159840 112774464 260103296 -297823232 -81305792 -138008768 311850752 -19843840 83390656 188612352 -175073792 -42878032 153189888 416969984 314908416 159112640 94926080 34562848 337176 181821376 -272999936 210112192 -250555776 706898432 -370150400 90613216 -114715200 -13006416 -128696768 -28158160 -310094080 -493247744 -148902784 323161088 1304640 -428785152 -57876704 583559168 -175517184 181980928 164992000 -29464448 -256589824 145132416 -219308032 153521280 41888144 -270850048 -277650944 -307559168 -31440376 -348278784 -69064992 491307264 
91073280 69974016 76577312 -357195776 26504328 319214848 -227561728 -64299552 249663552 -437379328 -403442432 225772928 60822880 521282304 -129665760 316061184 87825792 210887488 -113943680 358422528 -93058752 102440416 -240658304 288419072 -308931584 -165127360 2578368 -173079552 -96973184 223740032 -111333440 161889024 -302932992 -142340992 177818496 -320665344 -513336576 -300524032 -280285440 -136712320 -238307456 -38215360 -182006464 89776000 -409880320 156678272 191006912 -255947264 -570656768 -278607360 515597056 284862976 172104448 -114696704 -290270720 125972960 -104083776 -21295720 178549376 136287936 324068352 -316034304 259498176 -107227520 
-331953152 -493434112 -274061056 290542592 -37334016 307068672 -204231488 34765248 -138279744 -374300160 -578206208 127444736 288627456 205022080 18731400 152488704 -125557056 -123396384 68045280 -166023808 -193147968 -90119744 -243540544 -363247104 -150009536 -304827392 -85321920 -17043120 -205448128 7581856 117660512 -232420032 170618368 -468929536 -176384896 -433676032 7268048 428343296 284064768 269383168 -33062784 -357824000 -283535872 39694144 405076992 464123392 -114451904 -151460416 -118440672 -231381568 -149778048 355778048 185166848 51740576 271341824 214132992 4042144 -116696352 498797824 133155520 170828416 -164708288 199730816 133719936 
-84812672 112979712 401009664 -7700992 422405632 -76727712 -134138560 24986944 -490132736 348828160 -87829504 -34476560 -320827904 186429440 194488832 -106135936 -23308280 208747328 17584656 -147353600 279791360 221505664 248804352 310600192 129666400 527800832 9964310 116155200 284248576 -128019584 -71762080 -50685088 126319424 385478144 103833408 -263513088 400997632 -364067072 286287872 243361216 551012864 167752960 237895360 -189072128 71097728 -127826560 234014144 -36589424 7611950 295211520 35777856 -875764736 -355283456 -59103824 63614448 -309708800 369366016 31893384 -125524032 -187647680 230933632 -428739072 20191760 -152556672 
218307648 -24741104 -81808 168638400 117940192 -26332800 -504101632 -139076096 -223957504 -83143872 269991936 133606400 -519903488 164457088 10681376 -246528192 -152404288 320104960 285324800 119372480 -106887104 -313622528 282944256 -390158336 91697920 31389664 95592288 137383936 71189216 -236587072 98691552 102143808 290011136 217126016 -447685376 -4269656 229225472 -65614704 464396288 -379783680 -24951168 434235904 26582256 111665920 161445888 15488464 7790600 -12547418 193268032 247545728 -20851080 358621696 -325984512 486065920 139532288 305348864 146628352 160185856 -209100544 -211761600 95187840 192460736 -28295040 -504630528 
401238272 -183416640 -217192832 102805504 -138942272 387993344 39302880 -285028096 -113418496 -174156992 315262464 -271895296 -232602496 -199553728 -107188544 38416448 -250958784 332369664 93693952 131161504 285375232 -66141232 -76686016 135417216 175182720 65819712 589415936 -356252160 3515686 447458304 36805248 -49098048 356368128 315483648 268649984 90628352 724642304 -263906688 7602232 155365760 -115790208 135531584 -92007232 436238336 -146817024 -111435136 14848120 464276224 -35638096 -236886016 14315812 -24941456 246613632 -74604576 -505357824 12234272 90713344 -205451520 -120306208 -290511360 -317343232 452151040 554015744 37069728 
507181824 116924192 244013888 -454615808 316207360 -382575360 73398976 100692288 254143168 -53734016 68706688 -254320704 44054800 30813784 -325508864 207613440 240193728 -364826624 -199313664 -128270528 -742831104 -12260134 72859808 111032288 180889472 -623317504 -274265600 490046208 303477504 25516128 39064272 299044096 -259296576 -67366016 -184357056 233797120 -403171072 8286274 -199317184 249905536 -208238976 -224318976 17187848 -541300736 -274728704 -221229440 77881504 -282829568 -161401408 -88520160 257179712 -130820352 82281024 -195722688 161771264 88028704 -16629388 8630684 136435584 105972224 80295744 28100312 -402468096 332924416 
-145081024 6319800 -152792128 55324032 -267408896 -256222592 235128640 -166500864 -77062464 -42620608 -515363072 51705248 -230149120 137187008 -36808000 239418816 146000192 -142642176 75195200 165240512 140956864 93435264 -229256960 319274240 -535966976 364530944 -455916288 506627072 -40666720 -247524608 -325666048 162495744 -73277952 -25115408 -337952768 -72313024 -64667152 -271892224 -171005376 -77839104 -225296128 261282816 -123412512 128728000 303394816 10821280 118824704 -177682560 -74103648 186324288 -139849216 94549408 -89651008 114767808 191696192 -580091392 -204533440 4614672 64287776 -44176800 -41443920 142738112 -35440896 166781184 
61773552 72221824 -32216272 506214656 643965952 -489280512 -582695936 327834624 -262424832 -568663040 871746048 441059840 -540114432 55209760 103797472 -79467168 -257616704 -12236950 60099408 -220277632 100131584 78562656 -126034752 615404544 -177569984 -16745500 12664530 152499776 78394304 156322240 343760640 -199981120 -503501568 -35848800 -255093568 111188032 -256816512 500694528 -82621952 -601071104 300876544 -158594944 -293851648 -180601024 -157691008 260258304 -435205632 -111897856 -137305280 -162776320 143363264 471444992 -397122560 118219776 280866304 -37332672 -80192416 -24554968 2013258 -216210368 220551232 128203392 -337633792 -225191488 
279319552 99477344 -417490944 582122496 -342153216 -276050432 -143437120 68169280 225395200 -149450432 -253739456 -261907328 -77113568 226685952 -73795328 554883072 406794496 357224960 58404704 -331649280 148948736 -220661568 133371904 98239904 177793792 263505792 -8125216 429417472 11373696 -156636800 -87938752 -7978586 -397392640 205866304 -475315712 392514304 246358720 19858288 40900224 -530710528 -74347776 -94149504 -251836032 291885056 422758912 358044672 -161010432 314394368 -451293696 124847936 55303088 216533440 -305051392 292070656 70054304 225313408 -187300992 359114752 87611520 20745104 168565120 494841344 -329994496 -271961088 
-577348096 -1517606.5 -91754816 177500608 297803008 558569472 39562768 258378176 -314612480 -53162432 -497212672 591094272 301658368 -131181120 635332608 303467776 -341529856 121577472 57418208 -155609600 -122909504 129307456 88365024 -121262272 -70514112 412461568 -226451328 -8475264 52915008 -114197120 229835904 596976128 430278912 -202179648 -744177664 -507390208 -405064960 315635968 118434560 -727744512 -288003840 -189471168 124860192 77443168 162835392 -294730496 -97005696 24345024 26691552 -170110144 -280702208 324786944 437370624 216400256 -239437184 130318400 111451424 311128832 -426802688 268788224 -312630272 196900032 332940288 -459873536 
-249560768 -313630720 124776000 -92373312 107475104 154552192 -34275392 19001264 -428438528 -59284192 230507968 -70810112 223061952 175358080 -563740160 -421317888 113407968 10922508 146753472 57009040 175893568 -231214336 48031568 -92513216 170257024 -289164032 237263104 -48414832 389408000 18148784 321364992 73245952 -216843392 248412608 141115136 76556512 374369280 -96940064 -110564416 -29809800 190112640 -259851904 -107318080 -46618512 -141761344 5071926 129990240 712172032 223951104 -175202944 168138688 77320832 -17387424 185347584 200317376 226630784 145211136 442087424 -96388896 399934976 -329850368 113452672 159923200 288483840 
-179841088 25918064 94665824 -83372832 390748672 -116073280 429118720 -122440160 -309167104 268484864 -283704320 17352064 293896960 -8729200 -57757472 -538524160 -273537024 -145907968 184033728 -278035456 384612608 -86972544 29074944 268687872 34806032 182632576 -244870784 -442585856 48713856 111943808 -118815168 7310046 406075904 11061008 -127432320 -271014912 504238336 -360436736 -1402000 163424192 91889312 126403520 76938880 -21095456 540252672 -134886400 -114581760 -103234400 341543424 -429226752 -88992480 -561889280 60627584 -188269312 -238777600 -63466480 11453904 35613920 164385344 33099552 -296419072 366950144 -303416576 269073664 
273062656 -50660960 -56775360 243986304 230070528 -342277632 307960064 -457998848 253690304 246166016 -112254912 -545877504 500397056 -734804992 169467584 -110583360 281616896 -202375104 -42330816 209893760 -4310464 -178185792 499899904 -212769536 227906688 -72718752 504389632 -681434112 -279879424 234166528 32038304 316760832 104422208 -15344032 297620736 -27154744 -370014208 6916672 -1489920 337481984 -166752832 -337488384 118244608 -14684976 -170652672 -570298880 -94396672 169797248 77775616 -92571392 220902784 -552677888 -109449408 -581683712 -498153216 91611392 -213538496 -198599168 -336706304 -346285824 246698304 -177612928 -554312704 286299392 
-80158752 197315008 114449440 8658624 -318072064 240144000 206813952 12763520 257524544 -248924416 161907072 470746624 160104192 203872320 93048032 390069504 -219357120 -176577664 -141972480 -44331040 -312215296 409178368 -97404832 -512457728 25451280 -351463936 110805472 92446784 -584017408 -191726720 361716480 -366544128 -391397632 -299832320 42897888 228940544 -109186944 841101312 -258949120 -62785872 41441264 104348320 -216382912 -470596352 -136876224 133431488 -77565408 270012416 -331749376 92152768 -24901944 275730176 -356518144 -89700992 -6788384 178978688 687797248 -1148558 -276457728 519584768 -359840512 -179925824 498848512 -160612160 
-85477760 112351200 -270739712 -223430144 119743424 34766656 -233049984 98750944 608240 -424442880 513016576 260726848 18406560 284177152 390803712 -461664512 82641760 398730752 205495744 -22927216 240915712 -217677696 119057280 85056704 23540576 204154816 313425152 18799264 323787520 -182393344 547852800 120657408 -32587648 23379376 45147424 264477824 108948320 183895936 245923584 -196081600 -265905792 -64831744 -34167792 537286656 -25871312 61212640 -171429248 432310272 280821760 158896064 -358690560 -49214016 -274270208 305976320 363654912 32668128 210989440 54093552 216804096 -132102496 -357722624 -162566400 303876096 -212361728 
-42035696 117827040 117862336 -799978496 108935200 -315090432 -546708480 128236864 706726400 -432434432 59913264 -183935680 -546382336 81392448 -378844672 528051200 336424704 133029408 366464768 335509760 857888 -250530688 357161984 97344064 -118758592 220103552 -607549440 -254747968 -50970528 72382048 304321280 -92835552 -344910848 85297408 -478923520 148573248 -627816448 80653952 236556544 -203664192 -145269504 -86024768 -419976192 -1132576 353973248 69639392 -363235328 -87646752 -232418432 -339988736 3121616 388378624 31839680 -326680320 -120832704 -124173760 -32953928 152017728 569464 56612000 289920256 -154134400 -233475456 26952480 
460013056 -141692160 278245120 9605304 307928064 -673924608 -593926656 9409696 114729088 154181056 631523328 110192896 64089888 -117210368 318917888 87402496 133292032 -12713872 123866528 -521462272 -243825536 4289282 33276112 122503488 -100313024 -165924288 137928192 89936288 320836864 261339648 -192102784 -177864640 -489817600 -254671744 366665984 798743552 -406941440 -168538240 32825224 -143206144 64652192 -110853248 10687672 -182467136 -92514240 37412000 -100796960 -223370752 -181691904 163315456 253109632 214003456 -387375616 171275456 -82529408 -123644800 -230933248 -187960896 133826688 205746048 40833392 -53528864 -354790656 -56322432 
587720192 -92722720 -117459776 -92510976 583766016 -492978432 -69546496 136864704 -127250784 403121152 369293056 -258016320 375838976 63945552 335273728 -245491008 -70015392 -288736512 -41695968 -235851776 377042176 -120997376 308718336 -121709696 255518720 26082112 -64889888 264017792 -63546960 -186585728 -56567888 286712832 202610624 -55344560 207389248 210388544 364132864 153735168 233979200 115747808 103556416 -110201856 -179287616 -4128272 407015168 238723712 -18313624 -244927808 25100048 367937024 -346240256 -155679232 -123779968 -159136384 179950784 -717250560 -34087872 -135620992 182021760 158789184 29345232 -41810352 -425147904 -179264640 
-60082192 -201787776 -595658752 118467072 297344512 -194605696 -130090176 -692050432 -193986176 -78138080 -55887584 243918848 -451987968 300198912 321292288 -279272704 -290094336 367543552 215501376 124187648 346803200 -63773792 131945280 155486656 -27790576 -197942208 -24825904 -85118432 38826080 -222242688 -365843968 231002880 120602752 356296704 -255315456 -121783040 -60811488 -98713408 198406784 -42979328 42399008 240023488 485330944 504525312 209728768 354922496 132865504 106677696 -106741280 153427392 64099952 -140440384 -275129600 53407552 -389021696 454080768 442223872 -274418944 -469964544 204574912 46968992 45288064 233783360 -248613248 
679268864 22161168 -308464640 172159296 -354679808 271348480 -23189584 287188736 265555072 275557888 59896320 -97853824 -148526016 718624 369503488 102862432 -551913472 22539392 300560128 377048832 33012960 679276544 21069296 457722880 476582144 12590724 227466752 211349184 -314980096 -397612800 -214721856 71112288 224047360 318734336 563784192 42969696 117354048 238282880 -35687392 348871168 211862592 88391616 -193627776 162506368 -232077056 262673280 121652032 -222668352 48578528 563202048 -275906304 -399669248 -439788288 206537536 182677696 -349540096 55181760 143540032 308966656 -48871360 -95393280 421272320 30120400 -127912960 
-199697664 168692288 -56200112 -641181696 -63102608 141827456 62949360 139618560 76900896 429473536 54049152 275291904 382750976 76876064 131632544 67494112 -7531278 -167801728 -112329312 -27915616 77016544 64954384 -285245440 -120722848 26768024 -359414528 -282774528 -91553344 57761360 -242037376 -28153160 -16673976 238201152 128302016 98487904 -403896832 -380492800 416391680 -64282064 227446784 70936960 -305657088 19776912 128358912 -481726464 514151168 90092032 -230755072 -84043040 161125760 52819408 17747776 -44472160 9979528 -625401856 128684448 -103257856 171349440 -207480576 314833664 -238946560 -330558720 35355696 -191189120 
90810336 143822720 85157568 -208556864 741598208 242038976 -690845696 -46518240 -246206592 -437045248 -443568640 300288512 -85753600 86876128 -101063744 114120256 -88763808 -487553280 -291342336 7694480 -104918272 -64663936 -412097792 649979904 -60110016 10695452 -702718464 -218766080 -28745656 -95978720 430657280 92386592 -121954816 436733696 -214984064 -10250176 -120830176 -22387248 -131918272 -16874448 -333996544 -516445184 79913408 -629096448 -253282880 97636640 -251286528 -464921344 -477578496 73614368 23455392 143326400 -30566928 -460102656 -252127168 -5038608 -294739200 107890240 -330014976 224175680 -27287504 -438642432 1236824 269557760 
-126420384 -151286144 163789888 -277305088 401294592 -543065600 -238118656 -227555776 -499979776 63535840 -473417984 57201184 -35144032 -51400256 -44907808 -11191296 -241102976 290687744 408102656 -343176960 -219063680 18116480 320926464 -100234624 154593536 498759936 -66592736 -79978432 362441984 -58803408 329131776 89018240 51826416 -213117824 -467692800 30462712 -19349112 232379648 388483328 -78641696 83853664 -349694208 -294573824 -23034880 36037792 -175435392 -118781216 -158052608 -158769664 -62181632 -152297536 11774416 -459958016 207662720 -37078912 232333120 -189761536 -124310 434792960 -132946400 144714240 -282791936 266154560 -311295232 
-19088304 -75795904 -154452992 53848512 -112798880 122517376 -315342592 129056832 -116500672 16378666 171442944 -394196224 -256611136 321396224 129155584 -362902528 -591018496 50575328 235363008 16733776 -488965120 27579312 233001472 -144704064 169469824 -122772160 216778368 125318208 -183050432 473899264 390659584 -226412224 288568832 -267137280 -111147520 82093504 -303967232 -20320928 118005120 103648256 166875776 176631040 -58707360 241203072 122416960 -195835008 289108480 337530368 440913152 789084672 -211165440 -54294144 1797280 168307392 -233585664 79990560 129423808 -68770336 146926336 -86477376 -231458944 175272320 20702768 -149657664 
114831424 -353095168 210671168 -606778880 286804992 19014208 101240704 95326592 -585645056 -39857344 80990400 -364789248 283990528 -23163872 -282120960 -607595008 -51076528 207385920 140020416 251309824 -99019008 -236421824 -341378304 301101824 146871808 -60379024 60295392 -577410560 163254720 484106240 -41825824 -47327600 256133056 11799288 198401088 -176461056 77095712 -445711616 -148143104 -87615616 -377071616 -440212992 31557824 32878800 -150547584 -294334720 -548267008 156474624 135445504 -443274752 40857664 -458884608 13554128 -570281472 -546731008 182728384 70244000 -70927008 -71811264 -36142320 -96037952 -225843328 388196352 -51683200 
-217554688 160780096 206561024 644890112 -392354048 414287360 356848128 583276032 528862976 -72052608 -74708736 -165241920 -238042944 -173776896 -152339648 632025088 240933696 -90818688 -178356032 26022120 115754016 180203776 -23821632 -88859072 -167176640 255213440 204734336 416302592 25087872 279562496 116012576 -423555840 -235091584 27790072 -104687360 -119810496 375349760 105979328 -243732800 -302701056 682424320 284316928 -375978496 -23825744 -42271136 -172452736 175126400 335945472 46026816 -208124032 276186368 -235118720 289215232 217569152 806896128 -422307072 256253568 500586496 -89241280 -373660160 26062032 -12022160 -469710080 308567552 
579657728 189711872 110810176 -286851840 145139840 -182305408 239953984 -49979360 -45685024 -73016768 400456704 -492023552 -274206464 -214271360 -485843712 -256980480 -296630272 -248074752 -505165824 326992896 -402999808 282883584 -258744768 197023680 511956224 -497270528 -286462976 -133764352 -119085056 2000008 208235968 -415566080 189548160 104361280 -366150656 64692544 339614464 129680576 -303845632 277983744 80030912 -55152704 -405636352 -400355584 42381280 -76820448 -338178816 -133951328 165638784 -142348672 3693606 -81016864 -363328768 -501643008 212404864 -296828160 200112640 -126790880 80129632 -135886912 -170621888 399379456 -304134144 26890864 
-498009856 230791616 -143416832 -190635520 -218143104 78438720 70256800 -47370960 -13212028 229942080 -214396480 -222607744 -392045312 346363648 -208546304 -115402496 113735552 -81879392 -474472192 -237947136 -179142912 57663840 304398336 -427927040 8991488 124588064 -301746944 -52773664 -73527200 -89635648 314163712 -269453312 -29259600 -22677712 -57874496 56458224 -402490624 101316896 106752192 210233472 150040448 -230859840 232515968 -442337792 494560768 -309552384 447612928 238024256 261931712 465008384 -488321536 -89850752 566433280 -161568384 33460720 189674048 329975808 -113373632 -138470144 285893376 -387178496 -222286400 325256192 182011264 
-504007680 110129952 -405003776 -446226688 129202240 -79245600 -361013504 216125696 -67327232 122692288 98957376 646064640 323646208 -268777984 78621856 -89770464 110614656 -292386560 53878976 -351898880 193281984 -147740160 -134945664 -139808000 35524736 80161120 -157737280 294874112 247916032 -283843584 20787824 -32954592 -193304192 -107176128 -275866112 24062016 97562624 237459072 161427712 -170083904 4568160 -13156384 -111880672 -3616112 189866944 -192768 -88710912 -65184208 -172443392 -115285632 76926816 113521536 -345468416 299547904 332911872 -87718208 273233152 36934544 -152099264 547461120 -178050496 -385398784 200745792 294789632 
-133682464 430795008 -274710528 -229164096 280404480 8544528 -115639328 -269842432 -235662848 413054208 -210123072 266265856 199463168 173711232 268067264 -76478144 -14164944 15576328 151255872 -151212992 77138304 -109077024 264280064 -23804200 159919104 363513600 -941106688 91928832 482155520 -358641408 -402277888 183263168 434089728 -38241296 -613123584 -140492672 133556672 16911200 95749344 -133532064 77433184 -212839872 33575680 193004224 306246656 145041920 -439680512 -262271680 -226279232 57121504 -435520512 322845696 -13527488 -68045536 -224160256 -112237632 -243712512 -88457536 -469683712 427929856 69317088 -202691456 80809312 -463710464 
-121041344 -531109632 204144000 58958656 371650048 -313419776 -297064960 101318304 41653984 500294400 -83074688 -277386752 237781824 57733952 -228165632 -78702848 -175116352 -205132928 171227968 75004672 349825280 -409451264 -152597376 -153731456 -216403072 -158207552 83820000 -149694656 -37494496 -16992928 154018112 29297456 -29708496 -134867904 272404480 464026112 -313069056 -235959104 88983232 -70413952 269253888 239959232 -147693952 156596800 -53022496 25856240 41632656 -73316448 -82290816 -33461960 -118115104 46207248 -61885872 88496384 -28402136 -111337504 -405403136 236416384 180707328 570163200 -37796288 285404672 -390780416 96869312 
-530166272 -99241696 278897152 182852608 402994688 327980544 326917376 -172088128 10062778 -277173504 -173513024 326848768 572340736 -242208320 149709056 288250624 -50149888 -179186560 385123840 -280875520 -124951680 -285748736 -285614080 -63996096 -264805504 100942272 68844672 -25062456 151543808 -33215440 248311104 331905792 83544512 -383408896 -445730560 -32581992 307102720 7959924 478785536 240250048 -57089520 -95627360 -30036704 85623296 169663104 -159068672 -530925568 428294400 -519113216 -446383360 56742000 -2000657 -291733248 -160315392 -82498464 53176784 92142528 22909840 -81362880 582675456 -33733920 131722720 148111936 -232880512 
76297856 8368126 -239864960 -283226880 -243166976 -129311968 -106920288 230295872 357265152 -232141568 42337088 167494208 -139376320 381822976 -118568320 -44521040 6898704 53723040 336403456 520665344 228449216 41865472 112984512 18374448 -364148992 -351815936 -38010208 485987584 -83963232 -209011776 -396735488 235319232 -387254016 136958464 -179979712 -364916224 -501864192 -38877120 -70052448 -365764096 -59655008 518606592 189665792 268901120 -236957376 343299072 17719120 111455776 -240162816 529966592 253438208 66425392 -253071744 356421888 -45399152 -404841984 283059456 -167354432 212907072 70403232 520635904 -95164800 99102464 -172016640 
-51677088 -215718336 -486748160 -827649536 -324772096 52712640 225467968 118624640 -144463232 -188784704 81280160 -31660896 137395968 290597632 -379897088 110102080 -59928496 202373120 164683584 171852032 46486048 233070528 269992 138708864 72200032 -20664488 -798265856 -13428032 182207296 -9514666 -253786816 -35356352 -331543040 22381536 -342664960 -151069760 215342848 -173680768 -61206480 -350863360 -281527552 99289696 33022088 68090240 -44986048 820864512 241425152 -167999488 134233344 -325495296 59141392 247148928 -169379200 100722112 -239981376 -291731456 222393152 77569696 62444784 48950416 -354049280 225704192 159550784 328772352 
-361487872 -41955488 16160864 31355480 -243419392 93787392 -8701520 -18534688 143474496 154436416 52571280 -143584832 -82221696 -83191552 -2814360 364665856 273850368 396090368 170703552 -77748736 156799744 -514120704 379530240 -353555456 -12745888 96579072 180879744 -160824064 342814208 37750976 45106128 -66919856 238826688 -5040232 72325600 -269135104 217222784 108384992 592100352 285568512 586590720 -113690656 72115200 76056352 192573696 127585792 43021312 194547264 201073344 117109952 22733608 -57082352 174176320 379226624 220333824 -117872992 -229075072 77945600 211435904 -144006848 410204672 -90176352 86005120 5516968 
562102272 -21294688 269025024 37189232 132215456 78236512 356608512 -142844224 -352988160 -211624576 110397408 -127275008 -48644368 69228864 -77281856 188370048 147691328 174054592 -282212352 -153461248 -153004992 -58329312 540688896 -522044672 -209065536 -86941408 70348032 73453376 -194598720 545662976 334599680 333714688 114483488 259080832 338956032 -145067136 131907744 -69214240 425649920 310157568 66283056 90779712 -444207104 -366176512 41671552 -160662016 232477184 -55577072 -316142336 138460480 205246208 -447780864 -142953472 310629120 110575168 -203311744 400800000 -444388352 -101998304 -214375552 179008064 -520797184 279128576 -307213056 
-323078656 -619785216 -230973056 131903680 -184788800 178543424 73253888 -173895168 58217376 -142034816 -408211200 394747136 70648864 -202417344 582531584 408138752 -68934720 -141991424 460722176 211010432 151996928 -135833344 41477392 14421824 124454624 235279104 -76705472 -218932352 74857280 -372101632 244644416 76118528 186429824 525405696 -161840064 -573184512 -277011200 165895872 323402752 -260944896 297348608 -348668416 61362960 153889472 -126521312 143492096 -9685376 445581312 -32818208 104373088 -333365504 -160174720 -435116800 -108262944 -230284544 457834240 281012224 484983552 -348027648 -90052832 -212081792 186113280 72229408 217316288 
-262479808 -422432256 -88192672 293629952 -254012416 389104896 -53395424 82024736 -182836928 -221456704 -427996160 468387840 -320389632 157440768 271638016 794207232 -440230656 212894720 11945892 -232924032 486613248 154650880 18430064 141483456 -105409920 170657408 -72164608 450244096 -371947520 130435328 206462208 -364036864 74346464 653777408 163275392 53309616 245967232 305444096 77715904 -370710784 -138859712 188078336 42321616 111681440 265814208 629749248 355944960 -408533504 -87280416 90178240 140515968 120084640 -131493024 51988000 -175303680 -9152662 226022016 336292608 247996992 -307639808 69503264 618902528 212138368 109378944 
284239616 -412809728 158178944 -256292736 -150542784 -124012576 477748736 -348369152 -204344832 113713376 388941568 -114446880 141980608 -289602304 -65071680 127809280 -63966608 -127484512 353264640 -129890944 -208989312 171503232 -176354816 -340295424 585249280 -131103104 -12178226 -17294904 -17078416 633940992 -341213952 -126850592 514798848 -47771104 579602944 -308912128 671371264 251421760 -357176576 324040448 842072576 216339200 -384737024 -485385728 56211104 129242112 80389984 53300816 372653056 -253717952 330952192 -329300736 232748416 93718624 359729664 125681984 474708736 -299479552 -97126848 -196894592 -46951696 453516800 223456128 700453376 
138423488 -106374240 217459520 -97000000 67541824 -348859648 -144859776 171207936 169310784 274252288 -98538368 -365083648 -132479680 -162918528 -422852864 -4675730 -72706272 -86937632 -418970880 395103744 -331419904 -148675712 71595840 375955712 229373376 -174569984 298586368 -18482704 87710336 42060960 290331392 -281821696 -94649216 -338393856 350162432 785620992 -280297472 -203639296 -520050944 48138352 -442055168 -389680384 24543360 -63292704 -256233472 -299732224 86783168 -417987072 246136768 -237531392 377585920 194639232 -135427072 -669322752 41690080 -289936384 -550289920 75458272 152282688 -283086336 113514144 473772032 -496041472 565143040 
-146038912 -244785664 22458536 -192999232 285861376 -3892464 72132672 447590912 367802112 111071296 -319849728 -205211008 -218066304 131216192 -160732096 -23602536 -169016320 40842624 -485927680 65969920 -502171136 199041024 -52827232 -565227008 364050432 -194061696 81224160 -136917824 -531574016 166609408 -173695552 -221960192 -383119872 -350719232 232473216 -263313664 -56583920 286281984 4993336 -225269312 164941312 11037480 -365929216 -158649920 319400448 -374594560 -69189536 171970816 -38169856 -171301440 360458496 -366057728 466252800 -179313536 -71915232 -133512448 385633280 124919936 -201302848 -25059368 -75340672 -40905968 205157376 -197974784 
-352905472 -156011584 -554055680 34804480 -429278464 592645120 246600128 432756480 -365944064 -39944896 -385281024 329373184 346139648 130021280 -21426416 -311566592 -258945088 638077952 34069824 -35916000 115769984 63815616 -118898176 -173690880 -152237760 287874816 266346816 -141405760 -67250816 -276310784 -589133824 -61512672 -245900416 -149967744 -280204800 -228107584 322465536 -314443008 401570304 -169535296 -374748672 324742656 216868544 556258304 148588864 215475520 235303296 23254240 -473522688 -295103488 -126567424 -37688272 -102418656 353806080 -165231168 213027584 332352512 -88180032 309728256 134374656 -55440672 -51356384 836359168 -523319808 
-559547392 -225545984 -543864832 -56521424 22548328 -95101152 9288192 -37782512 143227008 -102122144 -159524352 -15343664 -503265536 425999104 163604096 -239735424 -292166400 113092000 -382482688 -79026176 -192143744 286361856 -217622528 -183963072 -162788736 -203682816 -249227456 -366631936 -187337088 -343884288 -66472800 -468065280 -294666240 -482297600 -269184768 -97202080 -198990592 537303552 -174881984 20522216 128016000 85270304 -419581440 202969024 35827152 321268224 508809984 -3915997 221607168 -116856704 -372700416 271131392 265820096 -276981248 383014912 60202256 335408128 -134708544 318961664 22142744 -254649088 25859752 119105024 -234546368 
71616448 252836800 262165888 93954592 30469664 -55970432 142242496 429065728 186849728 -390729472 525922048 61475504 -626187776 96459104 22493608 550902272 -70522368 403066112 219695488 351123712 158875008 -151040960 58554464 74941280 -350918656 386075136 -39333376 -341145856 20910832 129415168 47316128 -329680896 -287977728 -106447360 -69619904 161447296 -126043264 9183416 53917232 -133587520 236665792 108636224 107766528 7880920 -8558552 -341888512 -255174208 -173105024 -330362624 44292096 -224775168 430408704 57298992 261260544 103249728 -315277312 80587712 -397438976 -206052096 -209920320 548909056 -158683968 -270481664 -226263424 
