16 16
1223838.5 1043602.25 -2851016 -160688.34375 -1748225.5 1703812 118632.8671875 1746689.25 -3018979.5 -935058.625 2660252 1095664.25 -1152428 -935473.75 -1027219.6875 -1816231.25 
-523693.8125 919439.4375 796476.875 -1871522.75 -2002.15625 -2145597.5 -544279.625 -423065.5625 -210744.53125 198076.0625 -1501350 -1884278.5 269939.65625 -1781679 2027720.25 3030809 
-1184851.75 -922509.625 167733.9375 -179739.78125 1946356 -1753009.5 188947 547184.5 1537463.75 -636079.75 134660.375 -658237.625 1118731.5 160997.25 -300940.75 1839989 
1380812.75 939484.125 317353.09375 -1277986.75 989529 502720.5 718656.9375 1797276 -1349103 -3084855 302510.34375 -368388.21875 855203.5 166661.625 -987365.0625 -2229907.5 
-60760.994140625 820705.8125 -1195060.25 -2024035.25 200490.84375 -2082907.25 1170830 831273.875 -408618.75 -1913266.75 100214.3671875 -1506750.25 106768.484375 -367586.875 721447.5625 969591.5625 
92946.7265625 -3814510.5 -1524645.25 1343849.75 -1361888.5 1851053 126765.421875 -862495.5 557524.4375 1597180.75 2665342 665959.6875 -877675.375 939211.5 586680.625 670409.25 
662580.3125 -2999245 -582334 307187.78125 858915.875 1027920.3125 259678.671875 -935274.125 450892.4375 -231220.453125 1854168.75 1224100 -686648.25 1071806.75 -292739.5 674960.4375 
-1818976.25 -267052.34375 -782883.75 300194 -428969.84375 -1647468.5 -1079421.25 22128.34375 3054608.5 756765.1875 -2068221.5 475693.8125 -1097160.25 746282.75 905294.8125 2046280 
505439.75 422850.09375 830498.875 -2626367 -1620632.5 -2213443 306728.9375 439793.71875 -555258.375 446294.90625 -2304979.5 1783426.5 -1385263.75 -213253.796875 2009466 2701818 
-258198.59375 1223317.75 3706902 -1724596.75 668650 290432 940242.4375 2058086.5 -823217.375 -1963418.75 -1007674.875 -1363015 1893434 -1352809.75 -551027.4375 -721287.25 
186675.890625 -1992364 -929407.5625 -652872.1875 902774.0625 -602860.6875 906867.1875 -1327418 3115838 -479026.5625 1504142.75 717782.3125 -167229.25 -483317.65625 1239654.25 3724634.5 
-455683.84375 -450483.21875 13245.4375 719805.3125 1062652.5 -174185.234375 687052.0625 -1175887 -1243224.75 306983.8125 432889.5625 -948005.25 707183.1875 208441.15625 -269697.125 -194566.78125 
-1943860.25 109371.234375 53591.21875 1030249.875 -883035 1401623.75 -1662580 903045.1875 351898.625 253456.84375 -1916219.5 99755 -336946.28125 -1156957.5 456219.0625 -602623.5 
-647145 1470243.25 1016903.5 250824.59375 -819492.6875 501649.875 -1447830 1597719.5 -365785.25 -326054.15625 -2344647.5 -374448.1875 -40409.75 589235.6875 -709145.125 -1521181 
-1749208 -736755.75 2961572 -1821857.5 311727.53125 -1210124.25 1586786.75 523894.5625 1066006.25 -509670.875 -1692534 721648.75 1911812 -1496760.75 1228533 3190974.5 
-2359144 -1204304.25 504383.71875 1375901 162303.828125 -2007712.75 -1838299.5 558330.3125 1041891.5 -11843.616210938 -839792.5 -144880.90625 166944.71875 508840.84375 -72065.3984375 -167436.34375 
