64 64
1856555 -940253.875 -510168.8125 -1381306.25 -1802793.75 831333.1875 -611263.8125 2170565.5 -1324817.5 1181379 -2934404.5 -1893121.5 1838939 -1595657 3997669.5 1318534.5 2402583 -641543.5 1032700.875 -663205.1875 5717326 -2683702.5 -1255023.75 3180262.5 3014336 -1148354.5 3531591.5 -135987.53125 4510158 5900507 2878729.5 -6819166 -1088164 -4888456 -390107.0625 524488.5 -1864588.5 -1771357.5 -719458.875 136157.859375 -1213453.5 706104.75 -5817881 -2937280 -7031113 -2824906.5 -164468 -2834609 730584.4375 -3270836.5 2188534 208757.921875 -1294967.5 368022.0625 1710289.5 -3569668.5 -3077444 -175271.75 -2232711 430285.4375 -2201987 815597.6875 3852965 1573907.5 
-3593354.5 -210899.6875 1278093.5 -3842319.5 5845824 -3344836.5 -522798.375 -942248.125 810519.8125 356503.4375 4330249 -968933.75 -2835558.5 669127.4375 1460270.75 -1821377 -512791.28125 -18262.34375 -1901360.25 1986181 1288598 -3552819.5 -1051294 -3111802 3339862.5 1107236.5 -2268986 -418608.15625 -1419460 -2653073 -801707.625 -4387823 -2422146.5 1209097.25 -1150407.25 3241643 -2666268.5 -5042125 -4026955.5 -2283812.5 520386.9375 2000627.75 -773197.8125 -1286941.75 2347450.5 1317333.25 2189776.5 510691.09375 2962561 3546803 -1433122.5 2492953 -3753812 -1651492.5 1613808.5 -823453 4417063 94970.125 2311446.5 2172689.5 -2762513.5 -508879.53125 1026635.375 -135103.09375 
-1817228 -3771814 -2207272 -1765264.5 6331095 1388544.5 3413647 1793477.5 -4337071 3540858.5 -3980579 -5783196 -1838955.5 1682449.25 2526828 3667663 -1689204 -4307511 -2472530 -77142.9375 -471526.1875 7157050 -3128184 -1736383.75 -3740025 2195147 -2274114 4871975 -2490578 -2661984 5517553 1854268.5 -1168146.5 899958.875 -3044688 3335613 -3023088 -2849106.5 -1057578 4242797 4895877 -1234496 -458839.625 312380.375 5789153 4160652.5 -1468668.75 1759648.25 -3765574 -1259660.25 3910545 4498691 8752186 942019.5625 6942676 611596.125 6647743 -871469.875 -1451478 -2184230 -3481131 3569115 -4260326 -3025298 
2681550 -349445.5 -2083791 -2021214.25 2139296.5 2618853.5 961763.6875 -1295633.5 1032161.75 4344302 -4428887 -4064273.5 3585453 -4452849 -633198.875 4275929 -1938349.25 -3088525 -2777011 2807317 2566497 762365.9375 -2312564 -1996606.5 -760246 -1075012.5 1292301 -1907280.25 -1808735.25 1678785.25 4592446 -862568.5 -4207405 1387567.5 -715043.8125 563012.5 2664593.5 -1251986.75 660164.375 -83068.828125 241448.359375 -1032653.3125 -1278135.75 3447411 2075608.25 -1680003.75 581691.75 -2587041.5 -5325558 -1552023.75 3256400.5 -1725163 3532908 -4179729.5 -715835.8125 -2733830 -1567648.5 -973189.8125 445121.03125 -714697.125 842612 -3314680.5 -836726.25 800452 
1691593.75 698831.5625 -401610.96875 2427440 547476.8125 2247130.5 -885256.375 -2652141 -821636 1731704.75 -2669205.5 -2652524.5 3165900.5 -1166526.25 703963.5625 2233724.5 -1403304.75 -2631911 -1905706.75 -893370.4375 -351239.40625 2095425.5 -494651.5 1460421.25 -5452373 2248844.5 -864687.6875 -53484.419921875 -2681475 1525343.25 1937498 -171033.28125 -494415.75 -3209842 2484613 -993769.875 -1337002.5 -1154814.75 3018026.5 1153713.75 -1363548.25 -2138854.5 350704.625 -2538733 2667336 1134531.25 -1869694.5 -7970485 -1840567.25 -893209.3125 664562.0625 372581.65625 1133034.5 -4389815 3017173.5 1544131.75 1370115.25 3030953.5 -28566.458984375 1082656.5 -147963.671875 2603182.5 56183.8203125 -1117765.25 
4330342 1188453.5 2043951.75 -4291216 509584.375 5856578 -570178 1020676.5 2843585.5 -3057155 1153027.5 690510.875 -2309349 2311668.5 3479412.5 -5441085 -926674.4375 1043335.625 -35642.90625 1207434.25 3296520 -1210302 -2216808 -2738065.5 1184061.75 -4972211 2528670.5 43983.75 -3766339.5 1790781.5 1645465 -2427159.5 -141470.4375 -1380195 -47325.5625 -984603.375 688060.5625 -638058.125 653523.3125 -3102927.5 5863225 -2875404.5 -809546.875 -384308.75 -2525654 -1923361 -586912.0625 3230049.5 759321.875 -1227653 -19460.28125 1045492 3137846 3228477.5 323122 3329048.5 -1216592.5 3344336 3070793.5 -1089655 417731.78125 -2243988 3779108.5 -2424163.5 
1927609.25 -351576.25 -2492860 164137.1875 -4255071 506115.0625 2887574 -273860.4375 1484419.25 973502.8125 -3669885.5 53066.765625 -2015141.25 4241539 3774263 1287389.25 826617.5625 -3201059.5 -808239.75 -196714.3125 -1152781.75 2004828.75 -1006005.375 1215321.75 -2648385.5 -4995908 289545.65625 1285165.25 -2631984 7544390 1565602.75 -2292489 2371207.5 -629661.1875 57019.6015625 600443.75 -2000342.75 887206.25 903775.375 -187068.890625 2286967 786079.75 515642.1875 -2318242.5 -6455860 -2695482 1523513.25 -2316346 3872102.5 -4670510 4521997 -1743800.75 2538048.5 72565.0390625 4976236 -565201.5625 -4809244 -882677.75 3869744.5 988677.0625 409630.84375 1379363 1505341.25 812118.5 
-109322.0234375 3929443 -1519409.25 -1508444.75 -3208842 -3287197.5 -1386162.75 -1238727.75 -2089763 -3652901 -2226819 2322920 -1699855.75 -1467749.25 -605503.4375 2932646 -3964494.5 1000293.1875 1543703 1419375.75 -2277840 -1845954.25 -1216729 -567072.125 1560454.75 -2427693.5 -82186.28125 -2530725 1619209 -1528965 -302040.5 -2970860 1299501.25 -1897886.75 131369.796875 -2261247 6299773 6458019 -4915290 1758867.25 1325101.75 885331.3125 -528899.75 3027702.5 -779862.375 4038597.5 1394555 312251.03125 1412273.25 -2469016 865530.4375 682245 79367.9609375 1845986 -3680003.5 -2076018.25 -1628384.5 1546760 -1252423.25 -2807770 2177103 -262265.75 3204033.5 896575.125 
284971.9375 -3108288.5 -4275728 600141 837824 2574281 -1436647 3762729 -3091736 2560749 2645935.5 -2174629.5 148987.5 -100750.4921875 363066.8125 1495463 -1380761 -720058.5 -843169 -1941539.5 2657762.5 8486722 757523.9375 2789619.5 783605.5 91314.546875 -1896598.75 8061290 -325027 3738754 4522725 422354 2818646.5 -1126473 -2124027.5 -1220997.75 -4058964.5 -3171671.5 187506.078125 5656074 4896926 -1553966.5 1132574.5 -5004801 -956358.5 -1239585.25 2256939 -563555.75 -538249.6875 2684462.5 803145.25 -2339144.5 978517.5 -703380.75 42609.296875 -1882007 4059804 -1820817.75 -3474576 -1878623.75 -128199.890625 -1541187.75 -4667935 -3272572 
2365174.5 2101417.5 -122467.65625 -3051116.5 -1184328.25 3885819.5 859664.25 -4994848 3109210.5 1511264 -1657180 -596864.125 2876704 92263.75 -1325772.5 6633241 585915.9375 -2482109 -202496.625 -2772348 -68486.4375 -1419260 -1563101.25 3020917.5 2764337.5 2025907.75 5204291 -3268857 408003.8125 3803646 1936681 -3787949 5666620 2700138.5 2718132.5 -1204049.75 -299181.3125 -4559964 -1296107.75 -4635855 -1676555 -615315.25 -2347729 1791048.25 -3715703.5 327410.8125 -706535.875 640507.375 -400189.0625 -2943684 599644.3125 1460377.25 -1086188 -1205950.25 -395775.5 270309.5 -2588638.5 2028160.75 1896937.75 2873214 1053912.5 -2064620.25 4540547 1545166 
978387.125 -1843667.75 -4012142 2823048.5 -2560272.5 -1064974.25 2222287 2091639.25 3627830.5 719874.625 -4037163.5 -222918.125 3699147.5 -2188803 -3106175.5 -1011649.9375 531212.3125 -3209130.5 -3986730 -769505.375 1434364.5 -1231277.25 -384335.53125 767179.125 640285.5 -264201.9375 1329920.75 -3469443 1246338.75 -2306518 -2966763 1981270 2370980 1424384.25 2193422.5 -177869.765625 753855.6875 607513.3125 6664620 -2637853 1198903 -1673841 -70654.1875 -433693.3125 -1305362 -116357.0234375 -590428.375 -47233.0625 110424.375 342785.78125 3136826 -673547.75 -4734267 -176240.96875 -2955664.5 3584712 -4462620 -32515.0625 2653732.5 3051848 -468089.8125 -1994738 1693352.5 1345940.25 
-3874759 -2934984.5 1346301.75 -2661982.5 1436309.75 1891010.75 -3759375.5 4498404 1780552 -1513608 -152012.96875 -2090948 -747949.125 2606117.5 -1292859 1865494 -3306783 1878437.5 408452.9375 2785599.5 -249253.765625 -2320692.5 -1977692.25 -3672776 4100745.5 -3403098.5 -4407731 1817270 -4170151.5 1703250.75 -1561073.5 551434.125 -3032166 -3818339.5 -200956.28125 -1066256.75 6201540 -1734161.5 -5989876 -4721075 -673360.9375 2937781 -533763.75 -418762.8125 1606044.25 559964.5625 -2127877 3372140 -32036.015625 -738408.75 2548531 -2403232 -181013.625 765236.0625 -2529392.5 2579164.5 -150533.6875 175916.890625 -3688080.5 -1837704.5 3839817 -1512883.75 322782.25 -4163728 
-4529170 5764716 1416213 -3029847 1976765.25 -311878.59375 1653691.75 -2891001.5 -3017362.5 -3481289.5 1735868.75 -1645539 3235353 -453497.40625 308317.4375 -5197589 -493193.5 1775800 1287016.25 3039576.5 2243616 3048323 6705266 559902.625 2514352.5 -1187806.75 -2400662 -1027652.0625 2948173 647014.875 1667784.25 -3407524 -447428.375 -1813207.25 3617068 2166696.5 2721611 -3221266 -3697890.5 -154582.546875 1212915.5 130632.875 -374604.75 2452018 682317.9375 3971242 -2623816.5 1821237.5 3471718 2285165 2947117 367200.5625 -2302045.5 -4710932 -4350013 2868705 1649680 -1454137.5 3156518 2790320 3249685 -3456726 3168598.5 -2476599.5 
4165879 -1505127.5 -1106759 -2252380 -3338215 36364.5 -5141842 -1200737.5 2683509 -1400935 372363.375 556469.0625 -1683929.75 -5103887 733893.125 -5352203 224674.75 1773496 1689514.75 2113752 -572337.5 -4534049 1241765.25 -3035092 4873852 3205928 -489516.09375 793787.0625 1286406.75 -2564294 -749663.5625 -5143146 -1454237.5 -2655390 839566.75 -1268279.75 2498465 -3834171 -778311.4375 1034713.4375 -853274.4375 2476850 -1270455.75 -3034293 650873 -2324541.5 -2003489.25 -4425377 -5726.5 3417291.5 1330100 1136315 -1153583 -3858473.5 -2484006.5 -2444579.5 702230.5 -104097.6875 435484.375 389190.59375 4536031 555515.9375 5318145 -299006.28125 
-1115425.25 -5286656 2114382.5 -808769.125 172515.828125 14766.03125 -1034500.9375 770542.1875 3743276.5 -2520821 6204343 190626.40625 860256.875 5087052 -376336.0625 -2597732 3593096.5 -969587.75 883653.125 -7091212 -999919.875 -932196.625 6615236 2591413 554434.875 2652373 -70001 -128329.390625 681898.5625 -565824.75 -4271795 5288350 1559771.5 732486.375 2015634 -2166189 686073.625 1994171 2937696 -609565.625 -2349276 5591695 -1283864 -154443.703125 -3141846 -250326.375 -2953589.5 3220456.5 7003573 -238856.859375 -3267697.5 -41334.3125 -354840.75 400073.40625 3108252 5845712 868394 -318922.40625 -3209198 -442377.78125 1227136.5 2179721.5 -1355674.75 2381586.5 
3943957 1235287 -1339493.5 -55261 488134.78125 2837667.5 2720281 2215215 -2434709 -5999789 3702318.5 -1638458.75 -3651469 199865.09375 352230.0625 -4486573 -1234710.25 3353792 4491129 -16111.7265625 -3067941 -464814.375 -1663870.5 203583.5625 787174.1875 977561.125 -757690.5625 3286964.5 1699793.5 399347.5 747928.8125 126765.03125 -2810011.5 780288.8125 -2514462.5 -823872.5 1923589.5 443365.1875 -344193.125 -2081694 -2066903.75 -2712191.5 -469549.28125 1894862.25 -2939588 -2823532 1481814.75 3953717.5 6404572 1359411.5 1118029.75 981663.875 -1553538 -766771.375 -1070561.5 3240872.5 -624994.875 1765555.5 -1446799.5 2140048 -508957.96875 -1025708.625 1803735.75 1732036 
-2059025.25 -2037078 1670701.75 -2186768 188098.0625 -1813780.75 609218.75 -3127378.5 561381.25 5891506 -718878.3125 -5146747 -34530.455078125 -1106911.75 2395925.5 7785246 1649247.25 -7734211 -4445225 -3471717 -1660220.75 4253475 -1602656.5 -666210.8125 -1287193 1330663.75 1038410.25 -4996107 -170310.546875 -505838.9375 -708173.375 -2460139 1209991.25 5279198 -386926.8125 -2730073 333081.25 -1487156.75 4672918 -2321345 -1106402.25 5915293 -4863703 5839966 55449.943359375 1846455.5 6616671 527891 2686430 -690105.1875 3814838 -3328614 -530714.9375 -1536770.5 -1295858.25 2668503 1199764.25 1728868.25 556993.3125 -697331.8125 -1520029.5 51780.7890625 -917126.125 -16751.649414062 
-783171 -110539.09375 -4345691 -398454.625 16898.59375 1331552 -1729147 -930475.25 355356.59375 -58139.625 144922.34375 2456158.5 -1121145.75 -1306666.75 2071753.25 -3194665.5 -4994846 4094602.5 -1559378 4353586 1006603.8125 2311916.5 -2729417 -4546237 -4832685 -327315.59375 -323776.40625 -681016.125 -1823383 -2645548.5 1861218.25 4211072 1982825.25 -739452.9375 -885767.125 2875191.5 -779612.375 1356182 -525941.75 1799844.5 19623.1875 -1271202.75 2801923.5 -1552418.5 1697750.25 2245373.5 2114524 -1839155 -2623518 1495065.25 -2571529 -287667.5 1001897.75 -960646.0625 485623.09375 -5551133 899389.75 -1760867 -1529456.25 -99915.53125 2971210 -2138959 -1695736.25 -4110471 
-1009951.75 -3806865 -347378.0625 2829108.5 1009099.3125 2913707 2041620.25 1129516 6243606 7056216 -1907786.75 1995282.25 4229874 4626347 2058484.75 -188894.53125 -1589017.5 39212.671875 -2238651 2217982.5 -478330.90625 1131761 -5598114 -1648518.5 4060822 462823.625 -4596278 -1516702.75 -5781760 -2101391.5 -274959.9375 2212586 -3023938 -1244183.25 42615.15625 -1133798.5 2165883 -5147455 1113582.5 -8207853 -1416325 3550202 -3698381.5 -915821.625 -618955.5 -2797619.5 2034479.75 1205897.25 -4401991 -2611389 -1913419.75 -1448929 1994417.5 420192.03125 4901665 -590303.25 -546397.8125 -1254972.25 1388675.25 -4608977 -2144293 860375.5 -1042147.4375 123856.5625 
-4160709 2043256.25 -1784628 766986.3125 1905999.25 -991466.875 -2582790.5 41544.2265625 -1681541.5 -1332248.75 7233026 795059.5625 548766.0625 515031 1825279.5 2666897.5 2376705 -1084742.25 -515591.78125 280194.65625 -773989.5 469224 -1690076.75 1700981.75 1621645.25 386162.53125 -3220261.5 3893357.5 -925406.5625 1035067.375 331816.875 2148562 -606061.8125 1583541.25 496256.9375 821868.3125 -1088251.5 -1584747.5 4244937 168172.984375 1913752.75 6183178 -85318.40625 -1851197.25 -1455202.75 -1040959.6875 1534090.25 4533139 5532572 858993.8125 -2814045.5 -1820273.25 -3161994 -323194.3125 -1487889 -3576174.5 1126088.5 -980678.5625 -4705280 183977.71875 -3449411 -3674617 -6325441 -3637405.5 
-2322923.5 1356799.25 -582032.0625 -332408.8125 -2238537.5 3899087.5 2517897 4359426 -1074353.25 -1757948.75 -2579578.5 -3450898.5 1430054 -36624.42578125 -1148504.5 -2489632.5 -2313475 -595506.125 -2638307.5 -1653673 4664011 -1456462.75 -1301731.75 -2569240.5 -202137.421875 3874192.5 1271995.75 1035215.0625 -2764512.5 -4637691 -11919.874023438 -151667.875 -2157669 938233.3125 929167.25 3035401 2443183.5 1892906 -3142288.5 -3563804 705134.25 106436.9296875 -3669812.5 -676433.5 122015.6171875 -91167.6484375 2298518.5 2423085.5 -1185155 1006333.1875 -1168670 2377069.5 -374954.125 2300891 -2678545.5 1136623 3241738 -2844662.5 2659051.5 -4232288 4435074 735592.75 4277372 -1700055.75 
-830497 -777949.125 1979313.25 -2044771 3059742.5 4044137 1980641.25 -3850679 -1540591.25 394150.5 861873.9375 -2891677 5776762 2379489.5 1893320.25 4766449 -1005190.25 -2477090.5 -1128556.75 -1683391 1571099.25 -1516779.25 3294407.5 1179402.75 -766543.5 3941684 -2710033 2880239 -759515 1973265.25 1909306.5 386506.8125 -4017404.5 -1048089.5 4187646.5 -551474.1875 643127.9375 -3556964 2781446 863034.0625 4693631 -172609.8125 -5540122 1439805.5 -256499.0625 -1660607 530617.75 -115880.03125 -623477.375 -2545991 1077679.25 -1352953.5 2345992.5 -3381510.5 1375174 625614.375 2079100.25 -357331.3125 -2447897 -944235.125 -1988658.25 79373.1015625 -873872.3125 673120.375 
4695620 -4233452 -5076383 -382133.6875 73767.53125 -2109009 1405751.75 2128734 1404263.25 1440477.75 3199625.5 603161.375 -1776650 3281879 2670938.5 -5580324 -3312997 5689148 5466060 -3642935.5 3782756 2710167 -1265043.5 -1763324.75 6109294 5262469 -2714268.5 5397921 -5238359 -3669759 2401338 644509 1559928.5 -2384038 -3793433.5 -984347.4375 231846.84375 2948435.5 -3887736 2306195 181032.75 1116511 -1451506.25 -803727.75 2266348 -1464767 -844000.5 1511856.5 -2438957.5 1937664 2458730.5 -2672488 5521449 3623921 2293049 -506072.4375 1703778 -4719387 1250157.5 -250547.0625 -5772718 2028009 -911213.5625 2330313.5 
2214874 437291.28125 -513168.125 2676875 1493549.75 4327782 783755.25 2656198.5 -1632656.5 -552103.4375 -58978.125 -6560.5625 1339364 980357.25 1643159.25 -712495.125 -549132.6875 -2972991 -5047766 3920407 4295723 3831251 -984925.0625 546839.75 2681686 1601750.5 -3350491 -1018733 -613050.875 2264298 16717.1875 2858703 -5293923 -1863597.5 5189920 -3516796 5372047 -260766.8125 -253496.40625 -5979492 1506317.5 1029305.875 -4715690 -1142455.75 578173.5625 2456227 1352150.25 387332.625 1855778 -951942.9375 1369299.5 -2276458 -2597602 -3359971 -377461.9375 683776.875 989010.875 2915116.5 1574205.75 -3278818 1761596 -3966268 -968201.25 -2210605 
1703278 -1643276.75 499418.90625 566389.6875 518627.8125 4439048 383723.125 -223923.65625 -5504972 1724509 1795024.75 3863868.5 2482520.5 1013238.9375 -2496492 4613785 317512.46875 -3601150 3588183.5 1497462.25 -3619933 -351729.15625 783895.8125 401702.40625 -5047470 602292.4375 195815.671875 6410846 54888.21484375 2411374 4168734.5 137912.046875 4004864.5 1637845.75 3137276 1889805.25 -1321216.75 -1252758.5 1875108.25 3202305 1884092.75 -1692899 2430923 -1388641.75 2119425 1623313.25 688387.5625 -924028.875 1724886.25 -1708335.75 -162458.21875 2861408.5 -664602.8125 -286051.625 2545181.5 1239145.25 2393233.5 3161472 302940.9375 -2652014 3916293.5 769515.1875 1666095.25 -1069085.25 
5306030 -1438073 508829.9375 -199046.5625 1304864.5 1881548.25 -476698.125 1917376.5 4579994 3015175.5 -1411265 951249.375 3192119 1728277 6167910 1183678.25 733011.5 3647031 -6041153 -1271766 1634570.25 552911.25 -2021649.25 -3461207.5 -2813276 -1365280.25 637286.9375 -988110.9375 -2917563.5 1190632 2464563.5 -2011895.75 -62340 1120146.5 -625136.9375 1728113.25 80700 1705605.25 524263.28125 -647628.0625 -2752269.5 337368.53125 -1807362.75 -6230178 -3814597 -4960650 1834218 -5145492 -707440.875 -1653367.5 -1173495 -1743228.75 4781215 3569350.5 3039549.5 -4226660 -182214.234375 -434154.96875 -2106621 -2562459.5 2060462.25 -915341.25 2525910.5 1378180 
1155551 97312.453125 518382.875 -5797221 2724778.5 -385653.125 -1205284.25 -1397473.25 612562.8125 -1449782.25 -3534468.5 1249604 390308.21875 1395652.75 -2980070 7233498 5102572 -5483850 -2668958.5 -654134.1875 -39086.984375 -460324.4375 1012177.4375 -1672356.75 -687056 -3169417 311172.625 -1194172.75 -562689.3125 -969053.0625 889962.3125 1952245.75 5008088 2818601 5468989 2802625 1825324 1273141.5 725576.9375 -1829191.75 217030.921875 -1625257.75 789582.125 2264418 3190388.5 2929601.5 -4616687 4464282 4706787 -5505393 -1077535.25 2053670 -456854.5 -1298108.75 3156759.5 5402861 1673320 5670126 3627176 -2301264.5 1743539.25 -1705781 504796.96875 -2486854.5 
1733797.75 7218196 1080650.75 2885325.5 -2461458.5 -1526997.25 -824182.625 -3111104.5 2542605 -161948.453125 4153384 -1376855.25 -538048.9375 186085.859375 6124842 -4872163 -553899.875 1809707.25 535966.625 -582303.6875 133334.78125 2424860 1468611.25 -1388944.75 -938703.5625 2144646.5 1722679 749527.0625 1893822.75 -636438.0625 135344.15625 5389394 -1002621.5 5465204 2278176 -2271878 4224665 1650182.75 917110.5 1338272.75 -979432.25 -2079725 1552998.25 5305837 -993895.4375 2111902 3147190 -3802.0625 5391557 1304274 -1473446 2476828.5 -1047834 2188773 -33879.53125 1369240.5 1741111 5407828 2099349.5 4626250 2280175 2097450 -1647877 3246719.5 
-612227.625 -1854463.75 46709.28125 -1587216 -2691476.5 1667333 -3725419 -1193222.75 -1740580.5 244987.65625 5564423 851934.6875 -811070.5 558164.0625 908242.3125 1093952.5 4049987 2370355.5 -775016.625 -225233.375 -2558904.5 935110.5 5282345 2350142 1339803.5 -790831.75 3096806 1512297 2391221.5 3938229 -1604823.5 -1086527.75 -276065.1875 -186792.53125 152373.5625 -22826.6953125 -1767179.25 4556453 -374639.8125 -656856 2766297 409615.09375 -489425.125 -2064282.75 -3431765.5 -2936473.5 2968607 -4612107 1279250.5 6426275 376590.71875 -2500162 1455846.5 -3154766 -6253092 -4220278 683431.8125 -4230034 864477.875 6519228 -3126978 -4357444 260394.5 -1081807.5 
358965.28125 943827.3125 1630363.25 2148013.5 -1062032.25 -3266266 2168515 574188.25 -6487931 -2293355.5 1060775.75 2348442.5 -2829153.5 -1379147.25 -2749247.5 40262.81640625 521034.21875 1393802.75 2073239.5 1945589.25 -1670223.5 1244566.5 1115117.75 -2122744.5 -4295923 85897.7578125 -3092737.5 -1543169.75 -1409968 -1666435.75 -4301941 -5133577 -1211101.5 -182192.15625 -1709510 1713897.25 1904545.75 -1634684.5 -3425102.5 520491.75 378650.3125 1878767.25 -13586.843261719 -3083730.5 2977072.5 -1859065.75 3594816.5 -1166947 -3354028.5 336458.59375 -951132.4375 -2953808 -982503.125 -503659.96875 -447342.09375 -3803603.5 5614155 -1130796.25 -2644889 -1024595.5625 466406.65625 4243962 -2057950.75 2802266.5 
770542.8125 -389476.5 2299322 -2207797.5 2915823 787773.875 2372028.5 1698047 574483.25 -3912590.5 4359288 -3399727.5 -2380759.5 3571406 3342883.5 -4409820 -2000231.75 1298671.5 2229139.5 680159.4375 2863942 -2937395 -1249643.25 1475587 2789929.5 3206951.5 3042921.5 3966513 -1359120.25 3419792 2875268 -582660.0625 -2186986.5 1215317 -1142015 -1248414.25 153006.234375 -2002090.5 1259884 -543765.6875 -5491431 400822.3125 -1048219 -3557072.5 242597.875 -5175287 -174673.578125 1845076.5 5137655 -1719335 -2967922.5 -1915487.75 -1316311.5 -773359.8125 3446760.5 4182384.5 -1418298 3650528 -2372474.5 608516.125 -1682008.25 1693891 3606101.5 -1325047 
-4077729 -1063577 4061963.5 2176036.5 3913850 1415634.75 -33402.5 2538197.5 -2057350.5 -1204934 4248840 -1801764.5 4032908.5 5310771 -2823870 -1743067.5 278028.375 -1520821.5 -1670948 2491431 3012006 -5928118 3735900 -1543893.5 -2219812 631121.875 -1746383 4338818 -1699177.25 -157337.9375 -6975334 -1979939.25 -612187.6875 1026141.5 -1584531.25 3297362 -3193431 -5420028 -225830.125 1132971.75 -1042542.0625 -4188792 -3279397.5 -2639783.5 3054715 927945.3125 -2778429.5 -1052249.25 -2754529.5 3755949.5 -4030250 947271.8125 -311690.5625 1288459 -710904.0625 -1323452 6694736 -1852043.5 -3919264.5 -602377.75 -2332749 -1067040.75 -2168422.5 -1616766 
-2168640 -314469.03125 1415451.75 -1568790.5 -1378923.5 747929.75 -5306883 -3927139 -32875.484375 -1433883.5 2414551.5 -374425.3125 3748071.5 2344471 2401765 514254.8125 1162977.75 -57945.125 -902175.8125 -1784260.75 -1200862 -5178617 1967450.75 506914.53125 887388.5 -4579606 -47011.6875 2126576.5 199743.875 141824.375 -3151546 -1908951 -3074710.5 489768.875 1078981.25 -5056253 3247194.5 2394621 -567138.5625 824612.875 -4027186.5 -2446366.5 -784598.875 4156640.5 -824942.5625 -2066313.75 712002.5 -4377398 -205815.1875 1359151.25 -4496612 -1883672.75 -476137.25 608871.5 -2104734.5 -1907055.75 -2318882 4566748 -2961970.5 7475864 -717076.8125 1534013 -1545736.25 -2965275 
1550788.5 -3163737.5 -309743.53125 -2625005 -2064400.25 1404024 104894.40625 -4413134 6268846 955161.5625 -116383.203125 -881704.8125 3695711.5 1759862.75 2634650 1495311.75 2063586.5 2694285 1068128 1603938.75 3648027 -1328051.5 -1266492.5 -1409805 3833747 -3462400.5 3060606.5 60893.453125 4321227 2585202.5 3988878.5 -1206955.75 5223555 -2081735.25 -2013725.5 -1395607.75 -3586266.5 -4422127 -604748.75 -1830441.5 -2624001 999707.0625 -105653.078125 -1469581.75 -5772238 -2430292.5 1142959.5 -1418482.25 -1089379 -1240420.75 -2319243.5 406191.71875 -2241646 1336533.5 646528.1875 -1879207 -481513.09375 1894754.5 837985.8125 2747480.5 -690693 2884284 -2433171 467894.3125 
-119887.484375 2687529 3148243.5 3561429 -1919418.25 -5308426 -1331684.25 642792.625 -2923719.5 -1081471 -425886.375 4675026 -3153910.5 -4627530 -5445669 743806.625 -548802.3125 532357.375 99858.875 -1013647.375 501289.40625 2592256.5 -1144915 2757478 611450.0625 -192733.359375 1644009 409637.875 -1706767.5 -520947.1875 2090411.25 2054511.5 -1412189.5 765096.125 -2307958.5 -1684582.25 2047041 -261092.703125 3215771.5 4134966 -5314641 934948.875 4116819 -3847208 3992723.5 -2922524.5 1781273 -129438.625 660097.25 -3275609.5 -3143667 -1743281 -1018202 -1749536.75 -177928.03125 1907413.5 -1746422.75 1397243.5 -1661613 -2421947.5 102222.9609375 -2068385 -987988.75 963765.5 
2665483 -1665421.75 3002946.5 -1884913.5 6969794 2429546.5 -4226177 2972592 2022865.5 3087222.5 -2878039.5 1202710.25 -588616 2135536 2295109.5 -4122701 708412.25 776043.375 -2703636 1773412.75 -1315900.25 1273851.75 752021.9375 877349.125 -1820826.75 -8441596 1531814.25 -1710468.25 -1333466.25 5280468 464978.28125 -5499096 4997425 -2421523 51445.78125 -455477.40625 -4904022 -1395097.75 -1316514 1651881 -1520245.25 -2421504.5 3622579.5 -4116772.5 -2260807 -595502.0625 -1053511.5 -1820676.25 -4865522 163752.625 117462.59375 2276994 4457209 4984678 -3430015.5 621765 -1520655.5 301984.15625 -3633518 3543980.5 -619289.1875 -4826866 -128747.46875 251434.65625 
-1563239.25 -1342523.5 1029077.875 447612.4375 153921.59375 4363393 3731480.5 -2608285 -1663952.25 -291754.15625 4104914.5 -1640343.5 1685219.5 7001316 -4109888.5 4617404 -907266.125 -2655720.5 5214464 -2665891 -7340501 -4055172.5 4522304 -1141620.5 3174022 -3012572.5 -1754636.5 554324.875 -2410131 3183793.5 1503665 409072.71875 -2541685 -291897.4375 -1096398 -1739109.5 3564802 205681.734375 -2369555 -280139.75 6514.140625 -2709668.5 -4964759 1584314.25 2239083 354717.34375 12038.625 137736 -1045646 -146894.484375 -2387825 -3314675.5 4485967 2659988 -2275068.5 2243746 -134904.71875 2415420 -1248153.5 -392999.28125 -1661301.25 970276.25 -359962.40625 -1776894.75 
-2292955.5 -2816878.5 -3000735 -1537470.25 -4338524 3123315.5 1373146.75 -2570986 -2615130.5 886637.125 -950695.0625 3056261.5 4474466 -3438891.5 -4586371 7162308 423024.46875 -4157807.5 3519250.5 314159.3125 -2604775 -3155660 2233875.5 -3087154.5 2736663 -409562.875 2011035.75 2879608.5 3130663 702753.75 2244612.5 -921177.4375 2734697 6254630 152628.15625 -4220530 1990352 -2493412.5 -7414335 2412307.5 1243305.25 241754.21875 -1388171.75 5573310 -2650739.5 4062508 1258221.75 309155.5625 -3891124 2902502 646651.125 3107595 -5774880 2208056 -5169416 -2352894.5 -668751.6875 -2400643 -1369571.75 3575980 6788362 -1187735.25 1947646.25 2359230 
-1610029.5 -143014.4375 -512989.125 -1914569 -453914.25 1678000.25 66709.25 -1409697.5 1183093.75 4069265.5 2892109.5 -3202811 4770342 -2388699.5 -394929.1875 772592.125 -3220341 -2200674.5 -879757.125 3021842.5 3177172.5 5003413 -1863572 -2781804 -1303638.75 -3608024.5 1005956.125 -2267847 3241900.5 -3099274 -813137.8125 -2022584.25 4611320 -1003690.625 -3037158 1825775.5 -2821319 1000944.25 830162.75 2831778 1201656.5 2538602.5 855799 -1629286 -1687408 2089096.25 2191405.5 -869443.875 -1726774 -675034.1875 429927.375 1537639.75 2793053 2710745.5 -467340.125 -1560221.5 2740748.5 -1582298 2470494 556912.4375 -1263063.5 -1714327 -2768874 -1538358.75 
-68647.0625 104716.46875 3028913.5 5680305 2591396.5 1296294 -3393751.5 434430.84375 -3245733 400801.40625 -589749.625 4549873 -1102958 -1216959.5 1488281 -3507341.5 922619.5625 1950422 -358912.0625 814017.375 622063.875 3711254.5 -922995.5 1540743.5 -2868529 2515707 -3262214.5 -534478.3125 -2715112.5 -3213460.5 -2496205.5 3136552.5 -485270.5625 170763.015625 3221737 -390238.53125 -1505530.25 -643040.4375 1423734.5 -763007.125 1667642.25 177686.09375 -339936.625 -2659102 2695978.5 -1350608.5 3148966 4703183 321410.375 633716.4375 484713.46875 -3327721 967190.3125 704249.75 2905204.5 1284757.5 2677549.5 1623272.75 -1150399.75 -32528.6875 3758739 -1843293.25 -1735209.75 -2730373.5 
-1472278.75 -4665135 -2856920 -4970974 -2852331 2284070.5 -1580450.5 -2986827.5 3371101.5 564615.875 -1277535.5 1705659.75 6046803 -2535500.5 -1994213.25 2346923.5 -992266.25 846591.9375 -3896266.5 -1001801.75 4045006.5 2326412.5 1879953.5 2418802 1359824 -1448753.5 -1185278 6208823 1850423.5 -2723996 5180834 2811325 3363913.5 -786368.5 5125700 231980.734375 -686460.3125 -2072850 1558625.75 3453039.5 3149234 -2500012 3573542.5 2846291 -2420582 1649003.75 1273705.75 -1228168.5 -3012127.5 1645324.75 70302.4375 2695433.5 -2030769.5 -587609.4375 -1294247.75 1277525 -230161.4375 -3105709 -363882.875 -2357008.5 6968741 537052.4375 2748059.5 1819372 
-2911256.5 5130478 -2639755 -46028.8671875 -4944909 265882.34375 410280.5625 4395330 -986664 194859.734375 -676603.75 -1151384.75 -129171.15625 -2116133 2493309 -7247851 -817220.5625 2340688 4130955.5 -1744714.25 681860.9375 2928065 3711105.5 -1559675.25 2875826 -2998419 -754837 2745490 6232443 1868534.25 5015838 5307.328125 -2671449.5 2062660.5 -1873615.75 -2373290 -3055730.5 742014.9375 -2032793 4072249.5 1058886 -2717284 2055666.75 4169006 -3470046 -1060361.75 -196678.65625 -1678547.25 735853.625 1789678.25 2553761.5 6068172 -3776729.5 2565930.5 -213857.84375 488289 -1461823.5 -1804560.75 -2072462 1217966.25 -870131.4375 964611.5625 2130594.5 1825989.5 
-2819746.5 457221.71875 1913199 1628970 -6488508 5758408 1529328.75 -2023071.5 -2824212.5 1426913 843432.25 2216848.5 404995.9375 2855675 359719.5625 1727129.25 -257100.4375 737376.8125 1980539.25 -2186560.5 -324597.71875 -1197969.25 -1058314.25 2111268 3254550 2555063.5 3661894 890655.6875 -1078164.25 267066.65625 3121475.5 2242427 440649.34375 761833 -1825896.75 -2879565.5 3563439.5 -1810064 -1843803.75 -5323872 105607.34375 2039598 -1920217 -1615477.25 -6391032 -5149050 2389430.5 2143518.5 1205939 -243510.671875 -4978354 3213087.5 1130235.5 3230855 106840.828125 -1864482.75 2815651 884257.5 791970.625 2146435.5 -3323.3248901367 3988276 2376550.5 2348938.5 
2252799 2015862 -4789633 -948421.1875 2648121.5 2080575.25 -1139519 -1517721.5 557402.5 1876362 1141664.25 -3681301.5 6336314 -1000018.625 1689121 -3227185 -4523842 1101647 -482459.1875 -1460882 -1005309.25 -2451669.5 -1684698.25 -931647.125 4211875 -3259112 2161611.5 2866051.5 -1294109.5 -1593778.5 -3924057.5 -2078599.25 3332523 -4314855 228791.90625 1040498.125 2554853.5 -1870259.5 -2052335 -2732100 1933793 1427601.5 4241464 2262009.5 -697016.3125 -1488520.75 884884 2595248 2787442 -1579934 2733076 1347278.75 1868788 -2122988 616354.25 1971690.5 -1428434.5 -835892.5625 1191566.25 1756613.5 4234523 1019979.125 2546564 -3713733 
4797242 -933250.75 45141.875 -190789.1875 32497.84375 -1668024.25 -4920229 -1582108 560950.5 1922076 6198868 4149427.5 -1197871.5 586191.75 4778769 431199.125 -409268.375 2409839 1090282.75 -6407724 -265944.53125 6077559 1235154 937537.25 2606054 3982903.5 2144707.5 2768365 -1051895.75 2129254.5 2491774 748488.25 3242576.5 534190.5 -1248874.5 -1752046.75 1534472.5 1256574.5 2134290.5 71953.296875 758791.25 1252023 174312.53125 -611080.375 -3500994.5 417976.15625 2910558 -1147302.75 3309335.5 1147342 -3308407.5 627531 -553236.125 584630.1875 -1082265.5 -3424653.5 2710159 6894445 3360867 -2819466.5 -2005723.5 2640141.5 -718754.0625 1633598.25 
-1269762.5 4004144 2722918.5 2267423.5 -3953280 -2641613 -1876310 2596348 -3101138.5 -6843085 4469202 2889676 -5329037 6170369 -358516.4375 853600.5 374899.25 2630531.5 1860421.5 -1993842.25 3524943 -2437130 -905637.75 3241525 -1617054.25 -400552.6875 -2083170.5 2964448 -4895726 2064713.5 -4272994 3194438 -410417.125 352251.875 -1375428.75 -1787935.75 3444439 6104856 -1713424.5 -5128285 -141118.234375 610678.0625 2488759.5 609378.375 -5247926 -3422885.5 -1827450.75 7172517 8694894 -2477167.5 -4174791.5 -4156246.5 -3065714.5 2921825 2933704 2627778 550562.25 1522039.5 3708534 -1242734.5 -968628.4375 3069627.5 571479.625 1418257 
-2172237 -2544942 535599.125 641457.375 3754353.5 882033.375 1147073.25 -5673276 925146.4375 -145001.71875 1296744 1677491.25 3281102.5 1908709.75 -3758776 3828406.5 1602151.5 -3663870.5 1897136.5 1210455.75 -7334637 -5173423 -552625.4375 -3364367 236643.8125 -3871776 -3920458 487250.59375 -4825404 -2001534.5 -163884.875 1608738.25 -3733817 1428212.5 -3546062 1623171 2334944 -554295.25 1809463.5 -2026515 1056320 -5522.8125 -35023.375 5698713 1356267.5 1309297.75 402397.6875 1624761 -641393.4375 1072068.75 -2832150 1783826.5 4136704.5 -1235882.25 -1787830.5 1687702.25 1905719.75 -487369 2148203 1231744.5 -2492703.5 -145660.21875 -962014.125 -147130 
-2682162 2627538 -2189185.5 2696965.5 1176352.5 -3441022 -1195633.25 -727375.5625 -1482722 -4244852 -2339273 -3005244 -266689.25 1704393.25 -1450100.5 -4636221 -3177347.5 10615.96875 3420309 345120.25 -312355.125 2307309.5 1747740.75 194112.15625 -543994.6875 -2960331.5 -3049755 1165356.75 381190.3125 -3104997.5 -298336.03125 4787628 -203898.78125 -3328280 88026 1305137.25 1903041.75 395489.21875 -3236736.5 1525971.25 2016070.25 -328903.875 -776196.9375 -782584.125 4440768 1495595.75 1401479.25 694734.5 230575.875 2176709 -2060877 1193995.75 874331.8125 -15462.53125 -1466179 927643.75 994778.8125 3244203.5 -5401628 -3322480 509037.375 -1522684.75 -2728395 -1441267.5 
-5345044 1554294 1664257.5 -152622.515625 967807.5625 1271893.75 856729.375 -726589.6875 -1270720.75 781384.8125 -415123.1875 -989386.625 877519.3125 6884771 -7225830 81028 -1552366.75 909640.5 -2388700 4743541 3075355.5 -3164519.5 -1340169.5 1736605.25 2669059 3008334.5 -696438.625 1231665.75 -1147462 -99441.109375 -3704625.5 4472648 -999879.5 1681388.5 1524395 -913560.6875 1465003.75 -2829198 -5628923 -3640974.5 -5133361 -1466330 300449.5 -3335237.5 2782865 769435.875 -94684.90625 356719.4375 -2224136.5 561772.25 -4531865 1540926.75 525561.8125 1050965.25 2865390.5 -93760.46875 2020651.75 -3989614 2316695.5 -1526220 3257071.5 -219603.3125 -2277843 -980311.125 
-2166164.5 -585409.125 -2323682 2168646 1819105.75 -2365097.5 2280939 -1313013.5 5689575 -1685346.5 2073179.25 -5922979 736805.5625 2438014.5 3746115.5 -4699510 -4602837 2382976.5 2332877 2273344.5 1476528 -2703486 -2482252 1045869.125 -92436.875 1962185 -1625058 -420587.375 -2751828 -1217690 -3700842 -2223449 1007503.125 2715068.5 -223179.9375 1934012.5 -1433241.75 -1231485.75 4537597 -1885509.75 -2315321.5 927714.1875 -4602778 -155274.0625 -1128090.75 -2885984.5 1548221 578316.625 758161.8125 1846085.75 -706339.6875 -6115229 -1452876.75 -699851.875 1064330.25 1222903.25 -595950.375 -2202507 268926.8125 83298.0625 -2998214 278399.28125 -1225681 481269.125 
322115.96875 -50503.53125 1625160 1791763.5 -4932481 -1119971 1596351 3068287 2435483.5 -1384008.75 20603.71875 3222089.5 -5586053 -1930746.75 413438.875 -1710752 -684549.5625 5281135 -1884503.25 -10200.6875 -2268644.5 -991232.75 -3787450.5 -2615973 -1784962.5 1237553 -3415344.5 2623993.5 -950242.75 -5477184 -248524 2104123.5 -2687297 -3593790.5 1116793.25 3374916.5 -1892430.25 4769713 680157.5 2556721.5 5107808 -540585.125 -40231.6875 -2841383.5 601391.875 2446053 -4677540 -3526067.5 -3891251 -532502.5 -2616588 2604829.5 1613819.25 2682458 571546.3125 -5990189 -1513891.5 -2501833.5 1945296.75 -3686.1875 -4103169.5 2127134.5 -653026.375 3124645 
538695.5 -141331.40625 -196712.84375 -3190513 5905020 -3948069 -1302565.25 -2101179.5 3581917 3381964 1072007 2069808 3206584.5 -2576837 -179849.84375 2966306.5 1175205.25 315104.5625 -1138425 588978.25 2640729 -2202634 -543022.5 1176336.5 791314.6875 2744351 479932.5625 -2125199 -1437683.25 -566220.75 787673.75 -1692543.25 -3879220 -2988482 179409.03125 2202665.5 4399893 -1588733.75 1101840.5 -1358251 1142727.25 2465747 -765221.875 2495121 2899468.5 -1416658.5 1152388 787112.6875 3274651 -3201737.5 -953990.625 -6023833 -527664.875 -1059555.25 1041983.125 -154608.875 -761422.125 -1196823 480049.125 -1360984.25 1752057.25 -3639799.5 2871460.5 328932.1875 
-184661.1875 -3177780 -580898.3125 -3170521.5 1210760.5 2604515.5 2068030 -923846.3125 -1012310.8125 582366.125 -767880.0625 578732.8125 1647496.5 -4148964 859638.3125 1041286.8125 1755043 -739206 -888154.8125 2925516 1278865.25 5529828 -888602.25 -2150354.5 2781132 1948865.75 -5265484 -3529802 1295527.5 -2469445.5 450186.6875 -4029627 -4242202 837660.5 3155448 -2090184.5 -529725.125 -4993856 -2164455 -2243698 1771988.5 -2527994.5 -5859913 2081680.5 -575656.5625 5336534 -1724399.5 1542322.75 -2920142 2914900 3962177 2954004.5 -158414.46875 -7096603 -315473.25 -1529380 4243198 1008563 1906244.75 1275852.5 -4097249.5 -1722137.5 -1818775.25 1415392 
286937.71875 1902030 -789010.875 -76789.34375 3128337.5 132905.03125 -2529871.5 2783505 -1614398.75 -1639177.75 7047305 -103600 -6243822 -2608547 2181496 -3447439.5 4036894.5 -2206541 6134071 292988.8125 -3074666 -1465016.75 3154130.5 -3300909 1601000.5 -778873.1875 -4310590 3371872.5 -2481404 961957 1636981.5 -2661181 -332638.875 474651.65625 -3400173 -3693594 1612750.5 -4866898 2760518.5 3675282 -1032267.375 3445864 5655084 3215900 3555711.5 302906.90625 -4306547 -589087.8125 5888946 -1164924.25 -127026.8125 4013972 -3587559.5 -4762063 -358886.9375 5628115 2413591 5884543 -1021724.8125 4946642 -2187647 -155866.9375 3187303 -2325309.5 
-5371072 -212485 1272277 -140154.5 1295778 3580447.5 4103733 830567.9375 74974.515625 -1621687.75 627537.8125 -4839742 3107413.5 610613.375 1292274 -3208272.5 -698727.9375 215185.375 340460.6875 4629430 1311651.75 1159974.5 1009690.5 -364976.625 -4764209 -2739503 -2763559 764043.625 -2716646 -1246422.25 -2155395.5 -1686595.5 -2277406 3285053 2657540 5959352 -207113.40625 -2416696 1398384.5 3375794.5 2864477 219866.5625 -1378268.5 188256.609375 281818.21875 478829.1875 -400633 1298264 -4022626.5 842377.5625 2764108 2590042.5 1077107 199615.625 1104516.75 802422.75 4135428 -4661301 -1535153 -2915416 -469091.4375 1556631.25 -2601352 -1615827 
120598.5625 -6988337 -213660.21875 2224816 1318004.5 -898539.125 -1336032 709163.625 3836367 -1949829.5 -414657.6875 2537936.5 -4028749.5 2922277 2141341.5 -1697728.25 190612.625 1706624.25 942640.75 2776331 -540848.5 1860012.25 -977805.75 669644.4375 843320.875 1013585.6875 -6627823 2887257.5 -369202.9375 -1803897.75 -1246419.5 2813491 -3733131 -1935394.75 -474171.625 4284885 -5729729 -3234692 3169603.5 -1684451.75 2604894.5 1010054.625 -1285737.75 74344.96875 1060731 -2310730 474650.375 1699308.5 -1583907 1085278 -669048.1875 -4906816 -732542.25 -2112375 3290694 -217089.4375 1392273.75 -3294567.5 1767269.5 -305302.875 -2343357 -821097.25 -2445144.5 298201.53125 
773454.375 666868.125 -1529415.5 1857413.5 -1698934 -1970245.25 -2089033.75 3382126.5 1713028.5 -988.0625 323843.75 3719280.5 -2237009.5 -2258474 -1825597 -1037454.5625 -2195990 2096193.5 -2007694.5 -434990.875 925229.5 -2267060 -4535997 1113102.5 1995562.5 4727820 -4833132 1796413.5 239335.375 -3968746 -1450406 2104311.5 82417.5625 -2706608 310289 -1524376.75 73706.9921875 199535.78125 -472372.125 -3222635 -3319823 1965907.25 2036930 -3990706 1238165.5 -2026890.25 -1913169.5 -2982623 -1341422 -2344849 -2597012 -145350.5 -158513.84375 -3135766.5 1458413.5 -5850905 -2081318.25 -1090238.75 2333849 1669982.5 -72020.078125 -1089131 748032.0625 -737588.875 
-961427.1875 -40278.75 -795903.625 459684 916857.875 -1920648.5 -666673.875 -4214255 3279303 35837 -645238.625 2057877.75 -537954.75 586510 -2866954.5 428348.1875 -403953.1875 5896933 3976449.5 301703.46875 1018683.8125 -2173736 -3314679.5 98971.21875 -320736.375 266971.8125 -538457 -3670729.5 -940308.75 -2497531.5 2030526 1115676 3042790 -2246957.5 2487767 240114.5625 1224113 3200845.5 1742037 -683034.8125 -659295.25 4543932 2294969.5 787224.125 -1147434.75 2085330.75 3561481 -2024396.25 261687.59375 -4985864 -1942737.75 3380630.5 -3775191.5 1714628.75 2299671 850581 -2772516 1984627 1836015.75 -2106258 1422398 2591020.5 342704.78125 1293477.5 
2854122.5 -2337208.5 -2614683 1918543.75 1787774.25 -1348572 -2160685.5 5385736 494063.1875 32101.421875 -1395134.75 -581476.3125 -1565897.5 1453466.25 -2102160 -2460157 395799.875 673445.25 1669414 -1689145.25 -2010969.5 -3003758 -525071.875 -3553415.5 417713.15625 2581003.5 -1722024.25 1231185.25 3341006 -2973783 -4701059 6713194 -2047527.5 -689366.5625 728005.8125 489061.0625 28998.401367188 3499032.5 -3939221.5 -1748315.5 1531965.25 -1223294 -2353290.5 -1170440.75 3024919.5 1338025.25 -272078.09375 -908023.25 -276945.84375 1839922.5 -2191082.5 3610925.5 -182024.03125 1335131 4056376 302632.6875 1025631.25 -1015449 -1016125.375 -99792.625 -317096.40625 1428558 -4445125 -123433.2421875 
13391.59375 3169664 -9918.25 -982353.125 472188.1875 -2869888 -1748202.25 2899386 1793796.75 3004731.5 3660643 1568456 -2455620 -2147807 2138322 2552741.5 -1862633.5 3994192 -4619183 -649596.1875 -159891.546875 2310171.5 -5192475 3381992 2563661.5 3381257 1950456.25 -3640635.5 -165812.3125 -728578.5 1025479.25 1564422.25 -556295.8125 2874020.5 -831555.5 -5531302 3921741.5 6191270 1178176.75 -1119806 -2742663 616108.375 6081296 -617594.125 -1336964.75 2171452 -1654563.75 1312343.25 4455978 -2396869.5 703269.5 532105.5 1841375.5 -1817794 1110468.75 489943.59375 -2279086 3207936 3281822.5 -2261514.5 -2218097 -1189953.75 586326.0625 -97964.71875 
-1168195.75 1243175.25 -2081527.25 -1181005.25 8724.96875 362045.75 -3029662 2591308 4596849 -1795647 1203845 -8409248 995823.5 1276257 6417794 -1689113 -4795925 2689209.5 793496.25 589287.5625 3043195 5127943 -298887.5625 169980.4375 39715.25 976407.875 -1392821 -501604.375 3693727.5 458453.75 3914130.5 1253713.5 -732595.75 501924.46875 2035723.5 721676.8125 -1194786 4997324 2269793 1540754 -2467395 321943.46875 -2563130.5 -1372463.25 -404624.8125 -1009027.1875 503648 786626.9375 5360978 -3619692 1598112.75 -2543902.5 3233272.5 -2526781 2838154.5 4729572 -439836.34375 3617315 -3415977 -1146022 -2719121 -2378717.5 -1118932 -2741349 
3287823.5 702309.9375 2359766.5 514588.5625 1352902.75 1062058.25 -1035506.1875 -3847703 -187632.40625 2954906.5 -4354667 1599352.5 -3565654.5 420035.875 3529818.5 -7008045 -2203422.5 3387464.5 -1627058.75 4550207 -4129023 -300983.59375 -5088640 1080667.75 259243.9375 3292638.5 143168.296875 -259792.828125 289241.75 -2162359 -4725058 -739486.6875 -2411193 -3742670.5 3577958 191476.421875 1824342 -2240748.5 1246447 -4608700 -3147554 -1224612.75 -1789851 2871695.5 4508327 280107.3125 2090015.75 -4721602 -2901040 -1191658 822752.25 291612.875 1679373.25 -3126154 354668.625 -2201832 -2498705.5 3766204 2491538 59364.484375 2856572 1140502.5 3837969.5 923173.3125 
2461134 5455502 1063648 -2078722.5 2504468 -1941000.5 -2378525 4828671 639105.5 1259356.5 -1717542.5 -3520386 -1309057.25 -4898121 5320417 -32855 -5584522 976177.5 -6497219 737384.125 3715007 3568295 -1539328.25 19212.46875 -1734439.5 -1028726.875 2803855 -1350456.5 5214481 634496.3125 1661473.25 24682.984375 -1617963.5 -3900060 -2249236.5 -203441.390625 -4388394 -249869.84375 -2815783.5 1587738 -801189.9375 -1467411.25 977544.75 -7664055 1384544 983936.375 -418246.125 -6398817 387309.46875 661116.1875 -999391 1784968 -2713624.5 -205707.453125 372747.21875 -2758017.5 -633316.0625 2859689.5 -5729445 -218332.96875 -833810.5 -1777865.25 -3152845.5 -451552.84375 
-2115672 -2655493.5 3424966 -3087016 2493173.5 1898363.25 -821135.125 1141179.25 2553203 -1815268.75 -1687530.5 2338613.5 691968.1875 -3956730 -2785145.5 -2029323.75 1235092.5 4234005 -668005.25 -1895299.75 2389942.5 -4861126 926766.5625 -2617652 944848.875 -326529.34375 4640464 -3183174 -1732131.25 -4633543 -2573655.5 -3217075.5 344981.4375 306559.1875 -723121.0625 3427.8820800781 -2801666.5 82735.0390625 -4543740 666553.5625 879162.8125 -2846580 3954040 -2995829 -1858485.5 -733844.3125 -4461883 1452804.75 -5303284 191292.03125 -575898.625 7103682 763147.5 -572997.9375 1362051.75 1405873.75 2276844.5 -3461334 2418587 2983780.5 -167848.46875 1175622.25 2247378 -565409.6875 
