64 64
453083648 -123127680 -430270976 357609216 7997584 78860672 165145024 87609696 -419634176 162916032 423057664 210643712 439552256 -7872534 354362624 2275780 -405844736 85551104 -143742912 -278974720 -19518184 -164346496 -29142072 -232860608 -288408320 32625312 -221057536 -83273152 82788928 10035940 24104440 -45100592 -238433152 247540352 271757312 151530240 -13727546 -22299408 264878784 228770432 342492160 -35894032 158602240 149783616 -24881448 269728256 -40989920 -428435200 -268207680 -154280832 28014320 -55057024 -371073280 311474432 -62023152 385818880 48662800 -80112032 465927936 -62074032 -33058224 -240246208 315357184 -249171008 
-510260992 -475806976 -214058624 371718400 -632766464 185088192 78991136 -123366464 218960960 -174790592 3138152 450589184 7860736 -218590464 428700416 -4874430 -404544512 79972128 -196836544 -540960256 -118024480 -17514272 126934944 -622299648 147483520 158567168 125161280 33459024 263524032 144524608 304770048 39551616 190380672 112662272 -346577920 -248247296 135204160 153792128 130906272 -109713888 1170602 379455232 297656832 -143948928 105336384 -126423712 63665888 -327951872 -72540352 154236160 108020224 -4784461 -306360320 -228776704 127119104 64318864 -9314208 -664215040 190538688 -109836800 -41729232 -60638592 -450492928 -247398784 
-12386128 -22205792 -164325376 590334464 -40037680 -415380480 -26159736 134012160 527157248 -466931200 256143552 -123156608 2502480 -237419648 -186146112 51312656 -447167232 52494432 90509056 165102272 357999616 72342080 -419051520 -201858368 -494040320 514176512 -187487936 177467456 52970496 599912448 110387680 -237067392 59168288 -282360064 -110765472 677496320 -585112064 -326824448 50555920 97909056 93767616 -328867840 -62276496 147465600 -236782272 188176832 161789120 -301085184 -35322640 107855136 233075008 -35427232 152308736 62324032 367219456 668225536 -546211840 99068608 -233902144 251665984 -141870272 123396896 -272889344 -275440128 
-167745024 -317478400 -77058304 476794624 -279141888 -27015824 -113254560 -108943680 204809216 -489395712 -125201664 -187288640 -52229520 196080256 -280344064 525922304 -109747904 438524928 440384512 -428308992 292510720 284484352 -325716480 314887680 -200546624 345965056 14470436 339577856 -202181696 -136550912 -236063360 299776768 -54221168 -251924096 -407731712 -226480576 -81000672 121339456 -319056384 -419080704 -207635392 -110211200 161623936 -43413728 140073408 196211008 98787456 -599997440 -309487360 280134144 280504832 628528640 -60160768 173184704 -59335760 298710016 53843040 -311997952 -392579584 139719488 -155096448 205174016 -387940352 -101074560 
128857472 -39440896 -114326688 15481808 314274304 273410048 69067072 22075000 -428496640 -494120960 369050624 -236510784 380427264 95605376 147895936 -237679872 285596416 73887744 293085440 -332950528 -485014528 68424736 -525565696 182699264 324105984 177377792 -108032288 -676643328 -291086848 -5498304 356710400 -132644032 -85286624 -222452736 23696560 -240515392 -68272992 263082368 79889088 -75661248 -439921664 -2564864 -213655872 212247872 132797600 310811136 390135808 -204774656 287966720 208323456 207675648 -267838336 33164000 -192256000 -169968192 53092480 -40044368 -293618176 -25090952 -166677504 -21979552 17370992 48964384 80414176 
-583621632 -444379904 427777280 267933568 193809024 259782720 -367505664 -175616704 201828096 192577024 307052544 -158937728 -152255552 22818384 -190631744 -24990584 127205088 -161028032 650904576 -261865088 -409055488 -241114048 -299689216 126751168 97500512 183142656 263604544 -275365120 -243781376 478506496 20157632 -140452736 309769984 -334586368 -393945088 -239541440 -620252160 -200478016 252894208 -131671008 -452318976 348670976 4839142 706113536 285262592 400634368 119095488 -49733760 339217920 -9213684 81459488 426356480 -399021056 -61297216 -48075504 5398048 -246554240 -389855488 80708576 320334080 -185112256 355191808 97416096 247064192 
228522688 -152217344 6283392 -495883776 -225659264 -187794688 524702208 -130520864 -2825184 10181776 419864320 -42221760 104786048 180726784 740811776 50594672 -74716224 -128117504 -189137152 -305350144 -7610288 29987736 401394944 -281055488 193652352 -203655296 259742208 -26522160 50686304 -113446528 312512256 90100384 -72101216 92833792 427655680 -59733616 213322816 -67629216 -30846624 -288873984 403569664 96696640 -556814848 -170069632 -97710976 -292204544 -8105600 216538816 34726960 2601074 87739200 321709568 69807008 -113320928 -278824448 -83190816 552807936 177006848 53419760 8224288 -42791456 499212544 13909104 62752608 
30441192 -117865344 138120960 -45541264 6654080 -188831936 -133596896 -169975424 366035712 -33721760 -156820992 161318528 -265939648 -447184128 37279248 -93049984 195434112 40691680 72318592 87801088 61351872 -11645938 9681376 -55652640 -139377600 -214230592 210223232 -113957824 -88458368 182237760 -117424576 -63333904 376535296 -191005312 -109511744 116441664 -149541888 -162127232 197987968 90717824 -26271824 -146502144 -9371270 -228489344 -145148864 251864832 -117448448 -272637184 -84274368 43748928 12156944 39225008 -146339584 -192701376 17519664 124587232 -481123072 262432000 79648768 24691528 252092928 253839104 94544640 -127647648 
-65561856 321014528 -60931952 -152956800 -88897728 -374541312 -222413056 -40252240 236493184 227916544 112516128 -261052992 -474690560 -190267968 186125696 -192292480 2791600 -215524096 -86960288 326918656 -404581376 -266341056 -200811648 -8534078 -398226688 -103722496 -113005568 -65495360 -111986464 148037376 100388928 -81977344 199490880 -308620544 301412864 140662336 10350108 105460352 -366832128 -219134976 -32920104 -61378912 -251192320 131000256 227310528 -519380992 -248231296 -167190208 229317504 -276115712 106974400 101064384 -166478848 2938192 396103936 -551900160 -197355520 221291264 -236446784 -287582464 -13595520 406018048 12659480 -99613376 
-50576960 -101036864 -323287040 -198117120 410822144 -152457600 -436878592 -133532000 -336156416 58635520 -118916928 332929024 -72119936 -241317760 321537024 202918400 55528288 -634605056 -326531840 580631040 -214124288 -188544768 -551835648 -51582080 -58088096 150705792 -123250976 516221952 23557416 -72198144 233601664 -193185216 -15648096 -268134464 120750848 -165712256 28048728 -260931328 -59920528 -149583552 -131486208 66344256 367153920 230502016 252664640 274598144 -156754368 -295830528 247522496 191841152 336973312 -99662752 211744768 -210406976 -199370112 13564288 -92735360 -78113408 -68258976 -26016424 422451456 240622592 110871168 -115744256 
-156251136 154573120 136303232 91934208 121993088 300477696 13174426 191347840 305314048 110289664 132705600 -20123912 90731520 216430720 -111220128 -154765760 -111035424 -212511040 -423232768 -150965888 84583328 134447744 -5217274 -175916480 -57345488 -186545984 -109986144 -240192256 -28182080 84740160 -391929088 148879552 -365732352 -36907616 -141885056 141545984 412644096 -158609792 -192316416 53908640 72026048 193211840 126510592 43357088 -8772876 -266281152 -355255552 409025536 -328324096 9573178 -88206240 -227890688 295621888 39635616 8738426 140263744 159363008 77332928 -155527744 171068864 137916224 -282776576 174255616 175196352 
-1399664 -220066048 71828640 -174073600 465796096 200467072 359800320 191181568 -13965904 57953216 330352640 -215218240 463029248 -172902336 141109184 348198912 -90328288 185444992 169340160 -7311040 624206336 -87630816 -412628480 -326413824 -112198 -216307456 86537568 -453371136 58569024 362752000 227220800 308082688 -387368448 298081280 165860352 -155150336 -400135424 -218764288 -122549952 -182274112 -24096320 -173277760 246436992 33884688 -19932848 -277949952 280089088 124599936 147786560 -86387616 76859776 335709952 581348352 -165370880 249293120 358044672 319757568 -135778304 145247552 281407744 4175936 -19572848 84030112 -100370464 
-77471360 81683904 -117213248 -197758080 695021568 228549696 -286081536 48053920 488104960 -133537152 -26339760 219432704 130933536 -103606848 -20751400 57350304 194275392 74672320 -54504160 229107776 208141376 -706288640 -542632960 -381331200 -192228672 -400047616 85197056 -87226816 193174912 -59853856 345786368 95313984 -317421824 -103438688 14851408 58297136 -339408640 -473803520 -258372608 -160228352 -83065792 -414895616 -98910368 432794368 280389632 -285621504 -281840128 83944768 318233600 46228224 53462368 -268068928 230186944 218227840 -50898160 35615968 298345984 145527616 -39514112 359018496 -42750000 404595968 302292736 87363200 
-54918032 141148416 -110191968 192882944 171914496 -464546816 11436480 504787712 642216960 124925760 386010880 -404527104 -214924032 58413888 442717952 -244438272 -313382912 -620589056 -490928896 -447872000 -88679488 -34519728 61790528 -507765248 -557785088 -20582784 -219248128 -62542640 29576464 -307484160 -164075648 -153301568 22589408 70396832 -21534112 456350464 9254472 -309946624 -155063360 -86206496 47456864 160475200 115071104 -221930432 -131090400 -99607680 -114764288 510929408 -272548864 -132711488 255970880 -379300864 -71999744 -518281728 174602944 28388448 -103785216 219921280 16232928 249459584 469572864 -144092416 160373632 -207387648 
305752064 473257984 41451776 -378912768 -224651712 104150528 -229076224 510702336 -119948384 117458112 -154134656 -402239232 -288211968 503122432 121878752 497720064 437420800 121303872 -83072352 -172771136 -130427456 -184386752 -63908000 161167040 255584448 -449958656 -322870016 -120762688 323914752 -125461408 -253727744 -25243984 -67793440 -2625152 292924928 422291456 -116192192 469807616 -593999360 -154601472 -173427456 -453614336 -413234176 82083584 135007808 108230368 77645504 -98164736 -455931392 -125001824 274485248 16339034 243834304 307819520 281758464 8582672 142244416 -16737560 -161645312 -139038528 -89357696 78212064 265080640 755858944 
176785344 -38488416 73483584 332593920 339338752 -667639296 -235024960 241544384 311098112 -3335360 125210304 -135149440 -460799488 -369235200 78476384 -89935744 254936384 -120440256 -118857792 -226218752 9351856 -316261120 -181718400 170511040 -119885312 177013760 -292357120 -281350656 -36663888 -188934016 32575568 -171151872 844145152 -304289792 79391648 -82680064 -16380432 -113322176 -270298368 78659296 -81697152 -147824256 166087808 443118592 262443392 426897920 378129152 -114791808 -13698484 -246616704 160834176 -238803008 101341440 -569453568 257813056 -100309184 -176662016 -422600960 -286492928 190437696 350349824 438502144 26199280 -63830544 
257080640 295669504 -520869120 -198856064 -349306112 -77219488 348145920 -376403968 -70138368 169773120 -163830016 313231104 448289536 -55151584 283705600 200482944 190176512 232606912 506960640 266508480 -95029888 282748928 -168478976 379623168 224025536 41666368 -135500224 102900192 59079072 292924672 15321904 -13575888 33017336 -177779456 -372935168 208883840 -134130656 612598784 219485632 -140624064 191736640 353389056 -268563968 280953344 -156080768 274978304 -378729216 -381200896 244676544 -155664448 -309581312 -3924848 -568925184 117164320 -177849728 74363904 -29906672 -108992928 93886816 115802336 30073936 -112371584 -360003584 -125337152 
528329472 260777024 -115906880 -444207104 -497395712 88108672 -207756864 721160192 -358629632 -38726416 -189582016 119599872 153747328 735866880 -171554432 250969152 247348096 76253824 101966336 -106695680 265819968 -418228736 -13988272 270835712 379919872 -272150016 274243840 -336752640 -129353568 -453243136 -270101504 -5104984 -298748928 243341056 120956160 -334615296 -413980672 -16661696 -456258560 35256320 -40321808 -812387840 -247193664 -81881824 70606176 332851200 568395264 630032384 -533094400 -16077604 -103919584 -563276288 6464760 -83799168 -7600382 -489606400 391318016 65334384 159266368 -203803456 277696256 102964672 354814208 508241920 
442457600 -14853208 256085760 -267784384 123285024 -105811584 394353920 -100903648 -261169216 229994816 -225958272 -150910016 -144898752 -110757728 -676030464 546608640 575418880 339390720 273589504 207367424 -31004384 744100352 -61089504 531544320 70887616 -185404032 -120632032 -100568544 -380406272 398071552 146525888 -193945600 -251881280 -352963072 867453440 362011392 -107769984 -41283248 -353046528 -364813568 -249985536 -102231136 -85746080 -316704512 3231510 -264848128 -1489592 -334572544 95907808 188973888 -446549760 296530432 29117416 -109751296 -78497312 358293248 -387241472 280556032 135990144 23047120 76803360 61310944 -255572992 -189711360 
-26818512 111966464 -27460616 -423757824 -160669440 138684992 -74191584 372215552 209239488 703286784 91642752 29607688 39762176 367501568 -143550464 -384224512 112913504 -124408704 -306336512 223435264 -427081984 -28853600 155467520 -481598464 161732032 -165965184 -147423360 -230359424 -489925120 -49765920 450974208 -218603008 -96279776 247999360 343326720 -100682720 125305024 -475663360 22828176 51632864 277457920 -431663104 96716000 122240352 162400576 -163969536 243925376 -80353248 -24020208 -129652704 -222173312 157307008 -158273280 -9784684 74813888 141844992 494531840 123340672 176583808 247931072 172897088 392161792 151184064 -324129024 
-221271552 101189824 -145934016 74494048 -358781440 373232128 -481537280 85287040 559782400 -245721216 -210122240 337286656 -212441024 -211313600 -393514496 -32398216 -44345488 -254692864 684968960 -106330048 48791696 -87545824 1351824 254386816 -21654728 -98508608 605895168 37011584 89290688 667232768 -45710048 -343070976 58531488 -230379584 -678267904 -197766656 -561193472 59489104 155422656 406619392 -260594624 89832064 341548288 -102744640 102738112 73151360 203828352 -85418144 -305292800 -150393216 109809376 383085056 -607321088 -374649856 -252162112 190425600 195070464 -493469440 -331041536 31957304 112096320 507785472 -9741656 -504422144 
-241444352 -59840128 324286464 -232105216 1100560 220006976 -13828736 126742176 34033056 57509664 35247728 377154816 94976512 -493910272 -432693248 38542112 -142894336 90143360 127930112 370925312 -275027200 12129298 339813632 -155271872 143798848 -157571200 100168064 86443776 -119034080 -22264728 130659200 -33170240 44424160 -30908832 356751872 28127392 423793664 -31102064 178591616 141301632 -147447040 48815824 524092160 365112832 482083072 -614029312 -88707712 -232185536 94264000 827655 5566784 240011712 -78588992 -87156192 -349013504 -141889728 -299981056 101770688 89587584 395070208 -45177920 136522496 100795040 -249434752 
-199015104 -42930752 147421888 119245952 -154938368 -205446208 -20745488 -43551392 -200798464 398522112 279056896 -230623744 272241152 -56544944 175579968 237290624 388206080 280439808 -374190336 -169556992 -483682560 -12800650 235061120 -95220480 170382912 341491456 205786752 -565234176 -173722432 -311060736 -13839232 -67353280 -103274432 -101094656 557242880 33380000 64637408 -438609664 91457184 32121864 84747328 -9792016 -398577920 315185408 45051472 -76514496 139491712 429876224 -101281888 72044544 -575065600 -7037904 -566389248 -214312768 -100295040 -514192384 -2482922 107768064 231394176 494501376 233520768 118623808 375384064 603422208 
-79854112 -284754176 -64269072 421106944 -273753344 267590976 246092608 709233.125 346549504 -555236864 -384835840 168350720 -54141872 99059104 -229028352 28781592 -216033216 -315637760 -202129216 -209719488 294936064 395495680 218262784 200918912 169506560 -68819936 108240928 -26314792 59965888 -47882304 -200369152 30548232 -258527168 335369984 -142303552 90395680 234308160 207680192 -145811776 -183986624 -140456704 -5577281 -133358592 400930560 -343307008 -372221184 321738240 536449024 51138048 120214656 -714331648 -10456040 237215040 22489648 253403584 73285600 -60129408 -288649728 -344414720 236284800 -421296640 -382063104 -172073536 -82044096 
-28868048 -147048576 134811008 -203848896 176471168 -77969696 1528624 -405301760 -363347200 -2786752 -20152992 175587968 -347524608 -417025536 273148160 -53995712 151566720 -38594784 64238688 -47542688 337016320 237078336 -182659968 -203305792 130187136 421851136 -21225472 556937216 279008768 200385536 -375078400 715129856 48891952 118308736 -53976208 -313723904 93291616 85472448 -533843 89837248 188307072 370317056 160959360 -205008128 -63399968 54242384 -527081984 -230856576 99951936 120977600 -206870592 132531776 304125952 393788160 252704896 77198464 -558653440 276838656 189089472 -71466688 -306952704 -419460096 -333221632 -373003264 
-38702112 -174284672 -52666464 -226996096 -88171520 -193781504 459830272 -552804352 -1755992 533593088 362798080 -232409472 -353068288 -181161408 362932480 111170112 -138415872 -128607776 -168164864 -117069216 245186880 197040000 51992624 -97102208 84796768 240915904 195134592 325222912 178861568 173321472 -55787920 153265600 81743520 -51832240 414929152 -135794176 -344814592 145654272 -385357824 -201158272 278147328 -51127456 -834396672 -447280896 -93372704 -446886656 -78496512 243444480 457306880 -163363200 -110547168 414930688 104126656 135556544 91439488 -201200000 48652464 402912768 122697824 -148875968 -342293248 73381760 69862944 -169967040 
320605184 -195164992 152568576 -173255936 201873344 -342200832 -92743552 354391296 -116953504 149474752 199813312 233424512 -353690112 259661760 -285863424 225865088 27626416 102795104 224232384 8101184 109895232 -339727360 298926592 -118868192 102637792 86894688 433903872 23810192 181990912 69345792 -325981952 -199593088 210264704 235834624 234663744 158010944 -516067072 166069120 245604992 413177088 603197952 -321115392 191749952 -102063232 312797184 123343296 -355268864 223151680 -41899216 148879680 263178368 274793984 99342752 70101888 142236608 -126249280 210049856 477057280 100502976 -179708224 84704032 -17063744 110764896 380725504 
-584204800 160939072 -167039488 -215647808 231838848 249428864 -94976992 -101641088 324547328 129454528 -94432672 -507336448 4431584 -265642496 500306176 -673856512 -12036152 -321938432 31021088 137861632 -221941376 -131892416 -182028352 -378018304 17068432 -201238336 -225234240 -314424064 -98815904 -191169344 584417280 289403904 167075648 -369133824 -179122176 103019584 -133462144 -87482112 335818240 -233604672 141734976 103817504 -258965248 257020480 -41128512 415569920 -327132416 183911168 249402752 28529104 -142304256 -146039744 -262059520 -176739392 -157371136 -298923520 -48195024 -445804800 -177674176 36466720 -332142336 218157504 -28294600 297424 
-57642064 -215401024 -456124672 161897920 -78240640 34015168 76809248 -661838336 86559616 119736896 -204545408 284326656 331460864 -97405568 354797056 98263808 -342229248 -52555008 -77410624 -428200960 353545216 148847040 -179920832 -176604992 311607808 102994816 59722720 269831424 -34314304 346517504 -194204160 155953152 -289429248 396278016 -313305344 -326547968 204507456 448616448 206480832 463021568 -169894656 103422400 59198848 -64617008 156795264 262292224 34973856 -172184704 347777792 -82265344 -180126144 163614080 -58698544 179757376 3407498 -73482368 -218179712 14168192 96332352 213881344 281163264 -275952640 -255275776 -206900608 
112291936 231348096 47727664 -135445120 147422080 60791104 121065984 169472960 273956608 12025100 -125094496 -49321072 63299632 103784096 -337147648 278461952 211262400 -139908992 265697728 -208929024 137995904 84304576 344837632 264766208 23815616 -251919936 19838232 -201042304 257918784 51989808 -396035584 49336608 365652992 199883392 -75868768 15885176 -207767488 43086832 -65325200 -66166768 -24396752 220214080 -330334464 -6646484 -473036800 114339264 -9404320 647519744 -192028160 5972022 -217282240 173787200 -256694528 62171600 -187921664 287288064 23871376 -72602272 -95003968 549374464 18527952 -249439680 294581504 -55181120 
-252010624 -448543744 239239168 -164389888 -569725952 174395968 -26773144 200943104 24071280 -195125888 135252224 -5641800 -439256576 90617376 683608064 362301952 -317206528 -87098624 -96646016 -45206944 450562048 323296768 -73109952 -116881952 175281088 87743552 -242868864 491981056 71870688 -25226016 -4990128 -122482944 -148284800 245823168 216458752 -62722816 -402982656 -464099072 88923808 310078976 -351652864 157578048 404203776 178014400 -400778240 141227200 144262144 -175125504 251114304 324650240 154737088 -125108608 -122183360 351096320 69422816 210672704 -8548572 189024448 99018624 -138842880 -509091840 -300085760 252513280 134326400 
368826112 82280640 -40752496 154440320 -132276064 -316500736 14586564 -189004288 130345888 224486848 -349567744 272654848 385190912 322478848 -220007040 505272832 496685568 -308530432 -170280064 -87973920 274272256 191064064 -327388160 434339584 73308352 109002912 -135369088 369569536 -85447328 313730816 -434429696 -46105088 -326409216 176694784 -48433152 -31799304 403704576 -10814776 39843280 -320486656 -405603072 316835584 -32599008 -69863200 -518587136 260168896 -81923488 397254656 26387952 135497216 -356152832 -372741632 142730112 30400560 -306864128 552125952 -75028032 -96158912 -68713120 415181568 14930408 -177430464 -105233824 -530917632 
212190656 -107921856 49527168 281690112 451840768 -338890496 219288576 -158059968 156380032 -344088576 447552256 -43178048 -109079712 -796087808 282623744 -216508096 -414272512 -7094912 -139912640 176261120 -48192064 -164519936 -490231808 -445415680 -691685888 326631936 -179333248 260880960 539834368 210840768 192346624 -31444960 -15515168 -280779520 171513600 594843648 -119619424 -190719808 -386374912 63680400 214667136 64653504 263765824 -177547712 119062400 -54657200 -355374592 -771866112 -125376512 -181302400 569176064 -99654656 666822656 154711104 327480064 761693696 -406687744 165347648 27868888 -204051456 -253476352 -74462592 218235520 -301746688 
-446190848 -152437760 -20266448 -11339540 236350912 116609632 68786624 -211475136 -389352704 153670528 -155090176 208785536 -26661776 -107643680 235779648 -110892864 -210521472 -174229888 -199258496 79934336 -425178112 -439214592 -90193536 -601361920 -346023424 324936192 -118268064 -172740864 10781456 87673984 514160128 360321536 523796224 -514692352 -103534336 -33912160 35979664 556882432 82770496 -60607792 -206393408 44745632 -90632704 138110656 226396416 -363910144 -134331264 -431491328 516738560 -74984192 406845952 356390912 266955904 268243200 303892992 -129472800 -288008704 -201145728 10847432 -459044608 121121792 -216075392 -263808576 -118743040 
107697920 86184576 -861228032 12531408 -344711424 -107508448 -674331648 -43539472 123170688 -85523936 -383761920 -95173984 -206474624 375442432 -30456400 -60328576 174175808 34593056 -154304128 -209137600 -255014016 -398183680 -191051456 -267200192 308037632 442582784 -240543936 41059424 -4250864 -148190976 47035584 48189664 -493905920 50254080 -147804544 -298304256 -536899072 -207847296 -318591488 -334995456 -220652800 -507144960 4222024 -221890368 110138784 27660968 -34088608 -19269656 33205656 -190453184 -112719008 229006016 53036064 -251296192 -58768320 367388416 378285824 -191306944 232084864 833627 481611264 135684736 -286944768 -70132960 
-212891456 193438272 17654480 -519524608 -96697568 180505408 33282104 -457370112 92615136 -243068416 82788416 -131129024 -112463552 -209080768 400235008 -143308672 145584576 110650880 -113233280 505654016 -4165680 92131968 -198648000 -173301760 128215616 264859008 -609427456 301137152 -269589248 -129367104 383726336 -143613184 -199820928 24946528 313471232 -181205120 220249984 -148689536 -603351040 -342194176 244213760 -184627712 -613066752 180149184 382405632 172818176 42279648 -156676416 133677184 428901376 -3924512 -344975872 59888224 460494592 -110507424 -404464128 -668753408 592391680 19418848 77479744 241884544 -9223664 -33590592 -40122496 
321976576 -154186624 -56430080 172916352 -107784224 278094592 -352596992 109953696 255019136 398099712 295336960 481747200 259266112 -41772544 -338412544 388537600 -44131744 -60858592 83348288 -601562624 -46803584 246549504 -104006784 -161225472 352429824 79266432 -148139136 644237824 -127018432 -189882368 -323917568 -354509056 361361664 -92606112 168720640 -337317376 404074752 256404992 33404200 261641344 -62571296 141613760 18586728 409931520 7702888 278854400 240745600 -202361600 25776016 379033344 313906944 227121984 14381104 286924800 -368046592 393118464 100975584 236731776 -206138368 309016320 164311936 65351872 263023232 -320727552 
192560576 127283744 272070912 -312772864 -281900544 -301381888 -203203648 -170750592 -71275584 473983232 159778304 -1332504 -580443136 -81255776 -54527072 309258240 662937088 -64105664 254244480 -212007872 -392200704 302010368 -513305856 556706304 186202816 188194944 -45482528 436038144 -249026240 442263808 -360665344 -1693632 252383424 -449108480 214856960 -171689216 270885376 155681728 -422567424 -8846320 143776064 344531456 -242279232 179663424 257680064 56313280 -259063296 -120539776 -135201792 48288448 26250272 -230366976 -80884384 -120536224 -145093824 -124632192 -194902144 255964864 -193229696 -156777536 -181905600 316006912 -103679200 112365760 
380587520 -380405248 -84852096 -134391616 -196215168 -170156544 193707456 74216224 72231808 257012864 113446464 22349000 -239912320 -460685312 325538304 193648576 160925120 133136064 21843504 -380036096 387160320 588652544 -253754048 -148089984 147471104 -135816960 -88460928 459492352 -329836032 298707712 -562612224 334434560 -92169760 -110043296 112760832 -446149632 -210869120 -352434432 -273877248 228929792 -94854432 372656384 230573056 -121683776 -163469312 -253717440 -176629952 -426461184 402588160 64179856 -102403584 373738752 -119949376 -142593152 -297231104 355729664 12529946 563185152 125420960 156581632 -121486336 -160997568 -335757824 -29814464 
-93420512 148655872 -110156576 375323392 -379577856 254927488 -24488176 -3859354 90866688 -308900096 35687424 -271937536 250216128 -414258432 -34410144 -300271104 -117503296 747375104 742946304 280644864 -50078880 16382896 -547528704 -449929216 -133471040 -283314688 395743232 232521792 -10165672 14047600 427549696 151694208 -278173184 -123841472 -212295872 506298624 -263553280 357235456 349163008 -270647552 397030144 -237370176 -417399296 -174558976 -130487168 95757792 -546376704 -624204288 -275420672 172243392 338963968 -294685696 -204413568 499699456 334826752 -218611328 -343936256 143493056 -60377408 -256926976 -464856064 -39203952 -357680640 199554048 
-75627744 157154240 -236207040 -323261440 38472256 -113333056 -152838336 -204017856 -226630976 163905472 -137846720 -73370912 34490112 79170080 237475904 130491200 292174592 -281657600 -82532864 126340960 254864512 -7315530 32130488 364283136 135890752 -127092928 -271717120 47865600 22992088 281065472 135763648 -120635232 60964720 7689024 269498112 67137856 179054272 169746176 31431224 191925952 197636288 41495520 -235226816 515972096 300204800 489282304 -120276896 176045696 240810880 46215536 -109656480 4245418 -431561472 221754944 -59577520 -406255616 163987200 -129270624 39843568 23435408 22499616 273174528 323532800 47157776 
157231232 -200484224 -15302048 80352224 -434000896 46083584 340476416 257151744 -253264704 -190261248 54141584 -127342368 -184765184 -135865408 165886848 383672320 -67422976 -128716640 -18216984 268333632 -237857024 190414144 399393536 43387504 46839184 -390443520 -282946304 -116386080 -276509952 -49001296 173170112 -249924928 -305315584 355675904 166591744 323070464 161120256 -38013744 -120427872 -49685472 -215215552 -414372608 216997376 332349440 390194688 44083200 200416512 -744738816 -170308352 18555240 281339392 42665600 -145127936 14696218 -414931200 -103977664 146366528 151879360 186654784 26894672 -86095296 135755392 653428736 308278016 
-141275520 -49772768 381485056 -30912384 -212980032 71215904 306268160 -256995520 -65417232 87848320 -309230848 -74237632 -984272 30941584 -234422016 328943104 165719680 55514912 38443520 -9319120 446331392 -418983424 478208256 -45006272 249114112 -233583488 746783232 21626272 -26983656 -356802048 -98603648 453075968 -138502592 163232704 -322623488 182303616 83204544 -61356128 -46673008 -164209280 20867024 -268938496 -216412416 -294280192 -185133824 -700158976 -247241728 192377216 -247788352 -339960576 -329273600 249556736 -57739392 -242118464 -144923840 -183406912 -122586720 211629568 -222184576 209107008 253728896 306530304 -378219776 80206624 
-144557504 -204608640 404365056 431223808 534251264 -83073312 92689408 -384500224 -35917552 -60043232 -50187488 399194880 398716416 -192640768 -257611712 113930912 174015552 44709568 -126162816 154285184 -176160256 277329408 -326075136 485593600 -331541504 478195200 -142441216 626958848 263086720 -445907968 -474644480 -227808704 -1293720 -328325888 -108945024 -14117464 363557120 -286485504 -44046640 251570368 -115272576 387399936 290416640 270694912 -412655360 -284018688 267157888 114138592 721362432 245124800 -221134976 186094848 33551456 194370048 105914976 123959104 392310272 259450368 -183453952 94579360 -257746304 -438926336 163753600 386069760 
-61347440 -148362624 -336346624 -121296064 332429312 -142173952 43972720 -275754496 227867136 -11313712 -431213056 147157824 -9779328 -381492224 123208704 -9716248 -289417984 -110486400 -202130240 265330688 557846528 135452992 253988288 -328432640 141476480 -243035328 -606872576 462306304 135935552 -16001144 43673920 -178600320 -194391488 332309504 -135471104 -170985408 85543776 304899072 -351742208 -169417664 182724224 85871264 275340800 130931168 531928320 -103540960 -237264064 -92024352 517248768 -67986016 -129281216 405769472 -23498496 140885248 -486388224 181028480 -47916864 -143037824 135279744 270499072 55646928 -546678784 -397195776 -417087232 
-160162112 -270925568 500590336 482356736 122536384 -1915290 -28709616 58274256 15859350 -172428352 81075616 429779200 65162480 -335142400 -435971072 -186352640 97693056 181501696 256247680 196909376 264891456 -250605632 -14210152 43103904 118538464 151745664 21881200 -297281280 -394436864 158609728 22006464 -20765632 269474816 252164672 -256054400 281554432 59258912 -117968608 5862571 151319168 237054848 12841646 93272320 447571456 271827456 -56128 -108984160 -90908096 330063616 223551232 -314736128 -42236432 33256464 74221888 248931008 33065984 -137430848 199017152 185501440 -140229952 129078688 36548320 -191377984 14538208 
134030464 -124347584 37472304 -202845120 -18328224 -191976192 -124631488 -135486272 312144640 1351696 -141487936 -384888832 -435488256 -265761472 -10936464 7892648 584492032 -207215296 116738944 -228381440 229364096 246030720 -715496960 96088512 -80471424 -189233984 96014016 -132548000 -577834496 -326577664 -409171712 96012864 -789989888 -190741376 30269624 -369181440 -175485952 -345812736 -298630912 -612554240 -437442560 -61527792 285352192 194077376 -291412224 -167411008 -66179456 67140544 -84147072 70793248 -152892544 -158360064 230971328 -493480192 -454449664 -562298880 -130837408 460517120 116987168 233918976 241486080 65126272 -67254784 -16478784 
-278170368 -308909824 -146441792 73567872 16621168 11806256 40420672 1439139.75 -121252992 188754624 535459584 -408160512 294047744 70740032 -63324512 179406976 -29170752 -107601728 -176916608 -148419584 18644824 -15579956 320462336 19450768 -61838976 -112419712 -137245440 -281905408 -264487232 -135185152 244742912 -473031168 -134577344 167010496 -48698144 144015488 -32827032 -165841472 99044000 14871432 104975232 -188406848 380918784 -110360480 -12861066 250079104 227236928 -52030096 -119256960 50852096 121535168 298414848 -680716800 -386651136 -361409280 293645824 456082176 -64043408 -248991488 -306058496 15388112 200417984 444892416 -70193920 
-308969472 -52550016 -32053768 -328486656 369438720 372427008 -529624576 -162073152 5668636 53521504 124438208 -395407616 -344888320 80523008 463544064 -212723776 96940032 -10718096 -24045992 -132826080 -123803008 485767936 -202612096 -57766992 178535872 30617792 -250541184 -97801056 96012992 -112510528 235792832 -82571456 271789056 -137448896 -61056768 -706893312 1038503 115586048 -128170912 -212998016 30610232 615025152 176600768 373955840 546973696 160261696 122938112 174544512 431996160 290217728 99922784 148532160 220500160 -109805024 -85017056 -251747776 42501200 -239046528 246628608 79097216 252676736 212044928 164086144 84108544 
33672992 510554880 347332864 -107225440 435439104 -179521280 -507439104 -164720256 -41829120 -346204672 298992896 14157598 -107693440 -27855808 74257440 -308451840 159960576 -43961600 55711840 312208640 -32791136 -369205504 -142261312 -105182400 -625666560 239626240 -35414688 324936192 -49174912 1014688 171994368 -194942272 -117042944 89061248 12147792 -145465408 131390944 -556929024 184936128 408802048 431739904 -228758720 266897152 300446464 222578624 495165184 110543488 -145022656 -612107776 -21493744 388032768 -103647008 193300736 270170624 -125932416 89691968 -77456128 -406268416 -336094720 345127424 -160565504 125651584 207111872 -115709344 
-2696923 -149128832 -149232128 326087168 165505408 214278656 -132184896 -164154816 328944384 409995264 -304833792 464378880 307265536 32919072 -208429888 375351808 -134845376 458183424 168821888 -9766038 167476608 -160870912 -402060032 -17726232 47480960 81009120 -176334912 449587968 229780672 -159610368 38371136 -88195552 188173632 119206080 -320019712 -171851904 -120176480 240639168 83379840 283390976 -171455616 395217664 93919744 595771392 268666880 93333920 -327185664 172281088 498427136 -268630016 -344384000 49754560 -268995328 231134016 -85247936 -157921280 -58870016 -219401984 103021600 223545792 354230016 -281460480 -38399792 71246016 
-114380384 124368448 772845568 34334592 -181989376 -223861120 -267499840 27701456 -96955456 81248576 19921760 173267392 64461040 -472455424 76745600 -199357824 326093056 -325964288 21909248 -185720384 -222664320 -446604288 310709504 -355425792 237979712 172749440 349397248 -188091136 -388690944 79545408 242503296 189996288 374248960 165962240 36020320 60251792 614002 -55107248 216843776 28031968 -208034624 130762016 73057504 268265984 60629520 -305469952 173822464 408952320 94857536 238693824 -278420224 -141000128 437426688 -230940416 200684480 260100800 -437412352 -199846400 34547744 415803648 57223872 -92151424 134131264 62656256 
82533632 61187024 5551376 330966528 -518696960 31384328 -293112576 130214688 -156471040 -268323136 -65990608 -88872512 -150659200 -33346400 -33990256 236972736 44105392 411014656 121710784 -204732160 -250047616 307793152 -64604592 -197810880 520571136 278669568 120650816 756476928 54096080 -227396992 442599680 65458496 -188759040 -226172672 706052608 44108832 -51545600 98164064 73383328 -285184000 -469914368 -28208800 -188022016 -408292864 -11026128 -149138496 217389376 -246662976 237843776 354024448 167572864 -101028896 436370432 267814592 257672640 -104102784 -370618368 82258816 -46229984 272168704 -41779648 124203968 -572907520 286606848 
427166720 -445270784 180859776 235816640 -51933616 -168940288 214784384 80635200 165329472 -126532512 124576384 -234071744 -113316160 102469376 -337952512 263962112 340439552 -33702496 685411840 -29799184 7430504 -98243936 -360902912 215329600 49962480 203531776 559002112 -641169.5 -218610816 201833600 -264029056 179097984 -444732160 91824480 -346336000 8608884 -435444224 -302206208 163793984 -422242304 -234342848 -98590656 341934848 -6858886 -463017984 188573120 -165924736 -51154112 -124639744 -35353584 -403464448 54896544 3917500 -313662464 242484928 233472192 -427036928 248054272 -169755392 316034304 -213179200 160947584 -348439552 -285364736 
-425073152 62752544 23652736 190878720 192403712 204141440 -319089152 411407104 -4281799 -73465792 -31651784 -292689664 80738080 -3871253.5 -453821696 237074048 147796480 -122902592 74966144 8926354 -335004416 51507104 -285400320 273656576 -46306352 19815808 -84412032 -693201920 -190334272 118108160 -67243264 -118078304 -296662272 -316688128 -193197504 219544000 -27063456 286891264 -174177408 -308115200 -570045952 -162677248 14410190 -158451904 46867216 127659744 54021120 -53060432 -211227136 45645456 85840000 -176073216 -289810432 -182971776 101836640 -173198336 18095080 -157067840 234836480 -258931264 414502400 227154368 83428416 74739040 
235254592 201345536 -17618264 -542664704 -116559744 26153560 -61000912 326480640 443740928 375389696 -115542848 284214016 -51692640 -79822496 134173088 -78849472 152995264 -23681160 120074848 -68906368 -229357824 -99896768 -9154626 -385966336 322330368 -289393152 146599552 -95387776 287675904 -435952384 342052352 202479552 185089344 275468800 446164736 177487552 -3443499.5 -447117056 212021760 -39323552 252830912 -46533200 45846224 160528960 -23280952 -155952832 -407657984 352571904 -181736768 189142656 -58302336 -316007168 -112305376 -157143680 -71587776 -168825984 71512512 245731648 162819264 527136768 121673024 207041920 560437760 -52845568 
466219520 185306048 -122123936 -21060600 -309134080 -528246784 283284480 141088320 289574144 14879510 -307926016 186332992 -35673856 -230256960 -29278360 191490752 78823808 324835072 24483480 124145568 184718144 -210407488 355632128 -178518272 -157039552 -187131136 244743936 49637840 -117652064 188438720 -310854400 -82264192 212511104 -126315904 -116987456 -133551200 -197806400 -472252416 -199543680 -176326912 -444444416 31609280 -32803216 -321955584 -6968656 -828461056 -161591936 -377887744 186813312 -559280128 -255236160 549165056 -617944064 -694452736 -168013632 86877824 -282294016 51957104 -71087680 224886144 126007040 303974400 -612733440 -450830336 
-594457088 -231686400 -327486976 117946560 -301775872 -167582400 -13858642 133881920 222607616 -327048704 -80416768 452954368 -354890752 239255488 241724416 463419648 -555376128 -83786272 -257661504 -331152384 450981376 248648384 98198560 -158881664 -153474112 384681728 -184037888 166906496 743204864 487726336 -304128000 180328704 644886016 286637824 -148360832 133421152 -517978112 280224256 -72523904 720081408 156745088 56148560 -306002688 140750272 128921536 88478240 205534592 491094528 344160256 -61800976 92765376 278298112 141295360 475758336 372038912 478070784 37615504 61528192 468182784 47097696 -365374976 -268208832 -93007360 99140096 
458350336 99303424 545661440 50443648 105657920 -195259072 163138240 278884864 -405197568 -17991296 88093408 -17878088 -84782144 317829888 124542848 -248282752 -233118720 -223451648 -121469632 -51682656 371258368 -30833616 512682752 13296912 168560000 23128768 209222464 466361344 -176403392 47736128 -84422080 -84699136 112055296 88770752 54457760 -324224256 -186022976 -276849408 697312768 -142708992 -584456704 213718656 432418048 -121440864 -356250624 -74150656 359217408 105943680 -30195896 -123576960 -126780416 -12476784 453421312 -353149952 -345284608 163464576 -106446752 -375059712 94071424 231134208 -353986560 -73898528 -450583040 -429599744 
232730944 -72275968 -339579648 296412160 222984192 265606 -209288448 89867168 -240632320 -145576192 60050464 92687296 -371397120 147500160 -247028672 -81815232 72901792 -107391744 -364469248 56544816 -188065664 -1050615 294484480 -39952400 -347065600 266601984 -210200000 250942080 362179840 389519616 -489173248 -490530560 149078720 257735424 243477248 207421504 36169664 233508416 113909888 323685888 584003072 9932126 -320756224 172029248 424014336 758314496 80220160 190230336 -233623488 154604288 -36330960 380503040 80221536 -83192096 -463916800 -166500992 56964112 -758144000 354659840 -156588928 -200172032 -121391616 -100814240 165580800 
157206400 -112034432 254584064 -8220852 232037952 273595648 181683712 -437468416 -19489120 502954496 214596864 -131877344 102494304 118706816 -258688128 -10609960 114192992 -109021568 256065472 -399824128 99346304 -469787136 -39391440 234673024 441685248 207407104 -18728720 -56928512 -57640032 192293888 -368269312 216606720 -129184576 249357824 89348352 -215570496 -71976704 141009024 -84467424 -29110480 368009984 170711232 -497972736 293451264 18328360 344134144 -173877632 250409024 119994592 -167116736 -416916736 568001024 83580704 432655104 -175493824 5867744 23327392 -603245056 -80259008 448004352 -506184448 -13287016 31594272 -142015872 
364435968 -165204032 -227696576 -83695744 261940800 115930144 126183680 178668096 176363968 -462919680 -82905024 255241600 -119613536 218515264 113763424 -282327040 -13181134 207850112 394991872 -134686912 -43442496 54362528 -89106880 206923008 59483120 -153467200 -237123456 -44143584 -143067072 -422790912 385216768 64369712 110071840 69127808 -122325920 -430540800 -73961504 -317080320 -20581400 -244110528 -33369112 -25847464 -7669071 -34658320 -242416704 11839116 143813376 -195246976 236919936 193987584 172306240 -129979840 135617984 -168514944 20375736 127448064 868965888 -33037424 75315744 -483215104 29233632 31571104 -193837504 14013648 
-113938016 -65910752 546217472 93145376 168247040 -114827616 -336698368 -325438208 -250275904 -54343168 362576896 -457536000 -194387840 -228326848 33957200 -49168496 35599824 138660992 507010304 -157566464 8689432 693740032 279706880 878245888 516989184 287674112 -17008304 -42393328 -455675648 -3394814 -307803392 -121625984 49640768 -77777696 62576256 800286 -51512592 646727680 -107826016 -24495712 51785088 362385664 302545152 -208062464 107577088 446650368 375553280 -33097696 -126995008 263230656 -353202688 -97968128 -108607264 150610624 104977856 173685568 -632456704 157248448 -339005952 37284160 -12586736 -268445184 15386824 234373248 
-827530240 -165360640 422858496 -14678632 272588032 286136064 -17650488 -83971968 593989120 -9475600 270774272 382262016 134879680 -206783616 -211850752 -737795072 -424333824 -295479808 -200830016 105576352 -86573920 -335887872 215649984 -373817088 -130851616 -8148552 42231600 8796390 151915136 -120416640 212434624 -98002592 400808960 -16744176 -482840064 -245213568 496681472 -486645248 318185472 -123755424 83318976 466699776 641857536 -216250432 20461648 -74256960 -209839296 437326848 -212678336 -73989760 80938752 97852704 -247898880 -533828096 -283441920 -153313152 -177322496 -698661376 -337999872 64738576 4910128 60666912 -11215362 -599075840 
