10 10
41.073903083801 147.98302459717 -11.433737754822 119.79726409912 -44.989096641541 -53.504244804382 241.97890090942 27.836710214615 4.6318120956421 35.473734855652 
194.69950485229 65.885782241821 -167.31090736389 -93.031011581421 98.800371170044 -50.956081867218 55.622256755829 -132.81290626526 -90.042477607727 158.83418655396 
-110.23121261597 55.311978340149 -63.353580951691 13.92352616787 -84.543106079102 66.086200714111 -136.05690956116 50.3975481987 101.82168292999 49.982487201691 
87.717099189758 116.99684143066 12.999913215637 135.81162261963 15.612055301666 -6.683394998312 197.02618789673 -88.32250213623 50.422123908997 21.533885717392 
-169.31984519958 67.136198997498 151.58282470703 61.772714138031 -82.849795341492 -70.368647575378 107.53241062164 -12.266278922558 78.850507736206 -221.2299079895 
51.331753730774 139.85621070862 -199.08420562744 47.562808036804 -134.38743400574 -86.991376876831 -16.634870767593 -103.25854873657 142.76571655273 -0.23075133562088 
-55.134236335754 -119.21904945374 -151.6001663208 21.067535638809 -34.147997379303 49.422291755676 -227.25322341919 -94.342608451843 65.666379928589 68.521554946899 
-2.7166929244995 -166.06395339966 85.99949836731 31.79592871666 132.4659576416 95.620902061462 24.495953083038 -2.847757101059 -135.95012283325 96.200592041016 
-67.678419113159 -49.036302089691 180.96676826477 -45.131407260895 -14.628084659576 144.49702072144 -58.057173728943 47.106832504272 40.171339511871 124.55577087402 
-81.04231262207 -329.28372192383 -169.07775497437 89.203876495361 82.041738510132 127.08271598816 -288.48570251465 -181.05681610107 -85.131670951843 77.387191772461 
