16 16
-11184.584960938 3566.7097167969 -9909.1245117188 -4706.6484375 -1761.9931945801 11696.665527344 8096.5434570312 4722.4887695312 -16862.229492188 2130.7854003906 -17284.59765625 8278.9072265625 -9066.3505859375 -3976.6281738281 -4686.4421386719 29252.306640625 
5343.7902832031 -12815.056152344 1648.4898681641 164.54052734375 2242.6633300781 -5773.1789550781 -5829.5473632812 -13707.5859375 5362.4641113281 -1288.9840087891 10541.357910156 -303.98241424561 14055.022460938 9342.1303710938 334.3069152832 -12488.396972656 
-20836.4453125 1130.8113098145 -11157.098144531 -19089.251953125 -17660.93359375 5204.7548828125 7814.3413085938 -10530.193359375 -5552.3154296875 24566.16796875 -3941.208984375 -20593.587890625 -15791.40234375 9467.9086914062 -11466.5625 -17938.201171875 
16076.547851562 -10007.838378906 -15777.855957031 3253.7827148438 11285.372070312 -17487.2890625 8588.8579101562 91.725433349609 19874.139648438 -466.58874511719 632.35037231445 14666.250488281 -4789.8444824219 -14126.359863281 5858.1115722656 -8460.6953125 
16972.235351562 7187.8747558594 12564.837890625 -7396.7934570312 11535.8359375 5517.4814453125 -1217.9147949219 -21295.017578125 -12973.437011719 -10499.266601562 11503.53125 4955.7338867188 18096.813476562 5597.7583007812 -6581.1103515625 12278.788085938 
-9770.5756835938 2880.5518188477 -2798.301574707 9403.1645507812 -1478.4312744141 1063.341796875 -3939.9735717773 10690.825195312 -6151.9372558594 -4872.7885742188 9741.7177734375 -7345.8247070312 10673.310058594 -8521.1645507812 6166.7241210938 10990.803710938 
8696.861328125 -6130.9812011719 14872.072753906 -15806.111816406 -15495.015136719 -12772.347167969 -3914.4559326172 -9174.31640625 23315.795898438 5352.1206054688 -278.57496643066 -4640.6362304688 -6361.5947265625 -2471.4939575195 -21413.42578125 -26708.172851562 
-10638.723144531 -1250.388671875 -25195.983398438 -4721.46875 10388.888671875 -8427.7397460938 15349.710449219 -25793.870117188 -12334.794921875 11776.811035156 24760.595703125 -1350.0861206055 12645.55078125 7522.89453125 11902.177734375 -24327.912109375 
9694.6684570312 -5696.0849609375 -5102.8845214844 -4844.2585449219 -6430.7331542969 7183.5024414062 4982.8432617188 -26852.124023438 -8826.701171875 1781.8374633789 9460.7358398438 14282.341796875 2226.4905395508 609.88134765625 -23242.254882812 -3478.2447509766 
-2742.8783569336 -6728.9184570312 -7697.5341796875 -6060.5490722656 -554.99142456055 16516.119140625 11227.845214844 -41598.640625 -15972.910644531 9862.7607421875 22753.874023438 10641.644042969 -6472.92578125 19948.3515625 3886.5209350586 -9801.59765625 
10722.245605469 21116.122070312 990.12829589844 20574.790039062 -10356.004882812 -15865.568847656 -2209.7245483398 21275.5546875 6686.126953125 2816.3092651367 10784.370117188 2699.6312866211 2233.5478515625 -1215.8200378418 12744.241699219 -5251.740234375 
-16669.330078125 -9508.810546875 -5007.0913085938 -6290.6850585938 15569.806152344 -11014.886230469 5031.0617675781 6647.4943847656 -1307.2366333008 -522.72314453125 -16793.819335938 -1254.6645507812 470.20434570312 -11257.879882812 2433.1282958984 933.19317626953 
11410.981445312 -8553.2666015625 4319.1257324219 -13957.756347656 23185.512695312 2732.0706176758 4713.3454589844 -2760.1201782227 10005.104003906 -6428.6611328125 -9820.4565429688 -6663.916015625 6903.62109375 -732.5615234375 2466.1151733398 5053.5466308594 
238.41241455078 25892.14453125 -6932.1821289062 -411.97978210449 23380.41015625 -5269.7333984375 2248.0726318359 -12124.714355469 -9968.4873046875 -6086.3989257812 20786.060546875 -22643.1640625 12035.352539062 4520.8413085938 11603.661132812 -2314.4964599609 
14177.724121094 -7305.4533691406 3170.7745361328 -2283.89453125 4191.7199707031 -7948.7397460938 -18491.544921875 -2421.7840576172 10319.947753906 -44.425384521484 15543.65234375 -19773.94921875 1715.4267272949 -16013.73046875 -3672.7668457031 16102.831542969 
-10308.940429688 4443.8186035156 -5905.5405273438 -7160.7966308594 12332.789550781 -22741.888671875 8638.4169921875 926.07498168945 -923.14495849609 -2782.865234375 -824.63150024414 -2373.8656005859 21417.282226562 -5402.3403320312 746.00408935547 -9833.3583984375 
