16 16
-66288992 82579360 -198867072 -132537056 -14036192 46529072 -171164992 -187012096 -133508416 7541513 -68932128 -53265696 -162267008 -51710144 69268832 -50113808 
-62879648 -38485184 -131707104 -77894272 -3989000 -46631200 64013312 -39453696 -63492640 -12866282 61705712 7201792 125002432 33431272 29905888 -189612288 
-97869664 118417728 -198604736 130297280 56741728 -22466264 -71904960 -134218688 34371856 77551296 -149529536 -45157488 -29982880 -75760320 -114020576 154889408 
-116395104 -71303744 -68367680 -5734213 7783344 98625696 -262804800 13977848 -60885088 -53064256 -127505536 115269664 -123846976 -142445376 214722176 11856128 
-130218400 -157779072 8798348 -14150248 245513408 172726400 -222962880 31462512 132576 -128336352 -173113920 -11818038 -114451488 68066144 384974080 87107904 
-35106528 -38642144 -41513488 64341232 -37558976 -44572416 -60891712 -255830336 64575520 190887168 -24578120 -281783296 33980864 151664896 213005824 49568656 
175123392 12058060 16473168 111464224 157865472 81708032 -56936656 2605466 -26907912 -147660224 104541312 -32292720 60078000 25641032 -44455584 -183980352 
-132768096 -26009256 -239841024 -110907872 -112326880 -109914912 -159931904 -70476832 -100560960 -15654804 -137690240 121528192 -278101504 2010720 -13091968 69989600 
-47978144 37257584 72719328 -113247072 -120793600 -9317240 113335232 -33696784 -78442432 145787968 158978240 -23837024 104839552 64179056 -27001080 6053020 
-86460800 67962432 13446874 191936704 -57347488 58025296 -96799680 -186602560 150311424 257286848 -129383872 -73119584 10162412 19000896 111432192 221505600 
36963552 23661112 -154333120 -199098816 -70477312 -62695296 38978656 -56021728 68455616 -57046448 -91971392 -29238208 38761920 83454336 -96351872 138191232 
-128622880 181333632 14801874 -69889792 77384928 -8183337 -131992416 28919816 -201189248 115623264 91188480 -72871488 -28405000 -1008080 15723496 -45688432 
116722912 101595008 -12406736 354513152 47808000 -86162752 -38288160 14406584 -151798016 51365344 43009936 -151636800 -42553536 -54562784 156685568 128509184 
-192054400 92495776 -171034816 63823360 -85435136 -7101588 -11210176 45637200 -65453648 144672512 3363980 130769536 69866400 -176603840 -46490304 -123637952 
213995648 152709760 132974560 -87908800 105743840 260389312 -120403264 285792768 -66546768 7868444 70473568 137837056 11704752 -248590336 67136384 -179300672 
-117485952 105448160 -21840640 -218125184 34532928 73416640 -263206976 49841648 -119653568 60224784 97752800 38586304 33476816 -122499456 -79925760 -199416064 
