10 10
0.18152182735503 -1.2734075561166 -0.75515967234969 0.84554613381624 0.44728512316942 1.7808433920145 0.32728427648544 -2.3533785641193 0.024319583550096 -0.032431276980788 
-0.090975614730269 0.070691090077162 -0.29881710186601 1.3702016696334 1.166801251471 0.68012604117393 -0.24068624898791 0.82123523205519 0.13704424165189 0.60096960514784 
-0.55102438479662 2.143737450242 0.2024462223053 -0.20351056754589 -0.13372766412795 -1.4224150553346 -0.21065613441169 3.0036125779152 -0.22495675832033 0.27592621743679 
0.70383883267641 0.69400324672461 2.3868887126446 -2.0104500502348 -1.1553956121206 -0.44522235915065 -1.5560972318053 -0.1780427955091 -0.74266119301319 -0.16055720578879 
1.0509216412902 -0.40977529995143 -0.29013524577022 1.6672460883856 -0.61580599844456 -0.70403479784727 -1.3750531300902 -1.0079065710306 -0.70368396490812 0.78191539272666 
1.6416374221444 1.4780150800943 1.2759294882417 -2.1429834067822 -1.7891346365213 -0.99385149404407 -0.60777891799808 2.0054323524237 -0.33794830366969 0.060267155058682 
1.3111744374037 0.010669590905309 -1.1345115303993 0.89750808477402 0.27918047830462 -1.9854736477137 0.83723586052656 0.65615819767118 1.2454299926758 0.10593946976587 
-1.1135921031237 0.45187326520681 -0.81386080756783 -1.3174132332206 0.41195973008871 -1.0272632688284 3.1104907095432 0.68209793046117 0.13347078301013 -0.96956279873848 
-1.5997263640165 0.10383928753436 -2.4013685286045 -0.82759224250913 1.3605456724763 0.50653893500566 2.1801928430796 -0.082006962969899 -0.89063031226397 0.15955377183855 
1.6018258333206 -0.47483054175973 0.7440284229815 0.83275625482202 0.35392955131829 -1.9086574539542 -0.2183242496103 0.19334101304412 0.11636289395392 0.56397303938866 
