64 64
29987120 -509976064 460773888 -563386368 31937344 32696768 634834432 -193867776 381598720 301910272 53403296 -96371712 250176896 -368232448 -706727936 -145988032 356633344 186865152 -726283264 26653024 -383868928 -360751104 195375552 333639680 90117376 -128178144 489119232 127259776 -34982112 57943456 -464293376 -446137600 245665856 -166731136 -524199168 -434033408 -111164256 -293262592 -26712432 319660800 259216256 538048000 146581504 25885312 247206016 -406462976 -149455360 -150428288 -332282368 105990720 -84810944 249035264 564204032 117600800 -62765536 324782080 422732544 -73632896 342185472 -153085568 132392576 218958720 132531392 551539200 
-43098592 4963552 210699520 381909248 82670816 68294176 -263019456 20982352 -270037504 206139072 -405858304 -29139096 -231736448 117896640 -457106432 386134016 -116760608 637166592 110824832 -335524096 -564705792 -78785600 374169600 -213984896 101683712 -47816368 -65442656 110030048 236850048 111150880 257844224 214429760 57150336 311831040 39796320 26175568 564938240 517377024 -442213376 169456064 -214269312 106696640 -175339328 -359880448 154686336 504300032 -282244864 -213798080 -265986240 203246144 -293680384 100922528 -27819536 -117060672 113172480 -218318784 -623641600 -323220992 448355328 198096384 405924096 -370447104 -651891200 -76469600 
63104880 148489664 -628699136 142704256 -311966720 6255982 -251436096 110472672 335221248 20735968 -44519040 -519044352 335643648 484865536 103714112 11580936 256010176 -230637696 197575168 -185462272 -38246000 457506816 207188864 123675872 82216768 -3483216 -165604480 -456622080 -315323136 -40442720 -96092192 35870144 209345600 -39824896 208827904 -204147520 170104128 203702784 281195264 -260319552 22780496 -184754432 30220640 234732608 146102720 48601936 -355063296 431540480 92882368 -182274880 -408466432 40626384 -245826048 260858112 34547264 397057280 -6865808 231848960 -240800960 -90960000 -53123616 -7798910 29695192 226980736 
127025632 247294016 -162994368 -429626880 782081536 196913536 -346803712 117645504 -80090400 172198464 237273920 -61453600 301657600 -198637056 -109311296 -182007104 191233536 -15633804 252550016 591829504 106422208 213866432 4713368 -38461552 -142933184 -136119168 459389184 -297398016 202574336 192614016 -530816768 432093440 59933024 435189760 215820416 239836160 -17303552 38039600 80589216 34273024 -51563872 -288036864 83252256 629742080 368937984 145656896 -35894320 828503552 176532736 -129570304 -149972608 80154432 -105005216 386492672 -80645952 -112536928 104259968 202297216 -19657944 -160597824 111775584 -33635680 -82049984 -3794813 
191925184 44957168 -100376640 122927840 -192648320 83161344 -83435616 -393283072 819601920 -43367488 1616167.5 -605094912 31452848 329422336 -42231936 -149176256 329001728 -73543648 505212160 172701440 -215180928 -247553280 768856064 193448896 -240507392 -308308992 355682304 -167626368 -48358112 85014496 76870720 465762304 -21248568 384140288 397824768 64133520 148461824 285145856 290393088 -475076608 432628992 126380384 3149659.5 242181632 -540163072 -278345472 191134656 312084736 21590616 209932288 -67088448 121159488 -334795008 266448512 -299320064 -102875808 46246480 -20877048 639931392 -83232480 -346809600 -251952640 -559700480 84060544 
-525297664 -279407872 -603848192 201655488 322214912 414848768 -241500544 315143936 123899584 -53993744 -299763968 -90895712 -185660160 77293856 -56472080 80436672 175127936 112717376 128991872 -265555648 474698752 54978992 65833984 101993152 -171524352 96219520 -78854464 -356967936 -141353536 -395102464 -282300160 116591072 11013608 229085120 -95297920 -280044544 95223776 712518656 -7371568 -590985728 21000576 -304281600 133170656 224906688 292735232 235418944 10023568 295997440 85969856 -192470976 42440224 178460160 -594430464 428513792 -65319840 26587744 117945856 163675008 267780480 -239195264 202086656 -329718272 -99191328 67555680 
-76080480 1487384 -223507584 96410496 -421296128 457910272 -400183808 15724544 415884800 85098944 13677588 318778368 380671232 135293824 -177459200 72688256 556096512 20803920 -114260480 238842944 314135040 -49979040 -70220704 -143035776 126012000 419769600 -356867072 393743360 151954304 -164144576 -28359744 -182192384 286891264 -4609150 -485702656 -88519520 -657160704 204745920 214074176 -335361792 114033120 31085192 645306880 504298496 447500544 -110298784 137284544 588421120 -166251584 -123964224 -420335104 -350164224 -191262720 20722328 -207875072 151406272 371620096 242307136 77396672 -578153984 -64244288 233502720 -14571028 195915456 
35670272 100058432 357970432 249459328 790226944 334283776 -199570496 -177203200 407785984 100914176 365529600 -404014848 49684736 -29597880 -299988736 -267781120 -97895456 -229470848 114812448 -16183728 -227756800 540774400 -41161568 240178880 58651088 722817536 -80001216 357362176 83695552 -24144424 55074528 685901312 113979392 726827008 319034624 -211223936 -172504448 495132416 224552960 -377715968 146527040 -356243968 -212367168 -175691008 -453466112 211000832 -158669696 11154160 -176839296 -302649600 418426112 481509888 -417977344 -147019520 40579808 -162284800 340787968 -156549248 496140544 201691264 263363136 -331310336 166740544 -14959170 
-485519616 -179528320 158826688 -104318080 -176071360 -177917312 55389296 268525056 75382912 200211072 -193066432 257915136 39421024 388946944 -42658240 162581248 162010240 -148964992 129048384 -591127040 415219712 379508480 104506880 -101235456 153552640 308511488 -292322048 -147695168 -99264768 -220653952 -95699456 -177068352 -346954240 -3288392 -186880896 1537728 267607424 -326221312 298057216 370404352 -53420976 -54089104 125053312 189702400 115930080 -398406912 -117759136 282766592 115922176 -286272768 287040000 -42810352 42461408 39987152 -200739136 195157440 -135885824 -74153024 158148288 -462719488 -207331072 20454152 -65295456 358935296 
-251759168 -163023360 -165603008 165478464 399721728 205631360 271325440 110927520 -567290368 -46297216 215332096 -395209472 157973312 328930560 364761344 36384624 104682592 -198411840 -24491088 -145908288 551289856 110213568 69483872 157326848 -241067072 304609536 -189009600 13700528 -68675456 -54310448 27405264 -119330432 422097152 114689216 360851968 -140975744 -67481600 62696000 72078304 -233162176 -34844096 -112890208 -626387968 158669184 31968280 -183739008 362911232 -118293120 38322816 217410304 -242339648 -6917646 -383012608 179721728 -171967616 406365952 -49139552 446639872 237159808 -64062816 -733789696 -157456000 -341592320 90954624 
356481536 24815328 -218099328 -165813888 -667225600 -326691328 16021248 111900672 -83425088 -98764992 -128593088 134329472 -323290880 7234384 343096064 596168192 97939520 -621500928 -446610688 202238144 52557264 -222578048 123917152 -148356800 25567376 -506297600 28270496 80218752 -275700480 369645568 414257152 -305456640 -16955680 55310352 -308585472 350140672 282771968 -204579968 89736384 37478272 53507808 432587776 -277926656 -87854144 392836096 -342415616 49700176 -196035008 -209586816 217403520 -138931648 -320793088 -33715088 -71505632 -257766912 87796960 -347690240 242463040 -113825728 106536448 -38524176 489434624 104984224 452314880 
-192528128 767953408 13379200 613712384 378724096 32918520 -526089472 213896512 426104576 651075584 107943232 -418857984 47511808 423771904 277431040 -134175296 -448361472 -139766528 287214336 -151806528 62488608 137426176 -182919616 -209808896 423504896 -186457088 -250176000 484883456 -139617472 399990016 -377308928 60748832 66878176 371876352 -2835616 106722176 -626383360 53401424 459737600 -196134464 -27882960 -190041984 12967304 -170055296 -152476480 -420147712 -661479936 -272055296 27070896 -387400704 -28265744 509787392 -181554944 -452400640 355417344 448781568 328342528 -2945232 38283728 276848384 -510353664 25127232 -82598720 -92556288 
57010480 -299642368 -68511168 260769472 -92266688 137484672 12427840 39945904 -123194816 -86781472 213612480 273396992 -329144576 -203863040 563625984 346448384 -127628608 -235804800 -161068928 175377024 341946624 -436502784 304656384 -429328128 24321144 -90920448 -30840896 -40448576 -168646656 331354624 -271866368 -337645312 138164992 -101260288 -378269184 340957440 115922624 -225676544 122654976 125427168 914941440 165938176 -87659904 285180928 10051064 -154163840 70861120 -274843904 -54786048 -94783200 87841344 -161476544 -137719744 376630784 -524489472 -163141824 217500416 20607744 313727744 -318272768 145919168 -96777216 -73634752 -31411760 
-436792320 160790784 500430080 427936512 83474048 -145307584 122796736 274177792 -394417920 -29057768 1455608 -123137024 -117779328 -159673344 56454320 -128139584 -119936416 -338473216 -225959424 49968768 222555328 -229908992 147545856 -175437440 53202688 287789056 40696272 -168738304 -267544704 137796224 57914272 -303237120 20814864 285634560 -181746240 46469392 196072064 23718336 -79893024 -312359680 240922368 -341928448 -386216960 18066480 265523840 -161473984 -191584192 -349935104 -21835336 -65122304 -401668096 -184983808 -165497152 189821440 -35559904 202995200 -84421664 -64524656 -359860736 177156608 20303400 -438386688 -506044160 383975936 
485075456 115530656 213282176 -59291824 370489856 -335780864 209946304 -221751936 381875200 -221827648 106357920 313255936 -216339264 -364685056 -325884160 -231732672 -150588416 -97955808 225767104 260582144 -165707008 385452032 -79352544 427854080 -168361792 202828288 236897088 180002176 424268288 -137876736 191532480 380964096 -140792192 -128847104 216365696 57040736 -205045760 -22537880 -157698240 -214301376 -267398208 -280443136 -14117928 14817006 -308075520 612888576 292034304 215281600 98922976 506982400 112343200 -102802400 -323515648 290946816 -72705120 -478426624 -35703088 -181077568 -209654528 159824960 -41057904 -334658560 -65207680 -463479808 
-30133872 -33530688 -206088384 155360256 155121024 218831360 235972480 43827664 211473024 160553344 22888904 -143538560 12911344 -155422656 37134560 -568028672 92767904 57888176 252754304 -51589568 -175739072 -4624368 142700288 185038592 -174977984 -368061696 -182707584 28666232 8742264 -42221440 -170987904 -127481984 268211264 -240639616 194504128 -154764736 -46972080 103536256 221139200 -129449472 -171728704 146752640 -86154976 -52661888 -333963008 437019648 -198455104 -73740320 -241361600 -127570432 466440704 396640512 270557184 -55168704 284592640 -65212464 35718688 93310528 25326328 -214998656 169911296 38318896 821500416 -76688256 
-126940736 -236471424 -5045024 306136064 -73592288 -280287744 -89001344 -209638912 146783936 -161730304 129216224 97151520 -435658752 -108005760 2797952 -208325952 -71164096 -195092736 -358133504 -235399360 190924928 96150368 52175056 -446545152 -191283072 -87544928 168822656 -281880064 -283552768 225289088 -6070656 34109552 -354816768 128982784 444544000 -167467520 17397760 -266951936 148947904 413678848 204312576 102509088 -33192120 471230208 -35933904 -286668800 -56066976 -354803712 314569984 292379392 -188392064 -310329600 -459377408 213564416 -85024384 -77238432 -290183936 125768448 335262464 -109162784 -120603584 -333212160 -603931136 -25804928 
8738368 -9345104 63071744 -322459136 51422112 -287524352 204786944 -204503936 -213480576 -474757120 -132815296 -250109440 -156681856 2660638 -122883648 -338326016 -578727424 -207234304 318322432 6010152 159229440 35728272 -207405824 471794432 -315062016 -368594432 265405760 -98474656 553641472 -221318976 184635968 522211072 -121950016 300522240 597102592 190277824 -21339872 146411392 849298944 487240192 -200332608 -161109504 -122820320 235526912 -618228736 -218258112 296112896 -620666368 152444416 -175909440 606942208 129226848 -330852352 104105152 34694976 17775632 -9751072 364163584 313172992 -402550784 -53295680 -117218880 -14467288 -109823808 
-555354624 466169856 282615040 243321152 -2497944 623852032 -144965632 -442823424 -52810464 241706368 -79428320 -37827088 -239748608 -88476160 -4842960 -236387840 -2596024 515133952 301878528 -45061088 489838080 221998528 20068440 -164787328 60874208 186232384 47449120 68157472 -444611584 134740160 -275523584 5564399 711969280 -37576944 18183608 -232392448 -95528864 -120727904 -172178880 127499648 7529936 382960896 7911478 -345906688 -321042432 62600128 -264493504 -202206208 -29225304 -485697024 354069760 432347904 105591072 329926400 468731136 145173632 113252352 -26564080 -261587456 264949888 -161543680 -88797888 -28651376 96226912 
22745624 -282882816 -430268160 -57137952 -249165312 -57879152 -48689984 154793920 -270157568 -120644288 296754944 302706432 -234415552 -229792640 241799488 96263104 201327360 -277926656 26747376 298859264 19537960 -493747712 -207291072 -283223808 -403786240 142686656 329273600 -97258688 -274915072 155835840 153579328 -63557936 -175647104 -162422016 174323136 452301312 -362667264 124122976 -210730112 -82684160 240271872 -17508752 187385216 -156456256 187752192 -2225312 498101504 144960704 245753920 -347460864 393565696 -119778912 -152916800 9216080 -124692384 -370229248 578463744 5466784 -29262656 -69229440 25500960 107000736 281575168 77990720 
177647808 -84736320 -234812288 -155649664 657071616 -144080704 -491277568 -59842000 -140735872 -288763136 -114283232 -204377088 -346309888 -183104128 -31111408 569617920 -105275904 312032 -222710720 457454848 275784448 -252167296 -349215232 -201170688 228093824 -125789792 -96263488 -3970384 -160853440 232276288 -140797696 -215188736 290670080 -99953216 -199276288 -47958320 -198884928 27984136 99185856 188455104 -40017664 -19167736 335956736 79378880 -130892512 436909568 -539432960 224745792 -218449792 185591936 -251885824 23063360 78979008 287838720 -77447232 -170013504 -127388928 176850624 416501504 -520695552 -23637304 43128208 561817600 30799632 
9243696 438139136 595483136 -267005184 -228724096 127384384 -300935168 -320249088 492693760 -94412864 -23250736 -24232688 216536320 138763648 -694520 392903168 25428016 -157573504 224492480 7795714 304678400 126382880 -302619392 278710016 232353472 63626848 -179501312 414930944 -125663744 78717088 25399392 58772704 370803200 139369856 273514752 -131445472 -493048064 -312923136 -13415368 77191552 -362412800 316848384 64652192 72254720 -101683936 -270718976 577441792 112024512 -414326272 -80347040 119952640 274676480 -376556032 -470031872 10278626 593021440 -66210400 -112010624 -36408064 -162015232 -354079232 -43561824 -292819200 -203816768 
-202347136 -134372096 204463936 -290603520 68161216 194476928 -292738048 -574460416 -139599616 7358304 287842304 171331264 514027776 -317024256 40791872 198196160 339158784 112376512 -207654464 259845120 44747104 -176248000 35499136 31027784 -95614976 263506496 -168093120 -83436544 -265335040 328258048 71787456 -294514944 -2600640 210993216 -280724224 -327995648 -223649536 493372160 -337517824 10478576 120848992 -580908032 704683008 144911808 566148096 190390656 292402176 282180608 -133229120 111449024 -341179904 -187789824 58870928 -429589504 253044480 -128651264 7781408 -364944384 187930112 194862720 -301916160 271920128 -426880256 100248800 
636947456 -575939072 206179072 97512032 -144151360 52061888 -83948576 -58264784 76123840 -201022208 -191431488 359170304 548811776 156321856 -255854528 163937920 423542528 432599552 297089024 -49997280 -752530944 -245545856 375516928 293785600 -120696832 -72924608 -354796288 -727288 278202880 -679821312 905579520 4305532 -18430896 -118236672 -386917120 254353280 511265280 530138368 -397861376 -204823744 485000704 -445236224 30876288 360375296 -441788672 289938432 101545280 -229060032 -411265024 28210960 -70805248 -407886336 440151552 3565592 -394514432 -24924608 36181632 -76309760 239217408 -429535744 373086720 2877598 -128744384 -161172416 
351802624 6460784 105547136 -109060480 114236064 246526080 -102869312 -67608192 -96865152 412656896 349205248 288039168 384244224 239168384 412608000 -755459072 13037138 -330667264 -230072640 244712704 -1569776 55429776 -74891072 -231697600 -316082176 26643600 57099616 -134761664 -397037568 318921984 26633560 253246848 -435170304 550203392 -367376384 80901632 89354240 -371319808 18790880 5079146 275283456 -199591104 166241408 325870592 -53867872 261424512 -57934048 346757632 260431360 -271650048 -99112384 -225406336 425251840 101027008 42946800 -45292368 19355264 -80895840 -438749696 8684768 39163680 -278196480 -355167488 116242240 
-95050304 252999616 24168592 -635392000 -73790560 -157860352 110833920 -125997792 -212093888 -567007232 -236183488 -308290304 -225253632 -394799360 281945600 186798720 -294636800 -51669536 308127488 -12837536 323773952 54834304 -267780096 -200498048 57378320 -513282560 -66052240 186069312 26311136 636673536 -465013248 -521266432 -91639424 -296200960 -21552192 -16306704 -138302592 -607589888 165382784 422679040 -57950816 553900544 -523116288 -194093952 -46371152 -478021120 572331520 228540800 231899584 -267059392 116723232 -75855424 7475328 -322374912 77978240 65308528 -465033728 198693376 146687552 258235264 89551616 69758048 248177024 148407680 
212224128 -66016624 -417769216 255804928 80648704 -111566432 379996672 110619776 -65054208 380068864 -257069440 193568512 180234496 -83723328 185756416 158483200 59537088 132343840 -112175072 -98719488 87441088 -713839104 133898720 436256512 -99345280 339552768 246548224 210671040 5290968 106792832 139136000 -183270912 8697800 -146204736 38864224 -333087232 203300160 -196320384 -642399232 272517632 284096 -72016000 -102886048 276407808 154039552 144971008 154837696 292066304 54240384 -247129344 68742080 56721248 67263936 -264073024 127483072 146368448 -196435456 48095552 -28083888 -265153920 -247591680 14458108 131139136 104629920 
-126046944 53543216 -480478464 665344000 258321792 302221312 -388434176 51475344 -35345024 271070208 136968960 50093792 176917504 32760144 388081408 -46789040 -419017216 18271104 -61830448 220011392 -217532608 -315195648 -335031296 -46992096 155876352 506422528 -98273760 524324864 135449536 162487104 -19985888 75849408 105235616 -157617408 567693312 -221903040 -289388032 3088912 -517092096 -100956800 52681536 -171626688 -94515680 -155468352 197547264 217367616 -79654112 120333408 60513056 -33171728 44175840 -151133568 -135956544 -109040192 67567744 -109459648 -35984368 477633024 260111104 -323326720 215446912 84150464 106674208 -329722368 
-333876736 -157258880 -189159104 -144044672 94268224 -101593280 -264379520 -287029248 223144832 121110816 -49681040 26064112 547140608 209080512 -45406464 -494624000 123016544 42250976 349759488 -629599232 256663296 412219136 -102596352 361587712 5853308 -185391680 141115584 197804032 -58842480 -532121088 -81376000 317277952 -486439168 400283136 513715968 -134542592 160950464 -95104384 341298688 35475344 155994752 -178615936 71604576 -85542528 -30968424 116222400 287783936 -250858560 370745344 -379701248 527235328 -113230016 81624384 -92569664 132416864 -98521664 28680960 593633792 321963008 182270080 -47933680 -311374080 -166688448 388384512 
-78476320 -78283008 542810112 -342727680 154566080 -125903232 -11618432 -237277696 170915968 -111788864 -224961600 -283648768 132070336 -212169088 -194754048 102319200 211875136 192611072 165757184 268238848 111296288 -119499552 -319094016 -52634544 256544704 -19415600 384275712 381563648 -40069120 321562112 3457696 108816672 -137992192 -258895744 -142278016 -135941952 -581373440 -301724160 -81199168 371704064 1057888 254470272 -78271136 -264485888 3454697 -364849152 166886784 162901120 -43580608 -361220352 355602688 524884736 349188608 -93814208 732631040 -381841152 58203808 -127540064 64093904 190234368 -3461314.5 127714240 541702144 95623136 
-64188400 -293222656 395814656 318938624 -504080384 -68865376 -94333376 84638720 125672288 -7635552 401177088 232234688 -159477184 46660720 86294176 12405746 208438592 -271908352 334595840 -232127552 -65209360 -96867072 -308198656 -188258432 -151189184 60096624 -231125056 206816448 -312794368 -388483840 218699264 251833088 -111631872 -350993152 -50942768 160470912 -525823744 223241792 173754496 -96597664 -356069632 136064512 -100777152 56524656 88544384 268830464 96175040 -185289024 -531929344 -21791824 -485032448 180321472 -14603924 -249141312 -74126368 -284123392 -68004448 181360704 16378432 60966432 -148093312 -361349120 -84999520 -38569824 
-188743040 -280552192 -69038560 166443520 -154848256 -152736064 397755392 308894720 25508536 -128817792 -258684864 -275693568 -140395520 -206197952 -96798272 55216384 -362711552 -139028352 -162895872 -345889024 -1998224 98990624 -24202744 198992448 -408329216 -168391040 249837888 -75167776 -84476224 -284134144 -387668480 -4175184.5 -144516480 64470352 145646720 -229159936 14012360 -390592000 49759456 46698368 147085824 285908224 -437320192 -370902784 275643904 -252906880 217909696 -386701824 17834864 119863392 126783360 -391883520 -63640704 275929856 -273915648 -176385344 391894016 307332608 260959488 146633600 -179291200 54556432 -100499776 298413312 
131970752 624700416 -141217024 68534368 -156118464 -212618240 -27489072 20133664 27676944 239334016 8943892 -45073440 124414240 13680496 207915392 160333760 -159161472 103979136 61882368 33729696 330557696 -266293632 -221208448 -80266112 -208629632 -21436656 29216296 -330539776 92768352 268448512 -225642432 36360832 1298096 345953024 -204777024 792704 122800448 -126890784 -38998912 93594624 -287190016 148939200 -123231712 2005968 -130990784 306082560 291162368 160239744 -124553216 -318336256 -20832512 -47514992 -195006720 -268631040 531390720 359054848 -340274944 -56336672 -23400896 220221184 -434199808 298562304 -121163584 21143544 
-17177664 -656388608 250444224 62668624 -88521760 373330944 80243808 183168384 65489376 367098112 245957888 307965696 -329414912 -217432064 -412806144 -181018880 501199104 257311616 -431876352 -537590784 -417190656 150857792 197876352 -41802544 -197812160 634332160 207555328 -407440896 151958080 -229015296 -471059712 110987.6953125 -195448704 -173337600 -257272256 -616968192 -170012032 401924352 -15750300 234897600 -100702176 245357312 540094976 -167668352 148507008 208353536 -6851481 94331968 310747648 -121207616 -166214848 450580480 304467200 138526144 -148796928 -465693184 -5460501 -426410496 183817344 33883232 -141857472 -105349696 310500096 78235712 
-98608064 753433600 261534848 -369845504 351819264 47915472 -145290112 -354417408 -125564800 -453513984 279063040 342279936 -50312096 -237980736 390496768 488398592 -193249664 -429090048 -128766400 523455488 343942400 184173120 -520238848 -164352384 366386688 39303024 -85256128 268229376 339379456 219822528 278172928 -63886960 -198277504 76011936 -122982400 147838784 -12785056 -354479616 178528000 295052544 -67815456 496276480 -248797120 89177440 126732128 194207424 599512576 254326848 -80989120 27068376 219768192 116917920 -64082304 -317791488 327689216 -410666240 41765312 -345995008 123680640 -110009984 -499450368 166183296 232799232 -8343118 
161896640 -247910144 98041760 -487803136 -298128896 93491392 -190407744 216366016 -614276096 34720528 -246218496 -18469928 244538176 -238890496 147525440 72760320 -68762848 119365632 -230653184 -258114048 -314617600 213091008 -610810880 80154464 133380832 80451520 -42103504 -25097064 -323739904 40675920 592351744 271518208 -453816832 426196480 -413092352 262158528 288395520 -58367424 -371512064 408447744 -37168304 -121118240 35896608 292199424 289173504 -442924288 84924160 84367040 621728256 50077296 -478540288 -328824576 181587008 -263551360 267395456 -826538496 233149632 153868416 -396495872 189161664 21403320 255628672 -321207808 274216960 
-220903744 183138176 -115481472 216936384 124336960 -220221952 138610368 -85916416 -153133312 365661440 -268194752 212269504 104181536 229381504 -163095424 -349814784 6541166 77263648 -150316928 -182980672 154813056 -376770560 -309211648 -256102400 -199343296 -26120688 -53572592 184678016 561038848 -258506048 122622720 -191304512 -508045312 186532160 385704448 -149502080 -297580288 -244023936 -15161144 -196903808 -515413248 140556032 488836608 273616384 571980288 -287869440 250627072 155038720 45298368 417746176 -254755392 -357297920 233901248 -4785120 26515832 81038400 -46596240 131383104 379421952 -150548224 171501696 153617024 -642182144 -57287744 
149308928 -133993952 -74147200 246419520 37320736 228018112 7999776 519716864 -226551808 -439414784 207193792 -290019328 -103950528 -81920128 352770048 -423369984 -781797376 -340720384 -249005824 248414784 -108636768 -234337408 -685920256 289104128 226264832 104755808 22856840 244195072 11725212 39368032 144768064 -12206540 -94954912 319461120 -301413888 -121985920 -108764480 -253777280 77828768 109631456 -339097600 -239062464 -193171008 2296240 -13339864 -385785344 -15896144 142868544 305420544 -284088832 -38259328 -116633152 -380202240 317309696 17786896 103059904 106936320 108864992 -460574976 114456416 297238528 -23667144 52784416 88639200 
-333842688 -223777024 -39530624 -157430848 267446912 -479978240 45523904 76809632 -317676032 63859840 247274304 -46452032 -8216736 -31813136 -88674720 -62857168 -125426464 48737920 64728432 -58208112 -189009344 -149144192 33537184 -54293744 186498176 -90822912 159567552 -14712720 -173268928 241545280 23570848 -35567488 -223039168 -87513152 11441168 210777792 309929728 -242462336 232045056 135123264 123884608 -200672320 20261616 -299736832 -2835885 183920000 95752576 -15554048 352854528 -172024192 48875872 -17975024 441120000 -165001920 380374784 -376728064 173529856 47121664 142491968 272103168 -24829880 -225720192 174349632 123413216 
-121150016 480439808 271556864 -112007488 584150528 41186496 -242178176 261394560 214320128 110653216 288871936 -416499968 -79159872 -221005888 86312448 140231232 -380882432 -116739808 -227304320 366183936 485978880 211418368 -395049728 -105852576 477496320 -6982544 -204241920 87275200 -444065792 687181312 -759715328 -143209408 343088128 439141888 -434422016 53378528 -201497728 -499787008 458281728 -29142640 37331344 -190013120 124292000 69045408 10934740 -59254752 -452052224 364894720 -365896448 -557525504 -64863696 388911616 -129025088 4758864 199312768 682817536 85194176 -162517632 -252850368 -116026496 -240055232 34511824 608522752 103373824 
-339918848 395671040 -215151552 356485632 -392417792 -121978592 -48214784 -209208000 127618048 -354276864 26056568 127596256 -126065632 -303504896 -7288264 102771936 -316590848 -3005288 -46268384 -122185824 447972352 -82992064 92939040 -36503328 395846400 -212746304 -203123968 -161311744 284614656 -390567168 270711808 -442178048 -202929920 -177067520 293326080 166452992 -313093888 -25196256 -320614144 35414576 -9785168 -39700080 192705472 371576576 102610368 -217792960 117040768 166023296 195113088 172848704 26811648 -443432704 -128585856 -329314816 74480416 -26776328 167771008 260598592 -85444032 -44968048 70962848 492944896 219597440 -4978945 
321114624 -242792064 -137717504 -15066952 -445882112 226615296 -45391008 -120561792 -77156128 234519680 275061248 -116684576 70957088 -34045968 83012832 -153144960 -93457536 6971872 36983936 -429092864 -243365888 147352192 -477985536 -105739456 186690816 34493456 -694743040 386612480 -272697600 460430848 -54243344 -86533568 -41352480 213497984 -721229824 195516416 -349190144 507620864 -97850304 -66518752 5399488 -349172224 -52717888 -133174720 68398208 -490741248 -86185376 57476672 -166332032 -244570176 -558055936 133573952 -72797536 -147077696 -400906240 373777408 -64913920 156855424 -73285120 -6356640 89213920 351748096 -251899968 261182912 
297553152 29098064 -216351232 10308400 -567105024 354109440 128356416 -456757504 -361505280 30190624 -365307904 98584736 289306112 -174459328 322613248 288131328 264554240 390767104 -377375232 6654544 -98460672 -294642176 -33129984 -255849216 -221855872 12289280 199485440 -45402272 84972448 369760256 44269952 -247016128 -44031568 -144855104 154946368 -243175616 -201723584 -248479360 -423511040 373259520 187915200 335248128 113703680 -117300960 306301440 -102867424 165969408 -52370176 -44471024 207100288 63247232 -89858304 64303648 116888000 268445440 -12130508 -34335056 -658794496 328955136 -49994752 62721568 345897472 -108001024 -181333056 
59991120 182272064 590052864 556263936 289679104 -243958912 20793640 332763392 98941280 -318697472 101105792 171147776 -376212480 -226223936 -22232784 -714907648 -436608000 -386472960 -18391200 24371736 -100891520 48883488 40730784 -262756672 40693920 -98740288 182716032 -61635568 -153774720 235749632 -407398400 -301563136 -117210144 292878336 -254566656 -67613568 170499840 -125720768 -33290680 -346150656 -10463824 -63450704 317413888 44196288 185824640 338428416 -95642560 30914672 191122048 -309640960 -59447776 61379968 239545856 -311265536 252566272 21346608 -62401888 -363471616 -325514496 294641664 90933056 -476311552 -71383200 94687552 
270951680 -204220544 -239277120 -17527872 -451659264 -366663424 -41778784 74795520 353934080 431271680 -2826072 -3708912 615492096 214994752 -48846304 -375959808 -53131904 -298362880 23778632 -616322048 -313230336 379015424 145529088 226897920 -193794048 129118048 -447403008 46252320 5136312 -102612512 110539008 3347581 -179824576 93355392 233985664 -225283136 -264167360 43940752 -41383152 -35973344 -71848704 -509367296 81126752 -2832624 -35546464 -126279264 95361408 -80424192 90632512 -268036544 444125952 144879872 -359742208 -372549376 -108233920 671304704 233298432 -151603968 -304011008 -127268736 60542000 231049920 93468480 10611970 
161832896 127434208 321191424 -263807808 -183797440 -265293056 171628864 -155118656 -362181888 -580004352 -339624192 -157055744 -263846144 237427584 134165440 -306475776 -213564032 -192279104 353012736 -198683264 -516810496 -163885760 145778752 -340672000 69704 -545319424 -112322752 33055008 200028096 135507328 299731200 248618944 -205411392 -91669760 525358336 55910800 508012800 -376097280 -19432792 75178624 -170201408 42790048 -474687232 -208915712 -721597952 117144096 109802496 -290565120 386396672 283878400 158098368 250839936 582520320 -198540928 114869024 -166938944 -249479552 -15206736 -46056400 60855328 154192960 -195469568 120716416 -674655232 
317869312 73479616 -222438592 207235200 327659008 -198592448 92088992 146150080 -609638400 164140032 267240640 103724416 -522947584 -452564992 442816768 -157090944 -365530624 158559616 189951040 215193728 184144512 -268566528 -277080320 -138806528 -255341376 76788352 52599824 -62899072 14299606 229501696 -92505760 125140800 205929024 -312425984 153476224 280108032 12873474 -12473008 229248000 -177725568 64472896 -546226688 -227850880 317203200 -291871744 12738096 -51954080 -380812288 -65395328 179174592 126447008 324440832 -745570304 543856128 -541141504 -50443520 187674624 -3181184 -106857760 -394587648 300737024 -330546176 -297203456 -209629120 
-77512000 -10721272 140299904 174651392 -211754048 301637376 436046336 458673664 495458048 143215168 116129216 -292824832 -69491936 31792160 -393487872 -392376832 338680064 -247709568 262315904 -166091136 -195902464 511000064 192638528 -49589168 -347420928 363094272 -148437824 301731584 -120476864 -269122816 -370621440 -44949520 351426816 -86922336 14294672 40429904 -165651072 258973824 233965952 -483043072 -162263168 260611840 -482206208 155446976 -196285376 -121398080 -95410720 137536512 -123859328 -715447808 -261983360 205124992 -252489856 283498496 -277976576 534090496 92734080 31872944 233459648 -213455936 11959084 -565394944 -194915200 33222304 
186766144 -145323776 -434748672 66349344 132514432 -4188669 -261473856 -27479232 -154784448 388809728 -183101376 -187279040 -28645056 81438880 -59667232 -356581632 -61666320 -268243840 -314415104 113836128 145716480 -66900864 -535976960 641959424 -149758144 71751456 46652912 44046592 372385536 220292544 -115225632 -168031488 72656352 391367424 -79238976 -147458752 469196544 150362432 308592896 312214272 122301280 69199104 -16474114 -42165296 -47773184 -196794304 -122126112 -31612384 190435712 -214218560 209422848 -124035840 446375424 -321193984 550127104 69137056 121217216 50057248 207474240 27547472 -53096320 -171192832 -321772800 135567808 
473535232 105721536 -155042048 -225134976 230591872 167124928 -142374400 -562490368 -366500096 129022304 -48285200 200363776 678226432 -100331392 190016128 -61931392 260086144 142859712 -344240640 100126304 497869824 213064512 -169097600 102577536 -129231616 167678208 99651264 86138816 -293400576 63172560 -123210592 -338611456 469863168 299003648 30163200 -32584480 146600448 -85624704 49841008 -39125792 -178754816 -442396416 252823296 493486080 596007936 211258624 -157458560 162312192 -259034176 91277984 -273150720 -269177600 234032128 -279093760 -147806336 83153504 -2682592 -359553536 269148416 223564416 212428864 -191139648 -406089472 265373952 
142533696 -152620160 189566720 -471179520 534225152 -165925824 -253637824 373138432 428229888 -102454848 234316288 -175963840 313628672 -25553376 -146567552 138633856 35999200 -82081568 163793024 -72222080 129080384 334101248 -24658136 -29497928 264520640 46308608 198517312 11039688 -312048384 -311262464 -131736736 163599232 49627936 204281856 -162688832 51597408 -125297248 -133300256 -203201600 -18582504 -219491968 -90528224 175350848 -227182720 -99875840 476405760 277182464 488837888 235848384 -421126656 486350080 290816256 -97332928 -43377376 169634368 -22154864 137428800 303423232 -441975296 516751360 232931008 -26385232 433123072 10957452 
-179339840 -84851648 108300960 -152137088 331560704 145990656 84795648 -321057792 -299213824 605565952 367227392 -212178944 45511008 107494112 -298982912 -393904640 -266710592 70469120 -210016896 53291936 7066354 -256851072 -226739072 341087744 190304704 -167325376 554860544 99465760 -180497088 -215494720 -140529216 9383562 -229897664 177186368 521438208 -327753472 -303304960 -63051888 63443136 674787328 -742062080 -143207936 230918400 -304832512 174459904 140354432 -233852032 -206402240 -13177576 14772766 250908160 96424320 238074944 -309810944 565766144 192088384 -4835056 -229553024 11200312 -76329664 -34270368 -36656832 84437344 463350272 
561025536 -294666752 29350496 -79092736 263808896 -191644480 240850624 15601832 -161571776 184344960 -94868128 417169152 -174921472 158307712 -497992960 89807040 470674944 -54786688 92896896 559813632 10387136 11244864 -76487168 -290514432 -355677184 11993312 10502336 198443712 470333952 -149840832 557919744 94608672 24957304 -678780416 -202644416 512776704 -230243584 284138752 158041216 209261952 80165760 88304000 87495808 227571776 102350880 40851424 55404208 167577920 -136555648 118196064 -93589888 145928000 -187793280 286714624 -503691264 -212542080 -331615488 13164096 7733792 -392286208 403202048 129464736 223054016 157624832 
-257878656 -237604224 -209198592 46869616 -38041840 136037824 -67179904 -92602560 -58161584 -126816768 -445226496 477651712 156152832 403650816 -187415744 264908544 -36585040 532932864 -297551104 69746656 -121237824 -468036096 -96617792 2921248 -637488128 291878144 199258752 -575809536 -159044736 -408098048 478338304 -34460496 -173572160 -8688992 -139636480 -68322336 268455680 107419488 -430803712 43612784 19228416 -48656016 300799488 -285280768 300365824 650756096 -139412992 -71406208 -238748992 334935296 -87113152 -517030144 294921216 30357792 94944896 64048640 -83097824 -149034880 193712832 -260097600 73754016 233525312 -246899264 124201248 
410586880 -295656960 53751824 -482702592 483631360 14470946 211064320 237392384 203225280 -74928960 -18009312 58218000 146566016 -299385088 170767360 108052864 74731008 -367410176 238382976 59190768 -253852096 73973216 271971072 -402798080 -273003520 -374631680 -499927552 292318720 -257858048 281597184 -77908192 25676864 -44956016 135994112 -585445888 182287552 -323297280 -307452672 279431424 -337049856 574794240 -27644696 -103153280 106297536 -82164512 274727936 68392320 17237552 -85506560 105269888 -90450560 -120273280 -80006080 -116961120 -724024832 62471840 297251328 888051712 198794432 115418880 436884480 -170231040 208112576 -33126072 
10593536 -80015648 495922944 393323520 115379104 429836544 -302090240 74725408 65245792 -99226752 112739904 293071872 -461131264 65658592 -165581824 -196836736 -175070016 -96767808 146157568 145304320 -374766336 -125596544 -199328000 -202379200 183305472 247791936 -96460416 235990784 499763968 -153976960 83522368 -17517216 -299420160 11179968 -236927232 161242752 -18698872 390688768 -28230720 -116226656 183775040 -90688192 485718272 79220608 34003776 -13872480 149051264 411703808 -18467920 -123142656 14727104 76927424 73688064 78598592 -393287168 -110302976 -156216576 -388134656 255568512 -520220160 280519168 183888384 221988288 78693376 
-184782464 113359584 -11634720 46802784 151203072 -223849536 -165518464 -298950656 444995584 -113343232 229717248 -93663648 191782208 -52357504 -135909056 -234299264 -162476480 34319232 378605056 -92900480 1015856 396307712 167658944 280026880 387795200 79987296 -484816384 202055424 280843520 25183312 292329472 130016832 -242790784 60710864 515320320 -21990784 -128409088 385800704 76648608 -252165824 -133846880 -224619584 137390272 -97392544 -198874368 227629184 295701248 -25106944 -5502080 213426176 324825600 42867936 -488177920 -562909696 97820224 -329820416 -42413712 110664576 -14694912 153276928 -1114985.5 -114239104 -134594880 -440823040 
-79252608 241955328 6116480 -123225184 311445504 473135616 -88632704 -313561344 -180164416 90917472 9312160 26360208 344581120 -132312896 289132544 -166686144 -581248000 -99447168 -81347072 513792512 -32645232 14978000 -325890560 626297856 -186574464 217144448 -405544704 408434688 464723968 156228352 531284992 239224640 21397768 -61248576 41995200 -54815744 -614441984 -37256672 102357696 -320847360 90086784 -121202304 268649472 208435648 78411264 -403819520 -62103360 -92248832 -356602112 309068032 -3941816 14204972 -70898048 31650240 39138432 -154009088 441036800 -45028512 -361178368 40454784 47086384 355334656 -75645952 -368584192 
136663552 -168971392 12206608 194716928 -65404352 -350499328 177960128 264169344 -52498560 -185075264 303416576 -502077696 -546168320 81755968 -191794176 -20941104 286343424 -321433344 30429008 70396544 -37130400 119464192 26425376 -84889536 23625760 174920128 -61442832 -218217152 36754576 -99500832 27293840 291267840 -288199936 107701568 -185764480 254764032 297561088 131008128 309413376 -177461888 313463552 -128272800 190036800 -166866304 12021252 10082176 -12782296 212953216 245054016 13206104 -536888832 47030656 -68908384 618178048 -329454080 -386771712 -206181376 114421888 -287575296 313455360 239625728 -233785216 139861312 95890848 
68975200 -484346112 162826752 -250620672 -687838720 -99628352 120507872 342731008 -65786240 33896640 -43684944 120273376 407170560 78193856 130828928 -292778752 172249792 399880192 106644800 -551226880 -260165248 568577536 -264185024 -14407408 -392901888 530347776 -129707680 -444647424 152393216 -496109312 276777984 154261248 -151868800 -493584128 5392104 166902144 333757440 -110975040 393651456 130251712 -152365632 199930944 125884224 161465728 -149280000 -462890496 50578448 -266074368 261084672 -416847616 -108288256 221323648 230065728 -18144832 -34092656 32287904 -392741120 -17757232 -165552576 308589312 359020032 -44432912 -78712288 -402488832 
-123421984 161771264 -101622912 -115814816 -508752384 -267593088 -61302832 -136114688 87894208 98644800 -571247104 -160819392 626656 81195456 -158936192 -106054080 104793088 85069696 785708032 -328324608 -145243072 -31471040 -35399360 -49770112 21707664 -406701568 24290960 9088064 383371520 -41139296 -329084928 11239244 -149195904 -528119040 330727424 -188019072 297641472 139674880 -137781632 -176733312 -297423872 347787264 -99581504 -48829536 -18226264 -187192320 358185472 446381312 271517440 143688832 65153056 225025728 256633408 -227011456 232507904 -337361152 -279362304 -373695744 360470784 -363405056 271992832 231343296 10489518 -118983840 
195302656 -75295616 76792000 -180334016 -94560448 -261889600 -80576128 -229404928 185826304 451987200 528367104 -27270880 395197696 5799096 -483056384 202958784 151063488 67291008 12095796 166188736 -694353408 -321481984 -100004000 207346368 63849872 216808256 66585136 -59568816 359309312 -359649792 123716608 82316128 -147812416 -226261632 -266478656 193335680 -37636960 277974016 -37975056 3855726 200219648 -313321728 8275459 -181107328 274966784 97495424 -71653920 27622952 -487125248 201361664 -490721024 61552544 142743488 91485248 -510166016 361979904 294891520 42979264 358645248 -124309056 16312490 577243136 -125048800 131598144 
-82997920 -252125568 -279811072 -51391568 -301444352 -102325536 196326784 -64456240 -56445952 -353486080 311669504 -432999424 -62144736 61075456 -24808024 16491184 -53698384 -345061376 201941440 -255884288 -335190272 -90951872 -126912640 -165017600 -188397888 -114900320 344800000 -88031296 -244404160 -211280640 -343285760 315985408 -175342464 45768800 531775232 78864192 292724736 37046880 -206096576 203793536 -251566848 -90123040 -1035750912 -467238912 -180759616 291278336 251150208 145300416 -198350464 -366469888 202963520 29112968 9077096 587369984 -275821312 34710208 -152170816 313272832 481653504 -215506752 -200441792 15841372 488712448 332781568 
-151543808 60531536 -220423872 -172187904 -136328192 -168654144 28733152 213855424 191766720 218629568 -5924766 -253374976 -194882368 -75891776 133379712 -286759424 -492790272 -2325488 207619968 123813632 202522880 11926720 -360595968 60246224 -219265664 33300096 -95461952 -196184384 -209927168 -131263456 -146562048 183700352 -145068032 46263488 231414784 -95852992 198948224 -215405312 -528757504 -11227772 4413584 217660928 40023920 -220617856 -58784864 -183628288 -62024560 50076432 448583936 -143572992 514691840 112305472 -78540800 123467456 66263072 -210657792 214163200 29003712 -388754688 -316857088 101066944 444720896 -51989552 43235232 
