64 64
-13079026 -254111552 -233901376 -187097024 -329364992 65175936 -39102448 -341588224 -170993024 -239096896 138403712 160019968 134551360 -264137152 -291383296 401968128 -260230848 98154464 -28474776 -202597760 332567296 233476416 19599688 -346298880 29509744 -78686080 316530432 118574432 73443296 -369703424 158063680 236131264 -104389888 264683136 -300315136 390543360 -39610560 49213376 -232461696 339958016 49853056 83159904 366334720 -185282816 405336832 110466496 174278784 368548352 170747776 -336831744 317244160 -32102688 445148672 278153216 111358464 -675065856 -545655808 -116400928 308382720 -225381376 -42342160 80513504 460520704 -116823232 
-179365568 146488384 30094368 61568320 434345472 -231969792 -101173952 -107057472 292850688 -412066560 76121600 -97571776 -364334592 320399872 -57051264 84855520 -411944192 24446632 79409600 139766016 -619956736 238558080 336973056 578754048 -86474944 -50024704 -47478032 207547904 224908544 -153446080 244097216 436983808 207672576 -386145536 -141852544 -366734592 -130030944 -334022144 -165666176 -211429312 -115100224 -43779584 303911936 156219648 -105127744 118320192 -287547648 102565184 -28544752 137416256 282300928 148376064 185022848 143415744 66436448 102623104 99292672 250603584 -134600064 62333472 -5693440 -108366112 -119980544 -42073168 
197451712 608380416 -358344448 -178963264 101818944 11972072 -291467264 -307380992 -61398192 -307997184 784000512 252532224 -439798528 456963072 -181925056 465673216 -185680384 593205760 615433728 -141926400 -282312448 -768346624 -70008896 71519680 -447622400 -344584448 -95075424 224287616 -187871680 -3579024 396725760 -266919744 239589376 -822677504 -71034976 202636608 509978624 27050864 -112289472 146546560 -353070336 -302727424 47055536 61756560 -10623534 68990240 -10872072 419501568 113790368 -299780352 -114670208 484424704 -78054272 131400256 -398360832 -47987648 239081984 255519872 350759680 53196048 -307164416 104114368 -135306304 -151079168 
-205492992 201130624 -327687424 26503728 402748160 -47776112 -180844864 -322508800 -149032064 522064896 193162944 177296768 -62068608 -220841024 95237888 277286400 -176975744 349063936 82420128 -127748416 242040256 152736832 -104967744 -2695032 -143550848 -390693632 587844096 -128430368 217946880 -140365760 15253744 -164632064 -56611024 76989120 -67685952 463711232 -409815296 -287316480 57536576 553765376 -145560768 -399503360 -99626240 331344384 -197699136 -116412960 -262582528 -191922560 207202944 -390179328 621401088 151154880 222596992 89107776 7324152 -66206352 181484736 83667296 255718720 -62251312 110831456 411546112 105944864 -735476224 
-400062464 -520877824 -61223168 -61682128 134406400 -60176992 50158944 129802240 -122739200 185472448 -80929920 153131264 182025280 350635520 -195235200 29993320 -259090496 -15558992 190845824 -21212352 -120447328 -358146048 222299136 -186066816 -231882880 -382326784 463280384 230848128 141545536 -29673808 239243904 503190528 95809376 -260756352 -145877696 224463808 118325824 -176476992 -56456944 -132796416 -306370048 -335499008 71943744 185622080 218835072 326566912 -245326016 251579136 151717952 -39172784 -94787968 514102784 202825664 -29859000 274258944 -44861328 -278996224 87230624 -24243360 316821248 362585600 24434272 119994016 361073408 
79100384 -290735616 -94735808 -4355712 -181426368 -107665216 112425408 156263360 -241750592 167248512 174288768 -167111232 594315264 34099776 51382080 -32651648 597926400 162939776 -91067520 -47618720 -30492416 -6490200 102613184 48693296 -216142144 -25183864 -70160224 -184398080 -151937536 406828288 -180753664 60769408 -550305792 -221747648 126960832 304235520 -177132416 -129907200 14975448 144463360 267320128 -108940192 -42796336 -79456320 127533792 -142582720 252402624 248046400 664330752 295377152 -59034848 376414976 89444992 250192000 -176334592 81434784 -97455424 -217692416 -130098368 -552569344 -69176064 113096256 632158208 -101036096 
-293669120 -181780928 -132434144 134941824 137673920 -251219968 -134263936 -29617552 -235561664 171337152 -215655488 220296256 13418410 -299965952 -349314560 24146720 38861824 -138048448 193247104 -103557184 147017472 -94735488 258289280 -54597856 295947264 -83362560 363028480 -12638920 -180312256 -65971792 97305088 -168124992 -327837440 376612608 118309696 -125355424 -351087360 -15697136 100017280 253067456 157211904 -318709760 348615680 263782464 163655936 -96058336 -28669624 180147328 219922880 16175600 252639616 -219438 390469376 -274714368 436012288 -223669824 -122092224 -160176512 134648512 64433600 257144000 97836032 -212452160 145235584 
303604992 273048832 -59939328 95340256 348430848 573334528 -446301696 -171963136 293338880 105817824 -72218464 -283463680 69335424 362305536 -706295808 466273792 -23984048 86230048 -136694784 385161216 -125255872 -238349184 251850496 -263969280 -238228608 -394805248 -160593856 -143470080 162994496 -100715200 337437696 723356672 -62694816 -516305664 -68810752 313932032 -86076928 533015040 -432081664 127418720 -147844096 4394304 139795840 -200693504 -400571648 -208955392 160283712 253586816 -277912064 325580800 -98737952 309247488 -519881728 60683968 -558055936 -197283712 -233889984 186615936 -39957856 56932544 178544512 -109238912 163227584 88911136 
361930752 284965120 233432064 29306656 -67794720 -21441712 -361391360 277984768 287521536 -82787552 -44743376 -425171968 -1759732 -258608576 387377408 -285287424 177235904 136730176 121911488 368126976 115388896 -309256704 -4246714 5232201 -337090304 -49295520 26897312 137362880 -427106560 373473792 -8609040 -567463936 89402144 168089984 145389440 -115780096 -252101824 -1131986 28416744 -106546208 -73142432 106302080 -200999424 260479936 180227072 -263084288 247954304 -328723200 248584448 472114944 -353398272 -199769408 -439817472 199795776 -831004672 263885184 22236440 -310189312 -214309952 -541359104 -428684288 619616768 -155537408 -368156160 
-274695424 -452264192 -327940864 -140435776 -110936416 -41834016 195495232 88622368 -174893504 6496849 285118208 -51775056 578503168 34889184 -135771264 162739456 379237632 169546688 46548832 -2805178 -223186880 -198279488 -17069352 158506176 -75554528 428840448 390369792 -63724464 173964544 -110541664 258942656 243945664 -842307072 -177886784 -3413798 342606848 -351164160 -300407296 -3298274 -230897920 -292802304 -105574016 -193430464 21125408 53301920 132186880 46128496 310163456 142468160 -134089088 412201728 424127744 -202650304 -249646080 -207301952 -356453632 342192384 -105806048 80812192 60102992 -138550912 194968576 165022592 180585536 
127595776 181788672 -346985216 -19495760 51491584 -40100480 181709696 75075072 -336090368 188717248 359873792 -33943216 579771392 -258674304 -67087792 262237824 232433408 190871424 -211517696 32081256 -32459144 271073792 -72623552 163649536 26777512 33345992 113569888 -240888320 -106666112 227607488 167405184 -228809984 -258110336 -62341552 36942320 219720640 30357848 31725200 -242349568 -190842176 276752640 194416960 -232624768 -482327296 256777728 376189184 311762432 -14745232 -172202048 -84692608 164615936 -38961424 -379735808 23944992 -94280768 -335337216 172563328 -587796992 -208607872 -214170112 -6408544 402327296 195903680 -68301632 
-470489344 204016512 79641408 106010464 37106944 -366861824 117697376 245017792 -231212608 -343334400 -207503232 -192487680 -288943104 -175251456 393213952 -311219200 -152461504 -392931584 190401344 -137604928 -305311488 124164288 485575680 163512192 43860000 32161872 62695744 -143876096 -192835584 125903744 -178435264 -37912176 263202368 157986880 -272614144 -540378624 179047488 -460653568 430872832 -121459904 5491482 -362845440 -108509376 102233664 82780832 95829312 130098496 -99396672 271787776 116410048 -23124848 -126353856 -106974208 -49227600 203230912 58500000 56293488 304238080 -329143808 140299968 76523808 101786272 -328261120 -30094600 
22732272 -29708664 -169877376 -222663808 530524416 97448416 -161957120 -311478272 -46038592 22619528 -124165824 -243073728 176712768 -250339200 -160662720 -265772416 199135552 -139920576 -192663040 -6735376 -184693440 -59433280 -42385712 -147091264 61684880 -336325632 144885312 -8479856 527249664 278718976 -20625104 -55247264 -77635072 -329122560 38518736 288551680 127990336 54730768 -407267584 505138432 -254943296 93259840 -280176384 -11242576 106218240 50296928 253899520 417227008 75234048 92994368 59897856 -213005440 -155142912 210679104 -265235840 312057600 -255891584 61916656 179628032 141114240 30066192 318059776 208826688 -37554608 
473164800 -478168832 95765888 -345621504 559796736 233184064 -609304576 -443524608 28809264 -144600000 -217678848 19091888 296045824 77189600 35581824 211194624 290164736 -34970816 29831192 106647296 -362339328 -116927936 -124913248 -131301824 -150588032 -339261696 324470272 384187392 87775040 -211098880 -66783408 -81446880 63396640 -293725696 210142464 -10604960 -50095072 194137728 226954240 254611264 133750784 92942688 -330367232 152698496 -298490368 -436176896 -131620096 498080256 -40182304 361818624 244835072 -252869312 75064864 486837248 -738215424 66924912 99958688 97546816 334863872 -370659328 402209024 496704256 -210077632 -129304192 
-126338944 242247168 -368240640 -271759360 -32 -161489984 323212800 385450240 -673659392 -558877696 220774912 374339072 233548928 -303724032 187841856 -84854464 48409568 -357004544 88632736 -308812288 393167360 -172366976 514344448 56724240 168418304 239173824 -106520608 -290541056 300287232 73516768 -235162240 -266288896 -111620192 -391267328 -12994720 -134568896 459183360 -90448384 31581720 145752064 -69242528 17732720 -271629056 -169351744 -489435136 164709312 265238592 407841024 134561920 -177897920 -58051936 28525280 -363059712 -330812160 -620160512 -16761336 79675840 -429060864 -182416896 -80676352 44036672 -217982976 -65214448 398216960 
133293600 -267016832 -95910880 24693512 128644256 -201828800 -269491968 -208379136 240573696 -5391606 -126538976 -90665184 295405312 -170438976 -244106752 -41194640 245977344 128872608 5469906 306703360 -467686144 311328512 263085760 -75426048 -1437110.5 -360476928 216666752 -145331200 -254752256 -73113984 55034112 317381120 -211992448 414336512 -261354368 439505152 -1698012 138700096 -213195072 7750016 -107159808 141947136 49303968 -14258736 106546656 105682112 216671232 514240256 96389344 256980096 -306061312 6908882 70571616 -65233744 80747456 130516672 -191017280 5319770 185206016 -351542784 262972928 286703104 12166638 94860000 
90346848 99049984 540052480 -341043456 -165393856 -130688960 -56974816 -305284352 -6257112 42975616 309027072 -506215936 114225888 780099072 44178752 -391237888 154396544 -298929664 186672128 93684992 -173039680 -9594872 121430080 -512713984 -281043200 115613184 -212845184 170042496 105682464 848818176 -31815632 -2235698 -116611520 -100969024 21017072 -336328960 313326592 233572992 -64735520 180859648 -129018304 163499328 198610688 313329920 669963264 -138984000 133055680 45016912 478920448 -609372160 -306519296 -245889408 354344960 -378025216 -63101472 -122541344 123391136 -18386432 -516272384 -144217408 -280957440 -44434816 602162688 116192512 
-262014912 26239680 497754624 360025088 360890880 -66894400 1015841280 -105278848 -120647552 200859008 -200195456 44210928 -114840416 -166001152 -262510144 -442571264 10985434 124066144 319019520 756861440 -112676160 -15008044 14070490 190060416 100233728 -42908112 -236735936 224973888 -352203264 -215469440 767875072 -187181248 -8078104 416412928 188387520 30265408 -64884928 -2420758 -514276352 198314112 354824704 -303739392 -40210704 174597184 -191114432 407800576 -310072576 -124772096 112098304 -78001632 -146688064 -486979072 241442944 34266928 806868992 126260960 -633344512 -238196672 732466688 510264576 107905472 145968320 -542554624 11151026 
-414325504 198675840 -99808192 -221314688 40070720 -23449664 430790144 485925888 312101376 -268875008 96340768 22289832 269149440 -289233664 177268736 198569536 199500544 -127884992 -505962240 -230394880 360770560 71760864 495862784 204958080 202027328 107981824 -526703104 -531946752 -204144384 -71743424 -139385728 -163582208 139292096 224811904 -136995840 343279104 30568104 200605632 406255616 -634325504 -250473856 104798496 -271225856 -6414624 -285196544 -249530048 -179260928 61135120 154263872 438797568 112840064 496235776 -91592064 195205824 -89766016 102229216 -241544960 69589120 95220384 -40514624 69517696 -121496448 109860960 310444544 
-269962752 -332609792 170096576 87051616 370010880 -44298160 476361728 115919232 -239915264 -15491252 -356946176 493404928 211933568 -287015936 78510304 -280932096 276435712 -102283840 95220736 118610592 353317120 -22578816 -210077184 85364928 299814144 57050096 44084576 -150901120 129298752 -116864416 -87574496 211410752 -299554560 -302463232 -120908384 -224330048 -246874688 -46504416 -76706592 236381952 167840704 -91754304 96959840 57564160 -516140288 -164129344 -312761856 150520384 -315834624 297547776 -91213344 377255168 383233792 -44348160 100977920 4719781 -337850368 -226819008 99712384 -142933440 218825792 -271412224 -371011840 157122816 
485750272 247114432 189540160 -40066608 169795840 507808000 -825137152 -316908544 -43590560 119100864 -413661184 171138560 202122816 130085632 207918016 362228224 -248728640 276370176 418995968 -109933824 232657472 -457146112 -25738256 41644112 226719168 43030256 775222272 437152512 175078144 -63733840 79150656 201641088 271003392 -392568320 89236000 -215537216 37814320 -337939968 -132088416 -177404160 -140153088 -155780864 -81078784 -81624704 -49759824 -115972448 49687888 83635968 -268857088 -208036160 -5719317 163498240 -205801024 -93773568 -461809408 -226358656 329145600 4766813 506214912 270633472 -350950144 329055232 -333059840 18878832 
72914912 16550456 176218240 136375232 531804160 146851968 63330576 274574336 110941568 433916672 -163875328 21233664 521748480 177508928 119169952 -126078176 228435968 -23295432 -147023360 -289960960 100967104 -23621552 -24376928 204886016 197383424 -35780400 -258729984 -45909168 33159040 -407839744 -43078976 -40860800 -614770688 -585941504 -62003440 -171972864 228417984 107133568 315947520 -195788224 170159744 178435520 121130944 -596109824 436278272 -122472384 -241786368 658854400 201156608 28478736 -119794176 -140918400 -232035520 212610048 267432960 393633792 -339178496 -332901376 228702080 -11230880 201963840 64054752 179347584 -360374272 
349243904 -254549824 -92515616 -278470912 112178048 178663296 299332608 -365224192 17493672 194899712 112526880 122949760 128184480 -120769728 -107267712 -42837616 80393216 236188480 -436780288 112278752 272727296 439196160 1410176 -87671328 283968000 392509440 25187984 -218634432 287043328 -204257024 -65762752 -70245792 -151734656 474752512 381733888 -112399296 -246232704 334016000 68729536 353955840 135081152 45170496 -330021120 -165754752 -115497728 21201456 -480273152 -386500352 38506064 -27241456 159332928 -204619008 -358422272 256328128 -101127040 -111674912 -8917176 138186624 -42160784 165407040 -113191168 117255744 -120986240 194303936 
-443780352 -439185408 -250755392 87118592 -238200768 -184210432 341024256 438969088 -147416576 87544928 145317824 -405146880 -102889664 269849344 -1832042.25 112860448 -204307968 -278293760 -69299360 70411584 -330756096 -70434304 499797504 207270080 79813024 41811824 149620032 157349760 148678336 -197147264 592702976 92234112 153923904 -18801488 235011456 180345920 229633664 277921280 112908224 -87177408 317906176 -239257600 -209168448 514710272 -456107008 -593748992 -461994752 -268348800 180417280 85897600 248238784 303788032 -159550144 516265984 287981312 -103743392 136587776 -19640552 -179559232 470064896 34160352 -49510400 -111621952 -15136308 
-161060096 15490140 206957952 -286573824 -15509040 -78673280 -19421640 -123735104 -179026816 23127432 31169992 -182987008 -106889216 -2509488 -161369856 138343488 230342592 -41651472 138364928 520184832 -402459136 -353553408 552656896 90809536 -320243200 -365713920 274248192 235063872 24690288 -220194816 98915968 253432192 -68694816 -22449640 87195648 50883616 410567936 -49014768 106861184 -179442304 -381321984 42891328 -73961984 170380992 -238840320 -336619520 -57560 442233856 164309632 260395264 -391263488 430890496 127336608 -34938112 34485472 102638464 149799296 386512128 -266723968 -68341184 -208302656 69729152 -213491520 437629184 
-94353920 -109400352 -516867840 212342144 -349710592 629083648 -320516608 183045760 333635328 166769664 70116352 -148712896 65176960 -129922560 76531136 218273536 368889856 336662272 -272090112 -295070720 -69735040 -71462912 117810688 -4767402 478872576 427101696 134949824 -315839232 46327168 -155014528 -283094016 -11869752 104260064 -122552256 246684416 -121343680 -261573056 260675648 547706880 -169707840 -363414272 -223373056 -50190320 -50288768 130196000 -465674496 -344113920 -34091312 -4259662 161817728 -111352832 203207040 -360220672 324676096 -36947568 126510112 367457024 -291966464 -25848144 -119619744 -183765120 291488256 -68652736 36692736 
398438400 -238705920 231602304 392335104 3013696 311073024 -151556224 215469632 124615648 109540128 -73815232 64602432 -341035520 15210112 -221056960 416004864 156011520 437292544 -123398464 51823424 39868064 110590912 188344128 328593408 -106587936 175072768 -84674880 -88925440 -20526752 -68227008 -133184 -318690304 164048064 256733696 -43027856 164159680 -5162848 -106356832 -490947840 -126673792 -1108064 65302464 476705792 -491347200 -67027904 -333320960 13499760 -138270336 -173713152 543177216 -529169664 451103744 143917504 172250240 -206729344 -26563856 -359565568 -581519360 257977408 -46023936 -166831488 472749312 -533359104 318963712 
-392937216 512447232 178658752 -20282256 -295062272 249809408 266541376 117144192 -52258192 38910352 113036928 -155651968 50722464 100910496 -10946930 238095936 -189144192 -169544384 341861632 417328640 -749464064 95853696 -257839424 283895808 -321601280 129243936 -318322432 289868032 -250035008 721205248 307267072 279119360 487627008 -128084448 -37366352 201645312 -214247040 125719168 -679861248 98637376 -68955712 -464783872 34624384 337201152 -341123840 75703968 162678336 -498886656 151583872 -640453632 52987728 323271680 179061568 -61115264 -73200384 4913996 310499328 393052416 406653440 131779168 44389968 -103443104 243085760 41899712 
46614864 -369737472 312651264 -313519360 563381248 -122205952 43337552 156236544 -117383712 -157718080 -217202496 83860960 -182836416 -9732096 -158591552 -250652928 -379041792 -315604480 -210842432 -62410000 -160681472 203530432 137360960 197380160 54871984 -473596672 -91505792 -22284880 118930784 -444897280 -259070528 82568256 420098304 90907264 -82920992 -177542208 317708544 -141374144 361860864 27376008 161151616 -243848640 214468160 -283291136 304694016 416142592 -114687424 262649728 58115552 200034432 268194624 -485040384 182976128 170906112 244825024 104742400 -132417216 205736448 29283424 267962560 -226466752 583418368 -278265600 -321268480 
206844160 -297935104 -215413376 141920000 -8707008 -292628480 -77084864 -138281920 -337719296 134033344 -43519968 -46111104 104906432 -398838272 211664256 50386688 113714432 -42378528 211680384 335395840 -237098880 432896000 744731136 377232384 388093696 68976832 -90771776 -302858496 -219491968 121534016 22512512 -630919168 -218741632 372448000 -150443392 -56445888 -453723392 -144573248 -325016832 61591440 195250752 -291025920 -118743584 260685120 -559110656 -468289536 -14838088 -131308320 373550848 349254656 201651584 -158730432 230000384 135818880 -88095744 -36203696 107790080 -265344448 436886272 -58471088 452595200 40025088 -256040832 154178944 
-456528640 -30586776 311852800 112507968 387555584 -124241728 461083136 19601144 212837312 -559206400 64527904 -122933504 -404890880 152949760 -438557440 -390983168 113546 -482905344 121989664 253957952 -397134336 288082176 -207159616 353281280 -94351712 181505600 -371297280 -209940608 -65448784 208408768 507984896 776921088 -20203064 477124608 -479901696 -88248096 -213269696 -100704800 -398323456 16342036 186166976 12703496 114309664 -183801856 -63025728 370163456 16947776 153973760 -6991703 -534766080 24919128 -107073920 118509664 -206151104 134089728 -129980704 -91150208 435067392 24513400 557280256 135186176 -144702784 -348667392 443225088 
539462144 -20905488 -21042096 -264822656 -157294464 -14398752 -370905856 303121920 -138725184 -3444056 80860768 56956576 -339028992 271880960 464427008 -169310464 35523520 -80905184 292175360 19354336 -494220288 -966686208 -321025024 152211904 -52854944 -106028960 -273476608 -313035776 -199312832 -262323712 84242464 160225920 -206046976 -219938304 -55167440 98435744 49578144 9842208 6777440 -341989120 -76214208 541996032 -94187680 -218002816 1274120 346573312 391090944 -230580864 -300801792 450102784 -472568320 65223200 -606380032 -381146112 -74502016 -293065216 8116624 133958656 -160577600 154607488 -241064576 215137600 137724416 -113066880 
-12728986 260730880 -73405920 17003616 462686976 145384576 170405184 -270978304 -86300064 339609088 301992192 286467072 179993344 259991680 -104406144 140637184 -177784704 512390400 -13071580 35134448 -3974056 157988608 70703712 75010944 -276640768 1518045.5 -366481920 -241149376 -84678592 364661760 96403360 100672192 234584960 -282438144 -173149056 300784128 183331008 308124672 -251507968 48822928 -672364032 -468879104 230272768 251846720 117881504 112964352 -117853056 609298944 164412864 -286781440 33011840 343870464 243875520 -266102528 285228032 274852608 -78321440 459093504 523304960 -50461552 239374912 -108089920 7111612 35125440 
-67624640 260662464 -105711392 -88287520 -233845248 337608704 -190401152 9394920 -214997376 -246852800 -294292736 811112448 -67909248 167552768 18282256 336206848 129652736 -128301632 -246972416 -24877968 49215232 432244736 140998784 65031200 -351950336 393804800 461103104 124371936 262388224 -253061824 50995536 231020672 78435840 -77389248 36498448 164031360 -31767440 -157319424 -14380648 314498816 -154193216 -204584128 -204437440 -437447936 -116728064 56015472 -283757056 582767616 362669568 -419798528 276985344 -408062720 249502848 326998016 -379776512 -34176000 584143872 225069312 116673856 245884032 -91375648 323476992 -268687616 -26219912 
-45093472 -430569728 -198742080 -111947392 6146550 -158676288 139832128 -425030656 -264516864 -256558592 253710784 12210674 -157129600 -102704608 -93642880 -116956192 83468544 -33694256 71234720 207925248 -106572832 46397568 672334848 335378432 -103244736 -256487232 85911520 -51763088 352161024 -27253360 -408274688 413333248 31302104 -104161440 -623792640 -15527996 29267040 -116702144 211566592 69192224 -80495040 -238953280 -339017984 45147248 -219241344 -112542432 7404397 751089664 235252672 191862656 -235023808 93224032 3314509.5 426114560 844111.1875 34709632 306249472 215946368 -174165376 -235514240 85305184 -511394048 -220267584 470520832 
-165269504 250496320 -142713088 -306448384 422467328 249225728 81717824 -600918528 594062336 93197408 59609904 -13012112 17985736 254520000 -4022743.5 -57463120 -158166016 251965888 135161600 294487040 -257292160 97221696 -162630784 -92392256 -568336384 -240907264 271856128 -46111808 -136821184 -111654592 -194098304 190378432 83192992 46534336 -307259648 -236215040 89284512 -106924576 331226368 72145312 -325691392 -90551040 -695328256 -474069504 -84212320 37927488 -62277568 193651712 55960464 -407398912 -316942336 -280124928 279750144 191698048 -104541856 486028032 -306943232 509437184 216664512 397701376 -90419584 -7145624 -315598080 -315158016 
-49443408 615680000 286011136 -290544896 337008896 -8247520 82257728 135807040 -302109696 249315712 7690808 -338035712 122948096 -405857792 83789216 -310502400 -378681344 -386493696 560830464 233908160 -244353792 -297305344 130609152 117336608 161966336 -184880064 -2733624 144541888 268847616 -31793760 154428800 352192768 255752064 -440163840 -182146432 -86553824 239312000 -223562240 -38779904 214744704 127804736 -289235968 -193964544 -245874368 353599488 151782976 232860288 317933568 298934016 -379241216 -153319360 -95750592 -10255488 336146432 305135616 -83264992 -172195264 -128200896 -19921136 92476096 90754944 -67762720 -2025756 -307861248 
-453328128 -245583936 -199070592 174204 -236279616 135940480 -163497664 522325504 -609700352 -72464576 -22291856 175110400 -416374784 166909184 365781504 77553248 -116422560 -238124608 -180593152 -379270656 -277428992 9006930 133229824 283666176 -301979904 -300073728 442106112 -157819904 -28765152 403841792 183680896 -35344256 67552224 308172544 -376857856 123843104 -718012 -327998208 -319495936 101005504 -265218688 237827968 21078592 112942496 -342873856 -165429120 -7751441 196551168 229301824 -234540160 -54203520 310948096 341271808 110486496 -209535680 35831552 24748584 304482048 -410080768 310232320 -6111959 -174670656 221601792 -170749376 
23139512 -34445744 -346799616 90696992 -589959168 181537984 -330527488 -160235968 -253456576 -548494848 -51691680 -503490816 -366019328 -478493184 405991424 -111065312 165745024 -180636032 457389568 156455488 -272708352 -143667392 421663744 234085120 -344459520 6261715 175566592 499618304 375603712 37812320 318417664 308438784 578819072 183207872 -18685216 -40731296 240355328 -290744064 384409344 -56685312 -126521056 -517121536 -410302464 -148641280 100556288 -101794816 7414680 194935552 669202432 468893184 332797952 272333056 -574974976 -182930560 93539712 -79334848 525192448 132008512 -119877696 51539536 -375309312 732267520 111999424 366298112 
128452224 440521472 113049152 -143395392 326756864 24789984 -591714304 150590784 410281728 337313536 -60765568 220540160 522630912 -255514880 -54874096 78475264 310133760 -38640240 117403680 -359949824 -190574208 -360654080 -742477824 -145517504 389617920 314744064 133535584 -292729600 -160098496 252831680 -363717632 5748746 -23163792 -285752832 131299264 97184448 -245029312 61364832 159705728 -23927816 -260387776 199324800 154116352 76265920 338039552 -127046432 475335168 -116900352 -427182592 109206592 247155712 -1762393 -270483456 -298203904 -284052736 -105681920 103274048 -776214528 75519520 -22292432 200916800 317055232 56281232 -535522304 
321665280 -374069760 150106176 -90128192 -231779456 102478912 -391593216 256257600 11740136 -240874176 -310113536 92832160 -60491456 240504832 304958976 149174208 165154112 -390882048 -252820480 22667464 -380426752 241283328 -92931296 -243795136 295254016 171758016 294988032 123464320 -146231616 -196157504 -245921024 -96979168 96275648 -96412480 383290112 -345442560 158171072 85882432 264267648 206160512 -22654024 50847760 -157371648 -185981184 147667008 208851456 -313591808 -41067408 130286080 413328128 -51696016 -308660992 35480096 273057536 -392774656 327150080 -203054464 -31433248 -221487040 62304016 -235859072 801458688 16215838 -215291008 
174943168 466341632 -71100928 -39411072 -223021568 54879504 -354580480 -243349120 -426768384 -48055760 96242848 99210048 -133365472 -534972672 362078976 221443584 -151313088 -230080576 -197388800 -147396992 -56415920 105369760 186995840 281038336 -146870592 33245984 505058304 101965440 425598208 60803968 -433809920 -81996608 312478464 203103360 7227152 80147712 -98466816 -265115904 49764624 92445632 -230870848 -508812288 -309597440 -222504640 -82648192 101570752 88152832 62543968 193771136 249586048 418447872 62805440 -434988800 92696192 -185787648 256548864 386630656 -71334400 -36955600 -204147264 155501376 249021824 90298560 -148440512 
137134784 -425236736 -39048096 209915200 378472448 -81226464 -312649472 -201801344 325318912 327078144 -434205440 73917632 466666752 208558592 192457344 344334080 -60567664 305460992 158250688 105041184 108026592 -77790240 25839480 -294197760 58991248 -184377152 429994240 -97364480 -134106752 -264371648 -115219360 18492696 -72911648 -121671040 142074816 411803136 -121402560 -81337504 90894432 -213604608 75307392 -227158656 -85621152 302095872 18522544 -134722176 -24875168 288084224 -44526912 573928448 101115872 -130900928 277278464 269830912 217513984 -55970896 -37721168 -361556992 161677824 -177593792 404141312 453837824 -195771648 -204914944 
285840896 -72270848 -469584128 101666112 62707248 382019072 -16977920 251132224 -203426944 99728032 288299264 -254302272 -139323968 207069760 -281585664 118907552 44907680 44392544 -122306048 -233306176 49065392 105252896 42910944 -167249728 202429184 -164871616 -237086272 172418880 186351488 -270622976 -78401600 -31825808 333280000 -656937472 9344960 339965696 261355904 -318602752 -566083072 55346560 -173815936 23982368 22542704 -257833728 -152308736 186461888 -78749376 -62866112 -3682724 -274371328 -140009600 437714688 -136161408 459107840 -46201664 105725344 -377940480 -262364352 295197184 -111260416 -109044736 -223370240 -170330880 -345035776 
86102080 121794624 241381888 2175840 514840320 -343751424 -232040192 182722560 20638320 -192378432 92477920 -169921792 508304384 -498094592 -77931296 -356782080 -458174720 -37849856 164252352 -112521536 383084032 -199814464 -21539584 228198784 -129307840 -490858752 101487968 360957952 331742976 -107897216 -331206144 327830272 245764992 -293510912 -195057472 -382458624 550765056 146735872 132777792 222576512 141869632 353619968 16786944 -189201664 276770048 -152341888 218570816 4458368 44684688 27557680 176006016 313964032 -232756096 -126664800 -221970048 -241790208 -556482560 -82322912 421368320 -278550528 -218131968 -45943648 294924288 163565824 
-104695264 -124822080 -101260992 -232649216 213131136 57528352 565330944 380019712 -17896400 303087360 -249338304 -12709536 -51774368 -224491200 272245504 234580224 -145899712 7338120 -520186112 -131399136 -88316192 146663936 -198301888 -69535648 -4060589.5 -217142976 -112222016 -292750848 -167958656 -452745728 -309099776 -215140544 -13649816 40502240 116404224 -417360128 301836544 191822720 628660224 105302912 120291136 379923968 -369492992 -320845824 -80805888 127542016 -13453216 6019920 -169840384 128946368 -324879872 -161898752 -20914264 347030528 284630528 -370485248 -626034688 57250992 -46176 105277888 -19836976 252737280 -155744448 -550031872 
-140980800 -405394944 -212600128 -312141824 271670016 76080256 142745088 -371419136 -50670688 322861056 -338740992 166923136 -33254144 -393588480 -376785152 502469632 -84303872 -155833280 -203982080 186459520 57495456 263686912 -23612080 -171801408 -213020608 -377747200 460912896 439970560 595134464 -600325632 -22517872 188142528 -428676096 173045824 98726720 186618752 210295040 -460220416 -408328960 155275008 -202004608 140584448 -168343296 82612320 -419734784 43882368 138390144 135716928 73012480 -69978176 215126784 305520640 478094592 234032064 271693568 18999704 -578963456 459086592 530797824 260265216 343256576 -225802624 25480672 54731552 
-538550784 -362711552 -66150800 -257114880 10494476 -83638912 251782080 -397214976 -16100468 -116192544 -170326656 417375232 104491008 86354688 69282752 496914176 -380688384 -126141504 245652992 -215187776 70670336 375553024 -338514944 204221568 -57570272 333350656 -21855136 296794624 667776512 370691328 -435548928 -110248160 561633792 184755200 34721680 5934085 103721280 17710080 133728256 120726496 33352840 -404198656 1814765.75 -177144512 -142500096 411294720 48005200 -121428448 1548615 -374390016 320293888 146036160 438787072 -402218240 612832256 -230703872 446894080 -134432320 99358816 -56715920 239333504 -205237248 419447040 630850048 
-52711056 -109581920 120720192 -29769216 187263616 -375583232 87578752 78679872 170942592 -209040576 11337498 391858176 -110800352 -163577344 86893920 82581568 54482816 140622336 98371840 14240654 141808064 15583066 -353590272 -25538840 130392576 143702080 5003354 -53306608 312267264 -103465760 -450501632 -356198912 -119454976 -217600000 155989504 406742784 -492736512 -42440960 109716768 236209472 67831296 -134728704 -174597568 293818880 -270558208 381311232 91567104 -346860032 -571356160 645885440 446281216 -135605120 211939392 -94569600 -29132640 -227010304 319174912 92394176 276328704 -399681024 234290112 83831424 -289623040 -197454848 
-272502016 -165407360 -236182080 215042048 90713792 150295424 -202765504 -218758144 249364352 -106616928 -439034880 -140933376 -41320752 -285769216 -233883520 -58985376 -15656778 -83842400 -8168110 324500992 -323057152 493202944 340170240 -100884576 -112368768 -349642496 84834144 -273453824 -264976448 99458976 132567552 318718720 -189911936 188859456 -573713408 152498560 -294432768 -18764960 233259712 25357216 -422962432 -230111808 44269152 217333120 169781696 104207808 279171840 224780032 139798144 191112768 194630016 -158865088 -116986496 3012185 -52508080 -319636480 51504928 499601920 302954496 -147770624 -54791840 475055360 -294223872 -96642720 
-347277568 -112329504 -483512320 -50018912 -96985120 -236984320 -72815360 77557824 116856736 -115206432 509736704 356092672 392962816 28333288 -190010816 667853312 26304880 -97741728 -197633664 -238037440 143529984 -76580128 321168640 -22050480 558505472 -142316672 -312806912 17677440 -26431336 -486759936 164680896 -293817600 -154829632 -300668672 -472602112 479930624 -28092736 -114505120 -7933916 -186994688 -36374688 -237639680 411922176 183063168 -45848272 232679936 212596416 445520 -338629632 -111667936 655269888 441003264 -214044864 452962816 -16120554 -475459840 338760192 -422251008 -210297664 136925760 449997824 -34528000 -168276096 -258751872 
453808384 -122560800 451369728 205938368 175415808 -77049248 -232524608 69534720 -146806528 311264000 -315975936 -361280512 179885824 278298368 81123872 -115806784 364234752 -631553536 -1940199.75 215636032 -331173632 -39782624 -225716864 80487744 -194870656 60182688 -439788288 7467072 127541280 308279552 269191680 68704768 -417725440 -109423456 -539257856 187067456 239805952 290622976 -782901760 26177744 247805056 96965312 54798224 -545685504 -210178112 -167839552 112649696 121452544 123113472 -122162368 -388729856 354288384 22482768 -77655296 -649594880 111577856 -98396416 58206448 -239585856 177079296 296850432 181156992 262809856 101305024 
-281833216 -79275008 391840768 -134682048 88628160 -85982624 231817984 -171975104 -88152448 -103461504 235661056 -211411648 86375552 -119401216 -170809536 -347991296 226736000 -76922304 524156672 266023168 218869312 27192880 55307584 -228606784 41152288 -184547200 105188512 317525760 466910208 124780576 -305325824 594193408 142466368 -185838336 -141676992 166837184 -84700128 -671135744 249892480 138835520 21974224 -23443600 -187343360 -345799168 1067860 182980608 407668224 138096512 400569344 -123272672 -108244608 96797856 356365312 21318512 30470512 -187896192 111941952 -698589184 3606104 -115341184 -153039616 -360358912 138088128 130939008 
34056544 -198170240 7810088 3720416 165530240 672316416 -112512960 481183232 -129700032 -22118112 -516397312 -72715680 235671488 11180432 544547840 -649774592 -111159744 -411653120 -89411360 -630001152 241394432 7748784 369230592 -727667712 587888128 -475364608 139596864 215700224 201973952 243516672 -40371984 43640768 366000128 -182163840 -142599104 -6703024 -272384768 272068096 -39902240 371648768 -462436096 339752960 152301888 581607424 -13285672 94637120 -249917952 16209632 45818640 -149559936 -50283440 -101782272 -20700312 -315283968 -549040640 397025536 -481309440 341686528 229436224 -148212928 213810944 133187392 -258091136 41543808 
-35384016 -279796736 -4693888 374033920 340913408 393875200 -6518872 340466688 21190872 191994688 -329717248 -92204928 203637056 294131456 106121728 -344793344 99749152 -395356160 288283136 -70589568 -467405568 -140911616 595082240 -105708416 -41394448 50209296 56421424 -129715392 204182976 -6045912 133313600 760750080 46950912 -371252736 -136920384 383557888 380405504 266673792 66006976 -116790784 130156736 234722368 114491200 83776128 -462135808 -273212928 -121241280 265806592 235926144 266544384 -109329664 144984192 26812072 -23479792 -80886912 -10308360 315110400 -218710144 -36680304 151698880 211028480 -156971776 -160894144 521636096 
-267121152 -48997840 -80943168 -397335552 176139072 -226339072 169862592 -93815008 207957312 162664768 157596864 120324672 672135168 -123528704 -246696512 95736736 437769728 75492928 -224484800 -95265184 -348743680 315534080 376081408 224294272 123277376 -145478272 -129467648 -196852608 -288492800 -78280736 -314017280 70883392 -425732864 30388440 -180336384 153742720 -460636160 -2919650.5 300566528 407172352 150761280 324536064 -76712288 -355808768 45833440 -188136448 480243200 -231130624 166620288 -89961824 35206528 -22485168 -435953152 377267968 -28055248 -267529344 -352773888 -44358256 221863616 -401537280 364442624 -139025920 72146496 -228157120 
-294518272 -196635392 -176681472 -77186752 -115162912 -257938944 104585792 -128742784 207642752 -81266336 214865152 -375577856 201913152 55738208 -188954816 -132780864 -140594752 694073856 164614528 76943584 -43377488 -60126368 -42324016 -14104 165754944 -208019200 179547840 174700288 -488767744 -260890368 198386816 246099392 366160384 182602368 -434138624 -104010624 -260634048 -170891712 -150365184 -49282880 -284580352 169008704 116367360 -343502080 -341944320 -117346528 -163550464 132567552 -10572616 -310843392 -216407936 177218496 -106928672 56831280 -32167640 73407008 -507591680 -176671552 555506688 181391232 35578416 -627397632 -37411792 -155417216 
46535104 53745824 46407168 128810976 710252544 396684032 -258264896 159755776 -8638496 223751488 -329947136 149562880 -93062592 219272320 632323072 -56773744 -224000000 332708864 104422496 -234532032 491766784 120845824 338118912 -265133760 218521344 -33043672 206751232 -102965664 115077120 -38648304 -9727728 -322030336 10698464 -60666432 -32489672 -728802304 75401824 -272826880 256440192 -828752 -398316032 235266624 -156186368 -100134208 -175727040 -212989248 -22295696 97068480 -96987072 526447616 -372481280 -61061824 -325193984 -172708800 -233950528 156609472 -207217536 -521967360 -220718784 -42264416 -153217792 210790592 -702883328 -522866176 
295832320 -330546432 -378832128 35075952 -528936960 466618880 -215360256 -117703168 -471667712 183297472 89707648 -202308224 -48913984 -284805120 360921344 206274560 104875488 -358999808 -19678600 -78522816 181114752 181569728 -251780800 17564304 110873728 -22782592 -391564544 223663168 66405440 -84547904 -57410176 -633107968 8804996 174845184 -30295352 480496640 385800960 126489088 -220742016 -55167584 -158611712 185025536 440953856 93041408 -143605952 -69986816 143510848 -512624384 10348056 -655190016 390684416 -78871744 243289792 -55819040 -325360896 -39095408 416358912 -110573312 -36154832 -411608064 -260215936 586088448 442797056 -78351424 
-121098624 246239680 -89887616 140003072 6817408 240677312 207950144 201017344 344023040 171339520 -226383232 -112513248 521321728 291784960 -659122176 147543040 -460272384 440512512 -64398480 309655808 -90365984 -21339736 50103024 -270525184 -77827744 -12563192 248100736 -128638432 -245123456 -199848384 61440992 369876992 249115264 -198920960 132492608 -6768248 294051328 159337984 6477072 -65710384 6326112 -9892512 358350336 -510689792 -530627840 78587200 10515696 77013920 -354115584 -161050496 -565356032 167377408 -154425600 325850624 -73628640 -24055904 -200783424 -102990016 -115789568 -17524288 40198528 -699883520 -525022464 51087168 
15462162 -216032768 199992192 -395698176 264441472 -187457664 -356806912 -303256064 -161691136 212110720 363157504 48308704 -108943744 -175998912 218782656 136053056 -122132544 432920832 478758144 -219276288 23845488 -496936704 -467622144 150914816 333085440 -136634624 501219584 -225784640 -32959984 -37954096 27086104 264575872 -117855136 104921344 6527696 389426944 -406616832 -239543104 93017920 37195008 -123250560 -375136000 -379321088 115999008 341834496 47705776 -209189888 120545280 -90601088 -12903120 -112133888 432878336 -147142272 22630064 121064832 -271229184 21192928 -312451584 196434368 -11442612 -38101040 354804224 421627136 -274884608 
25964296 -164844928 96003648 -298277888 -112465632 235373760 -125393088 59901248 -58185968 295055872 -241869568 120484672 336126720 -254184064 169910144 504214784 -9003848 131046272 -551432192 -272408832 -177001792 113794528 -378993408 -197206080 89420736 87740768 -273623808 154669568 -316184832 -353107200 46230432 -267200000 87795904 71579168 286933248 -114589760 -58469376 309452800 102213984 166066048 6743722 87204800 100878496 -450832640 228769984 -378501888 -28637520 -28224832 92906752 111505472 -114214272 -64424512 -502663168 502013952 -82476544 -29868464 -397264896 -546064384 419375360 -3437668.5 365767168 58638144 728885760 -388743168 
302838528 -56301536 172484352 -2855424 -403374080 -361821184 -665395200 -429288448 -166941312 -60262512 -66015728 397049600 -279195136 -82232128 5782196 -32616568 128657120 -268726272 -100327104 -41405344 -313921536 -135633536 -21617376 149030784 -103371104 -172182848 254287872 -85123136 -193881728 70926976 -120939776 -365655552 -334496768 344802304 -194251520 -290662400 91815872 -74365344 53197808 -11621504 -43175424 31768776 164336128 -457827328 165965760 -160982784 40841168 55513136 56349216 -406624 -7917104 -140714176 -103486496 -13632160 -40105296 18583168 213140160 294409472 -159608320 345817856 29195296 40184832 55833664 206881984 
45452816 -649261568 -301298432 289396992 171438848 -400622336 -51724784 384118016 28942160 -239846400 -360711424 34230256 -128050944 -93890016 162601344 -473729024 -19435056 -213009600 145574720 152799616 76089600 -257928704 233594112 -18809008 70418112 -79313984 -331826944 110982368 158613824 -272821504 760731136 121465728 -207986304 -389589760 -398899456 100436768 254905856 135845888 -256520960 -271267840 70137920 211676096 205915072 -333958656 -286880256 125792096 -23324696 -340838912 -128909632 571465728 -155463360 379877888 -641891328 267480768 -109466880 -100149280 -434402048 -186552896 -219175808 31123360 24527832 19114496 -148941440 219946752 
