16 16
20314840 131426688 11579264 -75344544 32166848 -194371520 7643072 83197760 161924992 252331008 164239616 119698688 110951168 76006080 111333920 131714784 
-159404416 62268528 -58861856 -35888256 355396864 -271462656 84221888 368218368 254763392 29738192 5708244 28987472 -196590208 -33108416 -207912192 90360960 
-164463168 -35828864 -224440512 -34657232 84386432 -103140224 213842048 331371008 107174080 -72616288 29594992 2967608 -96937792 -38734656 -281167360 -190825920 
-273090816 -131467904 58566288 -101890144 59708576 34108816 -150735104 219568128 168286592 76976448 201651200 -34205328 -72312160 15048466 -110498880 30845296 
-158487296 -150036352 140873728 -1821416 -135876224 127343104 -2479560 -207710080 -135971648 2632248 -85409088 -100491648 179314304 -43711552 -104636096 -92643104 
-53391008 -21557616 443456256 54608928 11615902 -185426944 -222459072 61831056 -74134528 41771488 23778392 133070560 43709520 -132135936 -4288200 128905152 
-126365824 -61116640 -165097024 120280416 -19728232 9843192 50834976 -168684544 118044928 82545152 24473072 130717920 46477344 339248640 -23608096 99059744 
15937244 24217360 29410464 -171022144 -54189456 246964032 -101774912 -176692608 -37296976 7497440 11888964 -165071552 204545408 -139990848 14924642 -474451.5 
-119062048 55759136 45952784 -167543168 213796992 -22650344 52248960 28831632 -30806232 -71926016 -149842944 -56459216 9250426 -143132352 -141512576 47443440 
48239440 -85817408 -145975296 71204896 -174402752 29265048 -51962944 -52837504 58187552 122245376 46364288 43476512 -22620184 145901760 -44989984 -265924992 
-10609294 -19887808 66422288 -206489408 -75153568 115118624 -94022304 -276859648 -26085104 21085672 -98949696 -251549568 79329216 -281248256 -64650896 -134904064 
16032808 -135642560 -97301728 25900088 -143914816 28120024 -48827280 209701696 107945504 44744368 181188864 -133834336 -43172768 16810024 -193446272 -237205888 
-48326368 -111818688 -29570736 -141387520 122584448 142046272 -77678912 147669632 -97959104 -101207232 -53184896 -149864000 -209178560 -72314496 -8886816 -159306944 
183789824 267437312 105713024 -81632288 9723876 -144955904 100356416 -89740128 32851264 -61594752 6547160 125251584 41041440 182137728 76964416 317505792 
311833856 20299568 -188004224 74964000 44336608 -150329216 99241920 -228436288 -133100096 32790976 -76482624 150281088 192240128 46185008 180222976 17592272 
100753600 53494304 78578496 60011088 106384128 13497928 50030528 -43300496 2218784 -13450312 -125884224 -63079840 -131103296 231909440 38655904 178320128 
