10 10
0.6445939540863 0.97497778013349 -1.5405383184552 1.2370366230607 0.059984317049384 0.56861334294081 0.093626249581575 0.72479435801506 -1.8924736380577 1.0741398259997 
-1.7738778442144 0.25594881549478 2.1695960760117 -0.69416401535273 0.3051488045603 -0.53615284711123 -0.56104707717896 -0.59724558889866 0.70438928902149 0.24489883519709 
-0.53676256537437 0.84945675730705 0.32422221824527 -0.39217974618077 -0.48384194634855 -1.3180346041918 -0.30631869658828 0.46196952462196 -0.40708795562387 -0.66749972477555 
0.47829158604145 1.1829252317548 -1.3678629547358 -0.58592764288187 -0.84119917452335 -1.1573997065425 1.0520803779364 0.14859289582819 0.7701558843255 1.4811009243131 
0.63909905403852 -0.78044452518225 1.2359407618642 -0.066002059727907 0.50806413218379 1.0088505223393 0.933239325881 0.0293301907368 0.083563246764243 0.40269430726767 
0.22920732293278 -0.79217261821032 1.7521313279867 -0.62296583876014 0.75276543945074 0.2716726437211 1.5292849615216 -1.6395095735788 0.93139891326427 1.9010870605707 
-1.3108749836683 -0.57914714515209 0.13519469462335 -1.4892096593976 -0.095366168767214 -0.35395935364068 0.57000262662768 -1.9175993949175 -0.86539183929563 0.5199272595346 
-0.54876736551523 1.2543396130204 -0.10539776831865 -0.13932671956718 1.247121989727 0.06008159276098 2.209331586957 -0.34350427985191 0.013603894039989 0.82131455466151 
-2.033643424511 -0.072891066782176 1.2035879939795 0.19841023907065 0.73752782121301 0.59285509213805 -0.76229378953576 1.0466522797942 -0.35017209127545 -2.1873603463173 
-0.21867883019149 1.6152438372374 -1.8073842078447 1.7435442730784 -0.89200687035918 -0.67423707991838 -0.7848064750433 0.30997463315725 -1.3517521768808 0.94597234204412 
