16 16
719029.125 619774.9375 628425.375 -470938.03125 -930345 171257.21875 182318.015625 1625435.25 -1730209.75 716227.375 -822262.75 885888.8125 -134141.953125 924900.125 -1292036.75 1594104.5 
-1192654 793367 355559.09375 356628.375 -2502828.5 -1831944.5 642683.625 -1131682.75 2690326 1512342 683836.8125 316211.875 -619320.6875 1012318 1222852 1545876.5 
-50986.3125 41192.15625 1690426.5 -287697.25 -1654831 -372844.9375 1334608.25 -441629 -805172.25 -64652.791015625 -1399932.25 2677365.5 46266.09375 -851540.375 318297.90625 -732870.3125 
-294453.3125 -1136411.5 -544022.1875 -2822714.5 924880.8125 -9582.8002929688 559491.25 187536.890625 -15586.234375 769395.1875 -559616 1047812.1875 1607697.75 1517242.25 953993.5 -2352385.5 
480922.84375 859088.5 -467623.46875 2734399 -814811.375 1234650 -1609588.25 1232766 -488761.125 -753794.625 -307841.375 359499.1875 1145542.5 -2607506 1321414.25 135503.59375 
-2423188 10928.1875 1312696 371397.40625 -1469060 152507.359375 710598.6875 1785076.5 -1304194.5 985669.625 -2362818 2107031 833250.625 -1454993 146877.109375 857609.4375 
2078840.25 134167.53125 1312604 1247737.75 1746309.25 225464.59375 1045420 -470079.375 179311.859375 -1570140.75 1931894.25 -1311807.75 -419242.71875 866053.8125 -208964.5 -387133.1875 
2927128.5 -1164830 542583.8125 212416.3125 1373758.75 1709414.25 1991353.75 83706.9375 -384105.15625 -462415.625 1202353.75 507451.0625 -877511.3125 1285856.75 -415861.25 -951397.625 
-1340481 91924.71875 124120.84375 1435960.5 1399929.25 -1915898.25 -1039845.375 952812.25 1623447 645291.125 294681 -4550014 -630538.25 -718928 -2210710.5 1552742 
-353132.125 1649916.75 2587132 1544078.5 -1573294 1877693.75 454502.375 465826.71875 -1039262.5625 -183500.359375 868901.1875 1529442.5 -354011.96875 -229085 29228.875 -317403.84375 
-74713.0625 -1689707 1387856.5 -431732 776780.5 -297198.375 2238603.5 -1096951 -1653684.25 -173128.1875 -1549225.5 1528673.75 171164.4375 484956.8125 -998090.6875 2571895.5 
2522163 -249130.9375 701807.625 1108764 -2117415 2804833.5 590156.25 -47705.65625 -1288794.5 1884776.25 265097.90625 2397436 -731936.4375 -520329.75 361887.59375 2313196.5 
969185.75 -2637992 -1701842.5 573201 -873009.5 -732283.6875 -466526.3125 -1436111.5 1125685 424488.28125 -1277380.25 499685.75 3619638.5 -2100305.5 2098319.5 -267017.375 
1803884.25 -1107528 969536.0625 1559055 -1045657.3125 2552572 176765.890625 -398352.5625 -2368724 1102367.5 -183727.25 1614238.75 597179.3125 1032850.5625 -272092.03125 1044760 
-209498.625 916174.6875 2662970.5 2513907.5 2087693.75 -221325.234375 1444585.25 2116321.5 -24356.1171875 -1264984 -1049552.25 -1423781.75 -2328587 1311143.75 -2371316.5 -267049.40625 
-2468566 -406958.8125 148192.1875 1268231.25 470317.125 -628281.0625 -868090.125 -789922.625 -283658.4375 -1432398.5 -2365541.5 181010.625 -826069.625 -683110.125 -1163286.25 -696435.375 
