16 16
0.79432847723365 -0.55475267022848 -1.1651775464416 0.42957627773285 2.3032584786415 -1.1328779459 0.30820107460022 1.5300909504294 -0.18575464934111 1.5027658492327 -2.4685744345188 -1.4708399698138 0.29996865615249 -0.36357573233545 0.12459779530764 2.5221968889236 
-1.4236787632108 0.32397629506886 -0.18017586320639 1.0025643408298 2.0047001242638 -0.66337265819311 -1.5639904141426 0.20989755634218 -1.6515488177538 2.3910456746817 1.5081154853106 -0.32761806808412 1.6467897444963 1.1555132716894 -1.3404795080423 0.4383360594511 
0.22475541941822 0.12099970132113 -1.5773676112294 -1.7925222143531 1.268846988678 0.32661453634501 -2.5819226950407 -0.21458930708468 0.046066515147686 -0.20148549601436 -0.5631755143404 0.95592667907476 1.8843179047108 -1.6127408221364 -0.10788890719414 -2.3407020866871 
-1.3704859316349 -0.84515922516584 -1.1260992437601 0.051238186657429 0.70822602882981 -0.68645046651363 -0.84090421721339 0.019450979772955 -0.66990424692631 1.7344881370664 0.36350915580988 0.25099778547883 -0.093920792452991 0.65124894678593 0.89106265082955 -0.089373985305429 
0.8893078789115 -0.1530275978148 1.0015849545598 -0.011094042100012 -1.6610195934772 -1.8068712949753 1.6486366838217 -2.1186772882938 1.0187534987926 -2.8619426637888 0.73072324320674 3.7302982360125 -1.7190137729049 0.2426717961207 0.44620726257563 1.3048426136374 
-1.4410073459148 0.23490547947586 -1.2928761094809 1.9004865065217 -0.14467998966575 -0.60661268234253 -2.2474184036255 -1.2816846296191 0.32398966141045 1.788908071816 0.30318807810545 -0.73442567512393 0.90403477102518 1.098151601851 0.066580126062036 -0.48434684984386 
-0.83222258836031 1.8804616257548 0.70092843472958 1.9642177894711 -0.58492343872786 2.5084570795298 -1.4236848577857 0.38391177728772 0.10349911171943 -1.0294483304024 -1.2323655486107 1.9194496199489 0.22914059087634 0.68394605442882 -1.7307699769735 -2.683928668499 
-1.90101429075 -0.93623069673777 0.24398878030479 -1.4043757095933 -2.7406991124153 0.73957240208983 -0.041699957102537 -1.0535179972649 1.8330973535776 -0.44048706814647 0.28866684436798 0.098375991918147 -2.1349614113569 -0.15119895432144 1.2442643195391 -2.0478150844574 
-1.0739175751805 1.9686402976513 -0.98069597780704 1.596964776516 0.0095313526690006 -1.1075616031885 -0.5653428286314 -1.0992746502161 1.5019573420286 -1.7491074055433 -1.3243165314198 1.8311583101749 -0.69588152691722 2.313362121582 -0.43260821141303 -1.2356268167496 
0.71533572673798 -1.5818988606334 -1.1146728768945 -0.77250017598271 -0.537792455405 -2.0907790660858 0.58209072053432 -1.4606538936496 -0.035151879303157 -0.88981673493981 0.81500034034252 0.56497498229146 -0.96586445719004 -0.41911978274584 1.4640657678246 0.48035025969148 
1.4656397402287 -0.78670069202781 -0.85630811005831 0.78208327293396 1.1236381679773 -1.5720362812281 -0.43103068321943 -0.3832527436316 -0.88292202726007 2.1136540770531 1.517946138978 -0.042495664209127 0.43949031457305 -1.4418235197663 -0.83502591401339 0.95343433693051 
-1.6640059649944 -1.1353088691831 -1.0760283991694 -1.4096067249775 -1.1011799424887 -0.96094032377005 -0.81039062142372 -1.3110286071897 0.99961367249489 -0.71004901826382 -0.48820167221129 -0.75196431204677 0.051172934472561 0.47999091818929 -0.38410949334502 0.76111535355449 
-0.18703122995794 -0.8857304006815 1.2030444070697 -0.78755896165967 -1.6955393180251 1.007869489491 1.5550721660256 -1.1847171410918 0.43863500840962 -1.6104632690549 -0.43313592299819 0.63126957044005 -1.3302787840366 0.2947599478066 2.054917216301 -0.92847850546241 
0.33758157677948 -0.68790382519364 0.35753002390265 -0.19888996519148 0.3485789783299 1.8675901964307 -1.6701086908579 0.50514698401093 -2.7411668896675 0.78589012473822 0.30059165880084 -1.4670804068446 2.7911364138126 1.7165066003799 -0.85590906441212 -2.4948181658983 
-2.1642969846725 -0.89965968579054 -0.18435707129538 0.092739604413509 -1.7133485674858 2.5928465723991 -0.57523303106427 -0.23552937991917 0.55335457250476 0.4435222260654 -1.5451511889696 -1.58039945364 -0.74146423488855 0.47090132907033 0.46852070838213 -3.2072733044624 
0.82217078655958 0.066964246332645 1.5472361445427 -2.2762263566256 -0.13010568916798 2.1805956661701 0.55912844091654 0.76540793478489 -1.0142442807555 -1.0376374572515 0.70423016697168 -1.1600590273738 0.64546350762248 0.1023014029488 -0.84476093947887 -1.6333088651299 
