16 16
1.3555480614305 -2.2569598257542 2.1579196155071 1.6203839704394 0.64009139686823 -2.0128781348467 1.5176994353533 -1.5162767097354 -0.70042475685477 -1.2784272357821 -0.50001296028495 -0.02846061065793 1.4546290785074 -1.6308017000556 -0.096717580221593 -2.1074415743351 
0.89316036179662 -0.62839251756668 0.5460559129715 0.38136855885386 -0.75680093467236 0.74124789983034 2.4494210332632 0.72493214160204 2.3491405248642 -0.1593850851059 0.38293771073222 -1.3904745727777 0.080902602523565 0.84397082775831 -0.42503494024277 -0.67077928036451 
-1.9103501737118 -0.77542513608932 -1.5569401457906 2.1237240433693 -1.6457712650299 1.2623602151871 -0.16386148519814 1.7419027537107 -1.363240994513 -2.6020605862141 1.5044654980302 -0.85635770484805 2.3995614051819 -0.27416644431651 2.9247744977474 2.2621409296989 
0.88357792794704 -0.7265709862113 0.85890631377697 -0.05753443017602 2.2187819331884 -0.36599742807448 0.15910520777106 -0.42502988129854 -1.2797360941768 1.1449071615934 -0.1181506421417 0.47565518692136 -0.38710658252239 0.78293584287167 0.85682678595185 -0.11178896157071 
-0.33362867310643 -1.5306889563799 -0.41003236174583 -0.26365280151367 -0.17461885139346 0.67629298567772 -0.12001173198223 -0.29097848385572 0.79160274192691 -0.65620648488402 -1.7766683995724 -1.7907706424594 -0.1637922860682 -1.0432438477874 -0.81141931563616 -0.71458531916142 
2.3454526364803 -1.3804710507393 2.9923130571842 -3.8405141085386 0.059164725244045 -1.0704089999199 -1.5538519173861 -2.2238000780344 -1.1212742552161 1.5105640739202 -2.5101447403431 -0.48960044793785 -0.83049701154232 -2.3961315751076 -2.4692971408367 -1.6221234276891 
-1.5434059351683 0.51293335855007 -0.97127645090222 0.24594057351351 0.24273505061865 0.98995611071587 2.34000608325 0.70172083750367 0.25552057102323 -0.95766631886363 2.4022043645382 0.90298750624061 1.1215197369456 0.14491671696305 2.6454032659531 1.3543650135398 
0.48908042162657 0.58979795873165 0.82770258933306 0.12088415678591 0.16238350607455 0.12546916306019 0.155563024804 0.28262961283326 -0.40632868371904 1.0306260436773 0.0270587047562 0.46793700568378 -0.59204923734069 0.86093855276704 0.67715907096863 -0.35320707224309 
0.62657739967108 0.19896792992949 -1.8813498094678 -0.59419534727931 0.28812344372272 -0.63570193573833 0.71961868926883 -1.8632101565599 0.26309948787093 2.0950364470482 -0.53771800175309 1.8314778879285 -1.0460503399372 -1.9168187975883 0.50040954351425 -1.5218463614583 
2.3699451088905 1.1836846470833 0.44825924932957 -1.9470427110791 0.85447224602103 1.184930793941 1.3136751502752 -1.4311183765531 -0.6412461027503 0.75765705481172 1.5013086572289 -0.65481587871909 -1.0925566107035 0.077282142825425 -1.0419634655118 1.76110483706 
1.5186507329345 -0.45193941146135 -0.20792751573026 -1.7148900777102 0.65896266698837 -1.6495417430997 -0.59755866229534 -3.0838312357664 -3.6839790791273 2.2309785038233 -0.11966470442712 1.2254986017942 -0.38483235239983 -3.3172137290239 0.73635388538241 -0.67821446061134 
-1.9467934370041 -0.81673930585384 -0.4075067024678 1.1458249092102 -2.3155492842197 1.4562152922153 -1.3146098554134 2.7361791431904 3.189943343401 -1.6597587317228 -2.3737683445215 -1.0197271108627 -0.23002776689827 0.89978323876858 0.4298559371382 -0.28426588140428 
-0.65802098065615 -1.163903363049 -0.42857340350747 0.75398636236787 0.31388379633427 0.21943576075137 1.3220029845834 0.13970097526908 -1.4660117328167 -0.99660532549024 1.3603836894035 0.44271736219525 2.1893185824156 -1.2225595638156 2.2966840416193 0.39328559301794 
1.1849394589663 1.8490723967552 1.0104932114482 -1.7234586775303 0.97648836672306 -1.6155321896076 0.82958679646254 -1.9768869951367 -0.37615386024117 -1.1450859829783 0.30366057902575 1.3389539197087 1.2968027591705 0.15399507526308 0.17684558965266 1.0449341833591 
-2.0394202917814 0.4244319293648 -2.099080607295 1.9837744235992 0.62542338296771 2.1104814857244 0.42915158346295 1.3538284748793 2.1114634126425 -0.50838930532336 -0.60801376029849 -1.0467505902052 -1.096444234252 1.3071529865265 1.1024040654302 -0.7149071097374 
-0.69952313601971 0.24932364095002 0.76110306382179 1.0134648755193 0.34017470665276 -0.10110133513808 1.8797036483884 0.50814269483089 -1.4705213755369 -2.2868808954954 2.361635401845 0.085589680820704 1.7231834605336 -1.6763358861208 2.3204933851957 1.3438077941537 
