10 10
1055.9883422852 -18705.1171875 -9043.7177734375 7609.916015625 -7555.552734375 -21988.02734375 4427.8901367188 -10232.0859375 3605.8670654297 3099.6765136719 
2265.9805908203 -8804.634765625 -3139.4584350586 -7587.1557617188 13922.043457031 15819.662597656 -6975.4372558594 9331.9663085938 16682.220703125 6247.8876953125 
-3880.0614013672 10426.576660156 -3465.6190185547 17339.862304688 -3354.8472290039 -7828.787109375 -29.33219909668 -7137.8234863281 -10397.296875 -9515.5166015625 
15751.371582031 14849.116699219 23866.27734375 553.49841308594 841.31527709961 -3423.8690795898 -4888.8464355469 -11868.329589844 -6302.1574707031 -340.86936950684 
23613.983398438 27828.092773438 26955.345703125 -11412.357421875 -4792.6791992188 -133.56812095642 11416.29296875 5235.5417480469 -26204.490234375 16103.82421875 
-11454.153808594 1893.1428833008 -2702.3129272461 -12111.462402344 -4838.4819335938 -5446.9750976562 -17767.935546875 6339.0666503906 22275.55078125 -2106.7294921875 
7616.84765625 10226.864746094 -827.02325439453 4919.9536132812 5294.3510742188 7986.1193847656 -7261.0314941406 -27147.822265625 541.92504882812 3939.4748535156 
13381.168945312 -7134.8935546875 5400.9470214844 10002.067871094 12470.497558594 306.13208007812 -5305.0825195312 -2129.946472168 1055.4052734375 2625.6317749023 
5235.2062988281 -10179.045898438 3655.4725952148 6633.4165039062 2593.685546875 -10237.866210938 1065.2723083496 24413.880859375 7330.7602539062 5083.9284667969 
-9702.466796875 9298.9487304688 -358.77044677734 -16894.89453125 -7894.548828125 8449.9365234375 8116.0493164062 11722.420410156 1359.9351196289 -7448.1286621094 
