10 10
-192469.921875 -2255578 1830714.75 701188.8125 -2095073.25 -1131866.75 138492.75 2052204.5 1043929.0625 2554897.5 
207313 726770.375 -742464.875 -1027054.6875 1741175.25 478011.1875 -1083809.5 -1481924.5 628912 1492601.5 
322463.6875 1401542.5 -388795.3125 -674086.25 1381150.5 428889.40625 -132025.5625 -1615392 -133292.0625 614873.375 
-464576.6875 1348353.5 199560.625 -4630.990234375 -911372.3125 -839569.125 633015.6875 -1877280.5 -1173270.5 175488.8125 
187883.6875 359788.75 713365.75 954956.4375 -657928.375 -828052.625 805673.0625 33236.3125 -152694.890625 1009585.75 
-1037374.625 -923753.5625 848090.8125 1003622.9375 502847.1875 218306.1875 -954382.5 1313542.75 965664 -37572.3515625 
86135.359375 -1116514.25 505995 21905.998046875 -1611521.75 -333558.28125 57788.1875 -127236.4453125 754934.875 870510 
317093.90625 -173301.921875 1164685.25 737583.375 -1219233.75 -1913070.25 876171.8125 1333445.5 -1055163.25 -50179.86328125 
-462678.9375 -1009978.75 -934764.9375 -402038.125 -265191.71875 366632.0625 -37156.34375 2002382.25 -297744.6875 -958066.5 
1767210 945814.9375 -906285.4375 -1726857 -101930.3125 -495185.8125 1745387.75 611428.625 -1570941.25 914627.1875 
