16 16
-1131778.25 -749919.25 -465874.375 -1432261.75 -881966.8125 -523309.1875 642040.1875 938988.25 -1025489.9375 -545308.75 807995.875 -1139169 618561.125 -15899.909667969 1717630.25 246065.515625 
-916964.5625 1074587.25 -767148.1875 -2354775 795217.875 1667557.5 -3263164 13310.71875 -827324.4375 1466358.75 1053133 120607.046875 1306814.5 191333.046875 -678247.1875 -1227174.75 
-310483.5 1507533 886852 -247120.4375 236154.375 814973.3125 604127.375 977245.625 2288281.5 -300312.15625 -1457962.5 474213.125 577524.0625 184456.28125 374263.75 -2259919 
-420558.625 991500.375 -1331033 -1318333 -1041219.875 -1174802.75 2494144 175592.34375 -43997.4609375 -1606110.25 -1317396.5 887561.3125 -338853 -2766354 31196.3515625 1313525.5 
234671.1875 -1311012.75 -335214.46875 1942457 -1005754.375 724500.25 -1425412 1302342.75 869240.25 651542 -280376.6875 -1211456.25 -1278040.75 -758800.75 -2131553.5 855106.8125 
-2912444 1264495.5 308438.375 -124271.34375 2702533 535276.6875 -13354.78125 -894542.25 1026459.6875 1472395.25 -622347.5 2811336 712238.5625 -1841217.25 107722.4609375 1483283.5 
-1675872.5 995877.5 -1758479 -191452.25 1973750 -822013.75 -971233.8125 -473246 1157167.25 1049174 -312100.75 971387.5 871881.625 -737328.125 59306.203125 1013535.75 
905777.5625 1205934.25 2278848 1124903.75 60661.5546875 2501949 -611589.75 771348.625 599986.1875 396690.90625 482335.59375 -1046540 257867.390625 3716211.5 246326.09375 -925078.875 
-2712467 -211355.578125 -985309 -326374.375 1381670.5 -1220713.25 -459283.4375 1123035.25 2266122.5 884114.1875 -220169.703125 870005.3125 -431106 308233.875 -234061.75 -1014632.5 
539486.0625 780327.25 -184242.1875 -72868.9375 1124036.75 831833.3125 -39410.375 -1239936.25 881657.25 646773.625 1784683.5 -504513.90625 2345717 -1275225.75 979320.5 1665504.5 
-764366.125 -1761906.75 515693.125 1710852 267143.1875 -247127.671875 -1909091.5 1840600.5 -193647.65625 537309.5625 -1286826.25 76936.578125 -1311801 356415.75 -1684857 439371.6875 
629408.6875 1049806.5 1320189.5 525789.0625 -419366.625 1425155 -1171403.25 -467181.0625 897516.0625 1543895.5 -3041709 -581182.9375 -87687.8125 266006.78125 -205674.359375 -2028528.5 
613403.3125 26645.9375 1031963.75 1324191.5 -187687.25 1434346.25 963660.9375 -460189.71875 100972.046875 1053962.75 -1866007.5 1401475.5 -2235269.5 -480916.78125 -2997301.5 -63018.25 
-347734.09375 1362045.75 -2276549.5 -127804.1875 470593.59375 -1875795.25 2530468.5 -577831 2079701 -1599446.5 -852398.8125 268730.375 2016504 -2305714 2046672.25 183771.5 
249939.40625 668436.625 2205962 -556989.625 224328.5625 -825409.625 398162.125 -874247.5625 -39268.4609375 -771561.3125 -1396405.75 1440088 712856.5 -1862052 -366300.71875 1337027.75 
-215748.625 -1203669.75 -1261163.5 272080 -220315.0625 -342411.125 -2837707 974712.9375 -607473.1875 1446050.25 -502702.9375 -552088.9375 -1745257.25 574826.375 -2439149 411168.34375 
