10 10
-5.947154045105 211.8471031189 56.253502368927 31.704001426697 9.1594049930573 70.780096054077 73.259963989258 2.9047894477844 36.838902950287 203.91722869873 
84.920866012573 -88.578971862793 -49.485825061798 134.22432899475 1.6452884674072 -9.6241717338562 90.657169342041 -147.27304458618 -15.572898864746 -146.91652870178 
-15.062712192535 106.75734615326 -8.9806976318359 -80.381035804749 20.647973537445 217.034532547 113.09659576416 -303.43253326416 -154.85439682007 39.728699207306 
-214.86487388611 -71.936915397644 146.45643615723 38.700755596161 -105.45760726929 0.23028968274593 110.46667098999 59.852709293365 65.301944732666 141.07221031189 
-125.61323451996 -73.889513969421 167.25598144531 142.64695930481 -62.62905216217 -15.922640323639 59.077326774597 -36.772430896759 66.941428184509 113.37418842316 
-108.58701324463 68.509086608887 1.1294350624084 -49.742285251617 -12.170310497284 -16.167305231094 100.41275405884 124.3313999176 -13.6238322258 116.85549926758 
13.384717941284 3.7123341560364 -86.623580932617 -59.796876907349 -114.55913352966 -120.07109165192 33.025339603424 -109.46122455597 5.7822940349579 -13.15287989378 
-101.84437465668 -86.376537322998 105.50900936127 136.19230270386 -195.62167930603 -216.75162315369 70.48862361908 111.36723232269 179.91757011414 136.20977401733 
154.16688537598 197.48411560059 -17.943597316742 3.7198483943939 -82.449432373047 54.19953250885 8.9766159057617 -160.61274528503 17.503658771515 51.910128116608 
207.8568687439 68.822267532349 -41.968699932098 115.46317672729 -9.0539112687111 14.896269798279 -11.71307015419 -230.13907623291 42.535943508148 -69.409658432007 
