16 16
10880.607421875 19456.075195312 -1927.792175293 14278.857421875 15350.20703125 16239.454101562 17423.901367188 -2924.9173583984 -4579.7595214844 -2571.0404052734 -4592.76953125 18984.154296875 19937.232421875 4780.41015625 8228.2841796875 -1618.433013916 
25199.318359375 10501.419433594 -27067.888671875 -13360.25390625 31245.143554688 8879.611328125 -5377.8615722656 7235.0620117188 5875.24609375 -183.24450683594 4281.9892578125 -11344.862792969 6150.74609375 18681.001953125 3044.4957275391 -5552.1518554688 
-12261.17578125 -7794.9482421875 25786.793945312 5434.2124023438 -7276.2243652344 2719.1193847656 23467.631835938 11039.572265625 7869.5456542969 5313.9167480469 -29349.951171875 -694.01042175293 -17058.725585938 -20132.841796875 1579.1141357422 684.26672363281 
-7815.3891601562 5916.7287597656 9558.9189453125 26922.892578125 -8453.0078125 11793.955566406 6190.9709472656 -213.59248352051 -46.09833240509 1208.1874389648 6089.7299804688 10958.696777344 8570.8129882812 -6171.1140136719 -15014.551757812 -153.12707519531 
-3877.4075317383 12225.157714844 -13412.232421875 -12164.830566406 5266.7893066406 298.18316650391 -5058.4787597656 5930.8520507812 16858.733398438 4033.7741088867 14827.504394531 -5296.0573730469 1798.6616821289 2986.3112792969 -1842.9163818359 3680.4580078125 
13732.366210938 25784.174804688 -9467.0830078125 -24285.001953125 12684.138671875 2299.2918701172 259.73406982422 29884.518554688 -14625.685546875 6780.90625 -28288.6484375 2214.6978149414 2944.2645874023 1698.5515136719 21401.55078125 -4422.8254394531 
-18115.647460938 -13950.885253906 27662.244140625 23323.663085938 6189.2768554688 2428.0317382812 5789.1860351562 -6786.7866210938 -2087.8080444336 -18847.372070312 -31215.87890625 -6610.0307617188 -35724.177734375 -18772.299804688 -5210.1882324219 26415.6171875 
-20.97216796875 -3527.001159668 10433.308105469 554.48284912109 -6261.1459960938 19776.442382812 3377.0724487305 -17972.55078125 -21845.834960938 -9115.0966796875 -386.90551757812 7691.0791015625 29422.528320312 -4397.1240234375 5320.8173828125 -3389.3491210938 
-23232.8515625 715.32171630859 15917.536621094 12847.849609375 -22688.598632812 6029.6196289062 14156.477539062 -11553.047363281 6557.4150390625 -126.61743164062 2327.2387695312 12460.953125 19344.31640625 7198.25 7603.9033203125 -10429.041992188 
9357.12890625 2429.3388061523 -12985.696289062 -6242.7395019531 18333.39453125 7055.1860351562 4805.6340332031 26345.544921875 -13493.550292969 7256.6865234375 -7872.0698242188 -24536.500976562 -11483.71484375 21481.17578125 1569.1312561035 10774.956054688 
2186.7010498047 -10036.907714844 8074.45703125 -3377.3961181641 -4606.4067382812 -10003.952148438 -12521.026367188 -17490.157226562 -7470.9204101562 -28870.630859375 5867.4077148438 -4643.1049804688 -6682.72265625 -1668.311706543 -22272.37109375 11702.308105469 
-2384.1623535156 12545.21484375 -4216.0471191406 3985.0395507812 14739.4765625 2955.9625244141 15355.069824219 29193.461914062 18382.034179688 19482.521484375 18362.37890625 -24576.272460938 -8259.7475585938 13829.576660156 20089.961914062 -21552.276367188 
-6937.8452148438 3921.5562744141 400.28479003906 -16700.043945312 -16413.434570312 1792.9418945312 -13687.990234375 -21087.297851562 -3331.2098999023 -17590.364257812 20724.923828125 -11407.890625 10097.599121094 -17289.4921875 -8047.4858398438 10494.737792969 
-958.04382324219 -35307.41796875 12530.235351562 38037.193359375 2499.7734375 -21102.780273438 3978.4085693359 -18716.202148438 -1475.0093994141 -6979.794921875 -14928.6484375 18583.234375 -29529.276367188 11420.45703125 -22916.569335938 18186.15625 
-777.61338806152 -9883.9184570312 4274.4641113281 8105.32421875 8943.2260742188 6967.2834472656 -11088.19140625 7130.2038574219 -9342.9716796875 8574.24609375 -5479.7126464844 -7833.6452636719 -6642.5114746094 7176.2509765625 -5220.5390625 6186.810546875 
9413.0322265625 -553.84872436523 -10206.685058594 -12229.502929688 -1358.5805664062 -14787.552734375 -394.05335998535 -7667.8090820312 14832.321777344 -8293.78125 5358.7297363281 24283.009765625 -620.97482299805 6407.7255859375 -6071.2121582031 -14331.729003906 
