64 64
1811167.5 1263142 -575488.9375 726467.0625 -3313021.5 4397654 1456590.25 2396333.5 -806734.875 4933396 1660233.75 3083700 -404002.25 967250.3125 -1363686.75 -4568584 -2629020 -902366.625 1693577.5 2895340 2912533.5 3065453 -5993141 -2850245 -5742977 800530.4375 356403.625 -1789656.25 -3526633.5 -74858.90625 -27387.056640625 1471338 -1038690 2143719 277986.4375 -955055.125 -1824871.25 2269182 1816834.25 -4078323.5 -483012 1364188.25 -1510035.75 208944.75 2452006 -1759695.5 -1022892.3125 -1701910.75 1259295.5 -766193.125 5013712 1591241.25 1214282.75 1793482.5 -549010.25 4453074 1489793.75 1143187.75 1528638.25 2307640.5 3302037.5 -1512549.25 510469.125 2164698.5 
-1668260 2010654 -3099583 1530747.5 222616.625 2146830 -2431792 3863132 887613.9375 2844184.5 -1636035.75 -147801.125 4332419 -1864977 -1610338 1503660.75 1146022.75 -4270245 2699917.5 842799 -597824.0625 -2256676 -1020212.125 1591426.5 -2247590 3234973 284799.40625 -5118724 -3312544 -261734.015625 -1873044 2343874.5 -2607555 455495.6875 1965228.25 1431227.25 2505122 1161162 -1481356.75 4165792 -318088.125 2197264.5 2851313 2719147 -2195897 -2787389 -416874 2965349 3672999 1195198.25 2853739 4663743 -5181285 4439684 2795470 245520.375 -1646045.5 4862156 -2260802.5 -1108501.5 5951523 3099013.5 -2253901.5 1488466.5 
-2992577.5 -1739331.5 -1022838.75 -3599828 2883839.5 -443564.65625 -2053954.25 302663.4375 3775127.5 -852151.125 -2868981.5 -5315512 817231.625 1468579.5 -4021200 -1308415.5 5134083 1863548.25 -3883303.5 864129.125 4187622 4642901 660607.625 3850075 -1097828.25 2383172.5 -3194724.5 315559.96875 3668059.5 -3632626 1235953.75 1237469 -932097.0625 1326138 732025.75 1027851.5 -1787198.25 873312.6875 -1696214.75 1975857.75 4124583 5801.486328125 -1052564 -639140.625 473728.40625 -3767401 -1784167.5 -1582317 -2552738 6555534 -2004166.5 2335016.5 -1224887 -2869864 640075.1875 2844406 451742.6875 1110223.75 646204.0625 -1819045.75 -3784881 2312930.5 660530.875 801596.625 
2448060 -2583175.5 1272427.5 -1211533.25 6128749 6255073 414214.84375 -1312878.5 -4544589 -2511782 165794.375 -3760148.5 3933297 1009655.125 -2268107.5 -1778034.25 3834157.5 2207602 -1721126.75 1082851.25 -386871.375 -1405269 5537272 -2339403.5 4482758 -1837340.25 1622910 2469379.5 943047.25 -1699263.25 3011901 -2654132.5 -183552.1875 3588995 -3305216.5 2457220 -4295118 1190938.25 1882327.25 1444393.5 5997377 -112403.125 -2640698 -1874041.5 -221356.28125 551647.3125 -3644116 -3527057 -1619189.5 4845083 -5247903 2415 898901.375 -2986661 -4963055 3994696 -3925162 1054895.75 -2141.3125 -3142359.5 -5040504 -3438695 1704072.75 1231184 
5054138 -2814368 2494404.5 -1564629.5 2374980 -1478617.5 -1133170.25 -1711423.25 1241189.25 -2133177 1284859 2035960 379412.875 -2715117 -5414142 625558.75 -2551460.5 -2425811 3585141 -408639.28125 -4703517 -1514633.25 -2097679.5 -335609.9375 3344453.5 6002298 -554229.0625 -385790.8125 430334.0625 4515600 2222867.5 1511930.5 -2269776 -630361.5 2300627.5 -1689159 3792685.5 -1365122.75 3119272 -2576697.5 241341.1875 -7186323 1072357.75 4342004 371398.15625 -2684366 3655284.5 3298168.5 2467602 -1835276.5 3166480.5 -3375567.5 -1894590.25 1689070 -2885529 682872.25 2403509 -901408.5625 2412175.5 940617.9375 536856.375 -2421596 3246874 -1060649.5 
1840682.25 47474.8125 3594214 2474713 877285.125 1352403 -2267518 -6338165 -965555.25 -644576.5 -912102.875 -3143190.5 -1316272.75 139342.0625 -1313336.25 -69335.328125 742073.8125 -6045251 -3323412.5 -4446496 -3832353 1414982.75 1887635.75 557979.375 1966151.5 3154734.5 -1132086 1565947 469234.1875 -4012152.5 347588.09375 2176227.5 3044682 3502836.5 90658.4375 -637846.4375 -805545.8125 1645675.25 4681140 -2011961.75 -3650840 -247776.234375 1873270.25 666288 -2594174 3723901 941387.5 -331275.5 -4515124 -214260.125 1574081.5 2458513 -1252822.25 -149829.53125 -6145730 -1862504 -825851.125 -754429.625 -327399.09375 212816.375 -4656048 2553777 2144483.5 -5582014 
-1639725.25 49210.9609375 124557.046875 3788226.5 -1328976 2418263.5 -2482359.5 -1953805.5 1078058.5 -1395061.5 2085770.75 -873101.9375 2769034 -1457595.75 -3344992 1184524.75 2217158.5 -2229148.5 -1001221 1306858.75 675203.875 -514724 3628995.5 -2779363 6314168 2515090 -1104757.5 3755615 4153304 4627360 -1844156.25 3796673 3371759 4242598 -1165867 155853.9375 119938.9375 1574883.25 -1118545.25 -2859763 -1417511.75 2417731 -1121902.25 2241107.5 -949435.375 2849832 284828.25 842849.875 -938654.75 -2129906 3004133.5 3147924 -3487174.5 1175284.25 1506524.25 -4812247 2786016.5 -1911023.75 -535111.6875 1930119.5 -4258881 -1567886.5 -2163282.5 -3750344 
-2750357 -1398375.25 3973822.5 -3339623 742276.5 -59457.1328125 -2764227 1810584 782314.375 -1478963.75 -3274117.5 -106315.75 -3121872 -2990350 -3892613 2286693 778297.375 -4059747.5 3604227.5 1049414.25 352316.875 30499.845703125 -3329298 281022.5625 -6083585 1058640 834030.625 528711.625 1183349.75 502368.84375 -2426157.5 1569094.75 2104646.5 3069599.5 -2203690.5 3021814 -971275.125 54848.634765625 1938902.25 1424709.25 -2514091 -637643.8125 -915573.6875 1532156 -517845.25 -2473782 817238.0625 49334.265625 -975109.25 -1410156.75 167721.5 4934455 -3757851.5 1202392.5 -1631576.75 -1227606.75 -1236137.5 -4333439 1845542.75 -3033570.5 -152671.90625 4151925.5 173920.078125 -1457498.25 
337478.9375 -4418267 -1378368.5 -1775933 984370.9375 750222.3125 -4998208 400707.0625 2535469.5 267576.03125 -778495.4375 3036732 3136580 -4889157 5181726 2865642 258640.1875 1856198.5 -2319442 -4093680.5 -3825922 -5156235 33363.84375 -1206307.75 2007133.75 426059.5 1725361.75 1071772.75 -844093.25 430764.8125 1945871.5 -1265818.25 -1590002.75 309848.3125 -96862.625 1718959.5 2348957 -947223.6875 3791004 3007371.5 -3940575.5 -988744.6875 639602.9375 1059648.75 -4998069 687797.5625 -4068827.5 -3923555.5 -1610209.5 -1000803.8125 -5584818 -147458.4375 871294.375 1084871 -1794622.75 -3428338 2046909.5 2238532 1241969.25 -2157560 -1208119.5 -142274.75 1586957.5 2489800.5 
-2139987 5952831 -971154.375 -2114259 1204030.5 -3259128 -16935.791015625 -1035588.6875 -3112974.5 -3629755 -1296970 168848.625 -1666414 2660784 428258.65625 958392.375 3168743 -4955080 2042568.5 1577697.5 1619133.5 -2795251 -5616500 1114875.75 -6902871 -773449.0625 2962992 3466409.5 -420390.75 -3092331 1017814.5 -346281.15625 -3108948.5 -5267935 1040195.5625 3059638.5 -1575827.5 1235684.25 1820249.25 -2400432 1321865 -171250.90625 -275826.84375 3767255.5 -600825.75 -3863253.5 779295.5 -920056.0625 1390998.25 879618.25 4231858 1763356 826807.25 3212659 1940681.5 4846074 1698978.25 -1583780 3095459.5 771237 2385786.5 2013106.75 3989323.5 -1642486 
-1884173.75 -457330.125 -579810.875 1079350.75 234214.5625 2277306.5 -2648058.5 6811709 2834318 5988974 -2648945 5530482 220266.625 1435508.25 4576623 568664.5 -4629471 1660897.25 1281818.75 -3518633 -52075.71875 2090491 -4352107 -525514.5625 375549.9375 3514131.5 999510.625 3162945 -3574802.5 207339.9375 4136407.5 808447.125 -1335320.5 -2136263.5 -675803.5625 -2180720.5 310280.09375 1553681 1476949 -842284.75 -1900044.75 4459730 1013947.3125 809240.8125 -3005093.5 -593454.625 958671.1875 2364362.5 -204422.8125 -407961.0625 -1277552.75 1977905.5 6251731 1122051 977303.4375 3589367.5 3465225 7819185 3456989.5 3653644.5 4487995 1669014.75 -276135 -169459.625 
3157183.5 316049.625 2549212 -2396995 2895242 -841278.4375 -2280394 4097303 4446281 -3382514 618995.4375 3557106 1652619.75 -44282.734375 -4021350 1217638.5 -129891.7890625 6983450 4312983 1212608.5 3390415 -2618150.5 -382815.40625 -2027822.75 546956.8125 -1279308.75 -1113976.75 -2907945.5 584007.8125 2407186 -2294667.5 -1880880.25 -659801.125 4676529 -5942085 -1914750.75 3629274 1116549.5 -2540516 651928.625 3062650 5663047 -2687869 82343.59375 1937650.25 919107.875 -4178816 775561.4375 4415746 1840971.25 1725102 -5594120 4147771.5 1687734.75 2178319 -939556.0625 -3823606.5 534961.8125 1978602 -385779.96875 -491298.1875 -2865208.5 1081220 2646938.5 
1734652.75 -3255412 3051087 -651313.9375 3077308.5 1236768.5 312797.40625 -2922006 3586772 753477.0625 -2405921 -1564247 1777511.75 -3346098 -5591739 1738121.75 -4236941 -2575749.5 -3468263 3435048.5 1973261.25 -1316213.5 3157389 -106838.53125 515906.3125 4282683 -2931307 1399631.5 -486911.9375 -810944.9375 -1243204.75 -1346599.5 1200730.25 949361.625 -810078.625 1364735.25 162649.1875 -1199819.75 964757.125 3729254.5 2074321.5 -4294541 2531405.5 1913802 720221.625 4099721 2251725.5 3991107.5 -2064092.5 3639615.5 -1795555.5 -1690707 -5949648 -2545009.5 -2466404.5 -2425784.5 166281.890625 -1535214.5 620914 -897047.75 -1958390 1325867.75 -2340147 -1774810.75 
-1727688.5 2581671.5 -2264456.5 3199624.5 -495152 -1227091.25 -5039868 653354.375 -613736.1875 -991651.9375 -1249913 5474710 2092348 615927.125 -2066579.25 1487924.5 -1792231.75 1816824.25 28924.80078125 -1740935.75 2768929 289385.125 -764142.1875 -1005038.1875 2315149 -1491234 734474.3125 1631666.75 -360027.71875 2112936 -1274680 -4474485 -5421577 -3521369 1034906.25 -1113113 -992723.375 206914.53125 -35832.8125 1431277.5 47338.8046875 2656321 3656070 -1664773.5 -1249941.25 3400269.5 2948825 1888031.5 -252882.578125 -2600946.5 3944927 -1149312.75 975008.3125 -5365029 -1135473.5 -1212367.75 398726.46875 -1468969.5 2292047 -121126.203125 1994353 1287251.75 -436707.65625 4279259 
6222342 2115797.5 -671234.875 -2008057.5 4463224 3536591 -1759708 -2251483 896703.125 -4010105.5 2704808 1770445 4146994 -3571314.5 -2523527.5 230345.375 364216.0625 2856176 -1132026.25 109852.9765625 1109798.5 -1657824 -1930880.75 -2250790.5 -6134113 -4805565 -993396.625 -4838892 -2374099.5 -1863413 -2152817 -2826656 -3274167 -3430364 1311123.75 567277.0625 3240661.5 -1342742 -362137.34375 521201.125 1282246.5 -1475832.5 -459567.875 -1273523.5 -1025456.125 -2435599 2907578.5 180120.25 89504.21875 1779541.75 -241228.4375 -3940172.5 -460723.71875 -922176.5625 -1673886.25 -1294380 -4690136 -6293250 -1131709.75 1971611.75 -436737.0625 4299562 -365432.71875 2003212.75 
2723859.5 -3685272 -1988337 -3291537 3313660.5 3362622 1194985.75 6227413 -1652659.5 -372429.9375 -673860.4375 1730181.25 156917.21875 2426244 385791.375 -585787.375 -2686794.5 -1259516.5 -151382.078125 2169279 -731615.3125 -1302763.75 536078.625 -2685369 -2381408.5 767339.625 1116732 2978180.5 -1638428.75 -4162897 2204495.5 -4442323 -4113822 -250970.28125 -954420.875 -216580.359375 -317217.75 -390726.125 -1284228.25 2708510 -313741.3125 565364.375 -5295232 902474.625 2589524 78293.9921875 -5945534 -1984167.25 1449166.75 3135226 934759.25 -4308427 3678992 -1203535.75 -976861.6875 4247516 -2123276 -1463774.75 5457067 2090826.5 3685041 -2713399.5 -16484.671875 3027894.5 
-1158894 3687442 -2081177.75 1333982.25 -2330757.5 -1460601.75 -6459842 3598541 326167.625 -3551299 -1769427.5 3377204 3405291.5 -1820540.25 3359442 2951317 -2377928 -1898184.75 1551296 -1494665.75 -1894235.25 3458070 -1117443.75 -826014.0625 -1405604.5 -1866402 2011738.5 1721216.5 -96318.953125 -71121.4375 -1276455 1283973.5 -1211261.25 -236194.5 -323902.625 -1184114.5 -465444 -5963946 -2637475 303100.21875 -4213093 -4864209 2367887 2902392.5 3940542 472049.90625 185453.25 -1413227 1158502.5 -2197459 4336289 -1638503.75 -2881947 -1974770.25 -263291.375 -4487256 -213681.03125 -6185025 1483933.5 1378049.5 670759.8125 735773.3125 2811657.5 2216971 
-394885.34375 1144269.75 -494812.03125 -407222 -609369.625 2321660.5 1659928.5 3310527 -28850.96875 1323058.75 640018.25 72692.6875 -1254298.5 -475554.875 -3101058 -3412695 -1051946.5 -2686343 -2015738 -2006927 2297078.5 3916845 189844.90625 -1220163.5 182124.3125 1698223.25 -4765031 7934571 -2020658.75 738383.625 -491095.625 485878.0625 1185394.75 5622231 1540017.75 -205929.84375 -2111941.5 -137772.421875 -425021.25 1604496 -3509361 -4500285 -4061063.5 -472687.3125 2460133.5 2242899 275052.625 2143176.5 -2300974 -225181.34375 -113599.3125 1284803.25 1226299.5 510339 -3180751.5 855953.9375 -259972.1875 -560614.3125 752423.0625 -1797496.25 751995.8125 -770487.4375 -3499356.5 -1393953 
1124655.5 927640.625 -431199.4375 3633894 2358295.5 -4195854 777904.5 1587211.5 -3101388 -280026.4375 -539849.5 582254.75 -2182160 1688461.75 -1730854.75 955707.9375 -3731906 679726.8125 2935147.5 -3989125.5 1316851 4859820 1667239.75 3650730 5348736 -266277.46875 -2781968.5 -1755103.25 -2522259 3915001 -727389.5625 3388335.5 2316691 2991875.5 1544720.75 -1758055.25 -1423750.75 -5170770 -1415812.25 3099921 -708548.625 -1492730.5 36727.837890625 2570122 2602267 4784435 3145618 -403634.40625 2528675.5 726630.625 -1697689.5 -138236.4375 2069449 28105.974609375 -3274618 -1103679.25 -7253152 -1929230.75 -1481837.75 -6601214 2017962.25 -1820494.75 -510107.78125 -2135841.5 
546495.625 -3460095 -1220322.5 -494066.96875 3129888.5 -1648033 2504121.5 5497808 2229565 -2024297.25 -1768109.25 711995.75 2022745.5 -1049833.25 2158381 -2335041 -1970539 720208.9375 3627709 4957493 -3690199 -5999037 -2178575 -1046860.125 3782153.5 4550674 6771188 -1663645.5 684386.3125 -3473210.5 -1539706.75 -482518.9375 2030162.75 6576198 -6149583 2976920 -4268312 -1575058.5 591144.875 -796980.125 4048375 2601193.5 -1653487.75 2504306 39679.15625 -550544.875 -6650600 1407483.5 5339085 -288235.625 2621881.5 -2296613 -281691.53125 2115792 1147996 321637.125 -783501.25 -1588483 -3150671.5 -530962.8125 5212961 -6815563 1953282 -1880034.5 
2533105 1969298.5 1988740 3866320 -1440553.25 -91059.625 717608.25 -2946571 -3065051 -1514004.75 1939913 2893752.5 1913492.5 -3716754 630481.75 -206778.28125 -1563185.75 1809652.25 -4620959 -2187255.5 21793.65625 -1581861.25 1421618 911347.75 -2654807.5 -4107288.5 -380774.75 -5321580 -549011.125 -1927238 -2960087 931314.375 1841071.25 2587989 1116135.5 -2613942 391394.5625 -7089362 -2295680.5 -1379543 -4625712 -1841420 -3307727 -871944.5 -493075.9375 -504464.53125 713073 1329295.75 -4004160 -3023949 -218142.59375 249687.71875 -4280082 -180926.25 2136041 -3643263.5 -1510537.5 -2641979 -3590109 3105289 -3537801 -481561.0625 -5909073 -2034557.5 
-4184652.5 373423.09375 -1561528 1489679 5063427 1338095.25 -742071 2051147.75 1914728.5 1235018.75 -4331946 -3489713 1535895.25 3092251 936208.3125 -2081365.25 572124.6875 -264909.5 1317894 -2301659.5 -259479.390625 70032.84375 -1692742.5 2887841.5 1873541 1648434.25 1924566.25 4473410 -3671468.5 668916.9375 183913.96875 287771.25 -239231.21875 2291694.5 739119.8125 1221968.75 -549796.4375 -2982031 -4698849 3259539 -1857261.75 1801997 -4519758 1874383 2276252 -190725.703125 -557982.875 -2161932 269518.9375 4920029 82489.6875 1527753.25 4851875 267461.40625 -2477830 1066387.5 1270583.25 5199903 -268943.21875 648099.1875 2121030.5 -3888826 -3078381 -3201410 
1281612.5 -6459757 -681382.625 3829053.5 6059962 -3267678.5 1974091.25 -4102613.5 1494581 244296.015625 579719.5 -3613565.5 -3016109.5 1629838 -3333735.5 -3413719.5 2261024 -1471231.75 -3959159.5 640953.5 -4269576 167980.34375 1908053.5 -2826069 4914583 -335701.3125 -3133885.5 309098.8125 2836956 -2021967.75 2061750.25 -3380961 -2689995.5 885129.25 -1972689.5 2034406 -2059649.75 2204218 5084593 812870.625 3063863.5 -2393567 2018415 1420514.25 518305.75 2656588.5 303208.71875 -942780.0625 -1188948.75 4199555 -2859058 4024125 -821299.375 -4299002 -863281.75 7304667 655886.25 615034.125 2762084.5 -2684929.5 -539041.9375 -2585269.5 3116044 -1578763.25 
-1596483 7206100 691217.875 1912351.75 -4911083 -2765196 -4241849 -1533863 -3431291 -965335.9375 -1121271.5 3701107.5 -5390562 2781877.5 -2205563 264106.5 -2352884 -2040986 -2078310.75 -2003177.75 4557278 2250458.5 -377736.3125 3360294 296939.3125 2033822.5 -6166155 -2601131 -2729396 -1078862.5 449179.03125 3500245.5 -4291834 1223267.5 5477425 -420328.6875 -3393332 3933277.5 394656.78125 1599567 -2497451 1061583.25 -131839.75 2208103 2183379.5 5340379 -1230754 -1077975.5 -1045329.375 -170240.421875 1090123.25 2738742 -1771441 -2267988.5 -391325.375 1871676.5 -2399881.5 457805.15625 1666736.75 -2638770 562859.4375 644786.5625 -206167.59375 3268548.5 
-3439477.5 -4459742 1016956.625 -1941703 252299.78125 5040532 4533389 386928.125 -3604504.5 1199926.25 3474891 -343918.5625 640928 5513365 8075894 2981821 903100.1875 1294026 -582358.875 1023207.4375 -514342.75 3243934 587854.5 -1658173 -2426371.5 -149216.78125 865839.25 2813197 1212095.5 -179866.1875 -731173.125 -3680859 1206161.25 -267187.6875 -2218125 -5886696 -2941420 -3239293 -4215729 -649006.75 -141058.4375 -231338.125 -782315.125 -2307612.5 3658095 1818859 -119066.4375 2726902.5 -2533901 -977777.625 -1005431.6875 1373248.5 4979700 -1514948.75 2189889 -839193.625 -821804.75 862029.6875 -1076050.75 5656321 1233609.25 613101.25 -4796003 2061938.75 
-3673338.5 -2933947.5 -2272883 179247.8125 3019544.5 -1469648.5 -3474069.5 -1327835 3614139.5 -2017345.5 2985394.5 1967354.25 4090300 -1928041.75 3291265.5 -883850.0625 1864495.75 -2343.78125 1815580 1970119.25 402923.8125 -721994.875 -2030694.75 -2238120 -1185093.75 -213718.484375 5599118 459151.84375 -1598314.25 -1792112.75 -6314432 410296.90625 -884807.75 2797145.5 1693461 -58916.5390625 761603.25 -2571283.5 454488.5 -2781175.5 3417039 906868.375 -1452213.5 573966.5 2673044.5 -647874.0625 -25155.40625 3245844 657618.4375 -372145.96875 2109415 1405520.75 -1901206.75 715900.125 2530884.5 -3957405 4103220.5 -1754273 760572.6875 -5056384 3580067.5 -1711100.75 -3674067 3987093.5 
-1039984.9375 -1567833 3010026.5 -688248.75 -1148017.75 -884260.625 604331.0625 3332121.5 1000889 -1470154 3219469.5 -431459.4375 -5733852 487643.625 1584470.75 82600.7734375 3032109.5 1159381 2825728 2135247.5 -1114411.25 1064243.75 -3423483.5 1544156.75 -1454536.25 -862820.3125 2819804.5 449450.34375 -4571192 2999602.5 -5012881 4091297 1388604.25 268302 -15409.40625 1923014.75 -1815402.5 -4356475 1081744 217032.625 451577.6875 1187788.5 -982663.75 3432848 -3474270.5 -3288368 -3281094.5 3681849.5 -2185390.5 2227416.5 16285.6875 -278339.65625 1027978.375 4391081 1719768.5 2349145.5 4055415.5 -430472.53125 -1998849.5 -3759501.5 -2808808.5 -3913173.5 810814 -3348996 
-218297.109375 -1410517.5 -403580.4375 -886076.625 1509872 153577.5 -6122394 1224341.25 867294.625 324388.46875 -2604962 1689491.75 79083.6875 2020291.75 7126455 1120667.25 -7016654 -49228.875 -565896.75 -1603516.75 -934793.25 1868228 520943.28125 592942.5 -1213321.5 2913798 529138.875 1312481.25 -1851926.75 -3792896 -2185060.5 -406831.5 1589287.75 -1238498.5 389829.28125 -843474.125 -1148251.25 -1001356.9375 2249829.5 2307285 2831503 -546157.875 3596029 -2345913.5 -422835.375 1752608.25 -66159.5625 665426.4375 4270263 153630.609375 255699.28125 -1394290 -4034671 -3829647 -3223280 1529258.25 -345685.625 -3367287 3158741 -364250.03125 -538964 -3087150.5 -812408.3125 -447695.75 
-479436.4375 -763542.125 805701.5 2668943 1584116 -910828.5625 -38615.375 328552.8125 -5424538 -1627608.75 -1485019 -1533491 1044741 -3714734 -3247542 1748623.5 1072266.5 -2530185 -2484185 3165493.5 -2179106 6056355 5514123 1526736 -757602.375 -2178958 778462.875 -4410138 -399496.9375 1297132.75 -2506745.5 -2764919.5 1895090 2994971.5 -1809283.5 -1151732.5 2269131 -1965925.5 589788.125 385353.40625 -3503203.5 -3387546 3619345.5 2533347 1079297.75 -205213.5625 -1463895 -3065804.5 -1621627 1857030.5 -3400913.5 6877965 -5782080 -1696295.5 -2043642.5 412449.4375 -2984692 1488677 2069157.75 -5664944 -3422025.5 3833504 -1896604.75 -2453920 
-815163.375 2088856 -1618108.5 -1686404 906615.625 1914829.5 900978.75 -2190080.5 -3612217 -1578385 -3812970.5 -2115754.5 4884805 1494324.75 -1028900.5625 2450642 1082418.25 276963.125 -2095980 -1429321.5 1102453.75 2812335 1395153.75 -436276.625 2770162 -3331100.5 -2655847 3445391 477499.125 1551620 3296571.5 90141.984375 -2944114.5 2172142.5 819971.75 -587832.4375 -3005452.5 -1711467.25 -3190338 4366575 -2266421 -3525123 -1826462.25 -3373101.5 -306395.84375 -3591330 1472811 -1842949.75 -2434778.5 -1484299.25 -392009.875 -105306.34375 -1397079.25 -2079846.75 -1249191.75 863075 -1656977.75 -976596.75 2808159.5 -2174456 3141516.5 -520118.9375 -271563.40625 -297977.71875 
-2456110 815807.5 4029820 749661.75 -852892.375 1973806 -5093279 1619715.5 2367980.5 -1016846.5625 -957051.625 1425030.75 62334.6875 82620.6875 248300.5625 4487681 -2458589.5 1011683.1875 -3621382 322475.03125 -350003.21875 745022.5625 -2094988.5 -135917.625 1504394.75 2906376 -986190.875 3115849.5 -47234.546875 5318038 -1374148.5 80590.53125 366125.3125 -2208002 -3193745 -293221.1875 -1012507.625 2732569 -974362.75 -1595108 1199402 1615794.25 3108031.5 5480.8125 1465584.25 1875448 446598.75 439711.75 -3964918.5 2321437.5 377903.8125 1999345.5 2240004 -2916354 3483321 -2037949 4438595 3540075 4105619 4168588.5 -80555.71875 2076989 1613925.5 -1369348.75 
4234855 1700948.25 -2772931 1180153.25 4552400 -825279.5625 2419676 -326169.875 -3336303.5 264853.0625 2515654.5 1613746 -258645.65625 -1580045.5 -433057.25 585284.875 1980892 -8514.65625 -1212727 173328.3125 734080.5 -1392678.5 5923855 -1314081.25 4147160.5 -3277081.5 -1277400.25 3061659.5 1446428.75 1297112.5 -395769.75 -1548761.5 -1842053 -4085067.5 -699781 -2370668.5 2999146.5 1205723.5 389656.96875 1628672.75 545258.5 -1275336.25 -6187021 -439213.28125 -2022882.5 1822804.5 3608274 479819.1875 3872516.5 2343538 -3133534.5 -2396293 1919920.75 2204322.5 -4114313 1318181 -3861288 -3094751.5 1068718 -618283.25 -1185626 -3214329.5 1550879 1369486.5 
787690 -763245.3125 2671797 -1697580 -1253243.5 4095293 -1215398.25 4502360 -3425537.5 -4678885 -742453.5 -2841210.5 -960720.5625 882841.4375 313099 -7670232 2230822.5 -653658.25 -2020506.25 -7034393 3084273.5 105373.640625 -3760656 -1478362 -3540092 435610.09375 -987912.75 -536210.4375 -4038565 -40050.78125 -204461.25 -4701677 -161599.5625 5183899 1170174.5 210877.25 -904931.375 -3178150.5 2055682.5 901004.625 -1364155.5 -5644769 -495446.5 -1072244 -1875162 2456920 -1431914.75 4559101 -2339135 4127178 1614027.25 2170771.5 -305334.5 -689439.0625 -1702418.75 2058345 590924.375 -2123022.5 -2148812 -204778.609375 -4520296 -1533887.5 -2126739 -1972358.75 
-2677905 371058.65625 -505842.5625 -3834932 5246024 -6271021 -4169368 -105795.5625 274740.875 -4546145 -436577.9375 611809 -127560.5 -2377230.5 -2364350 5344528 3148574.5 150556.9375 4618186 2896227 -355669.21875 -1927049 402462.09375 567715.3125 -505694.1875 -1988972.25 786217.3125 -2710191 667408.5 910274.5 434150.125 -389615.1875 -2536731.5 -3418586 -731973.25 2004679.25 629587.875 -2735550.5 -59279.125 1453564.75 1431536.75 3620822 1662145.75 3351531 550472.625 -2599479 217767.8125 -3139104 5356348 -1583229 -443023.875 2190370.5 -1357863 -1818723.75 311257.9375 -1353881.75 -1047962.5625 -1780201.25 4604422 -3554434 -1535411.5 -1013992.375 1775023 237066.125 
928393.3125 477293.53125 -558691.8125 -2641831.5 -2581687 207303.96875 552707.5 1864.078125 3661458.5 1059236.75 -1431740 -2111491 -2404996 -2044505.25 -1890085.25 -24198.484375 -713549 3189107 -3444784.5 -2055824.75 -952175.25 -5015277 887357.5625 5393923 145774.25 292965.1875 -1572667 6696.875 -2900401.5 -1959345.25 1595811.5 4262074 4714467 -1978963.75 -2056936.75 2817397.5 -17062.203125 6304944 1528320.75 20901.765625 1000413.375 1589631.75 -4389200 -3367870 -2222393 55152.296875 -5686579 -13910.107421875 -1621447.5 3927844 -1597925.5 -1699486.75 -3180803 384397.25 2686039.5 238557.109375 406735.3125 4287675 -544950.5 -2105602 -4820812 -972543.8125 -531584.375 -985875.125 
3331715 -1258480.75 3702141 -1272083 5309346 -903919.25 -6189531 2942190.5 2799246 -3225238 -1007171.75 567376.125 3653641.5 -4079497.5 265990.9375 3996684 4536908 5060223 1498570 2781076 385214.4375 -2110161.5 3253083 -2565210.5 2496026 -3120301 1054997 -2496624.5 -2101420 -2998707.5 520395.90625 -1662660 -2730693.5 2761922 -4932465 1520456.75 -127625.03125 -1069613 2547842.5 1183018.5 4597417 4855451 2565417.5 1037505.1875 -4452985 -2298709.5 -1822164 -497877.15625 1004354.375 3590835 -1362799.75 3124662.5 -26483 -101624.9375 332278.6875 -2117699.5 -6749467 -4474592 -1499641.5 -1434419.25 641078 -442885.625 1763814.75 -509942.5625 
-2854328 -1452436.25 -648832.5 621488.25 -3309234 532812.8125 -1125487.25 -3493440.5 330231.0625 3565305 1404917.5 2304380.5 690393.1875 -258523.75 4458814 3381319.5 -1447851 -2490157.5 3758120.5 -1429645.5 1239584.25 -2730607 -1819626 -2276297 1239367.25 846695.5 6004860 2739812 817634.3125 2281947.5 2742447.5 4202834 4908951 -4174733.5 325367.96875 4644029 -3529104.5 2276416 -1362689 -3993054 1672496 2699927 2094522.25 -4969035 -1426619.5 264612.25 -7318.80859375 -1174774.5 2395710.5 -648307.8125 4518552 -187541.875 -3553004.5 6708540 2037782.5 -4754301 485908.84375 -1413090.5 3746757.5 -396917.875 2880066 1384460.5 1593511 -3439748 
2683233.5 -985635.5 -720532.3125 -2464213.5 -2908954 2035743 5123974 2886270 -349419.625 -555900.125 2471283 743917.5625 646892.4375 -1660923 -1656683.5 -4357592 -926859.5625 253521.4375 -3533059 -1613013.25 3314370 2854720.5 3072014 3267289.5 -3384470.5 912608.5 -5526896 1466220.25 -3103507 -2764859 81628.515625 844022.125 -1322926.25 2773007 1497970 -1708623.25 -145804.484375 -669908.9375 1127396 3935637.5 -2196404 -4724336 -4541098 -2317366 224240.671875 1682043.75 226350.09375 4541782 62500.4375 1530493 -5342969 -4607543 -1621077.75 861747.375 -3038209.5 -1613251.25 -430420.375 2267765.5 -2149855.5 1932574.75 -3638326 734416.375 -4236770 4720238 
-1988343.25 2091364.5 2460504.5 135508.78125 -3102952 -1644279.75 -1341855 1204921.5 3704526.5 -795558 2029090.25 -1749527.5 2227108 -1499026.5 -3433292.5 -628975.375 1023413.875 2815486.5 -3491466 4203953 717732.25 4892380 4585734 5965584 -1248726.25 -69147.5625 -3821707 -327785.625 210627.046875 507272.875 -3721147 -443965.6875 -345082.1875 -373964.1875 578484.4375 -990738.8125 2453314 -5615841 -5185377 1159811.75 1331495.5 593465.4375 -899471.875 -1047440.75 4315300 -2831509.5 1061524.25 -2032758.75 -742377.6875 1200527.25 3451158 -4618916 -1697386.75 -4586934 4195322 -3526047.5 6197708 -2737869.5 -2272263.5 2801518.5 -3854194.5 1033089.75 -1877832.75 -1519475 
-1406711 -2521414 -1991762.5 -1203646.75 -5166303 -8049493 1576404 1303735.75 2286436 -1080939.5 -468526.78125 -3483837 -121172.6328125 1527917.75 255513.859375 -53942.265625 5645984 7489885 1333878.25 -3203452 3120927.5 498217.03125 -2192019.5 6298631 2321583.5 -3037242.5 -2693728.5 -286367.6875 -1698690.25 2690524.5 -2340760.5 1226685.5 -1327397.25 4793855 1804031.75 -1573590.75 1705.126953125 -663358.0625 3833436.5 664784.625 -266558.40625 -339579.03125 -220278.484375 765149.125 208195.9375 -656998.375 617517.4375 561216 2092431.5 -1172133.75 -340227.78125 -1261712.25 -147559.15625 2165117 385966 -4773931 -381777.8125 -3161092 -2301198 -3410829.5 8645.359375 -1001542.5625 -1936726.25 2434141 
-2036721.25 -1718805.5 1968325.75 -4430342 852448.5 6333107 -1039599.5625 -3409054 5070837 -400526.09375 -3181245 -6022254 1015472.4375 267418.4375 -2311151.5 -4000828 5007293 -4239763 -1997614.5 4688964 6734744 -2016784.5 613559.5 1027327.375 -4857924 1489038.5 -180117.734375 2875094 1179335.5 -3937297.5 369187.875 -1557947 1437836 370481.0625 -2510211.5 2747910 2646027 6123167 -4926554 5138388 867831.0625 -2351910 -1772885 -1797806 1787815 -1274360.75 4968136 -1298426.5 1318778.25 4021126 -1347922.25 3700672.5 -448183.625 -836960.0625 -641775.875 2538256 -2394966 -1745638.75 -1796229.75 3378213 -1613132.5 4151116 -1358264 1203029.75 
460591.125 221035.46875 -712492.4375 -954138.75 -2890069.5 1614406 2828556.5 -28244.25 1172734.75 -901374.25 1557906.75 -3195156 -3704629 780659.125 -4236741 1615726.25 280251.9375 615527.25 -2926606.5 -2900834.5 5577086 294902.90625 -1472111.5 4018760 -2002948 -303225.90625 -6807809 1206621.25 -2919873 2028527.5 -4077172 3922543 1751354.5 2256174 2621763.5 -1152098 851094.375 2278318.5 -512961.5625 3860448 -7197093 -19268.75 -5245096 2032783 314899.65625 3438853.5 -31854 -1380710 -1749468.75 1661157 -2649902.5 -876293.375 442873.96875 2163276 1352709.25 -1486190.75 -1275092 2205536 -4370802 894490.125 -3228641.5 2645927.5 -5557098 1654875 
-2433853.5 -2693055 1004689.3125 403497.03125 -1527758.25 -913016.0625 -2702626 2559536 2821989.5 908064 6164914 -529270.25 -346527.84375 -4762928 2280167 4964653 2556659 2811733 3871204 5333335 142528.875 -735867.6875 413385.6875 4087586.5 -264707.46875 -1559141.5 726772.625 773942.875 1997096 1364552.5 -4043640 4473732 1815659.25 -877433.4375 -2713621.5 -1862062 259441.328125 -3383500 -1769777.75 -813229.5625 4228690 993788.8125 -1076310 2810561.5 3348740 -2586331.5 -1512870.25 -4432550 5743242 485789.875 -542618.125 1486490.5 -4811525 1549613 6875164 -3237756.5 2537081 1758104.5 4407881 2000093 -4160618.5 -2105980.5 1769421.75 3540705 
1985335.5 342474.4375 2045791.5 166248.859375 810409.875 6412756 -789195.875 -32555.5625 -1366268.25 -3306325.5 3188511.5 -1962679.5 -526007.625 -5094711 -3302282 -2647047 -2485016 -5925720 -2032077.75 -2729750 -1957234 -764741.375 4823040 -909089.5 702865 -1244509.75 -1403332 -5460576 -1553382.5 -630599 -1787079.25 2739504.5 878081.5625 415511.75 -619859.4375 1505089 4148072.5 -318947.28125 -675239.4375 2435915 -3365908 -722639.5 -3165422.5 -3196191 -1328622.5 -678665.4375 -316612.9375 1599893 -1784731 2190810.5 975803.6875 452243.8125 -603202.75 -1985203.25 2106146.5 1313136 -4908189 2886505.5 -2997716 1220142.5 -365985.46875 -2121744 -601718.25 -1269462.5 
-404692.75 -2900866 412451.71875 -981000.0625 1019525.5 876498.6875 4229082 -3070383 601641.5625 -1225905 1786281 2699202.5 -1378918.75 2466821 4650029 -358583.5 -539027.5625 671994.375 1198947.25 -214502.484375 -1948902.75 5627910 2784240 -3742974 1091781 -825106.125 3537700.5 3083847 -2354930.5 2752763.5 3375108 -1039446.5 3147893 -2282566 -398664.1875 -2878755.5 -2321750.5 3802569.5 4685084 1232109.25 -464468.15625 -4573164 999221.1875 197558.59375 2132771.5 719458.9375 -664186.4375 -456246.25 3218579.5 -742754 -351660.3125 -4340106 492970.34375 -2267600 -532227.0625 772030.75 1679735 903018.6875 3761515 -1871656.25 -3624312 -3233581 743544.125 -1876033.5 
-618642.0625 5440393 -3101085 170246.03125 -801067.625 -495024.15625 -5859362 -834871.375 1347164.75 -803907.4375 -4293658 -351557.71875 167161.3125 1981622.25 2041232.5 -716425.5 -1420789.75 2042908.75 1867214 -1803854 -759387.125 -6166590 -4402585 2336857 -172386.5 2429168 4542100 -2636679 974895.9375 -843688.75 1799476.25 1419590.5 -77537.65625 -4578987 1072702.5 2483874.5 -377287.40625 4306164 -2279782.5 -2249292 4483711 2020996.75 1550724.75 -1128541.75 -426261.46875 -846481.625 -1526134 -5516199 879195.875 -935701.125 2203376.5 -896493.5 -4340603 -471963.59375 1830177.25 -1387229.5 3340264 -1897131 1640058.75 -1978553.5 1651739 -700158.75 5377224 -1908855 
-3204500 -4879441 914502.5625 -1858605.75 95038.65625 -1067652.75 2829273.5 -3563985 1329313.75 -924183.3125 588760.125 -3207031.5 3427423.5 -2680088.5 -209006.875 -1946736.5 5799232 -2104090.5 -207912.25 3687583 2602073 1040356.875 1061103.5 -1999989.25 -868156 -4973125 2259442 4738350 600754.0625 275803.1875 1150408.25 -7119695 -1249787.75 -5912751 3130237.5 2976785.5 -2878000 -86866.15625 1537478.75 3505292 2577158 -5690227 3860552.5 -2381869 1163297.25 -399177.34375 5353259 -1079190.25 2413317.5 515152.21875 -563873.375 1532504.75 -2518235 -3649341.5 -1387553.5 1422335.5 4428129 -1754070.5 3536780.5 -3495209 -533687.625 6535759 1324969 2050295.25 
3526459 2011922.25 -2212083.5 1527605.25 586329.375 3441477.5 4841176 -3651241.5 -1330692.25 2556618 3255424.5 4332122 -3058272.5 946518.5 94592.875 1038602.5 -503430.75 913236 -4472383 -3316744 6444640 -466744.9375 -1353455.5 -165100.03125 1585346 -1535656 -1567512.5 4364079 -4146922.5 -399836.5 -896805 -1047177.625 2352056 436587.3125 1711385.75 -1189060.5 51547.390625 2170503 -2739383.5 2629164 -5708858 1472244.75 -1764853 -1222333.5 -2559077.5 3855068 2348579 -1852787.5 1851528.5 566201.4375 -3782498.5 -2091352.5 5197118 3149912.5 -1441600.25 748089.75 -7342444 5319428 -1992018 5567829 1126739.5 862982.6875 -3542477.5 974939.75 
-1094968.25 1634490.5 -1733734.75 3423404 -1188452.5 -8110292 -442333.625 -1234935.5 661163.5 -440171.15625 -2720986.5 2700563 -5815667 -4529066 2236576.5 3523880 -2230968.5 2457123 -144674.703125 3348920.5 534368.9375 -714252.25 1444516.25 -181791.375 6227117 -5623722 -575977.4375 3294277 -83687.265625 2455955 1611104 -2926894 2367716.5 -1668905 -4782972 -1477993 -1948115 -1428635 3219503.5 -2141916 -3872574.5 -3603416.5 5250514 -2856712 896165.3125 1802904.75 253057.5625 -1076431.5 -650999.25 -3675306 -2165632 1567640.75 -2062895.75 -251263.375 -568467.125 -3028576.5 1488891 146023.09375 4277015 -156533.71875 -1430850.75 -3811480.5 -910934.9375 -6390361 
2227951.5 1449596 -3710979.5 -4222468 2370766.5 -4402193 -1013860.75 2963481.5 705731.125 -1059975 -2243723.5 4234774 1746699.75 -2221917 -627030.5 2343034.5 1885293 400419.8125 2939369 4163861.5 805881.375 -5137227 -3537386 -4644848 -558250.625 -98987.65625 963407 -5439441 989287.1875 927312.375 1159000 1126536.75 -2626660.5 2351709.5 -3361277 328037.0625 3905917 -1424630.5 -1463919.25 -212959.234375 -301757.1875 3603845.5 1297370.5 2757122 3846859.5 317415.75 -1638469.5 -2774283 3078832 -1271398 -2778407 -351411.6875 854770.125 7056373 -1200705.25 -3307592 -131026.953125 -651857.875 183274.859375 -496151.21875 851849.125 -354722.375 1657163.75 1641640 
-1855092.5 -2361129 564423.125 839645.4375 -4552524 1746013.25 4716257 -2131220 -2236697.5 4625012 -216210.75 -5086186 358182.875 4143420 2134051.5 -2882499.5 333065 540019.5 1106678.75 1686870.75 150290.8125 196072.5625 2213217.5 310801.15625 2057718.5 1799371.75 1997087.5 -3394162 4409440 895727.5 722016.5 308656.4375 5735665 -3253596.5 968450.9375 2327423 -1997273 2121730 -1017948.25 -1055605.5 -702216.5 1119758 126259.40625 -1892171 -1955500.25 2883613 2209113.5 -602364.625 -2311947 2150874.5 -2809885 -1676301.25 -3079645 1536239.5 1510976 -1355266.25 2759589.5 1335858.75 -3447179.5 -648009.375 254203.9375 956995.125 -686641.875 -3893343 
-80432.59375 3763642 3893741 -541279.5 -2365745 3785971.5 -965776.75 -4206845 -1007930.0625 -503426.90625 -5821014 -357059.3125 -639739.9375 3736500 2290368.5 3601215 -1773980.75 2412795.5 3828512.5 -998822 -1627536 -5266472 -2027907.25 1324450.75 -1881301 602604 3373689 -2331729 -1230998.75 4992486 3819139 -521902.53125 -1721143.5 -5013491 703738.75 1775620.5 379492.4375 4414630 -5774852 1158911.75 3524835 2391479.5 2379772 -1177908.5 -1317154.75 -578176.75 -2359082.5 -4389701 2551883.5 -804543.875 3776117 -3362298 -1696900.5 -3444015 1443322 1175421 3128581 1478994.75 5608405 1661757.25 2261701 398285.1875 2668083 -1349679 
-669630.625 1737499.75 -4667339 3309928 -3290339.5 1060321.25 125004.09375 -3246013.5 -2159760.5 5261091 -1785668.5 60973.03125 -6308846 998429.8125 2495968.5 -1186993.25 290857.5 7188210 -878620.875 -4966161 -1322085.5 -1021177.375 -530700.25 1263571.75 4790938 -2671375 -2304085 -1590970.75 399328.53125 -1154922.75 -566280.6875 2530505 -1932809 3656180 -905268.3125 -1179785 -3787102 1249601.75 -1563147.25 -176217.96875 -3738550.5 4272374 -268049.96875 -5739157 865541.25 562136.8125 -720991.75 -2309922 -2353527 -2087577.5 -1933797.75 3447024.5 187599.40625 343641.4375 64089.53125 3395286.5 -1641217.75 5191795 -1698025.5 -766460.8125 7013702 -499773.25 -1193017.75 215774.125 
342547.3125 -2106793 -699686.625 83058.265625 2373849 -779722.5625 -1108417.5 -683723.5 4362553 1431662 -1993654.75 -951414.9375 5136860 -4202061 -3151234.5 -3433855 2921604.5 4463938 -1448108 -2333110.5 2424704 1378380.25 678724.125 -1120493.5 1344594.25 -1311665.25 -2001708.25 2168304.5 -50348.890625 1990242.25 5220362 -6252796 -2298203.5 -3447022 404784.3125 2354869.5 1002796.125 -159599 2114633.5 1744720.25 -3137229 -2327876 -829263.125 -3576534.5 -7082824 461466.5625 1107420 -2586686 -2757894 2180556 294334.8125 -1831573.5 1130748.75 301316.28125 384873.53125 -424825.59375 -598773.9375 -1704285.25 -3533387.5 -880680.875 -273037.84375 1041016.25 -558630.25 -5949496 
-1633844 -358724.21875 1318816.75 4020327.5 263011.3125 525246.375 1624315 -2464390 1209663 1149432.5 355162.8125 -883245.25 1618859.25 -51268.25 -4784645 3015936 -490244.71875 -3627170.5 -703632.6875 3164083 1747524.75 981947.375 836497 -878105.875 3205226.5 1469448.75 -3029381 -115070.6875 -1292176 785575.75 -2455747 -2522693.5 -3019214.5 3611917.5 -383136.6875 1004472.125 -1205069.25 2044821.25 4645832 -271568.6875 -525618.75 1269243.25 3221418 1626976.5 -1911368.5 2121116 -449090.53125 1234940.5 -992950.0625 -953571.6875 -2298112 3965279.5 -2931380 -2469996 434364.59375 -2243925 1445851.25 7830276 1386472.5 -137061.84375 2000939 2211707.5 -885841.375 1629008 
-1716015.25 -393019 -2319177 -5837385 1227085 -72194.125 -408043.375 4331310 -339995.34375 2044902.25 -391891.5625 -2366467.5 -2971799 1557356 40244.3125 568568.125 -442152.96875 1707008.5 1775000.25 1308984 4246402 -1846989 -629632.4375 100408.84375 -4249502 117499.5625 -2085038 -706483.1875 -955955.625 1168764 -3822577.5 -1381108.25 3699159 -458673.25 69448.5 -798155.5625 -2381642 -1402161.5 -1993486 5183424 4479812 1427563.5 -3338769.5 -841535.5 4025538 3567052.5 998199.25 -4915247 5550427 1726607.25 2451817 1004993.375 -1761762.25 -2290418.5 3417589.5 -2933365.5 -1501226.75 -3769785 930709 -4263815 1844722 -1954316.75 -1455935 2017614.75 
-240800.359375 -3418548 -3027395.5 -816639.9375 1929642.5 41401.5 3087250 4854850 4245513 3724510 1693539.75 22225.5 5017428 -3405706 -1952076.75 1632465.5 2731646 -846211.125 -189153.84375 4972034 5930127 721554 -1259208.5 -2438469.5 732309.1875 -2200337 752433 745556.625 -956401.1875 921368.8125 390754.09375 1192511.5 4485133 1178761.75 -2945500.5 5769835 -1816027.5 -3874537.5 401156.125 -531758.75 1775737.75 501539.75 -425434.625 2536315.5 -206433.84375 563701.0625 2899716.5 430513 -283047.8125 2071534.5 -2401671 2604037.5 -1543890.75 7283446 198274.21875 -2738678 -1716013.25 -4524774 -3229376 -976981.625 1033581.9375 2904140.5 -1012506.875 -1770284.25 
-670822.25 189162.140625 2685154 -4460873 -5488197 1314092.25 2539750.5 3363310.5 319431.90625 -407155.71875 2269662 1801823.75 -991402.625 -1294696.5 -1032801.75 -2516322 -623771.0625 -3349510 -3060636.5 1451563.5 5767101 463493.8125 -3920165 -2860509.5 -6317031 1184865 -2949119.5 -565428.8125 1729319.25 1258993.5 -752464.0625 -2302241.5 4908690 -1804983.5 199080.625 147819.0625 2085982.25 2241931 403669.75 -1182468.75 -162526.21875 338106.90625 -1462183.5 -2063619.75 -1862188 1368381 -570843.3125 -747736.1875 -701278.75 835035.1875 658391.75 -2895365.5 -2557683.5 753932.0625 1563752.25 -799592.8125 2733383 -3204650.5 -1477781.5 4353628 -7392310 -974112.25 5175765 -63415.75 
1169691.25 72052.484375 46602.421875 3565898.5 986476 -682910 -356869.03125 -7167316 2125041 3743107 909465.25 354599.125 2908130 -1746037.75 -554565.625 4209056 1439180.25 2802563 -994077.375 4521253 3514762.5 935668.125 5577951 1999190.5 2690173 -291470.28125 -970732.5 5640849 2504783 -2882269.5 -1767839 956407.875 294756.4375 1389274.25 1165141.25 2128934 1627785.75 -573814.5625 -3721816 -132659.21875 2184378 3162663 2726521.5 941875.625 -1359208.25 -120981.953125 2050694 -1730965.5 750964.8125 -1159437.75 -3076229 4022819 454025.5625 1416533.25 -804770.5 -587446.25 -2123310.5 1431087.5 -4173400.5 1032020.6875 1043707.3125 8117763 -4933660 1892913.25 
324880.53125 -1024654.5625 -1791581 2552391.5 -2602758.5 -3824023.5 5589788 -2847941 -1157470.5 3847077 1065916.5 1425027.25 -4147023.5 296957 2777771 721478.375 -2440576.5 3540007.5 -3574264 -1836398.5 -786220.3125 1597681.25 -1282157 2668138.5 -3377056 -1502046.5 -2154876 -689150.875 793157.1875 809119.75 462155.59375 -782235.5 2510288 -3356922.5 2799764.5 -7193743 -1321227 1608953.25 481339 -1503540 3367191.5 1622465 4803304 -1322690 598356.375 2877289.5 3208679.5 -548559.375 1082187.75 -1223996.75 2265315.5 -1085642.75 -1261740.5 -1742657.5 -736269.125 -1281476.75 -1389817.25 -1825581.25 -1348261 1309644 979240.875 2007439.25 1275947.25 2649037 
1190362.75 2178363 -1026629.5625 5041539 -1527757 2155470 1680281.75 496030.3125 1351135 2602368.5 -2539949 -4026659.5 -354509.15625 -2646045 666047.3125 -1481335.5 1504080 -607565.9375 -1718135.25 5171962 -3920411 2711650 3735225 4471778 1076868 -1367272.25 3230439 -840934.3125 -3365811.5 471509.59375 1919446.75 -1012323.8125 1179939.75 -583722.1875 -906545 -730861.8125 107534.7578125 190483.953125 976908.125 -3794165.5 4025810.5 -3520772 2817019.5 2022457 52950.408203125 -1795758.75 -1139675.25 -22573.90234375 -1605625 3974308.5 2449065 489200.8125 -3578025.5 -1398883 -4769522 -828654.125 -183032.96875 -1967791.25 1124709.25 333474.65625 -1110629 -648952.5625 814396.9375 -1986264.25 
1043910 -1340111 1426298.25 635141.25 454042.125 -2976591 2067473 1209817 -846165.0625 -793969.75 2664381.5 746113.3125 621553.8125 2662972.5 5429090 -550246.375 781794.6875 -1429093 -3358710 600494.8125 -1419176.5 4768875 764690.875 -1000409.5625 -2493029 555847.625 459759.8125 2293758 1427260 -2011179.5 2194747 -1480244.75 -4075935.5 -1972837.5 -878568.4375 341174.40625 -3908801.5 -1133993.75 6263917 690185.3125 2944141.5 -2951705 4284267 -730375.6875 -2444016 -1812095.75 -2896117.5 348798.375 2250291 1343458 -1617256.75 -788502 -936257 -555043.5625 -851895.1875 3936412 -249524.15625 -556060.8125 -1890901 1859337.75 -3535683 -2160514.5 -528491.4375 1314650.75 
-543020.0625 -2327852 -2121598 -5221724 2607676 -895527.8125 -1278441.75 3112154 1141131 1117469.5 -463188.9375 -5391405 1498373.75 -283156.4375 -7197752 -653837 2685535 2082546.75 -93909.3359375 -1254126.75 -1110524.5 4092842.5 4220353 1867314 -1430747.5 -381759.9375 -1792377.5 -392201.0625 -1822364.25 -936603.375 -536742.375 -835052.5625 -109718.28125 468749.5625 2548284.5 1059288 4842680 -3261567.5 -232619.5 -75674.8125 -1025344.5625 82877.140625 -1455043 5448210 3066760.5 -58404.3125 -2147750 -186891.90625 -2152759.5 -423198.5 841860 -1235608 3049010.5 -2647408.5 -783431.25 694935.4375 701367.3125 -4407172 -2257469.5 -2775731 -6311651 906312.25 -3578534.5 -1033361.8125 
130718.21875 -1883636 1537566.25 -3059287.5 -834672 327207.28125 97574.90625 4189756.5 3698428 -3325623.5 1298718.25 792649.5 -3706876.5 1582791.5 2316420.5 -1742719.75 482521.3125 3282202 1617057.5 -1097258.5 -822015.5625 -876700.6875 -1268130 1248211 84670.484375 -2065021.5 -837022.8125 -853555.8125 -4448899 1644118 -152678.390625 -2024485.75 -1896793.5 70750.75 -2906721.5 -3519349.5 2370387.5 1223989 1307112.75 1877179.25 -1387718.5 -3031027 303984.5625 -3173132.5 5833682 -3208869 -2020954.5 7534691 1086826.5 1173342.25 -90151.15625 -1207554.5 1769506.25 -403096.84375 4091911.5 2322691 2113211.5 2295317.5 233778.984375 1164941 2074405.25 -1413091.75 -4638446 -823307.125 
