10 10
4748.2897949219 18024.487304688 -432.51416015625 5657.4428710938 4144.5070800781 13076.91015625 12463.86328125 -6459.0229492188 -1068.2336425781 11463.534667969 
8570.1240234375 2863.3483886719 18220.73046875 -25697.572265625 -8071.3518066406 15398.951171875 -13369.785644531 39.121459960938 -3405.1807861328 -6328.119140625 
13701.436523438 -3177.6911010742 3313.5766601562 8107.3315429688 -4429.5478515625 7549.5539550781 22431.877929688 -18519.759765625 11410.474609375 6758.7897949219 
-9143.6787109375 -4008.2587280273 1769.5026855469 16790.5 15680.750488281 -5075.021484375 -3623.6916503906 8850.3559570312 -20602.471679688 9137.7016601562 
-12636.072753906 2256.158203125 1416.6058349609 14087.895507812 4265.201171875 11846.911621094 3836.3150024414 8794.6235351562 -12188.299804688 -4011.4490966797 
-10621.940917969 5767.7546386719 -4251.3435058594 18552.563476562 3055.681640625 11638.916015625 12258.641601562 -6137.3254394531 -4872.4116210938 3382.4541625977 
22306.236328125 -469.43270874023 7389.9135742188 6588.2683105469 6843.5158691406 8921.2104492188 15825.2109375 -4540.7517089844 8653.0063476562 7197.9582519531 
-13759.453613281 16868.782226562 -1057.0269775391 -7364.630859375 -698.91845703125 -5136.326171875 -15223.170898438 8413.150390625 -5268.6950683594 3176.5760498047 
-7170.1928710938 -14149.359375 -12000.073242188 337.82739257812 -4147.9848632812 -18397.71484375 4943.693359375 -2638.1163330078 -195.83563232422 2400.0582275391 
9184.9580078125 8617.447265625 13146.21484375 -778.30151367188 -712.8201751709 17543.415039062 11067.301757812 -8519.7685546875 3764.5326538086 7464.9985351562 
