16 16
-124.61391353607 -95.089567184448 127.59085464478 14.500790596008 460.60903930664 -8.1098437309265 68.480234146118 114.09922218323 100.28011798859 -55.932744979858 62.337844371796 -37.611542701721 -37.403955459595 -117.39447593689 -186.89295387268 67.438522338867 
43.473353862762 -188.16719055176 198.28909683228 -101.85652446747 71.179388999939 -202.35469436646 -35.857584476471 -61.712188720703 161.58700561523 22.17742061615 -36.040946483612 110.99975204468 -23.040576219559 41.795226097107 45.349391937256 93.115291595459 
45.305770874023 -117.89586830139 -176.28653907776 106.84419059753 -132.11902046204 -31.319241523743 24.323319911957 -188.80359649658 168.31803512573 122.26799583435 -3.6912741661072 81.336369514465 -107.33191108704 -185.48693275452 -27.862159967422 -160.02404403687 
140.5358505249 -90.116912841797 -181.43998336792 -58.427710533142 -117.56076145172 206.83121871948 -4.8142744898796 2.6282285153866 87.887893676758 63.209270477295 23.439498901367 55.766410827637 6.3940681517124 -162.21978187561 157.21603012085 -45.183306694031 
-50.196670055389 249.29259681702 17.759887218475 -47.639805316925 -349.58277130127 191.94466972351 -220.72861099243 -87.675404548645 -40.7585272789 139.38146591187 -62.344703197479 280.63854217529 155.52206039429 89.04879283905 13.404031097889 -272.90608978271 
174.31985664368 -65.745642662048 -24.730564117432 -145.25510787964 8.051259458065 -79.172951698303 70.205386161804 82.487880706787 -26.177475214005 -177.36610794067 -15.659691810608 -216.41304016113 85.807065963745 40.643708705902 73.365968704224 19.340976715088 
-112.03335571289 127.38551139832 -88.475600242615 -14.276753425598 53.729759693146 -60.569965839386 112.81757450104 -123.39310455322 -126.98893070221 97.153076171875 285.28186798096 119.21285915375 -171.28968429565 87.88768196106 -91.560984611511 132.86851119995 
6.8174362182617 80.278982162476 -209.09233093262 13.495530128479 176.40623664856 230.23628616333 -15.388345718384 75.807250976562 -99.933913230896 229.41246795654 220.79297828674 -120.12985420227 7.928836107254 -85.873476028442 -28.48476600647 90.56739616394 
62.526428222656 82.058902740479 12.903065919876 -56.02169418335 -219.92937278748 -108.14200592041 -13.890236139297 -162.78694343567 81.455465316772 134.09155464172 57.424550056458 112.18770885468 67.334099769592 -68.072001457214 -56.853277683258 -81.039079666138 
3.8475708961487 123.67248630524 134.93339538574 11.112826347351 -159.51964569092 137.83755493164 -201.38069343567 -85.329191207886 -28.846338033676 65.004024505615 77.691732406616 109.80487823486 -19.419867515564 -27.762275218964 -141.03227424622 -83.83732509613 
136.02995491028 44.148393154144 27.358576774597 27.942786455154 -277.3734588623 -177.05827140808 -26.881816864014 -17.247282981873 123.34435939789 176.91390037537 -104.02221107483 112.8774023056 -109.00605869293 -5.7839947938919 36.786689758301 0.90932685136795 
-1.7420589923859 -272.05396270752 69.604080200195 -72.236880302429 24.598277568817 -138.33120155334 -57.446611404419 -96.604962348938 128.30774497986 72.934858322144 27.523171663284 28.905436038971 55.134118556976 -214.5464515686 125.5131111145 128.25619888306 
10.633816242218 38.147809028625 -35.278515815735 -155.76099395752 20.457723140717 68.523371696472 -150.81524848938 29.25880408287 54.343967914581 216.99837112427 -123.70617485046 40.795718193054 91.293973922729 -66.534012794495 217.30099487305 -45.168236732483 
149.65279579163 -401.90386199951 277.48497009277 -214.26143264771 178.04600334167 -27.099485635757 24.892413139343 -65.573481559753 113.42799472809 -90.138471603394 -52.823125839233 -108.08109378815 53.592669487 -55.508558750153 -35.803446769714 32.745235443115 
82.511122703552 -2.1974587440491 -207.75644302368 -98.463397026062 -40.529683589935 -14.901561737061 295.25720977783 -80.647394180298 -71.605710983276 -78.107481002808 74.877942085266 21.314440250397 -190.08501052856 56.100384235382 91.941640853882 87.763603210449 
-129.05690383911 120.83959293365 121.98841667175 89.213371276855 55.012587070465 17.591199874878 -31.088827610016 -95.437644004822 -75.290058135986 137.57952880859 154.77647972107 155.3005065918 -194.19111251831 89.45232963562 -268.19863128662 41.419644355774 
