64 64
1494948 -3303174 1634922.25 -1253986.5 -815350 -1197598.75 -1281602.25 -3065780 1921648.5 -724102.5 -259262.5 1014180.0625 -3030547 1349729.25 2010087.25 -11832.4375 -2965729 -1893524.75 -1835192.75 -6912146 2950826 2406747.5 1075405.75 431038.71875 366203 1109338.5 -2181594.5 2419103.5 5983565 4800103 -2478750.5 445913.28125 -1190281 -340333.75 3654907 -1889785.25 -241470.375 3081678.5 1949126 106501.546875 633539.5 1892103.25 2442590 8465742 288917.25 -2458201.5 6192976 323425.8125 2620068 1173242.75 -3793110.5 -5033287 3920878 -1029987.875 -349722.53125 -1148429 -3144281 868293.4375 -2309073.5 1424366.5 -252986.6875 -740400.625 -1581409.5 -133866.5 
1309382.75 -407989.71875 742853.6875 -4227361 197494.625 -2464945.5 -2812338 4274725 927842.125 3737879 -780783 1814652 1699189.75 -1640297 1417805.25 1089934.25 2272706.5 3287349.5 4250608 4510842 -610974.3125 1909351.5 -2282625 705812.125 -2896812 1086579.25 -1015285.375 539413.75 -4356099 6359024 -979940.625 2093024 1867529.25 -2099309.5 3714662 -9886.125 -62082.1875 -3240517.5 -509138 4158352 1055866 -2635464.5 1666051.25 -1390498.25 1471830.25 -4082573 312468.3125 -4088020.5 -109790.15625 -3970291.5 898786.125 -2950732.5 -967917.25 2688271 -828694.5 -94457.1875 2458776 -3545543.5 2564290 -2221896 -1903445 1484888 -5320717 -1846834.5 
473025.15625 -2516267 -1575199 2553956 1144899 450991.3125 3078388.5 -1921318.75 -1240871 2565662 -5999549 1332705.5 1657632.75 -2792374 -1444458.25 5798462 1536829.5 647668.5 -2398823 -1674720.5 1752830.25 2911375 -764517.1875 -3204880 3494674.5 604923.25 2963276 -1828230.5 -2167446 -1704999.5 -1088059.25 2820945 2491148 2637142 4978758 -2211190 3481964 1743765.25 315673.40625 328580.71875 594513.5625 2140248.5 4330716 -1087820.5 -498140.6875 1460649.75 -2495005 517620.875 -1202501.5 -4199727 4324345 -1745962.75 3301317 -446475.4375 6482929 2660506.5 6685426 1830962.5 -153196.0625 -3797703.5 947579.375 -5094963 -873818.1875 784410.75 
4401629 3901443.5 2315889.5 -1307320.5 -2166321 -3424951.5 3002760 3387665.5 3239757 357861.0625 -524319.4375 -1621152 3404087.5 -875247.375 -3735910.5 -2402924.5 842971.4375 -288923.34375 -1690213.5 34821.78125 -3512833 1964563.25 -69785.25 -222519.5625 5563961 6067566 3254668 2083753.25 -2657579 -2359565 -2205095 2761155 -2199855.5 -2920908.5 2248779 2949918.5 -1034822.625 369333.0625 -1085638 -2103058 -4028320 -2522608.5 -5655152 -6134580 -1587889.25 -1780750.75 1353180 4195978 3026722 1670922 -354531.34375 -245296.703125 -883219 -3883883.5 5054446 -1412750 3496034 2809138 1767306.5 3352789 -137615.109375 -2352437 -209605.09375 -767443.625 
-3275746.5 1108100.5 3229354 -136491.046875 -3606551 2771634 -3627833.5 -993416.4375 -1482137 2319556 -1083228.5 -3362371 -2800146 1871955 -2322517 -3735445 53443.015625 -1579004.75 543452.0625 743053 1053188.5 -1017567.6875 4526320 -970425.75 -1193883.75 464314.25 1100666.25 -1085318 -419437.65625 451529.6875 -1842585.25 22390.515625 -4603768 -1624525 2569853.5 2775610 -1417007.5 1805600.25 -1226677.5 2705782.5 -3618277.5 4825984 -2129489.5 2056816.5 3998306.5 4986210 -1811678.5 565954.0625 303970.25 -1400804.75 1414630.5 1484922.5 -1925884.75 -2410831.5 -160822.328125 4449950 2662035.5 3285615.5 -908296.125 7298303 1636664.25 2397023 -544304 -950238.625 
3400790 85873 1477518.75 -1626188.75 3151917 -2794098 2855076 -5845287 3887644 -2803032 -1520821.5 -163724.890625 -721507.5625 -3132911 1915448.25 -2921876 2420543.5 -512319.65625 -4107821.5 -1242857.5 -4801878 1760412.75 -952979.3125 -3799012.5 -3069798.5 2373413.5 -3486506.5 3700000 1060467.75 4170910 -2040328.5 -1307423.75 -2506958 96872.59375 -4282309 -275913.0625 -1736667.5 -1235539.5 4889791 2547819.5 6353767 -3012530.5 -5009581 1152840.25 -3823315.5 -4451636 -82918.15625 418786.6875 -141069.765625 7256872 515939.3125 3276755 2248008.5 -3293549.5 -2053469 2257666 -742074.25 -2503753.5 769089.3125 -475364.09375 -2208339 -2651325 -5009770 2438897.5 
2671518 -5075913 4001709.5 13334.0703125 976326.9375 1214562.25 1097554.25 -2617550 -1055238.5 1166984 -1251483.75 -2114402 -712691.4375 173358.109375 445895.59375 2079071 -51446.796875 -3573861.5 13878.151367188 -1424391.5 928581.1875 -2452273.5 -1119658.75 2095853 -2715712.5 -6247417 -648520.5625 1940421.75 -2904639 -6150431 3415927.5 2000033 3281444.5 5657064 -2131987 2690483 -2881207 -342508.875 446408.125 -2872704.5 1080990.25 2491428 -700520.75 463703.4375 -1153239.75 -391936.625 2156357 -1725896.75 -985520.75 1568101 -3021706 1569244.5 -3169851 1653745.5 1368373 -3054127.5 -3949935.5 836511.8125 -1678127 -800110.0625 2005807.75 1018798.5 3374497.5 2119529 
1039603.8125 -1486973.5 -1088326.25 -3332991 5961843 -1114323 425227.09375 913958.9375 -209736.5 1217325 4832794 -378804.375 -601817.3125 -432555.90625 -20993.65625 2868900 1489763.5 76933.78125 -571024.875 -324900.6875 -3766034 -2929205 1554777.25 -3986315.5 -1417844.5 98987.25 580526.875 -129756.84375 -5364208 -1018401.0625 3574387 -3160831 -1320134.5 1750492.5 -2791408.5 -2669436 -1534278 -479925.03125 3754180 976520.4375 471069.625 -2767331 3572842 361370.25 -169894.125 1779905.5 1673380 -567492.375 -4698971 1120819 150218.9375 -1217804.5 -96569.1875 -1153399.5 -4041179 587311.125 -4361301 -3600469.5 -56983.015625 1916858 -3197294.5 -3550979 -1140044 -1707297.25 
-1019771.8125 2490951 -1531768.5 -3055347.5 -1799299 -1199129 174737.34375 -1580959.75 3589327 -1620442 1746339.75 -1059985.5 -1599023.75 1965893.75 -3501803 -2966676 2519090 1662859.5 74807.9375 -6927744 -783528.1875 -1291598.5 1735417.75 36883.875 3373269 2008863 -255284.21875 2117353 -2776113.5 -2356577 2336071 2953456.5 -1739588 -596384.6875 -1287921.5 -2489445 1466749.25 719259.9375 3316558 -1855767.5 -1432802.5 -3227433.5 -5864479 473869.5 -3695331 3205823.5 -741660.1875 488897.625 -210838.4375 886825.75 -3702323.5 5356634 4297165 1329625.25 -3523133.5 -2686759.5 -3232558.5 289018.875 2595384.5 2148731 2897311.5 1093294.5 -4018556 2193803.5 
3705108.5 -4713275 2560862 -2105721.5 445646.875 -3282088.5 940908.875 675465.4375 1456845.5 4400252 -4678994 2681895 -1170160.5 4280450 -336845.6875 2881341.5 883589.375 1017168.75 -2991344 -1886842.25 6455411 1208262 -1955625.5 95392.25 1609435.5 -1888159 1686466 2127157 3460532.5 -3097592 2486160.5 8001380 1845765.5 -591245.0625 5327260 -1687409.25 1567858.25 2856141.5 -1493153.5 -1900649.5 -87067.96875 -2489739 3993974 250907.90625 -54615.1875 -3166748.5 7663719 -784010.5625 787785.5 1475995.75 -632662.9375 -2779329 4174427 -197525.59375 -3865766 1391747.75 2279504.5 -1818175.5 -1639926.25 -1982800.5 -4878272 -184069.3125 -952132.1875 2361901 
-1087270.5 492689.3125 -533673.5 1963133.5 -3198723.5 462395 4122067 1130889 -1481408.75 -460993.6875 -4117936.5 -2111741 -676737.4375 -866937.125 -3840108 1393119.25 -1356798 2649333.5 -457447.6875 -2489923.5 2550584 1949407.75 307828.375 488979.15625 1686055.75 -577371.5625 -1416378 365761.375 592512 522875.21875 -3239382.5 -879462.375 3416027 -1584008 1905528 2042605.75 -2714827.5 758542.3125 -204225.28125 2969200 4750972 677762.875 -248844.5625 -2922688.5 -732402.9375 -1021846.125 3096380.5 -1021103.75 24711.84375 -1774546.5 -2038826 741773.25 2569986.5 -466563.84375 400943.75 -941297.0625 941118.25 3406125 -2863244.5 4445426 -378473.65625 -819590.875 -5678444 3146364.5 
-93477.59375 97705.484375 962953.25 -2564843.5 328604.40625 -341764.25 2497573 468739.875 1360048.25 -3602784 -2119621 138110.09375 -2302063 3228574.5 -257791 684216.875 -2749399.5 -3249665 -1583130 -767435.625 -629703.4375 -715116.5 658626.75 -1086690 3332226 -2002508.5 -169804.671875 -1408167.75 -190206.5625 -2111813 2204442.5 4427094 -2413333 2269048.5 780041.4375 2050441.25 277373.8125 3490339 1644008.75 2279974 -1246270.5 -2367304.5 -4411342 -2724245 1601274 -728559.125 -829903.125 2926035 -863410.8125 3866308.5 3241021.5 -968193.25 4556795 -3294438.5 -1150070 3627680.5 2770606 -513143.03125 -3616357.5 -3476512 229558.46875 467854.625 1448401.5 484077.1875 
3464452.5 -500819.75 -1117694.5 -974565.375 -1871472 -2104689.5 1281143.75 7170980 1304537.5 6111766 -825452.5 4598103 2972434 -394857.875 2741639.5 -817975.5 -36596.9375 -124544.625 314537.65625 -56596.4375 1761953 -93482.8125 710989.5 -488021.125 -354804.28125 2778820 -1361947.25 -1727745.25 3923331 4981031 -3145010.5 2807239.5 -2212802.5 -2949991 7039408 -966915.875 -4230205 2695698 -1293444.5 832035.625 -1807841 -2247040 3470307.5 -19072.53125 1143511.25 -1423454.25 5464962 2663635 -2208749 -2456276.5 -1145350 -3907947 -1018007.8125 -4615289 613607.625 -1173467.5 2472156 2506314 -4700759 923658.5625 -4786883 439831.6875 -1717011 668712.6875 
-118303.25 -1610112 -451184.53125 -649448 3483721 2141088 2239819.5 2679928 -766857.125 -2998047 1048399.5625 -273096.625 -2588046 -143451.609375 1564125 5043670 -921370.5625 3808326 1563520.75 -3520360.5 2715707 -2351554 3395482.5 1199645.75 -553466.4375 -5247501 -924770.0625 -2252695 -977914.9375 -2958703 3529746.5 1469270.5 -351358.375 -154856.9375 -696847.0625 -124167.203125 -5568665 1983799 912881.6875 1549824.5 -356093.53125 -655511.3125 -790623.125 -4151469.5 -2872160.5 4199661 2633554 -2623321.5 -3338658 1002436.375 -7921556 -1081686.25 -2013616 -1978507 -308248.4375 -484153.0625 -426527.09375 3121242.5 -4393617 1538492 791144.625 2866623.5 1639590 -305751.28125 
1513075 2742973 224690.78125 -271839.4375 -4124099 1261284.25 4340055 4476717 -144263.5 -4151009 363723.84375 -881228.625 -189721.1875 -3238424.5 3418506 -2129802 -1521093.25 209880.21875 -1018718.625 -337748.0625 1117780 -2928037.5 3146980.5 3180851 -2212176 -2342470 -3238244 41797.96875 -761224.75 -1641342.75 -641233.5 -4210379 1252760 -2190023.5 -3657182.5 5036119 -615039.75 -698005.25 5161425 -3748743 -1522178.25 -1642043.25 -1106902 -749711.125 3345155.5 -2430550.5 -1465819.75 803096.375 -791177.25 -2066035 -154925.4375 1097441.75 1736544.5 1853839.5 478480.75 278961.78125 -1486741.25 -3985811 -670849.25 112445.40625 1397166.25 6417516 -4785695 969257.8125 
3467118.5 -692586.375 3906000 -1862428.5 925773.5625 394501.0625 -189906.25 -3470590 2584827 838319.25 -5892366 -4721525 1900216.75 197736.625 -3883453.5 -2763227 2845571 -3404181.5 -2828295.5 -5855703 4770421 4121821.5 1015126.1875 -2290632 224902.625 5079670 -4230503 898601 -4062683.5 1741388.25 -3330831 -3564748 3055694 2448897 4559822 1040674.875 1853315.5 -3843896 -1525282.75 5020633 3335930.5 -928734.875 2838713 -1730035.25 -3701546 -2674906.5 4571222 976641.3125 5878342 -3556587 2092926.75 -6053945 3330704.5 1619059.75 722870.875 -6586241 -2510329 2850210.5 -1825993 1667278 -5842193 -3881715 -3549990.5 652906 
-517708.625 5379347 1928234.5 -2437864 94238.34375 3100720.5 656781.8125 -4025426.5 -235536.6875 3198665 561819.5 -3478556.5 3323381.5 1051514.25 4741546 -328748.15625 -150825.3125 -32282.78125 -702033 -3466885 -1383943 1515402 4226667 2302031 2092615.25 4934355 1615229.25 -1472479.25 -501.5625 -2076628 -1108118.75 -1462624.5 -80897.375 -762297.1875 1321770 -497924.875 3508076 -1888849.5 -373156 -4360168 -3316810.5 -3027611.5 4271321 1607278.25 2767088.5 1186175.75 -4177213 111530.203125 2839005 -2509543.5 1246459.25 -1695808.75 2035439.5 3775707.5 6809049 -1146074 1856366.25 66358.125 3700509.5 2316610.5 77124.046875 721995.375 2583855.5 -1652558.25 
-1999801.75 -351441.625 544336.75 851687.625 5873199 3327642 3582292.5 3457464 -2250959 1231741.5 -3204851 -5327903 -357691.03125 -2198809 763816.625 1522655.5 -1500427.25 2788310.5 -1576100.5 -1271851.25 -5142294 1594561 4283049 -1709909.75 1725797 -3604015 -6104895 -4029502.5 4330921 -6753147 3331307.5 -1930311.25 -2364157 -245958.203125 -2234000 4156134.5 -2895734.5 -2892158.5 604982.75 -3028995.5 2976849 -626580.5625 -737925.5 -1902508.25 -453776.8125 646539.6875 1566706.25 2914619.5 963739 1654772 6276803 1394293.5 2337015 1142473.75 1420393 5646377 1602062 -1559690 -2417883 -365240.5 -1420519 694219.125 -1484971 -110003.9375 
2377161 -967931.625 -2504490.5 -2178289 391464.53125 3627267.5 1156475.75 -2948191.5 -2828384 -1946830.25 -6420048 -2211999 1924570 3885916.5 2356299 -609545.4375 -2557599 -6738858 1020940.125 10900.84375 2338354.5 2984495.5 -2245336.5 -4626825 2209633.5 776746.75 858160 -5006171 -3312785 142558.921875 4068788 3035361.5 3662250 4812626 -1166205 -840205.125 2251571.5 -6170652 -996637.9375 2171937 852027.5625 -3320931.5 2393487 -1441142 397708.40625 4373102 -2992206.5 212901.75 1193071.5 -287087.28125 6638809 -3870770 5317692 487377.125 3586435 1203907.5 2177325.5 2251282.5 -1983912.75 -2968476 2762956 -3095476 -130097.15625 4560482 
-1243047.25 -4966583 1375286 -1636504 -2787708 -4397582 -3677755.5 -1002225.875 1766245.75 -577250.75 1437941.75 2409512 -1969456.25 -4986639 6097279 -578931.9375 4605269 -176240.21875 3952383.5 3034391.5 495471.75 -2343683 506468.625 317689.4375 -1995712.5 -332598.6875 1268686.5 -1832718.5 3024108.5 2912949.5 -1059679.5 2949271 -6869116 -1019341.1875 86907.9609375 -509113.375 -3788895 5028076 -707148.0625 3155814.5 -736141.5 -1346610.5 -2587386.5 961405.625 4936658 -1912602.5 -1081631.5 -2458332 -2109066 -1035561.3125 -451995.53125 -2898216 -2095558.25 -1582526.5 -6663063 1101640.75 -530841.375 -193772.828125 720000.5 5142986 1097634 1344578.25 -2678046 -2178760 
-1672605 -1278743.5 -1885735 1631932.5 2428483 4376310 -2017138 -2945332 3812088.5 820209.4375 1932633.75 1753737 4348182 -2987197.5 302778.625 2595178.5 -1405054 1862205.5 1501519 2969609 -2860584.5 -2120544.5 11037.875 -4202840 -120161.65625 -1874021.25 -1999401.25 2673164.5 2269304 2995752.5 3413269.5 1103511.5 -1980360 -1934166.5 1186116.25 -3866072.5 -734718.0625 -304286.6875 1676335.5 1726766 2134685 -3675438 556803.625 6676253 630129.25 -1331831 1324276 -2814135 2150539.5 -2116042.5 -1485999.75 1543264.5 430707.0625 -1170486 -4480556 1703580.75 1422074.25 1064476.25 986879.875 3192049 -2263563 3398200 1293629 -3804916 
-6087110 2582507.5 -3735240 2760717.5 2642106 3387519 65760.21875 -746685.5625 -74507.75 2300606.5 -882584.8125 -1553950.5 3937111.5 -999644.6875 -1536550 1888647.75 1694426.25 -117581.7109375 -610578.875 -1116991 -1463675 -188787.21875 -155009.53125 -2418947.5 -271219 4281777 4035343 -1930531 3960664.5 -3878502.5 2309260.5 605809.6875 19652 -808621.875 -939971.375 -534605 2742926 -1376461 -6058584 -491.421875 1654637 992278.75 1788586.25 -1794625.5 -944557.1875 2358220.5 1624422.5 -2823859 -2051057 -242771.734375 3636885.5 1939222.25 -1010082.75 -3827745 -75805.71875 -1224733 273557.34375 572548.625 1457543.25 787469 2189336 1148698 29160.84375 -5107040 
1922188.75 -4054351 31297.5 1633197.25 1684475.25 222256.546875 -471217.71875 2984880 -638780.75 -4331125 2261866 7402120 -2482911.5 -2193397 2418941 -249548.4375 -4932040 2527696.5 1723704 5579003 -4981241 1117517 -804763.1875 2357351 -813510.625 -1975346.75 3979281.5 2111341 5969493 -4705320 -3936768.5 3661460 -528886.0625 -5205673 -1405734.25 -2385217 4182927 2560665 -2450464 -2149462.5 -4135982 2005871.75 -5166342 4582030 -796931 -4615101 952085.125 -3124220 4349731 -3238261 -4153733 -2399999.5 772352.3125 -2108445.5 -440276.625 -2207983 545017.5 2631488.5 4474678 -2183221 43872.09375 -824239.0625 3769557 -42716.3125 
1261648.5 6661721 -2539838.5 156910.96875 -2420714.5 -323627 -374541.6875 -1887099.5 840916.8125 3829228.5 -2473304.5 1676696 4270329 -5330680 3153080.5 2156741 -113676.21875 -3086652.5 -1002396.875 9943734 967065.1875 -836450.625 2511597.5 -4689791 198613.28125 3825726 -1639042.5 -40774.25 294127.375 7712003 -7442748 374710.25 -4095346.5 -975943.9375 81991.09375 2076504.25 -1252623 2417396 2449011.5 6974878 1494356.25 1696034.75 4399226 -400459.1875 -1850742 137954.53125 1805378 -1357579.5 740491.5625 -3308851.5 272632.3125 1231320.5 -269678.96875 -6103834 -667304.625 3834441.5 7666360 970428.875 -3589201.5 -2758441.5 -3796813 -1877868 1207357.75 606902.375 
4496060 -1612916.25 -111488.5625 1228658.5 -4522691 -5960485 -4348865 -3682964 -1895493.5 -1652036.75 -71368.4375 4629416 -3183477.5 1004836 -1952735.25 2359260 1724788 -2993343 2276899 717183.4375 -1045753 -1834313 10310.9375 -960361.375 1079343.75 48341.375 -1312477.75 2853504 -3378376 4266268 -3411708 -1017222.9375 -317904.125 -582755.3125 1061568.25 -2893681.5 -708551.625 3529139 1556811 -265945.28125 -1423419 -5746713 -1368614.25 3540377.5 1788936 -1066025.75 -1801188.25 -1728321 -231254.21875 2378356.5 -5284615 451614.375 -816869.8125 2019783 -3367447.5 -2127163.5 -843037.125 1669267.75 -2073214.25 2758292 -575760.125 -2914656 -2159072 989727.75 
-1530501.5 -726590.75 1878346.75 -921246.1875 2108562.5 -4900594 -3420779 -2814881.5 -1522129.25 1699823.25 -3423365.5 -114819.28125 -1902547 -3546363 618303.5625 -7431418 -652642.875 -4477761 3443960 -883403.75 1657821 -1916772.5 -3098957 -2154060 -1723379.75 3305583 -270480.4375 3837880.5 6549568 2737819.5 -3142892.5 -3036819.5 -2035488.5 144512.609375 -3995514.5 -51649.625 -1421254 4439323 -3942831 1172020.25 5463952 49650.375 -65387.3125 4215439 -2334643 -7180977 521307 185477.8125 3858793 411094.53125 540076 -1019167.625 -3660139.5 -1990445 -1878198.75 -3151077 -4396886 220146.03125 -2220194.5 -218654.453125 -2148121.5 -1418631.5 -1289956.5 -2893771 
829612.125 4226602 -2725805 187542.421875 -2441479.5 1271070.5 327679.6875 -7191106 260104.3125 -1238129.5 3558911.5 -1965742.5 -3369534.5 2767746.5 -635935.1875 -3814729 968495.8125 -3693806 2020825.5 -1814956.5 -3362008.5 1238234.75 4713784 1691496.75 2209899.5 -3144583.5 2267855.5 1775048.5 1001410.25 1456096.75 -561378 -3116787 2939406 4034645 23575.8125 705373.25 375110.90625 1828426 -910623.875 1717348.75 2585518 -5087877 -1219501.5 278805.46875 1266525.5 514773.25 -2982246 -2101214.5 -951141.0625 -623116.0625 324114.875 -309530.03125 101746.578125 -579132.3125 1820454 -3421778.5 3086726 1177140.25 1364010.5 -135462.796875 876803.0625 381938.40625 262715 1214282.5 
-131560.640625 458450.84375 -429150.78125 -1616037.25 2370507.5 1391835 -425057.78125 -597718.6875 -650115 -4074538.5 712084.5 2230696.5 -12261.40625 1518627.75 -516713 1473140.25 -317906.84375 698271 779693.375 53502.1875 -362312.71875 3345376 889372.5 1317375 -3350686 -1293353.5 -2392189.5 1011608.3125 -3242974 2382836.5 3855798.5 -893808.625 517953.3125 1328609.75 -1451350.5 -3327825.5 -1995692.25 -2030651 -3189834.5 4118157 805857.375 -1236875.5 -983699.9375 760875.25 2113232.5 -1243400.5 3364227.5 4637043 1106137.25 1185319.75 -2559542 1803784.5 -1683166 -89901.03125 -3374444 3690582 224378.125 2128924 2397501 3963790 -2718492 2713715.5 1290410 2592358.5 
-835478.3125 -3339366 303467.25 -2330385.5 -4001012.5 -1122794.5 -1640550 2679065 216819.1875 -9407.5 -3845671.5 442001.125 -867109.625 3378359 -461833.71875 3189125.5 1947379 3284355 6977225 2086551.5 7122790 -4591019 -930799.1875 3353354 -6582830 -2192246 -2353514.5 1010338.0625 4284220 3137657.5 1023352.5625 1789188 -1110651.25 -1022691.8125 1123140.25 231435.125 -3368302 2596650.5 -4465118 6588341 -2254174 3931364 1641202.75 3072174 1952397.25 2527064 1313358.75 -3622758.5 -4399623 -3376043.5 -558136.625 -799496.9375 -1817493.25 2127850 -6940024 -1901044 3242150 -4825565 -2764430.5 -2404365.5 786432.9375 2611939.5 356205.3125 1988432.5 
-1562511.5 -5174382 -888408.5 -92593.03125 2707340.5 -715906.4375 5334236 803628.8125 -2942181 -876827.3125 350524.375 2399945.5 -3663754 927291.5 2379979 -557667.75 -133375.734375 4232396 3449951.5 361143.3125 -1948484 -2178360.5 -370101.3125 -2584604.5 527732.875 -2331253 -4437739 -4340650 -598451.5625 -5183959 1034542.8125 2431531.5 2044137 4435670 -2821934.5 -5093511 1484939.25 -179533.421875 903998.375 -4325752 86919.7265625 -1960829 -772002.1875 -4525745 1006605.625 1881420.75 -2948767.5 2548732.5 -3342775.5 -2152268.5 1841523.5 1750571.25 2764469 -612712.9375 -950293.6875 -4365377 1724844.25 4261312 -2947123.5 -4527267 -892550 -84520.859375 1805527.75 -210397.171875 
-3248899.5 253071.3125 3503682 -1508020 -1215321.5 2848473.5 1845923 1415630 269203.09375 574238.125 -2267556 1327946.25 116920.5078125 493156.0625 2050980.75 -3286917.5 -4221225 245678.125 -2331728.5 -2158063 1026152.375 -120180.1875 -1134751 1346638.75 -3789776.5 473184.875 -3396193.5 -3767124 4848563 2015386.25 -450629.375 997278.0625 -864724.625 -682720.375 -2976266.5 428860.0625 2309819.5 -147902.625 3382007 -1181625.75 -984920.75 2754272 -1941520.75 882501 -62167.609375 197290.671875 -2433200.5 4692299 -1858904.5 343534.40625 1178543 3400474 1063551.25 2555103.5 574145.625 2249401 260793.109375 -1029165 950983.375 -6210689 4261359 649838.1875 -1623423.75 5520198 
441882.5625 1279691.25 4052818.5 -1291491.75 -1513565.5 858389.5 869082.625 -4543419 1864578.5 -3852680.5 1716095.5 -1890239 680310 1235247 1596513 1649203 3384927 -4185671 -3849818.5 -2428397 -710381 -2094459.5 -263604 -796605.625 1831120.5 -3638878 473201.5 -225665.71875 -7249140 732331.1875 -3511189 -340315.59375 1297631 545645.5 -466388.5 -44413.4375 -362284.5625 -400024.90625 7785797 -1363748.25 274468.4375 -1705134.75 -3228795 39387.5 232919.59375 -928205.6875 -4108956 -575963.375 500335.71875 4881927 -3385713 -2613125.5 2571906 3671893 -995033.625 -59966.90625 1756600 -7905819 794282.0625 -5237128 362663.15625 -2255641.5 -2529180.5 3184927 
-701658.25 -1786777.5 898030 1463239 -1999122.75 2395970.5 219442.75 -5751738 3925633.5 -2428607 1899627.75 -2790762.5 -1497232.75 699790.375 1633508.75 -5487008 -70476.375 -1377223.5 2279087.5 1968646.5 -1114311.5 1499066.5 356232.4375 -1345405.75 -588865.9375 -4168828.5 686588.0625 333233.09375 1715074.5 -260888.765625 -197476.703125 1277240.25 -1070110.5 -1830746.75 -2312232.5 655523.9375 -524505.625 -1063574.5 4034551.5 2013876.75 2129880.5 1565699.75 -3602912 3980151 3665423 -4464604 -5510536 -3299637 -1913011.25 1869482.5 -3722812.5 84798.90625 515966.625 -4447927 -2721329.5 -110128.453125 -379190.8125 2605481.5 5646895 3249370 6541353 -2577981.5 -1539484.75 550386.875 
1620349.75 3140047.5 3087704 508787.1875 1839859.25 3260946 2079001.5 -6080428 -2124332 -1355714.25 5546985 -1616648.5 -2015064 1279898.5 1803162.5 -4792960 5024660 2671609 -3450985 1953161.75 -3691834.5 67863.3125 2201666 3012500.5 -2775558 1468863 2641571.5 2932382 -4194999 -2060421.25 -2165238.5 -1379568.25 -1768984.75 -3558692.5 1786882.75 -597873 985144.375 -1106037.75 56439.625 3567467 229736.28125 1783808 2129073 1509610.5 1521469 2206160 -2391848.5 -1638998.25 -363374.9375 -845624.4375 1260995.75 104791.5625 967508.125 -560587.125 -4187416 -1127840 -2192232 -1599705.5 1123684 5017667 -702797.625 -483231.125 1498121 1204032.75 
1321541.5 357408.3125 -3635552 1032984.625 1963042 -2419294.5 40251.3125 638716.125 35229.6875 1193522.25 2748058 -1905084.25 2303236 2147476 -605151.75 -664872.4375 2917842.5 2980423.5 2466040.5 2972691 -2998879 2653540.5 -2287760.5 2434801 818134.8125 1896756.5 -945119.75 458830 -6044537 1081122 1839318.25 1539643.25 4070690 1192793 3734294.5 -4497748 53793.6953125 -2906884.5 -4664276 2472367 -1097898.5 -3594425 1340147.5 -4438703 -3108490 4101452.5 -2078230.5 -1082740 1519205.25 -1760277.25 -280248.34375 -3319705.5 -811787.375 -1116508.75 882432.375 -3108487.5 -1039824.5 3877091 1528737 361690.625 -1971894 -3183942.5 3090989.5 33454.9375 
-2786961 -2268141.5 -1299384.25 702301.625 -303066.75 -4492648 2137865 433963.0625 -807491.5 -2113773.5 -120115.25 2291217 943604.125 -190851.96875 -2008497.5 -2859000.5 5863890 2252775 1308636.25 -278488.6875 -1280280.75 -1794652.5 -3512822.5 1023186.375 1574370.25 -4202569 1545287.5 -1157428.5 -4556870 -3370807.5 2364959.5 6568193 6134985 -152567.984375 -506976 -3123943 1060007.5 -1031801.375 -2197349.5 -4259884 622996.6875 -6222819 -2650058.5 -4820105 -1719742.75 605380.125 635716.25 1951045.75 -2237717 -1534256 -1328406.5 3128747 5830574 2516880.5 -2938815.5 -210240.65625 767668.75 -1700728 3921659.5 -6432182 -2876194.5 4130327 -70088.8125 -538297.125 
5536.078125 -6921584 -2036575.5 -118743.6875 -983128.875 -2569911.5 -2660258 1611103.5 -830219.125 612742.375 -2731516.5 -602473 -4644797 785272.125 -1829000 951090.375 -1375485.5 3889437 3156843 5000105 -1219179.25 -8901610 964813.9375 -4719569 -4259842 -3873436.5 -2267345.5 31255.5 1448390.75 -1033952.5625 2326949.5 -3369105 -1631819.25 631867.125 -2152397.5 3823345.5 68924.28125 3921620.5 581175.375 -967177.3125 -885247.8125 2024086.5 -4301986 -764060.5625 3359261 546812.5625 -1792761 5243512 -4513587 -2302373.5 433267.625 -1579779.75 852021.125 664384.125 -2062038.25 1496754.25 -2778439 5419297 -6124627 236975.78125 -1086739 4713766 -4916758 -2671750.5 
1395888.25 3065772 707340.25 4440385 -1553754.25 789477 -167914.109375 -4103196 7197286 338199.5625 -855556.125 10073.6875 2991452 684562.875 -2770149.5 5239076 350295 -5050968 -4757559 4342761 1188680.75 -2280037 3319563.5 -2262085 1780100.5 2079624.75 -1162994 -2292010.5 -47356 926456.6875 -2709623.5 1701650 -1920779.75 1117140.75 3063921.5 -2273914 -3029016 3421446.5 3274548.5 724482.125 1225961.5 674008.4375 18321.078125 -2645489.5 -5337452 1315917.5 3118747.5 -500957.4375 -1482539.75 1013698.875 -917509.8125 -1472917.25 -879594.75 -2084539.25 -1808967.25 -4858366 3049881.5 -4754875 -3579966 -4911429 -6691659 1921620.25 3729611 -2074787 
2048027.25 -3149770 -1373782.25 -6170491 1064047 -2720799.5 -901202.75 506321.1875 267757.4375 -917134.125 -4491383 -1401857.5 -2272891.5 4001967.5 3416205.5 2195981 3623468.5 2587334.5 -326430.28125 -1248650.75 4264608 -434827.625 -1757073.25 -1546279 -5355063 -2559561.5 -2085792.25 1206273.25 -2484809 1861598.75 1126830.5 -1546914 -3516455 2770570.5 -1167314 1544338.75 872192.5625 490221.75 -2237381 7909498 531769.25 5395247 -3178012.5 3540207 -1189042.5 4717581 4862400 -1107736.75 1990631.25 344070.4375 -4618071 2355983 825466.5625 533649.6875 -2879141 1254615 -2247710 -49035.578125 2373536 722753.3125 -3299865.5 -401737.78125 -1979298 2414043 
2190451.5 -3792720.5 2994112.5 -1543663.75 1832885.75 -1016569.625 -1877669.75 -2169391 -357706.5 -1507742.25 5086305 4891013 -4205859 -2215531 2241088.5 -271278.6875 -2612941.5 881870 -25886.203125 -54495.875 -3108177.5 2190005 -4672365 1099072.25 -1554529.75 -146276.65625 -615173.625 -870886.125 6179442 798157.875 -376720.375 -1005490.875 -510348.1875 1351387.75 597583.875 -2692974 5372377 -1645421.5 722360.6875 -131094.15625 -1947562.75 1084369.5 1833109.25 4773281 -4066075.5 1413109.75 904122.875 -2690142 1438701 1003335.125 -166606.96875 2050472.25 2891610.5 817099.5 -628490.5 -1810201.25 -7423145 -318042.21875 731415.1875 1547864.25 -1846443 -464694.4375 1065515 2282202.5 
-64140.734375 -1853300.25 1725836.25 -1108139.75 -3583670.5 -4629284 -5165631 2106035.5 2861681 -4339662 2942285 833602.375 -2034266 -3684024 326770.9375 487508.9375 -3114891 261818.8125 4528795 994970.0625 2995288.5 2141422.5 1504906 1644003.75 3434604 -2910683 -757487.5 -298004.71875 -1657434.25 6189443 -111567.03125 -2325278 -1321895.25 18837.8125 1278758 780009.1875 -4527988 1603966.25 4535797 5124347 1586068 -486256.84375 -750547.125 2606915.5 2933758.5 -4390161 928954.125 -5578823 -3220800.5 2745648.5 -3712308 -2101469 -1505533 -1486969.25 -1450019.5 913443.625 -1906480 -1305422.25 1789662 6331659 4154892 -1885405 -2180940 -867593.5625 
-3700235 -732481.5625 843057 -2859603 -759678 3000493 1936669.25 488076 2040054.25 -1560050.25 -3422653 -2678217.5 -799738.375 3922379 4590553 -1032907.125 -2901593.5 885213.3125 2782756 1598409.5 2225230 2135868 -1455511.5 2271022.5 -964172.75 -3528833 -1445966.75 -3991992 4477519 -186338.53125 685851.5 -2981056 -1880634.5 1267264.75 -17131.34375 -1080627.5 140682.6875 1263342.75 -5285996 593839.4375 -1762062.75 3596636 1855424 2460940 2575828 1592714.75 -2212606 5424.125 -947065.0625 -3855134 -972281 -709589.8125 2055902.5 -1508255.75 -897102.5 -2182240.5 33287.65625 2670311.5 1430378.75 1976727.5 -547722.0625 -2045105 1446818 1469978 
-1875503.75 -2892217.5 694986.375 -2021164 6071308 1663146.25 -5134363 1649116.75 -3569804 -1180155.5 3141494.5 5295961 -2794233.5 2639695.5 203722.5625 -4236982 -5479939 1622755.75 174908.8125 1761697.75 908214.375 -866950.875 -3961591 -1137105 1845847.75 -5036046 2669191.5 -93070.921875 2639840.5 -3198142 1441661 -1128210.5 -3937220 -6116495 1282208.5 -3241994.5 -1190604 9729.78125 965578.8125 1587433.25 1027216.6875 2436491.5 1362992.25 4550615 -1743057.75 -4009023.5 4466711 -398152.5625 -842529.5625 3731172 -2467137 -741802.9375 33899.25 -4183130 -3935502.5 -1906993 -4136511 -2729301.5 442413.5 711294.125 -326851 -3451311 906785.625 2588929.5 
-1610675 3207587 643044.375 -263430.9375 738332.25 3185677.5 -3682477.5 -4086366.5 -1026733.125 -2621025.5 3212373.5 198976.8125 -3723009.5 -3233747 701946.0625 5793844 -5712454 1338124.5 13485.703125 1653335 2237103.5 -983847.6875 543282.25 2444638.5 968393.1875 -570160.25 552525.5 1716139 5187710 1941160.5 -3037160 -4942200 2749517 -1992532.75 -978962.375 -349546.625 1419405.5 2278406.5 837135 -468405.3125 1659354 1722257.75 4106392 4717496 -6424542 -3524195.5 -5118597 -5215744 4942376 -1417986.5 771423.625 -2192670 458677.1875 2820618 4932950 1905579 -746380.625 -4204934 2833580 -489103.40625 -1774074.75 1696609.5 -1277634.25 2831448 
989285.125 2493956.5 -2140633.5 -274379 -951986.75 -3320378.5 2156038.5 494566.0625 -2627133.5 -1332606.75 3061513 236211.015625 -230952.46875 -2234901.5 2637990 -2447719.5 -5140769 -891558.6875 -558300.0625 -1241952.75 1789822 4224928 201063.75 10415024 3896436.5 -521009.9375 115374.9375 -2984623.5 -57671.125 -226324.984375 -3090031.5 -3400479.5 1085924.25 458356.34375 1138556 -1267131 -3240811.5 936216.875 3251181.5 -291997.09375 976804.375 -2599703 6542423 3184319 -1430402.5 -3023679 -2776904 2417801.5 -3663450.5 445065.15625 2463246.5 1086100 2791918.5 54429.2109375 6683633 1475035.75 -4006943 790185.5 -3236981 -1401770 3664808.5 -1324988.5 1123704.25 2572680.5 
3194665 -6403508 2066688.25 -744824.125 -613454.375 -499948.65625 -92567.2109375 -2100086.5 -2696319.5 -1836463.25 -3212948 515255.3125 -2569342 614011.1875 -654815.8125 253360.828125 1348274 115888.65625 -2086257.25 2597773.5 3858570 -2651560 -1229834.75 -723258.1875 -5171503 -1486971.25 214638.0625 -1150586.25 1377944.75 -1348544 -1520018 -1637297.5 2833782 3286892 -2087540 900143.75 445342.0625 -258637.640625 1737863.75 -870763.6875 1532083.75 6471541 2700078 -1629924 -5276972 620672.125 -2074852 1074441.5 -2922718 -1540964 -452942.5625 -2149978 -1887417.5 -414345.75 640926.1875 -3955915.5 -5290457 5482863 -3819617.5 -3595831 -3081378.5 -1463821.5 476160.8125 4055400 
-1725747.5 1130545.5 1853349.75 -592840.3125 -4568961 -1337541 -2268763 -1288071.75 1089847 116932.7109375 -1061701 -3982775.5 3492807.5 3138294 3231414.5 -3830989 4527998 -2487509 2434005 1578212 -977363.625 -456715.5 2074056 3529489.5 -3268328.5 2850710 -577644.8125 -287601.1875 -1174689.5 1144669.5 64729.890625 546676.75 -1631983.5 470338.625 -1982450.75 -984993.75 -4377961 -1336234.5 -2814393.5 -1720986.75 -2054678.75 -261815.5625 -1289664.75 -1628421 2919712.5 699567.3125 106972.0625 908111 3314164.5 -3688788.5 -2061775 -3618722 -7876319 -2014300.25 -205286.4375 -6286473 1171582.25 4132129 1257562.25 3924242.5 -511792.46875 748189 4374215 -1350961.75 
1748541.75 516171.71875 289159.9375 2593359.5 -3699830.5 -3120473.5 -2044355.5 224897.46875 2788931.5 -2525920 -2086727.5 895304.5 -2307046.5 -4518147 -2021120 5424778 -2651933.5 2817268 1076247.75 2945420.5 5347511 -2734826 2803003.5 1569921.25 440845.5625 1707614.5 -3534368.5 1241114.25 2818400 1266454.75 -3912042.5 1377845.5 -3889562.5 -5364720 44826.796875 -2004259 -3736058 127910.484375 1233598.25 2963523 1202232 4659152 612683.8125 -278002.5625 -2324913 -2214534 1250218.25 -1556624.5 -172431.28125 -2528656 -1558658.5 -5230146 -1064282.75 930156.125 -2087001.75 -68273.2421875 -1135661 -4850577 1436958.25 2507932.5 1410818.25 -2190644.5 1508005.75 -739678.375 
-2059747 -3828872 -4106679.5 3296358.5 4706071 -2415952.5 -1487003.5 1770647 -1708143.5 316841.40625 3953591.5 258765.421875 -1002557.6875 -3428252 -891185.4375 -645473.625 89147.109375 5901876 2746211 -1892986.25 -5432716 -1960849.5 1778942 42118.87109375 -1086046.5 -639626.1875 -3066228 -1497802.25 -4739771 -1864453.25 2413746 1673111.5 950676.875 -851768.25 4636832 -5217872 -1821577.25 -1966426.5 890621.25 -995176.1875 625213.25 -3636527.5 328575.65625 -1265506 1802048.75 -670354.625 -912375.3125 -3061180.5 -2482940 -3426024 308115.78125 722439.5 -1297551.5 477300.21875 4283987 -640192.1875 815980.375 4303754 2112447.5 204548.25 194775.984375 -473211.03125 3165187 -2227697.5 
3877513.5 -520225.125 2578347 -1300971.25 -3415832.5 1908788.25 1199807.5 -3245408 5987565 -849343.875 -3504360 -5378585 2369485.5 -1897138.5 -2527474 -3325923 4135556.5 35668.96875 1151574 2256259 -172367.6875 -3903948.5 5053921 2069802.5 -1481878.75 -2712986 -2709641 22530.21875 -5172748 -561984.4375 -2979470.5 -452597.8125 -1259104.5 -321210.875 -1713086 6614971 -1351870 -5395.5625 5119845 1945387.75 -2001266.75 1515603.5 -2522074.5 -3977602.5 3003253 -404426.375 649951.625 1979660 -6442442 -4862764 209438.0625 2676121 2217046.5 1825930.25 -4048754 636888.375 -807310 -1513511.75 -1348807 1078867.5 1868516 5473594 -2765752 173360.25 
2324288 2153712 2758582.5 -3233821 -2314202 -3897730.5 149255.65625 723233.875 -1922139.5 -1615682.75 2737937 -568153.5 680644.6875 531883.5 -2211985 4149720.5 506108.71875 1632198 1206498 -2519407 -958066.9375 -460851.125 430200 4049261 1250900 -2616793.5 -575686.25 560465.5625 -5853758 434357.9375 2864671 -1813360 -1678598.75 2110912.5 2325399.5 1641734 -2102390 -494549.90625 7504928 710426.125 -3385367.5 -799284.5 -798441.0625 -1681483.25 -1606437 2269035 -919714 546035.0625 -1344066 1286880.75 -3041608 5342657 -1448198.75 2079812.5 4757894 -2738394.5 228009.125 433776.125 700980.625 2307694 -1222514.5 4570690 1609338 1221874.75 
-756486.5 68944.046875 3317526.5 3404469 -728891.375 -4802037 -4384432 -4870933 81738.5625 -1765053 3372465.5 -3316103.5 54794.6875 -3995050 -5263361 -972139.3125 5196505 2138684.5 174559.59375 -4779948 -2356537 -2280199.5 6680094 1063868 -1489759.75 -1322613 -632857.4375 948534.75 1384440.5 -2589440 -4032529.5 1203885.5 -6290631 2852190 -1215251 -397671.40625 1367136.75 4232335 1198750 -284680.21875 1070561.5 4021927.5 -3663029 -6290232 49505.9375 537338.125 1281658.75 1296976.75 -2902605 -1281488.25 -1160399.5 1937859.75 -10037824 -102163.8125 -3623282 -3892486.5 -2318536 -187849.5 1261195 2264897 -479951.90625 1522214 2864572.5 -2321318.5 
-3618104.5 2787330.5 -292142.65625 2103968.5 1189039.25 1358175.25 -255930.9375 -1145285.75 -2413969.5 -1770813.75 1779669.25 -2015315.75 3418209.5 -2281548 1764549 -1550096.25 1217926 -135384.203125 986715.875 -2714241 -3305048 -1847331.25 260271.71875 2750286 651277.8125 -2930554 767711.3125 2631448.5 1840025.25 -722922.625 2116346 -728957.375 -94940.125 -2775079.5 603515.4375 875080.1875 2626879 852863.0625 -695625.1875 -3421038 -900384.3125 198712.890625 -1148583.5 3025922.5 211508.921875 -3002709 -2809938.5 1665190.5 4969471 -782949.3125 -1264638.25 1443279.75 -986677 3158801.5 -1196388.5 263553.9375 -2095250.5 1709473.25 -1433679 2000383.75 3063173.5 5384047 469235.125 2012069.75 
-1336717.5 1220708 -3030694 876957.5625 -1664145 -3958180.5 116333.1875 -3585036 420860.1875 -717238.125 991177.3125 -2427303 7106374 -2502974.5 -2583566.5 342657.5 2655157 -2098683.5 2843010 1459496 -2462230 -3471400.5 1068918 -2627322 279334.75 3691606.5 -284344.6875 -2559637 -1219320.5 1277886.5 -2276143 -1374284.75 -1180156.75 3188759.5 -4490639 -1549982.25 2296715 3044209.5 -3113114.5 1887879.5 474522.1875 506648.75 -3528170 -491836.5625 -2031222.25 2056783 -5211006 -1123685.25 -2502186 -97723.2578125 989473.625 6507993 -5520636 -470612.21875 2349872 -2615204 591459.125 3129698.5 679737.5625 2177827.5 -395972.375 -898165.4375 1765690.75 -1213227.25 
-345467.5 -2319780 57288.296875 499758.65625 -576893.8125 948863 414733.0625 -2975057.5 -1274672 1143239.25 -3562858.5 800723.25 1519793 159119.640625 -4719167 4227219 294119.1875 -1036243.875 -4458135 -1245656.25 1370111.5 -4375032 3090648 -5583178 -2003293.25 -124290.3125 -50125.224609375 -962008.0625 553017.5 -1735885.5 -739120.8125 1798927.25 996664.9375 -148502.109375 2380595.5 -5372037 -959999.5 2378794.5 6507.625 1923017.5 3311669 1356226 1853917.25 -628667.375 -1816226.75 4383866 1557500 -1750049 -2731037.5 645191.4375 -479639.125 -3366292.5 2402897 1430115 -3705633.5 139742.4375 -1877679.75 -4204927 -1860510.75 2581717.5 -8787310 -668958.5625 -874889.625 452088.96875 
4641935 -512112 1922082.75 880776.8125 -1676381.75 4574251 5477563 484532.4375 3270326.5 1359226 2548650.5 1861301.75 -2362496.5 4985313 -839548.75 3038840.5 -3446294.5 1355468.25 -3238593 -1405469.25 2534529 1612388 -838382.6875 6614871 -3114517 -26524.5625 3060144 3800566 4416998 -2079522.25 537950.1875 1086841.25 2525547.5 3397943 2538632.5 1921605.75 -3391687.5 1411307.75 1763046.75 -4856138 -2959279.5 1933577.5 4504252 1054360.75 1990730.75 -1407513.25 1038945 1941389 -3558086.5 -783749.75 2276949 -231543.28125 1080381.75 1659473.5 785034.8125 -1854590.75 376289.125 -1181169.25 -1942314 -1687057 -3986468 7168647 455016.5625 3626741 
-1147857.5 -73800.953125 -3230368 2123531 3586559 145236.40625 4719572 5446563 -816507.8125 949822 1749834.75 270468.9375 -2400764 -1557337.75 6098745 -241021.125 -4637976 4946968 1799684 -138248.625 -2313002 -997322.8125 5122013 -2066000 2492508 -3351211 -2887125 -1133659.75 2942452.5 -2744295 841203.6875 1456993.5 -3013870.5 -2120617.5 -2989500.5 2149795 -1388099 2515548 2384166 -2139487 1727928.5 -1759462.5 -1619504.5 -2305959 5839076 -1811768 1495222.25 5678491 -4251406 -2158375 3631379.5 -419950.0625 920558 -5783288 -1616333.5 4699832 803546.75 1891230 -3663170 727923.875 4753250 2437488 -2902005 -4170870 
-717974.125 349484.90625 -910771.375 -1513222.25 -2576134.5 -3030637.5 -5335051 3316428 -696599.4375 -618008.6875 -400343.28125 2028379.75 -3381291.5 -795928.75 -948369.5625 1647498 -1291367.5 3189106.5 2948985 -4294867 466857.375 -363706.65625 -1608509.25 6979680 -2744275 -1771095.75 913164.5625 -850997.75 308516.59375 -2089460 -3228163.5 -2025218.75 206109.21875 -140039.109375 -2164695.5 -4249402 -4475644 -2140268.5 389933.28125 -2377073 -1111772.25 -536184.25 58997.12890625 -4207270 -1230395 -2174767.5 -4487526 -3716837 -1763940.25 -941550.3125 -2317384.5 958036.875 -5796184 2121890 4695885 -1572235 -2548789 -648861.5 3957223.5 3675724 1708852.5 -1035183.5625 -2337799.5 3237627.5 
1164138 1718192.75 3029874 30664.8046875 -162770.3125 -3068557 -897631.25 -3003126 2757664 -1933257 3035587.5 1339707.75 -3536397 -3596654.5 -2134708 1299323.5 1774774 -1950042 -1928919 -2258442 -1602462.5 5499222 -360947.15625 1869961.25 1743710.75 3039580 630304.1875 1951950.5 809576.125 3024314.5 -3949556 -77672.203125 -2667115.5 2417587 2763994 -891325.75 2963785 -385018 42738.6640625 134021.65625 1101291 1247138.25 -159914.71875 482686.46875 -1659946 -3314141 275286.25 -2287916.5 2429915 613695.4375 -596345.0625 2147641 -530032.625 -647796.25 278241.53125 -1555152.75 257534.125 -1181891.5 3454494 1673811 -2468184 101849.953125 227363.046875 -2302172.5 
156039.921875 7176048 1938423.75 3529567 -83887.890625 1919828 -1373587.5 -5280755 -645645.6875 -1877653.25 -1303463.5 40159.412109375 -1978409.25 -4141657.5 1604914.75 81779.4140625 4704274 -3362385 -287369.34375 2305690 -3214820 1006177.1875 4286992 -1345895.25 -3342172.5 1860381.75 -104213.2265625 1488637.25 -5226195 4029350.5 194019.109375 -1819964.5 726062.0625 212179.390625 2096129 2406243 1759142.25 -1942233.25 -402794.65625 1616459.5 3394168 -2223409 2008866.25 2088557 5953807 853933.5625 -434193.59375 130984.375 625364.375 -4385013 2627964 -136554.15625 -4587634 3887885 -2810023.5 -244100.625 2051505 -2255407 -1272552.75 -792473.3125 1663230.75 8499774 -3398597.5 3200529.5 
6042969 -239596.15625 3646749 -2144707.5 -353933.5 -2472279 1275010.5 -1506758.5 -2514144 -2255690 -934706.0625 3962700.5 1066502.75 -1084242.25 874552.375 2623602.5 -1690686.75 -2023490.25 -315848.40625 -2442053.5 2047661 474612.75 -1523773.75 2733436.5 -720941.375 -870679.125 -1823525.75 5276889 -5159634 -1076491 -939124.375 -91081.921875 6651374 1687415.75 -788878.25 1943156.5 -557167.5625 3505733 -686914.8125 457740.75 -200441.3125 -6539812 -1077880 901339.125 -2660013.5 -4414094 1351837.75 -2290718 4779479 3465113.5 -5748116 3085882.5 -3008871 3351494.5 6058969 -2773482 -2540473.5 3948522 -3097962.5 -1540029 -692752.0625 -865434.25 5008979 619987.5 
-6443172 176259.71875 -330237.90625 1019780.1875 -825214.5625 1801623.25 3327724 -250499.25 2976919.5 -2360548 3443105.5 496786.0625 738716.25 -1969551.75 424505.25 -2041767.5 -2972362 -1114690.25 -353891.15625 -3368532.5 4724837 1773609.25 467513.1875 -1968752.75 1881625 1787294.5 -837739.6875 -5202764 561170.3125 1462588 1173317 -151997.1875 758426.75 -122883.953125 -1366166 -886123.25 3350144.5 2391266.5 -419057.84375 2359846 1156765 1822833.25 -1669263.25 3300797 2220035 2409100 -4350528 2288163 -578264.625 1176092.25 2033694.25 1141301.75 8463390 2975004 1810047.5 3165584 -1786717.5 -35384.6875 1824658.25 -978359.5625 3885449.5 -2469614.5 2693259.5 -3574062 
622372.125 5425775 -832237.875 -4817140 -1331839.5 5238415 911432.375 486277.5625 -2835895 1662730.5 3075407.5 -6066796 337242.90625 7663397 3077689 3858865 3845585.5 929012 760608.625 -389166.34375 2084656 -946398.1875 5135974 -880088.625 -3428942 -6152840 206712.5625 2410116 -2945076.5 875204.625 1560746.75 -329841.21875 -2366213.5 583836 -2333127.5 7248734 -650959.625 -3087917.5 -580731.375 8708344 809541.625 847490 -1376238.75 438406.8125 473164.625 5702223 5112527 378617.3125 955470.6875 2593050.5 -2813273.5 1505530.5 -2711545 -1414216.5 -4250608 5746183 2231176 -754784.375 -790628.25 2079272.75 6602896 -123621.296875 1514262.75 19705.59375 
1562485.25 -2786443 461785.71875 -3467462 -400827.5 1318864.75 -2847887 1613270 -4473387 1815577.75 -2886494 987830 -388428.0625 -2345997.5 1906600 -2204050.5 -1800173 -1554936.5 -2347905 251690.875 -3493963.5 429770.9375 1911947.5 -3249578 -41024.3125 -595269.5 -473348 731744.875 1645357 112711 -1253180.25 -1171011 201667.6875 -1554639.5 1135158 11894.5625 -2945746 -878485.6875 3655008 -2874626 2054201.5 -2999705.5 4409590 6080635 -198626.4375 -3783801 2206298 -2126847 2007085 308460.78125 -78839 -3001490 1145404.75 -2148198 1365402.25 2918268 -3257835.5 2186465 971919.75 5204695 -1993241 -2756268 -5119740 2608277 
