10 10
-147.19821929932 236.26486587524 -189.46238708496 -157.60497283936 -143.47031021118 242.18226051331 -68.0745677948 -162.19527435303 125.51218795776 -59.251459121704 
4.1722334623337 116.02265167236 -178.39595031738 -9.6953240633011 60.372528076172 353.1328125 -56.150696277618 -245.98642921448 -39.517637252808 -46.460661411285 
46.874389648438 -31.527067184448 -69.63293838501 33.826845169067 -140.27763938904 -143.0555896759 25.293869972229 19.857452392578 35.316410541534 -4.3577249646187 
-56.473809242249 -59.041348934174 -82.349905014038 -197.50282287598 -198.49405288696 -73.705263137817 40.479326248169 -53.48354434967 -42.16418170929 -115.1425113678 
139.75312042236 -70.408946037292 101.19504165649 135.63951301575 77.671259880066 -111.43515110016 80.502051353455 39.423512458801 -53.49708366394 42.393987178802 
-3.017982840538 -35.352632522583 100.90796089172 30.932386398315 17.148405075073 9.2837438583374 127.05411148071 -47.853611946106 19.10240983963 31.477502822876 
92.813420295715 4.3610945940018 -63.030282020569 201.63882637024 151.93581199646 71.520994186401 -74.547088623047 -107.08256912231 -13.881002187729 20.238362789154 
1.6013864278793 78.023162841797 121.30712795258 -23.971603155136 146.95074081421 175.65528488159 50.868112564087 -41.013902664185 3.6537348031998 -37.647662162781 
117.10618591309 141.60167121887 -36.962162017822 44.725166320801 -45.995774745941 135.5988407135 10.19784539938 -9.8944082260132 43.375678539276 15.137987136841 
11.005979895592 -49.141659259796 22.517073869705 64.925275802612 -153.11693954468 -155.31020355225 167.81348419189 41.739915370941 0.045157432556152 -4.8579342365265 
