16 16
111395904 218802624 -116971424 118974208 57646304 129298016 -35005408 6564248 7136752 -47281440 -102510400 -282298624 -49509600 3403626 -43517216 -151698112 
-88071232 169813376 -6089840 -27025280 -31575064 139956160 226428864 -77936736 282567680 20722008 107565856 130802624 -83040512 -31850672 112968672 161677632 
-119426880 54694368 82611200 -180404544 -124210336 78593088 28518928 -106056256 9922448 -239348544 85565632 21743864 -52053840 79084448 20525752 286278912 
244460736 268463872 54996864 -66684640 283628544 -222954176 118607936 29600088 289656832 -17594848 -106276128 102910976 5021658 -211821056 -39253936 -81283680 
235791168 -93556544 57574560 88530048 93520608 -74265376 8509552 81585280 -205767168 73879424 -98296960 -46699344 231148864 20568280 -133533632 -124953760 
102692096 15474336 92224608 14055418 -136553152 -16407228 59058064 119089216 42648896 -7436659 -111496384 -33118800 98634112 2927343.5 -104078848 33248168 
-58887296 -54359712 -82472224 -53524000 130042496 -237545536 10935744 -28383568 91485664 46143664 32167008 -68400448 18206432 -148977984 -133822784 -160557312 
-156941440 101143648 -9402608 201191552 -132293984 177467520 -87426752 299128576 -103997056 148327872 -49840544 -221547648 13452496 88232192 186020672 35964192 
149711616 37632256 -168735488 77079648 -28579408 -95488032 -29760872 -173840768 -744340 42901888 120544608 -35138416 111656672 -156632192 57904064 -55890384 
55119600 -72368576 -52768304 88073440 -135526912 23079976 42694448 -61248416 -17003640 126749120 -55297056 24337744 36743376 -25344208 102879360 272788 
136936576 38809008 -35141472 -13798384 77670240 2546399 -221027456 139289856 -105484928 -12962408 116249536 -51589920 130058688 257657472 -15317668 -205614016 
-124698240 127433120 203159616 -35013920 -204242496 201669568 99594720 -51610128 50522432 -113448320 -118262400 109614528 -18898512 72178592 39998336 -42053680 
-24229600 -126690272 61317792 116035680 -259965376 227023168 19676208 -267328000 -103951040 -13918392 -5418840 -16319264 -80449312 -7842521 223227264 27175424 
-35979104 -24572560 25568976 11765312 -38749120 -46939648 -99837408 -149343488 -144844480 -163405248 133060928 314809856 185876352 -62842336 72252864 104152064 
112799200 -331734784 -239980864 -157384896 23896480 -266208768 -163639296 -93095360 134530432 -10539560 137053824 105619456 140830976 66952896 -69191616 68675264 
-175197824 -186132160 97684576 -81173952 -116015360 27177984 -23207376 22098800 -56258592 87786720 60254448 306935296 112809376 29915808 4757543 91107008 
