16 16
-7.762246131897 -35.085704803467 -233.49950408936 284.51013183594 18.800115585327 46.269864082336 17.788044929504 -115.13158416748 46.26771068573 208.01519012451 -32.493496894836 10.735042333603 -134.3568611145 -175.63775253296 136.3470993042 143.00081062317 
-167.93297576904 -88.540787696838 -7.7860441207886 181.24409484863 82.995229721069 146.97346115112 -101.04635906219 -27.562565326691 -373.1330871582 -231.53112030029 238.9958190918 170.11077880859 101.50113487244 107.5834646225 186.60740470886 -97.150189399719 
86.938390731812 -54.115480422974 146.69060134888 16.873219251633 -19.025332689285 -138.74331855774 -102.14193820953 31.587773323059 -118.61660289764 27.320806741714 -162.55932998657 -160.01421546936 188.21218681335 -0.43388378620148 -18.645796775818 98.831644058228 
-147.34979438782 -80.827651023865 59.657243251801 -2.248016834259 -39.992546081543 -27.239200592041 -51.101993083954 -95.23983001709 0.8314851783216 -56.646553039551 217.19154167175 203.59652519226 -78.462229728699 -74.011547088623 142.96227836609 -119.14334774017 
-334.79297637939 -199.3717212677 -189.90672683716 73.429047584534 112.85971069336 311.51566314697 85.989633560181 -102.82579135895 -316.90605926514 -103.76093006134 70.278407096863 108.80159759521 -127.93704891205 -53.240606784821 39.40062379837 -210.20272445679 
-41.853590965271 -53.437406539917 90.29644203186 21.769375801086 203.59165000916 13.751316070557 -119.2714214325 -77.959664344788 -44.217107772827 77.97084903717 -243.57761001587 118.30394935608 198.50054168701 117.97283172607 5.5870978236198 -80.927286148071 
160.50542068481 124.25527572632 54.151865005493 318.07992553711 205.63431167603 5.4462859630585 -20.425664901733 93.079128265381 1.7757225036621 -54.55765914917 90.150880813599 186.46481323242 -112.3104763031 -14.801150560379 308.37367248535 -85.496538162231 
42.77206659317 -225.16297340393 225.71111869812 45.49364566803 -30.27530002594 -167.61702346802 143.34655380249 -170.32598495483 -62.240447044373 86.331685066223 11.972819328308 77.690746307373 -29.375809907913 -309.42002868652 150.32259750366 72.086938858032 
164.55673599243 226.16903686523 43.131751060486 -105.72717952728 -235.35979652405 -45.316431045532 -63.473257064819 231.00121116638 269.28099060059 30.874469518661 -3.0874557495117 -159.657371521 103.89986991882 127.76907062531 -58.606993675232 -21.237071275711 
-93.676290512085 -39.133240222931 -92.049801826477 -163.66256523132 124.71398067474 -52.094354152679 305.64903259277 -133.75556945801 -24.419301271439 -35.170957565308 -80.31685256958 356.00909423828 -262.18154907227 10.938753604889 47.165037631989 -237.07851600647 
183.87660217285 112.43894863129 196.52825546265 93.686665534973 -43.724843025208 -137.08755874634 33.781725883484 7.4891228675842 66.423888206482 32.294706821442 20.617722034454 89.481974601746 -60.095001220703 32.708565235138 232.58043670654 66.026731491089 
265.46714782715 160.59691810608 286.7103805542 -31.260413646698 -196.98300933838 -349.68035125732 116.18654823303 138.33496665955 327.59275817871 222.17819404602 -117.84537220001 -73.453326225281 -38.664083957672 -134.12154388428 60.241391658783 189.91497802734 
-91.480856895447 0.41362619400024 75.361135482788 -22.790869235992 16.663258552551 212.15775680542 -269.83341217041 -25.72425699234 274.02005004883 262.29995727539 -107.46548271179 -190.67336273193 74.346063613892 -54.828144073486 -1.9146530628204 126.73152351379 
185.61240386963 86.935342788696 -37.377102375031 35.463852882385 -53.651078701019 -79.797483444214 113.81759929657 159.60326385498 39.005249023438 -124.3047876358 138.86479568481 99.69261264801 26.541770935059 -50.3773188591 232.59076499939 -53.642553806305 
203.52006149292 -36.464031219482 -80.518363952637 165.0237903595 -57.521916866302 -66.976474761963 191.02955245972 -105.92714595795 -110.51860046387 222.99242401123 -366.84768676758 -107.37285900116 115.04581451416 14.863452672958 -47.986671924591 128.42042922974 
-284.70500183105 -29.548152923584 -88.82493019104 -45.438246250153 130.16003799438 54.835862159729 -39.489596843719 25.668513298035 -109.8258228302 -46.039472579956 33.444055557251 67.149335861206 -276.86142730713 29.299904823303 -29.358643770218 55.30172586441 
