16 16
-11580.391601562 -30375.990234375 -9008.54296875 -6419.0126953125 13814.458496094 -10590.434082031 -25152.064453125 1244.5668334961 -4554.1511230469 16915.96875 10188.490722656 -11617.668945312 14411.274902344 -838.40676879883 10518.120117188 11377.161621094 
37075.568359375 -11367.199707031 -8401.5424804688 9464.3002929688 11506.125976562 3735.9212036133 -23200.666992188 -7322.2058105469 5809.6826171875 -28153.69921875 10346.354003906 -19603.58203125 -9645.5556640625 1281.2229003906 31306.44921875 19999.930664062 
3346.5137939453 -8283.0927734375 -18761.08984375 -4947.8645019531 -464.61097717285 1856.6561279297 -17778.05859375 -2820.0326538086 -8085.1711425781 -6424.3823242188 -6804.7219238281 20496.21875 2795.6094970703 10189.941894531 3420.0864257812 20772.981445312 
12877.353027344 1561.9384155273 -29768.424804688 -8035.1206054688 -7801.4714355469 -1542.9820251465 -6871.2351074219 -8293.951171875 -25842.452148438 15462.3984375 -11314.611328125 23286.458984375 -7105.7561035156 -6.595458984375 1589.5399169922 -5184.423828125 
10762.81640625 -26540.291992188 10727.603515625 -8573.314453125 -8462.3979492188 22690.138671875 -3716.2525024414 11200.324707031 -10999.018066406 -10897.504882812 -18858.076171875 10310.167480469 -13145.600585938 21688.916992188 -15278.551269531 10632.201660156 
-2347.2794189453 1712.4068603516 -3536.7780151367 9700.3696289062 8864.86328125 -16234.352050781 3176.6379394531 -6072.4975585938 -17499.5390625 4972.3735351562 1841.8200683594 -3785.90625 -4139.6298828125 -14787.704101562 -1096.1932983398 -22129.627929688 
-4615.1696777344 7143.6560058594 34742.294921875 -40016.72265625 -26528.349609375 8774.076171875 899.6103515625 14471.484863281 -514.2578125 -9394.0336914062 -9166.9228515625 -2912.6560668945 4499.810546875 10981.185058594 -43390.9140625 21739.03515625 
-9412.4521484375 -15214.916992188 -33687.859375 19512.815429688 29373.9453125 -24702.177734375 -9147.7172851562 -9893.55078125 -3507.7751464844 12935.268554688 20945.831054688 -566.10717773438 21808.416015625 -22408.830078125 25382.499023438 -1703.6240539551 
-15019.620117188 13362.785644531 3322.4011230469 -863.75024414062 -20066.529296875 -2830.3246459961 19728.483398438 2135.9830932617 -4292.2353515625 17761.908203125 1518.3910522461 25074.36328125 380.29583740234 -12652.146484375 -15206.075195312 -20015.591796875 
3551.4144287109 14125.9375 32857.03125 -3101.7357788086 -11665.033203125 12695.098632812 -10791.504394531 11530.410644531 31778.274414062 -21451.40625 35172.806640625 -582.978515625 -6887.2414550781 20416.5625 -218.16116333008 9904.4291992188 
-15317.942382812 12147.299316406 -6853.255859375 -5888.255859375 -26980.486328125 -16999.418945312 26307.223632812 4240.5026855469 -4324.9572753906 5444.2265625 -26507.556640625 24331.064453125 1852.6747131348 -4518.8264160156 -10310.490234375 -6089.5961914062 
9912.3823242188 -13750.5625 11162.701171875 -16643.87109375 3127.1113891602 -5396.2275390625 -16985.348632812 5961.0510253906 -5294.2158203125 -6263.89453125 -6341.7919921875 -10711.098632812 6849.0522460938 5737.7312011719 -21353.853515625 18429.635742188 
-15130.570800781 19686.715820312 1516.8573608398 27573.970703125 5430.7026367188 -4288.9077148438 12003.960449219 307.65846252441 11386.396972656 13723.145996094 22687.099609375 12679.221679688 -3340.2244873047 -17761.344726562 19085.463867188 -20220.474609375 
-14835.856445312 14858.187988281 2722.9437255859 -1238.2799682617 14307.44921875 1420.8470153809 12748.530761719 4808.0634765625 -18438.708007812 10427.888671875 -11417.210449219 8806.94140625 -1676.5532226562 16584.154296875 5509.05078125 -16735.85546875 
-2664.4205322266 -10520.596679688 8059.2321777344 247.57153320312 2506.5313720703 -2005.5887451172 -15210.998046875 -4315.9660644531 17288.8125 -18803.619140625 -13016.229980469 -17639.571289062 -15725.660644531 30792.108398438 14415.280273438 3089.7291259766 
16294.522949219 27350.743164062 -1228.4317016602 15160.30078125 7226.3562011719 1448.6072692871 -7463.6960449219 -2065.0295410156 -2253.4586181641 -2976.8989868164 33379.99609375 18345.3515625 -5450.8996582031 -1675.3989257812 29068.482421875 -12780.29296875 
