10 10
1.7443836852908 -0.64008093997836 1.6157017722726 1.574409738183 0.43943490274251 0.59638505429029 1.6447205320001 -2.6117477118969 -1.3405063152313 -0.50140786916018 
1.2246063947678 1.9620689228177 -0.064210655167699 -0.39183607138693 -1.0362688452005 -1.3139604106545 1.9208966940641 0.41896521113813 -2.3597301393747 0.12775222212076 
0.61809298396111 -0.21383456140757 -0.94525032490492 -0.7588337212801 -0.34723526239395 0.19377726782113 1.0552015081048 -1.1026232764125 -1.1911068111658 -0.2039464879781 
-0.43339625373483 -0.90082610026002 0.26658419519663 -0.35400686971843 -0.4604159668088 -0.002902012784034 -0.64083805680275 -0.93580994009972 1.402482457459 -0.16642920300364 
-0.28137289360166 1.0825376883149 1.3778277486563 0.39151010289788 -0.97041300684214 -1.3336285129189 0.9190765991807 0.16379736363888 -1.3729419261217 0.63922115042806 
-0.05915904417634 0.47835067659616 -0.85790415853262 -1.1110655814409 0.41223508864641 -0.93079049140215 -1.0278375446796 1.797067835927 0.80803846567869 -0.7802465967834 
-1.2475264444947 0.97744120284915 0.038883551489562 -0.024975407868624 -1.8987400457263 -1.2019581347704 1.0710760951042 1.2229796797037 -0.28289444558322 2.0506570935249 
-0.5056969076395 0.51207393407822 -1.3108648657799 -0.52906788513064 -0.25173643790185 -1.1894486248493 0.32929064892232 1.6927571445704 -0.40302583761513 0.8119780793786 
1.7560981214046 -2.4289638698101 0.16019033826888 1.8643581345677 2.5196848809719 0.98211416602135 -0.15047302749008 -2.6685717850924 -0.76946872100234 -1.3730829060078 
0.99947368726134 -0.1734127458185 -0.55255647748709 -0.24988351762295 0.072878573089838 0.49046252295375 0.96534295380116 -0.95461574196815 -0.55178995802999 -0.67329077422619 
