16 16
-100791.9375 -2300858.5 532700.5 39260.1875 -1597209.25 -1782364.5 2015389.25 -123432.25 -3251498.5 -637137.625 1785948.5 -1707322 -1350200.5 2107993.5 -541644.5 -1106551.25 
1873949.25 -805432.9375 827966.5 -468447.84375 -132085.421875 474313.96875 -1755592.75 1420680.25 2530675.5 683063.25 559726.375 80307.84375 -895997.125 223314.375 -689594.625 1521281 
-1160291 22372.25 1929603.25 1055402.5 1363074.25 -1995604.25 -954029.25 176748.3125 -130198.53125 1022451.5625 463424.09375 -562644.5625 378383.71875 -863982.0625 472624.46875 313061.25 
-350086.21875 -248555.640625 -1280622.25 -1204097.75 462379.40625 -245191.3125 -666257.875 -3455720 2270423.5 63070.908203125 -3265426.5 3442773.5 2386770 -2049132.75 1041318.25 -560021.125 
84120.375 -85893.1875 -1290974.75 1531722.75 85330.625 -1142792 -1015558.9375 -1097909.5 -533969.25 1000927.8125 -1365982.25 -292664.65625 1944759.25 -34112.515625 155215.984375 -1248189.75 
145697.6875 -492245.1875 1514105 -192327.125 -1621860 -1659767 -1106196.5 -1429432.5 -199432.15625 376115.125 -1449962.5 2568043.5 -213327.125 -710241.75 43218.125 -1930483.25 
-893443.5 -1727539.5 486652.375 -285541.9375 -947097 -1256640.5 -386766.28125 -1861004.75 -1271723 -1034375.8125 -1351934.75 796010.5625 -490034.78125 65715.7578125 312231.96875 -447213.5625 
-2074078.25 -269635.1875 372058.3125 131793.6875 701020.1875 -1548876.25 821627.25 842308.8125 -1923632.75 -1447671.25 607433.9375 -1026111.0625 -2190024 627337.375 1274725.25 -1136344 
234462.859375 359134.1875 43069.8125 -2449091.5 -1220216.5 1128046 412105.9375 653494.5625 866096.125 -977302 649571.4375 213213.875 212271.625 -856914.3125 1283027 924514.625 
-2136926.5 268601.875 553080.875 -521864.8125 -713742.6875 -1227060.5 268896.78125 -916371 -1005641.6875 -989714.625 -1818585.5 9340.1982421875 -249119.125 -696647.25 867761.6875 -2990810.5 
1606558.25 460647.125 657390.3125 460875.40625 -2845469 1098664.25 -2433012 370563.125 2107229.5 574188.4375 -1446940 2380932.5 -119790.4375 -994771.875 660758.6875 -97022.625 
-440815.21875 717913.5 -605530.25 -1630604.25 835390.25 759093.875 -9244.9375 1098073.25 787175.1875 -1394605 993431.25 -118021.15625 -1613813.25 256579.375 673965.75 42021.09375 
-1155468.5 929092.5625 -1152149 233325.125 -231927.03125 -367602.28125 601919.75 -1234615.5 -2586040 458865.15625 -895634 -1616097.25 -523148.09375 1108723.5 -1624426 -2720702.5 
207222.0625 -128414.25 -76140.4375 255254.4375 -1075685.25 -528192.6875 433969.9375 817494.75 -1297375.75 271633.375 1161239.25 -2184957.5 -611912.5 845684.125 -261580.8125 -1047008.25 
1684288.5 -1958382.75 614571.5 1566934.75 -849536.125 -595140.5 -1296883.25 183551.8125 -497721.1875 300357.4375 -2139047 1565225.75 -2716259 1488150 -528041.4375 -396440.5 
-79635.9765625 325827.875 1826280.5 1638248.5 298060.3125 280359.53125 52790.4140625 753234.75 -853977.625 1057639.75 -670016.875 -1108446.25 -1099642.75 165846.953125 -854410.25 -24264.1328125 
