16 16
0.55305058509111 0.170136295259 0.19228743202984 0.95826882869005 -2.6316284835339 -0.38570200279355 -1.2802345007658 1.6954573169351 0.086222634650767 -0.35163340717554 1.730187498033 0.11209284327924 1.4036958143115 -0.81186713650823 0.54827018082142 1.4983678683639 
-1.7739846259356 -2.4512199014425 -0.056449584662914 -0.32311231642962 0.10312441177666 -2.0213246941566 1.1322232484818 -0.1640656022355 0.73067143931985 3.1272077709436 1.5045548304915 -0.74580245837569 -1.184665299952 -3.4089897423983 1.4694577753544 -0.65325921773911 
-1.0266824066639 -1.2189744412899 0.62318726629019 1.6210609525442 2.288100451231 -0.20040659047663 0.7991987913847 -0.88577698916197 2.1195088028908 -0.060883861966431 -1.1297911703587 -3.0331130921841 -2.3465618640184 0.27789149433374 -0.23395430948585 -2.6872570067644 
-1.2502462491393 -0.31995396502316 -0.21329928934574 1.1742691770196 2.6695481240749 0.15220868960023 0.52161145955324 -0.41008435748518 -0.24303515255451 -0.64454785734415 -1.4068667814136 0.14502775855362 -1.2012518271804 -0.29758480191231 0.17128540202975 -0.61940898746252 
-0.42211592197418 2.9969436228275 -1.8803769797087 1.719103358686 1.8349857926369 1.3180158734322 0.90483980998397 -0.059997167438269 -0.57081789523363 -1.1842845007777 -1.3315789699554 -0.80826562643051 0.59848001599312 1.9893946945667 -0.069483883678913 -1.0730900093913 
0.41066813468933 -0.83657538890839 1.8461781591177 -0.9152267165482 2.3410252183676 -0.48003339394927 -1.3281036391854 0.59451039880514 1.1516425311565 0.9841027110815 -1.4975859746337 -2.907626837492 -1.7954645752907 -1.267600685358 -1.5771072804928 -1.7345565408468 
0.8753564581275 -0.40567564964294 -0.32754293456674 1.0833690688014 -0.7249621078372 -0.84099271893501 2.7148272097111 0.039602104574442 3.0370627939701 -1.4329389110208 -0.74211900308728 -1.1166512966156 -1.3859642297029 1.6366194188595 1.1717781499028 1.0837323218584 
-0.60987428575754 2.0077137947083 0.71215295046568 -0.34982506744564 -0.1433713119477 1.8907707929611 2.3063823878765 0.68420903757215 -0.4208867456764 -0.22569614090025 -0.38687259890139 -0.50558754056692 1.6684475839138 0.32864555902779 0.44340482540429 0.98074093461037 
2.0265724807978 -3.2381524592638 0.21614239923656 0.092308344319463 -1.0263600051403 -4.3338238894939 -2.7744112610817 -0.79810978844762 0.4941553492099 2.2887073457241 -0.5876400321722 -0.3236047681421 -0.83010755479336 -2.0838135182858 0.13815516605973 0.37345179542899 
-0.31838992983103 0.52670857310295 -0.075023418292403 -0.06030804477632 -2.6384302973747 -0.088694237172604 2.9534544348717 -0.036798411048949 2.1566125750542 -0.57754556834698 2.2834243625402 0.62124006822705 -0.93249496072531 1.1200678125024 1.1018312349916 2.8637469410896 
1.7647021189332 -0.441262524575 0.20822395384312 0.67527962476015 0.42595939151943 -0.6024131141603 -2.7219856232405 -0.69641784578562 -0.32425044849515 0.12817397341132 -0.12539431452751 -0.07756505580619 2.2771469652653 -1.0924707651138 -1.3096221610904 -2.9383287727833 
-0.13395037408918 1.9372361376882 0.67443665862083 0.29961960203946 2.0349654704332 2.4938176423311 -2.1845671385527 -1.5182907879353 -2.5269788205624 -0.78478968888521 0.11577707901597 1.0385637879372 1.8762194439769 1.1133414208889 -2.7429957538843 -2.0507342815399 
1.301245354116 1.4132970944047 0.03046621568501 0.89873874559999 1.487333342433 1.45549980551 -1.2963140308857 -0.46478710509837 0.36930406838655 -0.51647649332881 -1.1044241935015 -0.37556318566203 -0.20434415247291 -0.42181124910712 -2.2520394176245 0.94924020767212 
-1.1012061089277 1.5851433202624 -0.73869282379746 -0.83625852316618 -0.33301137015224 2.0199698656797 0.85458886250854 -0.36272362619638 -1.1883782148361 1.4291466772556 0.90882778912783 -0.63935816660523 0.8359714075923 0.69109578430653 0.18647383712232 -0.50989812612534 
2.4677759259939 -1.7573371380568 -0.56766115128994 -0.56899742782116 -0.9826563000679 0.39834969863296 1.2629018202424 -1.701156206429 1.4493660107255 0.43970494158566 -1.458483889699 -0.83416487276554 -0.13541685603559 0.43527172133327 0.24171656556427 -0.3267374727875 
1.4271988943219 -0.18436261638999 0.88989096879959 -0.31555089354515 -0.89929834753275 -3.5013672709465 -2.5299272835255 1.0941201299429 0.58253587037325 0.48413430713117 -1.0676840692759 -1.2416121438146 -0.67362934350967 0.079785250127316 -0.39822745509446 1.0535534620285 
