64 64
-4854597 -3013555 -1774484.25 -3298106 3880925.5 1064751.5 -3210188 -4603085 2602399.5 1567503.75 -3534833.5 375577.5625 -597837.25 -1023269.6875 -1833052 -77392.3515625 -425787.40625 1078067.25 373544.28125 -151133.609375 -1041259.9375 -1977388 4452334 -3564583 2982065 765901.6875 3703646 594727.5625 1188706 1516239.5 -2993369.5 -1645344.5 -1276748.25 -2141370.5 2382960 2601780.5 -1340405.25 2446060 -2608644 -5020663 1198193.75 -6122776 -8630836 -3727931.5 -3645115 55558.3203125 -1215043.5 1467084 480652.5 1292122.25 -1288019.5 146573.78125 1504079.5 -2629102.5 1789296.5 -193492.328125 397835.25 3568188 -2168075.5 2613876.5 603388.375 432430.53125 4050711 1979798 
375344.125 -33132.0234375 1220935.5 4107914 1535248 -183658.265625 3706610.5 -1495200 -105315.71875 1835218.5 -87298.53125 1300859.5 3819758 350528.59375 5808027 2725502 -2131130 -6111653 -6513848 21890.234375 551926.5 185310.828125 2297765.5 -3247192 2107951 -1550852.75 -1998258.75 309889.5 -3402213 3494907 2548673 4527288 1502201 3518423.5 4401212 -1422012.75 -1040774.75 2975399.5 6021541 3640728.5 4326241 2101206.5 748570.9375 -1437084.75 6223860 509679.3125 -877888.5 -3199590 -101874.6640625 -3470922.5 2615831.5 -5770659 844481.625 2016505 -1934282.25 -813985.625 -5442705 4921923 1039005.25 1232088.75 2004005.75 1634746.5 -1728883.5 1226567.25 
-2063563.75 -2915165 2017839 3866502.5 -2559933 2351408 -2229566 -697475.5 4569379 -1533319.5 -2237591.5 -977681.625 3030987 1247919.75 -5545281 -2633472 -2621218.5 -513172.96875 -847117.25 2842662 4643153 -2183192 2229128.5 -1037073 -364457.375 1467267.5 -5183818 -1134123 -2731355.5 4241357 -623488.375 -3498321 3024350.5 1413389.75 -4403009 3699532.5 -1145066.25 532942.125 3024606 -875859.375 1206973 -344865.125 1223586.5 -1060764.5 -5622374 4211727 56523 -139856.9375 3405546 2217443 2555357 -2003683.75 -1660928 -2725047.5 1548634.75 -3592196.5 -1782621.75 2024459 -1871576.5 -2029024 -4336570 -351381.71875 4275578 3274192.5 
834646.75 516499.4375 -5890174 -913451.375 683066.375 1561798.5 2052183.5 323030.125 -1605154 1790994 -3322449.5 4361164 -120732.625 3972369 1361439.25 -3003066 419959.4375 1793391 -6391557 -1808267 -2715824 2383983 580646.3125 -491259.59375 2091217.5 -1441436.25 1181301.25 2657587 -632257.75 398476.8125 -609911.125 -1142410.5 2106316 -163697.375 2176815.5 -3187337 -2935662 -344972.1875 2702386 -3891735.5 336567.375 2283121 2523864 -553773.375 -1969353.5 850190.625 -1976476.5 -2950264 5012649 -3543810.5 -4723518 -787441.125 4689340 -1192334.25 3759249 -1438136.5 -3280651.5 704871.0625 394651.84375 -5749027 -3589399.5 1925144.25 -1466.125 -2715156 
-3286497 -5068352 -2221392 4116517.5 3005145 492299.125 -679121.5 5931600 1948170.5 -2918669 581065 3233163 1071117.75 -3984358 -804716.9375 -4692683 1292722.25 1075315 -795312 2151508.5 -3240894 -216270.5 -1661760.75 -2037772.75 -47802.5625 860881.625 -149408.59375 -3853424.5 2530912 -1923274.5 2308858.5 1277562.75 -1074687 552877.0625 3349622.5 6067571 3605509 -5470688 -6182719 -616599.5 3636526.5 -182654.75 -847585.625 1989169 994377.4375 2066306.25 798030.625 4911337 6315422 3077745 530856.875 -1956774.75 -2345420.5 1894874 80590.46875 95387.03125 -277321.4375 1742363.75 1394873 -4187356 -1407870.75 -1942602.5 -2205121 -2852693 
-731169 -2312027.5 2293100 -428819 1742654 138485.46875 -1552551 1667067.25 270668.75 200223.34375 3689096 3103010 244432.125 -2328896 546380.5 3824456.5 -409034.375 -1532014.75 1149007.25 -358858.125 309745.0625 -3275077.5 -429600 2960467 -2884686.5 1050078.5 -3684421.5 -3395284.5 -639598.75 -5602958 4541167 2355903 -1458494.75 -473469.25 -256317.3125 -2024603 1303555.75 2213289 -675890.375 -111946.015625 -2284477 -3121791 3998998.5 -4326194 3211023 662029 4098215.5 38561.640625 441972.6875 1408797.75 2134885 694620.0625 -3554464 -635710.5 108041.4375 1172085.75 -3028694 -3188618 1285670.25 3048236.5 -1227897 3659265 25701.75 -5662170 
-2999802.5 195827.1875 -2837129.5 1054912.5 -1453498.5 -6254009 -784557.4375 -1311420.5 -16805.125 6067488 -1945434.75 -1090950.5 1448652.5 1550545 2468022.5 3790998.5 -1514798 174313.640625 -1997812.75 2612283 921889.9375 2646207.5 2343415.5 1408892 -5840617 1514726.75 -626450.375 3517234 898260.25 -1382467.25 2550280.5 2445605 2600622.5 -2612395 -371220.875 1922757 1684626.25 -369878.75 -1382871.5 3169524 -4728198 -677312.4375 -1651582 3230178.5 827573.8125 -4139255.5 3629738 373353.65625 3292088 -3364728 -2670902.5 2681606.5 -5063735 1527197.5 2306878 -2655845 3572027.5 -2390326 -1680928.5 -17491 143375.28125 1654930.5 4706214 -2565222.5 
1297690 3023311.5 -520802.25 411250.25 353563.9375 -1049571.75 2891581 -1546707.25 -1723136.5 -4745671 2483598 2400203.5 -1878709.75 1559779.75 -2548449.5 149536.484375 3605322.5 -340050.4375 1402657.25 2797132.5 -6304521 5134637 -2001301.5 -209703.125 3342130 3910133 1137622.75 -1016953.375 -4012266.5 -3562567.5 -791171.0625 2033757.5 -1270760.75 -3972940 278182.625 -2309093.5 3629144.5 -5756178 -3227772.5 1347109.75 -1207808.25 3031280.5 1382328.25 -173459.0625 -763151.5 -415200.40625 2981616 306904.9375 1042477.375 2392664 -76964.4375 -367927.6875 473951.15625 2721616.5 1478700.75 -56205.9375 1846342.75 -1290240.25 -1616609.25 1473904.75 103035.5625 -3482229.5 -4210295 4201244 
-3986572.5 5445910 -8292188 -1320813.75 -478211.125 498340.625 -1642097.25 -3598203 -3884173.5 -1866253.25 4732293 -3686611 5307323 1305132 -3195426.5 -458732.71875 968996.8125 2566827.5 -1835268.5 3068223.5 212612.03125 -1527733 4870192 2335810.5 -736967.75 -546932.4375 3652460.5 -3012563 6474809 -771681.9375 118154.453125 999788.375 -2201502 -3057797.5 -3356332.5 -2432079 -397137.3125 -4756951 -3996092.5 250455.15625 -2695054.5 -2469796 -35267.0625 3663326 -2934087.5 -52849.984375 -1553767.5 -568713.4375 1473991.25 -672677.375 474249.46875 -2429510 -4262904 2537887.5 -1140989 -1613677.5 4805548 -1632367.25 -2216059.5 -700009.9375 -6477963 -3670503 166387.65625 -90389.15625 
-3599498.5 -4993716 4658618 2762454.5 1274358.5 1275380.75 -5524923 1052487 1471796.5 -872760.875 2194801 1315809.25 -2334573.5 -2960494 -1037096.375 -296399.875 -3680052.5 6004260 -3370305 5795742 1327144.25 -4783248 4646452 -910429.875 575645.9375 4081035 -2411301.5 -2261123 3043811.5 -470608.5 2554857.5 -5495911 -2946841 2761488.5 183690.1875 1858582.75 1726617 -6035103 -2145470.5 365076.125 -98842.0625 -3763659 2732790.5 1048702.5 -4609425 -671964.6875 5114461 3478959 4416622 143061.1875 -1000107.4375 -2583497 -2862869 -3495091 -508689.3125 2085917 -4456534 5760593 1994118.25 -5608083 1279072 -1966259.25 -980809.75 2630034 
2715530 49774.859375 4486423 -1969657.5 -787847.25 344735.40625 341580.25 -1055745.25 909116.6875 -5986445 6513363 -524063.65625 3194213.5 -5642867 -2093903.75 1696315 2038252.25 -3177251 -1619205.25 334084.625 -1544551.25 -301553.65625 -3186666.5 -1248143.25 6297890 -94450.15625 -502022.625 -1257750.5 -5059795 585747.875 1092213 -1066890.25 -1671531.5 3883628.5 -5648303 -909320 -1706661.5 -943967.625 4122227.5 1117420.25 -2989212 7625893 2705755.5 1394198.5 3686763 1491347.75 -1436436.25 4427568 -4394607 2039654.25 5287994 -2213120 1655601.25 6687255 899686.9375 947347.6875 -1964823.5 -435887.8125 -3789932.5 665458.6875 -3034454 -3296255 -428290.6875 5045720 
-758745.375 -360683.6875 -3398648 1457077 -269930.21875 -4106307 3284093.5 -1242094.75 -2862169 -1485167.5 -1950112.5 3843405.5 4226714 774398.875 1879584 1748527.75 3353846.5 293191.25 -723950.5625 660795.75 3279847 2501406.5 1935638 1309940.5 548255.4375 -1535926 821687.5 -3409815 -2996650 -2136390.5 -1377240.75 -679848.375 -2470106.5 -291624.875 -1279409.75 2122938.5 -2039989.5 -530114.3125 4846623 6470302 4036612 4845322 -1069431.25 3912035.5 1077904.5 438054.6875 247387.8125 738895 -4251306 181616.59375 2851924.5 -2455249 -1873035.75 1928607 -929427.125 263350.15625 -47394.875 -283124.5625 -2823038.5 -428306.84375 -1573922 -1507343.25 1356552.5 -1385936.25 
-4956028 5154596 -3330819 -2638873.5 210327.46875 -4622349 486209.09375 -2730947 2674907.5 1378646 -1042732.625 -2019501.25 2359303.5 5008276 2896194 -4156721.5 4394693 1964332.5 -1677366.5 -986347.4375 4039759 -364468.3125 6366499 78390.671875 -4536018 -844166.5 -2157198.5 1381791.5 4691545 -807348.25 -771158.875 -22229.421875 -3543840.5 -426559.1875 -4091197 -3227252 -202434.859375 2448473.5 -1778289.75 -2595392 -1605937.25 -8283023 1351340 -251296.328125 -5790312 -888548.0625 685346.875 -1532637.75 970851.8125 -64683.109375 -2785298.5 3377841.5 -1603099 -3215703 364091.1875 1375046.25 4156402.5 2032274.25 1593680.5 -4226376 -1196877.25 -2826746.5 2171176.5 -1933650.5 
-4302767 1998091.5 -4917644 4102623 -664709 -269916.78125 -621591.4375 3861695 1848777.75 -2740746 212798.46875 732556.8125 2387178 1970310.25 -197813.96875 -3530602.5 3683120 2514060.5 -5178906 441245.1875 -865323.125 1567841.75 -2057923.75 -3956129.5 -4114470 2314396 951664.4375 3367956 701496.9375 1619183.25 406922.15625 2620545.5 1682534 -186114.875 186781.03125 5904847 1681700.75 -5144602 -579774 -501326.875 -666907.75 -2716733 3481770 1497052.5 -5067284 546448.75 193972.875 -2693582.5 4517862 1131766.25 321383.375 -2000006.5 -1733566 3048300 411945.3125 2239675 1757499.75 -1233890.75 1916218.75 -4848911 -3931441.5 -5751894 -4123596.5 -1186699 
-163781.6875 2745994.5 -3687644.5 171333.9375 2569144 -5427528 -1788011.25 4110566 -2499115 1441466 -45353.25 -903921.6875 1752055.25 2547968.5 316959.96875 -5128225 521030.65625 2178668 -325397.9375 -3087087 725233.375 2479488 -2175526.5 -813692.875 1354360.75 1884496 -334560.125 -63804.875 2559526 -910875.3125 8561.21875 1095588.5 1644922.5 -963333.875 6234815 2881866 3104898.5 1724132.25 -1413505.5 -5633586 1610758 502773.5 -2258968 -6990019 2932154 1678429.5 2341966.5 -598714.5625 -1537931.75 2778417 995103.9375 1174912 -2644015.5 -1498992.75 671273.5 5097798 2377633.5 -3882370.5 205911.65625 -2069598.25 -143828.890625 840273.625 1437892.5 -4052843 
246047.125 -4002741.5 1056881 -2712037.5 -3897801.5 -755017.9375 809007.0625 -2944601 -884472.375 -4308948 6528105 405118.875 1989870.5 2254944.5 -3592003 116483.7421875 -1345723.25 3796140 830778.125 -54641.109375 1191104.25 -2495253.5 550247.5625 644892.25 2352052.5 502027.6875 3368497 -4178810.5 -1349594.25 -1563916.75 35127.0625 -1396452.75 672984.9375 -2583174 -1969294.25 -59017.78125 2160387.5 3744703 696171.3125 -487033.875 3425980.5 1480697 2380240 311750.25 631333.375 2744753 -627454.875 2337062.5 1573732.5 -4552145 6627613 -1405897 -1099896 42549.15625 126950.875 2795610 1215530.25 -3763573.5 -937411.25 2546580.5 -4309167 1292360.5 -1509222.25 -836205.3125 
2556701 -3129362.5 4389623 -688081.9375 -4849770 -3720857.5 1054061.25 -51090.576171875 -2519492.5 -82743.9296875 -3222262 1235833.75 -2037814.5 3161895.5 1410503.75 4408950 217904.515625 2477924.5 -3462551.5 1712944 3377457.5 3173595 -4546010 1904816.25 -3233189.5 3116068 -2011980.5 1740998.25 -912478 -1444432.25 2370568.5 -3072298.5 994353.75 -1676797.25 -405969.3125 1001926.8125 1560997.5 -2861480 613091.4375 2394567.5 1427113.75 -2049381.25 3644443 -2805155.5 2063565.25 1804494 3268930.5 -672369 -1303158.5 1533022.25 -1867801.25 4453475 -612148.3125 1244231 931037 3982363 -1721319 3358494 2286840.5 -4372389 908761.8125 422837.3125 3415753.5 -4501960 
1629794 -1209986 3756825.5 -859598.5 -3741902 -335389.5 -1091844 -2431345 -142244.296875 -1561661.5 2328048 -2050525.5 -2139919.5 -2468538.5 -1405050.75 -2041093.25 1410016.25 -220561.5625 -2276729.5 -801121.125 8280.5625 -1008444.125 342474.125 2103497 405596.6875 7099848 -1631679.5 -1725168.25 2090977.25 2828915.5 -557210.625 509314.3125 -83376.109375 -3723410.5 33328.9453125 -731151.125 5358595 -464619.28125 -1753447.5 -2938193 -1559477 -4386794 -2757947 -2775104.5 -1877367 -873625.625 4464565 330777.96875 1733115.25 5135598 3166234.5 1904111.5 712316.25 -2377541 -1187063.75 3691955 -3256625 1644522.5 67621.0078125 -2538202.5 -1351903.5 -2174222.5 -231784 593823.125 
1821904.5 -4747188 -1528242.5 1654066.25 -474738.5625 -2000439.25 1932874.75 -28978.109375 930040.9375 746604.8125 -2312401.5 158577.71875 2753422 -887880.0625 547899.375 2182767 2380772 -976929.1875 -2363564 -2873731 334874.15625 6403341 -2503495.5 3222328.5 -5386358 -20922.640625 -182014.65625 -1101808.5 2536273 1218193.5 -1139799.5 3752095.5 4261761 565388.375 -1396627.25 1755335.75 -1888094.75 4058792.5 2457804.5 -1038601.3125 429522.46875 -2260014.5 -115148.6953125 -3689116.5 -43977.541015625 1975257.5 2452273 56580.482421875 -245121.453125 3415043 1062865.25 2936238 -660732.625 2827514 -798590.625 2789361 -2420414 1074644.75 5726399 -1152041.25 -2693349.5 -730819.1875 220025.109375 -4876514 
-1548614 2264252 -72747.734375 -1003354.3125 1063908 -1689486.5 -1407069.25 -101210.3125 -2685980 2549454.5 -1045208.25 4255769 1256537.75 -4648111 1091804 1241142.25 -288971.5 758533.9375 3889477 -3258246 -2713617.5 1664470.25 -3947503 1860875.25 -4618976 3270391 -165727.53125 7983596 -2192212.5 567594.6875 671277.125 -1791603 -1080884 -2485416.5 -140025.296875 3555722 2176746.5 -1042419.1875 -5591111 -287067.5625 -6607101 -1982784 -2418157 1209271.75 -1388014.5 -3209375 1739848.25 -2440979 -3415267.5 -2435203.5 -3863902.5 6767315 -1393164.25 -2612054 4898820 -3126601.5 1148118.5 -234676.75 -989634.9375 1987768 677641.9375 3468884.5 2310924.5 1881211.5 
2477858.5 -679568.25 -1845617.25 -3229394 256637.875 -2464210 151418.1875 -4072763 -1679505 -6791565 2629810.5 -1875116 -3527260.5 -231831.3125 -1552092.5 -3137493 2193922 1914743.25 -2052740 5542784 -3481240 -1578264.5 362578 -1593711.75 1261774 -455548.46875 1200396.5 -1648504 3058838.5 -2568760 1248091.75 -863479.625 -203780.0625 1253271.25 -2219368 70411.375 -168216.125 -867116 1469844.75 4629315 5211201 3598604 1724068.75 -4263920 3010649.5 4341220 34017.75 2241946 -1371964 1726571.5 6483735 2094935 -2820775 -1278444.5 -4495706 7360311 -2322602 -6483145 -1954369.25 428021.25 -187145.546875 496374 -2636581 3177217 
-2766459.5 1260792.75 -1391179.75 4652858 -1418744.75 -877896.6875 2590607.5 1190121.25 1073128.75 560249.6875 241517.59375 4629033 3029372 1887468 4244031 1316048.25 -612261.25 2793892.5 697403.75 -2756887.5 3266827.5 -1351093.5 -2299682.5 3846598.5 1518542.5 331632.4375 -769128.625 -1156794.75 844589.625 -2226957 2644527.5 -1909917.75 -1452310.75 -393222 2847359.5 -2581404 2857943.5 3549391 -1994916 -826363.125 -2775856.5 -5350861 1790095.75 -1722942.25 72292.984375 2972184 -2566587.5 -4628886 -115375.1484375 -4201155 2017867 1740511.5 -948626.125 2316669.5 5934274 -4792908 5722803 440080.84375 1213404.25 -1163431.25 2536945.5 1390328.75 -1510326 -1831434 
3912236 3941633 -4177857 3000204.5 -287423.8125 -3377584.5 -713073.9375 -1272884 -1797511.25 1314619.25 344714.3125 3454296.5 3419502.5 -1519543.75 3991581 -805189.8125 2581790.5 -2563613 -3374638 -6879782 4374600 4014386 1136541.75 1343137 -5537649 -1519041.5 2945697 760395.25 -3430354.5 2507169 3974588 5585218 791990.75 -574541.6875 2166277 1539871.25 -2193148.5 420986.40625 1207338.5 4274322 -1710008.75 1721093 3935803.5 -3454617 1823630.5 56216.125 5039090 -2414242.5 -5136.328125 -661645.625 3752076 1698586.25 719053.3125 2726951.5 -1794982.5 1188493 2727494 -2699514.5 -4133011.5 -778015.75 -3013180 -1000020.5 -3069318 -4707843 
-799019.75 -905530.25 642484 -325622.6875 -733295.375 -3877325 -1144269.5 -2379201 1221119.75 3941316 -5260878 -1693226 2783808 557419.1875 1805660.5 3228588 -3075865 -3405698.5 2011870 941537 1171403.25 4053384.5 -3151518.5 3473010.5 -997735 1552162.75 2112144 2185541 632514.75 2036477.75 -1041606.25 1206033.25 1309126.5 576790.25 979641.125 1519670.75 -85398.0625 -272868.25 -3105275.5 -2083979.75 -1120934.5 -2272132 1162827.5 2355147.5 -1209328 -3571588.5 332064.625 1154958.5 72465.8125 2033431 2962716 1414545.25 -6166305 1470994.75 -3653247 195658.328125 -1492535.75 -2036508.75 217926.25 -2144446 -3387608.5 -3071282 4785369 -2211910 
-1374160.25 -667424.6875 1220139 -1454783 -1492689 -1094680 4931454 -1058244.5 93869.0625 -5315042 924523.9375 516721.6875 808996.6875 3761660 2203393 -61345.515625 -3979060 3205636.5 664209.3125 3971409.5 3314488 -1931432.5 -162798.890625 -380562.8125 -704751.3125 813321.875 -1805980 -608956.875 -3224306.5 6175914 -948092.875 -5328790 3832212 -245296.25 -1912294 -1113657 -1020386.3125 -2070348.5 1403131.75 2287668.5 -3321122.5 141805.125 649157.5625 3941278.5 1737076 374617.65625 -121032.25 425015.6875 4073297 -3560217 105208.3125 -1226972 -8445888 1237998.5 1027551.5 -2122925.5 -4520523 757414.125 -370951.25 -760553.875 -3106473.5 -4235791 661894.3125 447431.40625 
1434846.5 -1963326.5 3876131.5 -110492.4921875 -4109300 4496720 5443452 -4819113 -550225.3125 -3380427 574616.625 -989134.1875 -788468.5 -428782.40625 -4789795 1950926.5 -3933432 4414492 -4713363 -2095562.25 -487065.96875 1005048.4375 523401 -1987457.25 -2845052.5 -2832905.5 -147050.28125 -3703806 -7385766 -1069591.75 2540113.5 -928686.25 -262726.5625 415503.625 1725215.75 -3872754 -2109329 348984.5 5926396 -920064 688661.8125 -2230352 4815067 283946.21875 -1366144 468414.1875 -3263662.5 -3867062.5 2157856.5 -4721532 1109047.5 -2691293.5 4655820 -1000397.4375 194308.3125 1396974.5 -446479.84375 -534308.125 -456876.9375 -424575.6875 -4213665 303254.75 1220071.5 1601288.75 
2181459.5 4296636 489353.9375 678869.125 306210.21875 4919156 4441048 3167317 3346614.5 -3235526 -2529557.5 -832632.4375 -123100.78125 4556855 774481.3125 -4565047 -1543562 923609.8125 -1252800.75 -1969182 -882505.375 -1795450 -1820374.75 -2900102 2984719 386556.75 1066090.5 145684.96875 -1161433.25 3473236.5 -2387247 -4250233 3683792.5 2683888.5 4716326 -2549948 1483221.75 183750.40625 2443053 -456748.09375 1975972.5 1434010 -4330047 636809.5625 3387308 3065686.5 -3756195 1517660 1033817.6875 -16384.21875 -3757623.5 829531.5 1273026.75 1004806.5 1843591.75 -1886000 -1602951.5 2777531 -1536476.25 -922649 3713239 2598620 -85372.78125 4137380 
1132104.5 -1519478.75 -3004010.5 5718821 -881617.5625 -806387 -1469382 -1362129 -1904614.25 3284041.5 -2152998 -604782.75 -3922941.5 -4214986 753598.25 -2129006 -883091.1875 2248464.5 -4431462 1504466.25 3748347 2540239.5 3666492.5 -6111963 -1207889.25 -3140817.5 -4079588 -1368164.25 4930226 951281.25 -1015950.125 -1567164.75 -583643.5625 2642150.5 2685989.5 -317340.5 -3200211.5 4338762 -2397142 -3161493.5 2850577.5 -631146.0625 4395797 1046371.625 -1389108.75 1466916.5 2176500 362511.59375 2785727 -1080570.25 -1419709.5 -527697.4375 1224589 910751.25 -442429.3125 -2064905 6080723 2704489 2453600 -1846690.75 3993.5539550781 -2331330 2555950 -770996.9375 
-632417.5625 4830951 -7056679 -2116715.5 628996.5 -6471133 1856317.5 30528.78125 -4244062 2942613 1977217 -1862790 1697634.5 477235.4375 -2381440 -3097896 2769508.5 -1389949.25 -1399614.25 -1401254.5 1193243.25 -633301 4076764 2220631 2926215 2914099 759849.25 178033.328125 2412675.5 -2093394.25 1729609.75 1181533.25 -2062155.5 -3511713.5 1063139.75 -969223.3125 2980846 -105543.5625 807318.5 1014885.25 744790.375 -369575.40625 -2968568 -321438.71875 756194 -2062558.75 -2139421 -1040998.0625 773804.75 4913135 -2053352 2186407 -3656153 -4186913 2724352 2545386 -437125.4375 -2515507 -4357533 -869952.8125 -3064998.5 1992696.5 2458314 -1727505 
-3368623 -2516874 -6361238 -301072.3125 856279.0625 -711550.875 2659512 -2364345.5 -723576.875 1294374 466227.84375 -441460 -4104336.5 -2093988.75 3267505.5 -885080.5625 4090446 2404872 274614 2207627.5 -4620956 5325156 22045.876953125 1016874.6875 -469116.3125 1352142.75 4425651 -2122230 4949803 1304173.75 -737708.6875 202558.59375 -934736.0625 -2252153 2025149.5 4238021 5199453 -2045495.5 -5146192 5062568 4502944 1584206 -3345230.5 -925232.8125 1222867 2839527.5 -1512769.25 2683688 1621451.5 1987175 4082461 3331761.5 3858043.5 2265340 -1354639.75 4098104 4272213 391969.5 1398036 -716803 639561.1875 2560712 -2461481 -973017.125 
1169856.25 -2825392 1056608.75 31890.03125 379334.3125 -1728666 3731991.5 -3639674 -5608217 -2797150 -1131801 955953.9375 923436.375 158532.59375 812991.6875 1550066 -2795118 2384335.5 2876122 -940354 669589.9375 1974256 1566980.5 1776521.25 2096116.5 1022956.5 -131124.34375 -847944 -1850624 1142267.5 1173357.75 2002499.25 -1657085.5 -2537539 -606290.9375 -5928502 -809342.5 -4491542 -3156490 -1843691 -2306899 886006.6875 4862086 390460.90625 -1825225.75 -1684160.25 6829685 2403875.5 2716202.5 -1574936 -1809078.25 1020822.0625 -1999278.5 -2238992 368191.03125 1600725.25 -3754849 6736740 3343555.5 -1360677.25 -2521443.5 -3171735.5 -1640479.5 -2016968.75 
-4365750 -4081788 3926784 2880676 823904.375 2741254 179729.84375 -1518932 3949644.5 2716374.5 2389531 4196463 -1142652.75 -3994908 1564167 99749.859375 -1238593.75 3304171.5 -1800923.5 -89013.71875 1246428.25 1570294.75 617310.625 1985823.25 4726392 -3275409 -1278560.25 -7004783 -245801.6875 -456109.8125 -3621047 788446.75 -6618505 1792965 -2449903.5 1980632.5 -274339.625 2564415.5 -413758.03125 -2532467 2357017.5 -1020359.375 -669851.375 -635499.125 -3935110.5 3571576 1602200.5 98893.4765625 -847230.375 -791694.4375 2403166.5 1703827.5 4163937 -1848989.75 730768.875 1352570.75 1980051.25 -565671.0625 1914250.75 -1747270.75 -1639597.75 1116890.5 -1773358.5 2186400 
597350.3125 -293993.8125 -339363.53125 3227355 -954651.9375 1308092.5 2912855.5 3924928.5 3496121 -977667.8125 1038919.8125 1426334.5 -2878771.5 -98889.140625 -4776137 -1331038.25 -791375.4375 509128.6875 3672627 1457528 -4499397 2668376.5 818962.25 3252731 2143228 1087177.5 -2822572 -1845767.25 107931.9921875 523043.09375 1509553 -816233 -1433741 -771566.5 -2694856.5 -3340722 -968893.0625 1349657.75 65465.912109375 3193959.5 1162173.5 4634645 4222204 -3487273.5 810806.5625 -983921.5625 1618473.25 3882137.5 -1737699.75 961464.875 -1933827.25 -1736678.25 628725.125 -983656.125 -560495.5 -754846.875 627374.125 797802.3125 3063488.5 -688903.75 1389328.5 353559.03125 -1465355.75 1690572.75 
3045560.5 706960.875 2699819 -2220895 48011.3046875 -1384834.75 755942.75 1574580 2206807 2930512.5 3162283.5 -3319373 3926904 563650.6875 1787694.5 1122905.5 -332806.90625 -2770971.5 -499218.96875 -2450173.5 6670034 -2909691.5 5293877 -2303571 -3416013 -5485089 -3847747.5 -2285837.5 2865745 2939371.5 -1117096.75 930506.375 -1380818 1109309.75 -648111.375 1412816.25 -3924498 1223398.5 3287566.5 1946598.25 -2708271 -1203285.5 -1025554.3125 4077012.5 1858461 -379512.40625 -1273616 -2397585 -4896991 -3123603 6537638 -5710581 -2011312.75 -2349703.5 -4607673 -2607163.5 1622713.25 -251340.5625 -998955.0625 3770207.5 902287.3125 -820170.25 -705096.375 -2417544 
-1579072.25 -7131883 1821436 -506300.3125 -2732685 -131548.125 -3227469 -1656834.5 -1203720 3152608.5 194908.78125 1783678.75 -1291441.75 -1324862.75 1333155.25 3998390.5 -2900254 3007588 -223502.59375 2300236 2660864.5 -2670668.5 1772936.25 4675895 5297108 1518668.75 4730158 -3496447.5 1796738.75 -916292.3125 865597.5 -1982136.5 -833426.75 -3532822 -2528673.5 1730967.5 2251702 -1901489 -321348.8125 1345672.5 2832076.5 -2094374.25 -4190991 2203510 -4477160 3975979 -205417.625 1902308 2171870.5 1694607.75 833865.625 2549494 616858.5 1693905.25 2690148 -1137736.25 -253927.34375 2015012 -1930888.5 -2341341 -812707.1875 -1788351.5 2162645 -2235402.5 
-2064612.75 -1498903.75 -259801.78125 3433088.5 -720846.5625 -872922 754961.625 2223996 -701013.125 3253525 377567.78125 2777903 3647538.5 -6217684 228328.71875 671049.25 -1031234 -1422320 -1826870 165558.53125 2414038 2340761 -296347.875 2061006.25 1140218.25 -2726504 -1683054.75 -2808670.5 -350800.5625 2949397.5 2423615.5 2571362 -2043972 3283346.5 -2554911 2844048 -717734.4375 -1901514.5 -2399870 -1689338.25 869772.1875 1105868 5228528 1614648.5 -913712.6875 558107 8752548 3290258 -3270145 2529081 4161002 2134212 -3043179.5 -2720034 1544400.5 -3629584 -497626.3125 -10508.875 1337228.25 -2225732.5 -2403208 -1029226 -1570324.25 -4351951 
-8257181 5041707 -5807837 2259463.5 1089257.25 198579.734375 -5274879 3192701.5 -5069707 717771.75 2571758 1335421 1906172.5 -6026087 368902.53125 1755801 3035043 2794822 5668566 -2028014.25 2685959 -3761773.5 1819816 239755.921875 -1631534.75 2117524.5 2760797 -1725193.5 1009171.75 189898.921875 627400.375 -1682728.25 -4908514 -1203229.25 -39263.0234375 -461119 2562584.5 -113539.359375 -5835602 -1183137 -1364514.25 -834519.125 -2698499.5 3594302 -2469983.5 -857870.4375 2444581.5 4325303 -1950963 -1629727.25 -1388466.5 -1729413.25 -1991529.25 1394469.5 864690.5625 427157.09375 -118226.625 3694279.5 -2211378 1605553 -2534335 -2810299 -235154.65625 -3656708.5 
-3775017 1415517.25 -360790.5625 4350172 -1050858.75 -262990.78125 495340.75 2490264 5057141 -674321.6875 -2536846.5 623642.0625 428090.125 -2089749.75 2487803 -2203494 3108362 -755795.375 541977.25 -2973843 2444149 808369.5 -5666960 2148214.5 -4129600 14915.70703125 58270.484375 2171704.5 897006.9375 3059356 1964745.75 -1241614.75 1849076.25 -59749.34375 -3470256 4564703 1053383.5 -358215.125 -1144124.75 1218087.5 -1508443.25 -365077.5625 -1232528.75 1024634.9375 2667055.5 1369592.25 -1540648.5 -68587.5625 -516332.5625 250321.171875 2532133 6118812 -1489595 3617347.5 3943519 -3411722.5 1250450.75 -1165286.25 -1648223 -1907427 2833923 -2908305.5 995738.375 -245014.71875 
-450144.875 285207.4375 782423.8125 3420127.5 1762108.75 7857308 -338412.25 2048190.75 20923.9375 3415975.5 -1167091.5 6005091 -3083741 -5752917 -1679831.75 571502.125 1269539.5 -1953160 -7351737 -243820.0625 -2059520 1948220.25 -1286452.75 -348737.625 -861501.4375 -289886.25 470913.65625 -2811682.5 2276427.5 -792102.125 -53011.59375 3804088.5 -3356436.5 2811195.5 2505325.5 5291190 -930611.25 -196739.25 1459628.25 -4634588 1750865.75 -546722.75 6734799 -2270248.5 657759.5 -64591.78125 1678274.5 -3240190.5 -2470220.5 2361453 2325263 -1550060 5544053 -26102.125 -268241.5 -3119227 -614203.6875 642637.625 664763.25 -3439465.5 4275193 97349.0625 -1461980.25 -2659181.5 
-5072582 -2813293 3327769 1436699 4735363 -695382 740256.625 2696088.5 2980221.5 1199873.75 198502.1875 -1465979.25 -3190311 2989097 1160567 -1548111.5 9182.375 3763857 5315603 -3602914.5 -2670573.5 4269547 -518665.59375 -2848976 -3361755 3101249.5 -622596.625 712825.375 771558.0625 -1823620 -3675679.5 843516.5625 2815602.5 776049.75 -2859329 4250586 -2264185.5 5532894 1057924.5 -2841890.5 3949100 4888368 -6543494 -3343524.5 1385843 3230955 920040.625 2349380 -840068.75 1061046.5 -81517.6875 2219366.5 1676660 368116.3125 4317053 5431473 -526143.0625 -5386659 -2461821.5 2883677.5 3494877 3041465 475609.4375 897941.6875 
-1649209 -732958.875 -4039967 -3355700.5 -2876544.5 -908460.3125 4403536 -4750685 -5612267 108544.125 -3077120.5 -2128008 2860557.5 1160264 1778660.75 2123621 2824511 639295.5 -517121.8125 82816.90625 60873.03125 -191219.84375 -163051.109375 -1875115 461509.53125 -1002031.375 3239330 -2752204.5 3746549.5 976966.125 1628572 1226889 937920.5625 -1225366.25 -3800015 -2166195.5 -313042.5625 1476759.25 -2950426 797238.375 1423675.5 -1868953.75 -2443422.5 -1258656.5 1769975.5 -3044920.5 -900769.5625 1801722 -2020483.25 875542.9375 -635957.5625 1010206.875 -670671.5 1263557.75 -2195765.5 3003512.5 3465754 -470159.5625 -3962821.5 4240280 -2489800.5 1325094.25 424047.125 -4385881 
1126584.5 3829709 648146.6875 566505.8125 7155889 -1407260.25 -5019779 -1714151.5 -2034557.25 -1222778.25 -484637.59375 -3979132.5 2826479.5 -1063772.5 -1466714.25 -1131972 -442818.96875 -3390971 -2718397 -1513115.75 347867.6875 2414110 1129468.75 -3121175.5 -3436976.5 468564.8125 1617036.25 321133.34375 4220206 1692051.25 -877088.4375 5052437 1596372.75 205726.75 1532582.75 227868.90625 636130.75 982598.8125 -3105869.5 821671.875 1988230.75 2091041.75 -2018576.5 82971.2578125 2798575 228753.40625 3382616.5 2588635.5 -2829784 524809.125 4209012 -2744537.5 -4443627 260216.171875 -4918292 -983496.8125 -1872578.75 -399465.0625 2295626 -685295.9375 1999578 -1485206.25 2334235.5 4153336 
3052237.5 -2738646 -2095743 2064670 423958.0625 1426126.5 -3008973 -1964223.75 -3836648 -4685252 -7956453 4089682 1203577.75 -3020219 -3709032 1951355 -1759940.75 3558721 999984.875 -1660627 -395610.375 2364509.5 -7799346 5096735 -4769612 246923.90625 -2565544.5 -534420.75 902223.5625 -1547971 490045.375 46508.75 -1277800 -904547.125 -2257063 -2543423 -4983797 -489755.625 -1180011 -1120868.5 -5917276 1929030.25 883753.5 -43944.609375 -3040855.5 -1139085 1654626.75 739364.3125 996051.125 -3710564 -2216579.5 389740.625 -1782050.5 2416501 -3169592 -75918.5625 -3657273 1482534.5 -1614777 -2830595 -3641263.5 -288858.90625 4727271 585439.4375 
3054952 962285.375 639920.375 3054936 -2651817 840622.875 4612854 2279289.5 5289218 757942.875 -3898857 -349465.125 3723725.5 2971468 1372026 -68543.96875 -1889885.25 -3608468 -1432333 -2534077 -1551001.5 7594270 -4747786 2080655 -4943094 -2026069.25 -7452344 4041200 -1902538 6170187 -4706948 1860093.5 4128665 3061772 -451490.15625 -2628509 -6837519 4420083 3674321.5 -4309985 -3636712 -2017979.5 785916.875 414741.375 22638.015625 -3946685.5 1911792.75 -3650023 -2339506.5 -1917436 -7018036 -4833311 -2137018.5 -194827.0625 -2518308.5 -2176815 2531637.5 2502145.5 6124254 -311348.375 -1436010.5 862620.25 -698216.125 876794.75 
-2724528.5 -1002912.0625 777238.0625 3154431.5 5808024 5785959 3518360 4140470.5 1193679.75 -825952.1875 2247296.5 3004247.5 -3442655 88596.0234375 -2308715.5 -819780.625 -74047.578125 4609468 899859.5625 -1141640.5 -1663923.75 -623521.375 407661.1875 -2229865 -1670754.5 1308998 -5293759 -7785847 -125818.9375 4797373 556444.5625 553818.25 -872871.75 1237589.5 -1494391.5 769619.875 -332440.9375 2342967.5 -1720503.25 770135.875 2883720 6107.2421875 2766321.5 -5507454 945663.3125 -3017159.5 4704122 493510.8125 -2571363 1750340.5 -1980136.75 -3590796 2639132 -4634164 -1311959 1241296.5 -1430831.25 2673791 6016177 -588267.3125 613257.4375 3354836.5 -4042266 -141923.421875 
1837221 429606.875 -539890 -2683378 -236142.84375 2374955 -2561265 -7105658 -3371216.5 1435102.75 502538.1875 4308982 1208163.5 -51352.646484375 -234862.484375 1841378 294386.15625 591951.3125 -4213589 603637.75 -3254162 -4668335 1560754 -3788363 943484.375 -2203791 921139.5 1543380.25 708356.75 -278576.75 -2460125.5 -1989592.75 2978235 -2775091.5 1681008.5 1050219.25 941401.5 3083752.5 3928241 -2411980 -515178.09375 -4173422.5 -2881332.5 182387.046875 -1542529.75 -3910570 -644190.9375 -2568886.5 2747361 -1546212.25 741954 -1834327.25 3956228 1690811.75 -863921.375 -2173677.5 4146315.5 -339381.25 -2763691 2183981 -978665.875 1981935.75 2348238.5 2002178.5 
-524595 -2152987 -160490.328125 -4271307 -1303352.75 -3311182 3853121 -5079827 -2641506.5 2138445 -1195674 122903.453125 2167657.5 145006.625 -1939856.75 1040142.6875 2462951.5 -4950513 -1379222.25 -1370785.25 -1649239.5 6523677 -2502111.5 132692.421875 3444604 4437461 -13564.1875 1038158.0625 38464.875 1951015 -1532830.25 3069630 -565477.75 -1830064 -3641345.5 60861.1875 -197104.28125 3938228 -2172042 -7335295 1796873.75 1145403 3154166 2161628.5 -939158.625 -4674283 -2532969.5 -190552.953125 641926.125 -1199668 -188076.96875 -2076696 2227713 510092.125 2522969.5 -305377.40625 -1736454.5 1606850.75 -748445 -445579.6875 -4925709 -2629303 3093076 -1080469.25 
2154402.5 124289.203125 2503901.5 664685.5 394758.28125 3142386.5 -4320954 -384420.09375 176995.6875 1351402 2730390 1301829.25 -4704775 -6531337 -2187130 305264.4375 -893839.5625 -3366872.5 -1279452.75 2194055.5 -1670845.25 -240919.875 3094671.5 -2399441.5 4826360 -603455.0625 798953 564276.75 -2466535.5 -3421173 511873.46875 2180560.5 -1715244 1792936.75 2823389.5 2669235 466317.9375 1068239 2593754.5 -1216498.25 1148656.75 -417773.46875 -400702.40625 4566228 2699113 359104.65625 -742449.375 5392826 3627940 7662676 -1528047.75 -2955485.5 2866009 92150.625 1729852.5 -3597891.5 1654522.25 -2208274 3027593.5 3044647 3069554 -2054169.25 -1615807 4322762 
1089931 -4077136.5 -5252055 230476.59375 -798743.125 -1346024.5 -898326.625 2202638.5 449408.21875 1539362.25 2102848 3135004.5 3097335.5 -2702845 -2326131.5 -2687658 -144885.1875 764291.8125 -6505492 -80674.734375 1105615.25 1682457 4073841.5 1221025.75 -4872900 1025838.3125 536700.625 -5419838 4516850 -716826.5 1314113.25 6962248 -111578.28125 -499537.84375 -3972612.5 4404101 -2160470.5 1793203.75 -1133959 -2645733.5 1770977.5 -1806414.5 -962965.875 -5877376 3347006 -824197.1875 5161114 1663493.25 -99520.5 -251543.640625 -2453054.5 -2479279 -2503140.5 -3163277.5 -2725498 3031585 -1876257.75 -1166567 2150453.5 -597546 -961052.4375 -2373645.5 -2238490 -7745474 
3174843.5 2581217 353032 -1845173.5 5823672 1882200 -3185522 642885 514343.625 5478228 3156367.5 -3704641 -3083514 -5257707 1237806.5 4005937 -1996355 -3809725.5 4357600 3731921.5 -2062325 1796608.25 2018826 4318514 -3196181 -5516711 626768.8125 1711738.5 3877250 96705.515625 453996.9375 3594527 1443606.75 -580415.8125 -6629382 534113.1875 -2398585 -2501429.5 -3652780.5 1684314 -91358.25 5423827 -907731.25 -1928495 5554216 -2458456.5 4127663.5 1982975 -6504822 1351508 1114363.75 1592936.25 -1984405.5 -334506.0625 -2212606.5 1545761.25 706466 -3531857 2300705 3229577 2294731.5 2284521 -2288773.5 -379742.375 
-360164.03125 -822901.25 282067.875 248969.03125 6723360 2062519 -2123207 929203.25 -390580.34375 1847658.75 38349.8125 -1930120.75 -1556894.5 639063.1875 3503997.5 2603730 -3884223 2127303 1208753.75 3202257.5 -2492575.5 1042417.0625 443655.5625 -347039.65625 -1489953.25 1629709.75 1570017.75 -306849.0625 1149803.5 -101251.015625 -836205.5 -107526.625 3428036 1254395.75 1450084.25 -906193.625 -638635.375 1671453.5 -3860944 -1324357.5 -838510.0625 -985509.875 -3747934.5 -780859.4375 -865311.4375 142158.09375 2183481 1394340.5 1043862 501790.90625 -2762162.5 -1186284.5 -182509.53125 1895179.5 2007976 -992132.375 1203362.75 2216498.5 106175.5234375 4117921.5 2529637.5 -1753245.75 -463211.4375 2212654 
700869.6875 -3136320.5 -1665144 280022.40625 -201044.3125 -4438848 1980488 93207.75 1636217.75 -1545021.5 -4883240 4589879 1313584 2903654 1046693.375 -3157726 4969172 431393.6875 -4779821 1133715.25 121152 4606659 -2090541.25 -3965211.5 -3963469 -1122326.5 -6046288 -1450371.75 -1411406 2656696.5 -6193473 247137.4375 -14948.375 3737322 -1449054.25 1548716 -5217417 -351447.0625 6984766 1816453.5 -5338765 -418080.8125 -1772969.75 2161240.5 -3526964.5 -944170.9375 5825526 2926274.5 -3852347.5 4188584 217673.4375 -1034699.125 -523520.75 1273829.75 -5411981 3878246.5 -2872986 199525.9375 139035.609375 2396521 -1658056.25 -5509905 -1840076 -1285010.25 
-2762335.5 -1051473.5 1021929.6875 -1356090.25 -3359855.5 2140227 772787.875 3012200 -1294777.5 -5185810 2996940.5 -3609540.5 2560501.5 -1695742 -1151381 1066444.25 -2550706 1895310.75 1112711 -3086678 3720206 -3655954.5 -729749.125 382896.34375 3766145.5 585247.875 -514728 -2675961.5 -4456193 427481.34375 1651754.25 -2048326.75 -3798080.5 1061327 2187964 -5163781 -2754096.5 1230124.75 -29449.953125 -2739609.5 424681.875 -21563.171875 -1913892.25 -2253154.5 -792083.3125 3690314 -3874158.5 42430.349609375 -4148159.5 1402398.25 2222966 -5063552 2045360 -3109798 2050115.75 708172.9375 -2518058.5 2282534 1078584.25 6631339 -2894149.5 -426051.9375 -1082980 -1387183.5 
875144.125 5648291 1456543.75 1846611.5 2872131 -944635.3125 -6594199 -563199.25 951492.5 2994224.5 3690980 85792.140625 -1153731 -162320 3162673.5 4200676 1745729.75 -441788.1875 2992065 -233937.0625 4055375 -6308760 5936538 1482921.75 2775589 -1463554.25 -1587184 7275.6953125 618380.125 3131650.5 3507140.5 1462644.5 -1806965.5 408229.8125 1796831 1753531 1859486 1922242.75 98073.671875 1951230.25 440183.375 -4916326 -3610731 -542989.5 1471450.25 449513.9375 1892931.75 -5153232 2845881.5 4494146 5426257 1841366.75 -6279194 1032014.25 321138.8125 -1660340.5 723622.0625 -4318494 -1116692.5 636939.3125 -1092029.25 6147839 -970812.875 1262213.75 
5174867 3794974 4775481 -3600715 -495553.4375 3052855 -3422611.5 -761430.5 -1373329 1521163.75 3713197.5 -127679.890625 -1265319.75 1124112.75 -2723142.5 -2319998.5 -1127727 -663367.0625 1097720.25 2111983 1105879 -3246096 1332778.5 -86195.515625 3409687 3129588 -920158.875 -2742740 -1810148.5 4209676 373984.75 -1610120.5 -2555003 753423.625 1319831 -1313411 5293297 2618048.5 -4550090 -375670.125 -5080606 -3133182.5 2903861.5 859069 2800436.5 -2439624.5 1006231.4375 -37134.2578125 -4293908 -1841154 1522785.75 2661044 3083256 -354895.125 1736667 -2719158 2575166 -21720.375 -1800043 1788017.75 2123957.5 4642623 -672125.875 5378626 
772228.625 -6254483 -70255.28125 2703762 -294252.125 4245114 513346 -1687633 939641.875 608478.5625 1712037.5 4752980 -3734505.5 -7743850 339910.875 2077401 -1671836.75 3523236 2813976.5 -1080816.5 110156.09375 -577375.25 2600961 1266285.25 -1682874 699703.25 267889.6875 -5276197 -60020.0625 1376057.75 1880686.5 -522382.5625 -2810836.5 -1070094.5 -450057.8125 6178168 1449061.75 -1229747 -2164400 5077866 -717509 1003462.6875 -3503290.5 359437.875 -819409.1875 2697951 262658.1875 -216073.34375 2432861 -452188.875 351158.75 4445757 1386044.75 2217278.5 3178931 -337578.53125 2564043 2061763.75 -2164442.5 1012639 206598.3125 4347605 -435823.1875 616974.75 
-757118.3125 -636354.5 -1503935.25 395447.28125 -4849272 2995401.5 1951867 -2823026 2322494 -2930091.5 -1465190.25 -3165977.5 1848687.25 -3972172.5 -6028380 -2291240.5 92401.015625 -4566356 -2062316.25 -2407827.5 -5628972 2960038.5 -2564434 2801620.5 -3657491.5 -114711.703125 160826.390625 859545.25 686316.0625 -3376440 2455468.5 5772176 -1379346 -2775833.5 -2080735 -2186981 -1419689.75 1916712.25 -906253.5 -2079909.5 1021533.8125 -1944412.75 -195228.828125 -4679024 -14758.931640625 552902.75 -1331899.25 -2138965 -1970241.75 -858937.875 -1095434.5 2889083.5 2523603 -1675845 -1299544.25 -368848.15625 2761733.5 -313566.6875 651545.5 -396855.09375 373794.6875 4623521 3661306.5 441701.84375 
-1365401.25 -2957690 -942248.625 359424.21875 2485971 3095818 2062602.75 -159493.875 2256339 -2531287 3515282 -1118913.25 -3723821.5 -437527.40625 -1047517.3125 490120.5 -1434296.25 -291272.53125 4712177 -444624.8125 -10199090 1777967.75 -1132921 1026384.6875 2896693 576393.1875 3025499.5 1582167 -4504133 -4400178 -3808286.5 1430439.5 -980440.6875 -1503750.75 260280.3125 -708529 -1649364.75 -3256003 -1286250.5 1097325.75 4009359.5 3404221 462168.6875 -3022472.5 268918.4375 1752348.25 1361976.75 -199490.3125 -1453389.5 375934.0625 -4202770 -2431457.5 1426819.25 -844705.5 -3373926.5 3437054 2698846 -1812104.5 -2605501 2401246.5 308061.96875 3688407.5 -2699113 3366007.5 
-1803406.5 -1817678.5 2364187 -3746323.5 565347.375 1951749.5 4319436 -3690130 48238.6875 -714474.5 -1961112.5 -3067694 -84456.75 2115468.5 -809391.8125 1483929.25 1017911.125 1788918.75 618176 -1525084.25 1575786.5 -1237910 3999044.5 -6022432 1542286.25 1734207 421931.75 352636.4375 620952.8125 -1044161.3125 371409.0625 -1223381 -772077.0625 84381.5 -3684140.5 3647884 -2318711 778586.375 1630806.5 -2225210.5 1937478 -3048351 -4889606 2475759 -2357995.5 -1347503 -6162993 -3368002.5 -731001.75 36560.5 -3749880.5 -1158025.5 636423.125 290417.375 1327063.25 -2105360.5 546646.8125 5037762 -356416.625 3096091 1607692.25 -2815413.5 4198792 680176.375 
131007.90625 -5782393 803130.6875 776993.625 1311104.75 901729.8125 2899949 -2161307 230014.5625 2223203 1026585.625 4616151 -3044942 -3244076 237670.4375 1317834.25 1935087.75 2634449 -1366840 3189077 -3913645 1034258.25 4084625 -3353095 -2113613.5 562329.375 -1141686.25 -517315.65625 -173357.0625 -81257.953125 1315860.5 -552544.75 647335.25 960862.375 -1413624.5 1284213.5 -3862496 444951.125 831685.4375 167640.3125 1448003.5 -1180960 -1094637.25 241194.1875 415659.25 -139977.375 2845405 -451998.25 -2294829 -556308.75 -256664.96875 2894137 4552231 896587.375 2569588.5 389226.15625 -3700936 -23303.4375 439953.375 -955151.375 1698178.75 1177733.75 -2753033.5 821204 
908462.75 2537510.5 -2667453 2736234 3008963.5 3722475 -539079.4375 445094 -492458.96875 2511782 -1541907.75 3304383 50252.376953125 -765541.6875 1736570.5 -1964118.5 -2834706 3117874 1214853.5 -2920897.5 -331134.34375 -3992781.5 2901604.5 -3882296 1634101.75 -1588506 -3725469 -810065.125 412930.84375 1406598.25 -2027843 -720276.5 -2039781 1173156.5 1944360.5 -248323.8125 -1744987.25 3471191 615224.9375 -2273096.5 -2473263.5 -1185576.5 -753499.3125 -273264.09375 -427357.4375 -1648935 2494602.5 548647.4375 -216614.125 -2734317.5 -3404630 -2561453.5 1655743.75 -2851792.5 328194.09375 -3157753 1819609 3877086 -134235.28125 3270375.5 2574749 94579.21875 1001780.625 1284100.75 
-2543053 -22876.140625 842377.625 -681779.75 1666897.5 -9563.78125 -4020788 -4067626.5 2911488.5 891625.0625 -2654387 385422.8125 2441334 135118.515625 3183540 6304694 -545699.625 -3430625.5 -2063682.5 150646.59375 173372.25 781910.5625 325830.5 108567.25 568009.75 -4078259.5 -1231143 2589507.5 226082.375 -2531053.5 -3188587 544849.25 -2593084 -1211724.25 -3990830.5 700647.125 -1289896 2200093.5 578479.625 -342916.9375 2730539 -4468275 -2503863.5 6165873 -3209088.5 -912842 371828 -1765972.75 3528466.5 -2654556 1780555 -4864233 -3342536.5 2510830.5 -4129812.5 -2157938.5 3704996 2192964 3492292 -2342757 -4279207 -380975.34375 6835212 686923.375 
-2266506 -425465.65625 5199108 -3082534 322200.125 1012357 -108690.140625 1254961 4522233 -3610116 5909851 -398158.34375 742483.1875 2830162.5 -1520443.5 -2738021 3085334.5 1683150.75 -1569045.5 -3418947 3022688 -522696.8125 1297967.25 -596783.0625 1566066.25 3992329.5 6613961 745186.6875 1112087.75 2424106.5 1113804 -3025358.5 -1966338.75 310926.1875 494527.59375 1116871.25 -1574684.25 -4571642 -2299134 -1674710.75 3276345 -2831004.5 3243298 2023682.25 -2472699 4385387 -2158121.5 -1569475.75 -2532921.5 -62424.0703125 4483111 758802.5 3113100.5 1039263.75 -190157.59375 -3084388.5 -457931.4375 -77809.65625 597986.6875 -5126465 1084523.5 -4473603 -3495839 -93931.796875 
-89733.8125 435115.6875 1477740.75 6260736 204752.34375 -411420.375 2926811.5 899450.625 -66482.875 2515103.5 2666800 -1295045.5 2623880 6061466 3881559.5 2833748 -1278469 808005 1631380 -1135698.5 -53660.59375 -48214.25 1066057.5 4700240 995355.3125 1635288.5 -5207624 -1247384.25 -3316911 -310514.25 -749075.5625 1493909.75 824424.125 1912294.25 -4275621 -5454068 2968687.5 2106208 -1696260 -163966.21875 -1287691 -4066589 4078499 -3223758 -3742954.5 785588.9375 248442.75 -5740404 431094.90625 260930.25 -2354895.5 -5408106 -145825 -1490999.5 1346311 1344850 1531052.5 5238768 4361183 1876676.75 -2492010.5 -1845178.25 -5822844 1370411.25 
