10 10
15097.656738281 -7670.4580078125 3885.0137939453 6.2266464233398 -12093.402832031 -176.98648071289 7291.9528808594 -1097.532989502 -24833.234375 13567.098144531 
371.65338134766 8292.9829101562 -7774.6806640625 -1917.9716796875 3274.69140625 -6101.8088378906 -1055.2463378906 -819.45043945312 20383.604492188 -7990.9150390625 
4882.0954589844 32141.75390625 -12362.723144531 -20012.918945312 -753.13696289062 19484.047851562 8527.3715820312 3796.8898925781 9671.9653320312 3861.4296875 
4600.3916015625 -22484.3828125 811.26116943359 -6335.9001464844 10914.678710938 1469.4734802246 9305.6533203125 11607.047363281 -769.32769775391 7176.9255371094 
3222.8857421875 2726.7056884766 -3049.7432861328 -11367.111328125 -4212.5773925781 3652.5870361328 -20876.111328125 -2138.4293823242 14242.784667969 -8388.4770507812 
3030.6693115234 14620.380371094 15139.306640625 2687.3515625 8446.8032226562 6235.18359375 5521.9890136719 -6731.4504394531 -7320.0649414062 22132.838867188 
-4487.5346679688 -15776.3203125 -1441.8923034668 3045.1353759766 -839.05682373047 -1595.2315063477 -5443.0217285156 -425.39147949219 -635.962890625 6898.9777832031 
3748.8895263672 10070.799316406 5386.4467773438 -13432.279785156 -12698.875488281 1262.4976196289 -9510.5395507812 2704.5421142578 12611.56640625 -8805.8173828125 
-6712.4348144531 10776.416015625 14789.207519531 9858.2416992188 7983.8684082031 -16495.591796875 -15100.157226562 -9806.2270507812 6342.8466796875 -544.98506164551 
2844.2008056641 11156.896972656 9757.6025390625 -43.874462604523 -11530.563476562 -760.46803283691 -14305.732910156 -4340.9091796875 6463.1391601562 -1574.6329956055 
