16 16
-19090.326171875 4049.0986328125 7941.9650878906 -625.92304992676 -2331.2161254883 -8351.8334960938 -9542.0712890625 16591.033203125 -16158.190429688 -22927.345703125 3101.3288574219 5238.7421875 -18454.3359375 -10029.274414062 -15955.560058594 4886.25 
-11276.260253906 -8722.9736328125 2102.9228515625 -4392.1723632812 -10032.942382812 8896.6806640625 -29156.681640625 7108.0900878906 -20864.342773438 7267.375 -9613.5170898438 -23649.43359375 -16082.356445312 -9921.9619140625 -7273.2543945312 17048.818359375 
-7729.0183105469 23891.215820312 -27172.862304688 30752.87109375 16335.950195312 -9969.6279296875 -3988.7015380859 -14479.385742188 -47.191534042358 -8044.193359375 13175.423828125 -21430.135742188 -27507.95703125 -2717.2573242188 -13740.877441406 5734.802734375 
6857.7229003906 3213.6655883789 2181.9409179688 -1568.9833374023 3610.1339111328 -20663.056640625 6963.26171875 -8451.7119140625 10566.953613281 -328.78143310547 26001.162109375 -773.97998046875 -8104.0593261719 -2390.3955078125 -15097.236816406 -2949.6325683594 
3157.4818725586 -5843.2260742188 11027.073242188 -10732.606445312 3182.5557861328 21922.069335938 3830.4047851562 11091.664550781 -4600.5842285156 8549.865234375 8349.1064453125 20117.345703125 -20439.241210938 -7097.54296875 1591.7119140625 669.90600585938 
545.99249267578 559.87753295898 -5076.9956054688 9295.5283203125 8262.3203125 -7980.375 -2449.6451416016 1781.7614746094 -13442.977050781 6044.6596679688 191.05911254883 -7584.9741210938 -22715.400390625 26229.139648438 -3084.8161010742 186.80679321289 
653.36785888672 4907.6145019531 2725.958984375 -9759.4580078125 16787.184570312 2690.3845825195 -1913.7034912109 1968.9087524414 4064.7668457031 7442.4482421875 -8839.8857421875 10365.246582031 10139.926757812 -21949.0390625 2411.8455200195 -2756.8657226562 
-1527.8416748047 12201.088867188 -13343.539550781 -9194.7709960938 11366.620117188 3307.8942260742 -7235.6599121094 4368.7905273438 -2619.1365966797 -5800.314453125 15784.229980469 -8594.5556640625 -31991.771484375 -3345.7639770508 1475.2445983887 14749.588867188 
2406.8205566406 -3008.4934082031 -1251.3510742188 -22020.012695312 3895.8500976562 -11596.772949219 4974.6879882812 -9095.5009765625 -4412.4592285156 -8690.3344726562 -19210.435546875 1174.1511230469 -3312.5954589844 -2251.740234375 8769.3393554688 -4316.2788085938 
-8550.572265625 8892.818359375 16348.926757812 1007.8843688965 -10054.4375 -11895.452148438 -7613.1066894531 28886.58984375 3407.0560913086 -16240.020507812 7262.4858398438 5879.1857910156 14316.439453125 -1601.2064208984 -9488.5639648438 9052.3994140625 
18236.029296875 -14519.819824219 609.68280029297 -35696.1328125 824.35522460938 3270.58203125 4364.2556152344 12739.666992188 11344.861816406 804.98237609863 8944.7846679688 13753.178222656 7694.6823730469 -6139.2751464844 7978.6044921875 -11504.678222656 
12513.007324219 3143.2257080078 10414.802246094 -4900.9462890625 14715.345214844 17835.697265625 -14807.766601562 444.93542480469 18983.71484375 15910.769042969 3094.9378662109 -13084.774902344 -256.03421020508 18562.1640625 -6860.373046875 10918.827148438 
17273.978515625 6450.8828125 -27091.1328125 -551.38302612305 -3178.2271118164 3979.2649536133 -23008.5 -11131.458496094 -4778.0341796875 -10180.207519531 -9122.3950195312 -33060.962890625 -23915.29296875 -249.302734375 -1069.2111816406 14489.577148438 
28623.704101562 -5310.2062988281 -1190.0498046875 3386.5833740234 1368.2537841797 -4194.20703125 18173.393554688 14831.654785156 10265.048339844 4039.3977661133 5306.7646484375 25605.920898438 16788.57421875 16539.6171875 5676.1599121094 -4309.8134765625 
3981.3414916992 -9151.08984375 4587.9450683594 -6802.5126953125 3261.2550048828 -8152.9675292969 8329.1059570312 26157.896484375 10972.606445312 -4799.0517578125 14253.971679688 21405.740234375 21906.170898438 -8676.123046875 -9338.857421875 -8471.8920898438 
10839.481933594 1244.3100280762 -8848.3022460938 -12614.216796875 -10036.521484375 -1296.1643676758 -1817.3012695312 12720.830078125 2045.7619628906 -29355.971679688 -1644.7095947266 6638.5498046875 251.80610466003 -2636.6993408203 2855.6537475586 12018.297851562 
