10 10
1919467 -1242578.5 2957697.5 1323475 361137.5625 864153.3125 -298134.25 -258525.109375 -751850.1875 -1814784 
-267862.25 -1011863.0625 -3915640 -1337397.5 -436461.875 -310511.40625 1215168.25 1045039.9375 1625347.25 239799.875 
-2949446.5 -2306596.5 -1821531.75 1315930 797133.375 609021 2612261.5 641318.4375 496753.1875 1127275.5 
2058076 -805243.5625 1230203 -306587.21875 -879179.5 -1757896.75 -1683917.5 -997476.75 -217342.0625 30773.625 
-2657464.5 322090.5625 -1250809.5 1809430 -1259320.25 -1253002.5 479156 1626951.75 316108.3125 -851428.9375 
2207160 719235.25 1322784.25 -1997065.75 251044.75 -1086752.25 -2268506.5 -2169866 -641733.375 -494551.6875 
-1882020.75 -2201368 1206912.75 403337.5 1258448.5 777912.875 1090036.75 -272417.78125 -1214737.25 324756.625 
1232942.25 480526.59375 1446945.75 -1633706.25 -640874.0625 -754151.5 -1969216 -473185.59375 -1238237.25 -1011858.8125 
-916682 263741 634462.5 1233522.5 242283.484375 -399159.71875 546888.625 1858774.75 -245693.34375 -959125.875 
1621725.5 1282600.5 1442612.5 -1232744 -190737.671875 -2105025.5 -2326624 -1219315.5 -511045.625 -354269.9375 
