10 10
-0.76341957598925 -0.26609816029668 -0.20724340714514 -0.49278021976352 -1.4416163414717 0.13093810621649 0.33414566889405 -0.33447803556919 -0.73917170614004 -0.26414369419217 
1.8821667209268 0.70532400906086 0.73125317320228 -0.87646992504597 -0.38532896339893 -0.11763034947217 0.39906772598624 -0.51873885467649 0.48555240780115 0.46936772949994 
-1.8393825814128 -2.1598494797945 -0.95178209617734 2.4973089396954 -1.3019411414862 -0.45483515411615 0.055330313742161 -0.83251413330436 0.98930005729198 0.84390403330326 
-1.2727832496166 -2.6366663426161 -1.20005068928 0.27904827147722 -0.49736764281988 1.500899374485 -1.7385034412146 1.0963484197855 1.6881827861071 0.18120781518519 
-1.9324595779181 -1.1951200813055 -1.0346938893199 -0.44062479026616 -1.0835238695145 1.9124958515167 0.15772524289787 -1.3936998397112 0.99760177731514 -1.2415866851807 
0.38154259882867 0.0382413379848 0.37501084804535 0.42019245028496 0.4370402507484 -1.1373321712017 -0.4859791174531 0.67633160948753 0.14341651555151 0.19301630370319 
-0.18177541252226 0.29966119304299 0.45386456884444 -0.29106509126723 -0.51745264232159 -1.496421828866 -0.86727526038885 0.82328131049871 -0.18821991793811 0.51513971015811 
-0.62805338203907 0.78334971517324 0.17934350762516 -0.029683348257095 0.5726600214839 -0.44159003719687 0.36555415205657 -0.18591936863959 -0.59563307091594 -0.61083332449198 
2.7476320564747 1.1307584196329 0.31101039983332 0.40775772929192 0.67466205731034 -0.0030979681760073 0.69642796739936 -0.10777115821838 0.064589649904519 1.3961854577065 
0.48014340363443 1.2795548290014 0.13738010078669 -1.6715411320329 -0.092788936570287 0.45886450633407 0.57376513257623 0.55088208988309 -0.8133698143065 -0.5217764377594 
