16 16
1.1723369061947 1.4502828419209 -0.82747678458691 1.6397337242961 -1.3025276884437 -0.10245494544506 0.69634393230081 -0.99258806556463 1.7414406388998 -0.68717214465141 -0.8125511854887 0.83489745855331 -0.095460317097604 -0.75048461556435 0.68739889934659 -0.031229013577104 
0.53408823907375 -0.23561235703528 0.13187990710139 0.9230970069766 -0.1919929087162 -0.19007835537195 -1.7912854552269 0.32282130792737 -0.97952945157886 -2.3622841089964 2.2964015156031 -3.4522399306297 1.2509174570441 -0.04319853708148 1.7635326161981 -1.1479449793696 
-0.58694206923246 0.97066902369261 -0.72560163959861 0.45874657295644 -1.303274974227 -0.49776212312281 -1.4571871459484 -0.27129065059125 -0.14279539883137 1.3087993636727 1.2617579996586 -0.97338943183422 2.6082217544317 0.10483385482803 0.030722608556971 1.2330278307199 
-1.9004738852382 0.13277552835643 -0.33095430955291 -1.7669634222984 -0.97179912030697 -1.3202600106597 -1.2702832147479 -1.4458220601082 -0.00054914969950914 1.3684158921242 1.8365484848619 -1.1595185250044 2.3841756433249 -1.6597004905343 1.4234614223242 0.15142343379557 
-0.28103349357843 1.2075378522277 -1.4506100043654 -1.1325424537063 -1.109250202775 1.4346556589007 -2.2851423919201 0.54510796815157 -0.35978798940778 2.0038126111031 -0.0047458745539188 1.4700215384364 1.510935857892 0.59812624007463 1.1943669766188 0.45034627243876 
0.2466349368915 -1.4699760749936 0.62266862392426 -1.0946417748928 0.43812915682793 -2.3294033706188 -0.081609386950731 -0.089304748922586 -0.59691477566957 -0.059970888309181 0.79261966794729 0.30916992016137 -1.1699410900474 -0.75129769742489 0.46596037968993 -1.2119709700346 
-0.0010951012372971 -2.0078845769167 -3.4043545275927 -0.18233865872025 0.91816755011678 -1.9185401797295 -3.5215064138174 0.93596773967147 -1.4526099935174 -0.49864077940583 2.9137202501297 1.9579366520047 2.1637033224106 -1.0840985774994 -0.67638947069645 1.5232774019241 
0.27728099934757 0.022085304837674 -0.74350640550256 -1.908356577158 -0.44818519055843 1.4605672955513 -2.8978312313557 0.625188883394 -0.61520213633776 0.19734145328403 0.84076915308833 -1.4570958465338 1.0634863898158 0.69330903887749 0.25162697397172 2.4192057847977 
-1.1898398846388 0.1072806250304 -0.34758194163442 1.4897571355104 -0.62887070327997 -0.73710229620337 0.1021247394383 -1.5607381314039 1.5262297317386 0.93603855371475 -0.8679380081594 0.71934147551656 -0.42250305786729 -0.73870602250099 1.9899050965905 0.20270581077784 
-0.14258173108101 -0.62326694279909 -0.48963567987084 1.4419045299292 -0.15438054874539 0.2342620100826 0.56042705476284 -1.0529007762671 -0.16785099729896 1.1425693035126 0.89357450604439 2.7039783298969 -1.1890892907977 -0.25142732262611 0.72204998880625 0.65041575953364 
-1.1981064677238 0.31892431527376 -2.590479940176 1.357725545764 0.64906599000096 0.89258392900229 -0.662153840065 -1.7523938119411 -1.5688368231058 0.76850663870573 1.5059921890497 2.3352649062872 1.4434109777212 -0.19552262313664 1.0164414197206 1.2747231796384 
0.77974399551749 1.0562937557697 -1.3606310561299 0.55753521248698 0.78162858635187 -0.13586565665901 0.19207851681858 -0.75433039665222 0.91138730943203 -1.0178017616272 0.47260347008705 0.26568002253771 -0.31492330133915 -0.68542644008994 0.080954146105796 -0.91872441023588 
-0.76461232826114 -0.10733548365533 0.1637418391183 -0.80473055690527 0.14768358319998 1.279396854341 -1.0844705700874 -0.26949654892087 1.6765651777387 -0.35428559221327 0.85775882005692 -2.4925520718098 -0.68737518042326 -0.10686858184636 0.34028431586921 1.1162689849734 
-1.7008535936475 0.080655427183956 0.26533032208681 -0.61091136559844 1.5358375683427 -2.0525994449854 -0.43544731475413 1.8945298120379 0.070780727546662 -0.46934747323394 0.53276480734348 -1.6464384943247 1.2779186367989 -0.24885578453541 0.53054666519165 -0.97939529269934 
0.72390806674957 0.11328863957897 -2.202258169651 3.0143897235394 -0.16536076366901 1.346894711256 -2.331396818161 1.7577931806445 1.0946345254779 0.076501942239702 0.69603260606527 1.4812581539154 -0.25755294784904 1.0005416050553 1.3177280053496 -1.4447998404503 
1.476555891335 2.1857418864965 0.85839313268661 -0.066246612928808 -2.1192085295916 1.6398514509201 -1.1754518151283 1.6156707704067 2.1791033893824 -0.10925860377029 1.1600661501288 -1.4963849112391 0.010691633448005 0.76165407150984 -0.58631297945976 -2.0996140986681 
