64 64
-473833472 -163699648 20650088 -14647944 211401664 74520160 269742592 -300438784 349332736 247424320 7963073 246203584 -230172352 157892864 -435759.5 -378058752 548661760 243292096 213324544 -58112720 564618240 339641088 161190784 432531968 -654088704 16548466 78905120 -109462656 35973424 223468416 -291016448 199278272 397246208 198211200 324529920 390157312 -487189760 364282624 -220460352 -225869568 302039808 104855904 64972704 362388480 -199481664 516547328 -355962880 -218725696 193760768 400036608 -22997464 40815184 -29867440 425799680 147786944 270275584 28958400 -143084160 -280663040 416809984 123985824 147014016 63388992 -198295232 
100873056 -166521728 -15945436 -278046208 124740640 -507661568 -148185664 205092608 382353664 126610496 76036320 17955744 -93941184 -17490048 101685920 150907264 -390127616 443119616 32127552 102115744 114557248 122486080 138338432 -119861984 -86779520 -726808576 23764312 104462624 6152823 95892288 -67494912 373012992 -618522624 328497664 -93832320 -73978976 -225363200 14400608 748132864 -126579200 378832384 -329208576 -330756864 -577330176 336990976 -520704512 -552777728 545306112 192229568 -370908160 -176599616 107511008 91596640 -226047552 154503168 -408087808 -247298880 234244096 52820224 -20031312 120804992 515748096 42345216 73514912 
-257722112 42860960 -317787392 359934976 -116781056 220259392 -209895872 596799488 -182731008 -5806808 35833760 -91966656 207102912 393801728 204372032 -50559872 -22100784 451381248 -557112320 -124497152 659524096 -1997515 80787200 27491296 241029440 392485888 -219586816 443229696 60115520 -97787040 -289365760 103405312 406954240 370140672 -120940608 43101632 -213670080 -32434384 -152053248 -62413216 132718304 37791152 -244802496 -19494216 -84729408 235531712 2959122 -79592480 -15684148 -93639392 -54135968 -63229744 213630720 -132632480 210830016 -51576352 282852096 515747584 536609.5 -31228656 366828288 158886272 -35798128 -331954432 
153823616 489755136 -122348544 -44959664 197839552 -55946816 95949440 171529792 -244819904 155752832 -198699456 156427392 -42970912 151336768 298614528 391555584 -16090468 722478592 -236353216 225797952 558889984 3121055.5 372218368 28518784 675895296 203666176 279711488 184501440 443849472 -444979456 172735232 -48858288 -262816320 539049984 -53969088 244697024 -565246976 -277453568 -16817888 -139450112 378369280 -306370304 33472760 -17001656 251225856 -105204800 -243600000 229699136 353066240 118072640 117260640 -169097600 -184625216 10394336 3438343 -321881344 42461344 461626112 60442544 358092032 -264595136 347072256 -172209792 61523168 
-146457600 248972096 461414144 96449856 350064896 273136640 -28150912 -620363264 -218621824 -534238720 -158203584 -45686336 -140507648 624998400 -82909632 9812384 509649408 -23522560 -564062208 -67776448 72418240 283390976 302420736 204559168 -200482368 -136800256 59794880 -207661632 376327424 -70911072 115171392 316723200 -204387008 -232872192 -373473024 54055120 -343830272 40713792 -204443264 7468264 -361230080 -224290048 -230253056 -89559360 -77211616 -139474048 235829952 -54094528 151120000 -251848896 -71937280 -23765904 -694602240 340344320 -112513856 -151854400 125634752 301266944 65650768 25703736 113718272 -100247808 363862528 -105908640 
-133077504 183500032 -7725322 275727616 -307527680 49112976 -514654976 412564480 -160584256 -6660104 122641408 -203795136 118010688 348497408 -185251712 -46426368 383197952 424486400 -23954016 -20497488 359912192 581423616 72334528 128617344 260878208 493910272 506208768 56745408 114343424 26300464 -6260992 196277504 330616576 -31375600 -449554688 109219008 160560128 489457920 307209472 -218404416 104804928 484065024 -79905184 275995904 -148915968 174314112 -297934848 13867176 133550784 -274616576 -180395520 110511552 476838144 77853920 -5267254 -355028224 93685760 -108707840 450574592 -128878016 798329344 50971904 397120768 -194506688 
116387072 -182983040 -7195303 139536448 230390336 134939712 133016224 -129997600 144145088 336366080 288228864 -13827056 216420992 179395264 -14205548 -70765248 155320000 283116544 -57807392 352502528 51572784 -286099712 258406656 22681784 -262089728 362148608 284969984 496902400 -70509536 457107200 -171429952 436979200 -438402304 46217248 -103763168 -6366504 149133312 137793664 -216329408 -399340032 -274923264 147091392 165117952 462718720 83303616 -304432896 71160064 24773168 -99239200 -29173768 68745056 37021936 -350566912 50432368 4945908 -104788160 62685024 -332625920 220770816 107566656 6552092 -32496608 71219072 306723584 
184099136 -27387888 -61892960 19072352 272256768 -18539664 -205410752 28284520 -454684416 -352529152 6859338 -492007424 438860288 197967808 -482462720 355814912 -56379488 -272762880 274339072 -841506304 278800640 541962752 -189222016 -172657280 418191872 -120635936 -10052668 -146161408 113900224 -620600 -129647648 -418723328 254609024 27388256 -212531968 -147897216 -91054784 143204800 -82864928 117821504 -84479488 -130306752 -95303104 -357894144 219624192 45892656 352338688 43114320 263297536 -238890752 -44923232 26691208 644142592 299912448 123556160 -67114272 -2846952 314712064 -317944832 -8483632 -5052080 -397651968 -239390592 -236417920 
115408896 453492480 408492288 76100544 440033024 307396352 -221644032 185214336 -161452288 -203274112 105892992 83200928 286826752 -1277928 67098720 263269952 -92139232 309001728 -49021936 275515904 -314573312 8234541 46109040 -286533632 -412897024 -164376000 -10192600 -121099328 158564672 324010752 -81176992 -194051328 -246232704 170903616 -217340416 -657904640 -69565888 -11012176 393050880 126273440 -19840976 -290227200 -182431872 -94192256 -289229312 -49486560 491566080 45240192 -258939968 -42961360 160236416 -19021552 18223712 189789760 -145879424 -205685952 267084992 88762304 62936560 -598564864 -236288000 -89898112 -350863104 -447449600 
-367003392 -311553024 25794216 -127629184 77730944 -7592786 49372480 -398830080 375280896 -87337056 89309472 95359104 64898080 128458880 -86897440 558160896 -213592960 -474515200 130994976 -332103680 33128992 -348305152 -358504448 267008000 -30812888 -96035616 -634126336 288635392 -116033664 -261140160 114157952 -479438336 -113779808 -296081152 -114977632 60100656 -510646272 -30296816 -608613376 295798528 60309696 -679702528 -151646272 159091840 -93212800 72744768 171647296 137425664 -42788576 215868288 102017152 -356095744 6137124 702440960 224363072 162383168 -124533696 94280480 -57313264 26223104 341748480 80407616 5581746 218248768 
209724672 537159680 -433750272 62297840 -233872000 -99961760 163655360 255261440 4511720 -13898130 110343680 -12539282 -68207712 -156671616 211717632 233846016 -405540096 78096768 -57637264 86202112 -3992675 -287798528 -133979392 -565686272 478183168 195630336 221929024 -83198272 -417520384 -89482400 -66865024 -424544768 -172714432 583904256 260777024 -273365248 -19380824 -536622080 19316696 -1857088.75 -175943168 -335104256 -192328768 179585664 -415438592 -343205888 213230272 104372864 -881664000 394992896 410224640 212573696 207272640 -406829568 -323748864 -63361184 -87602400 -99465024 489393664 -75655968 -372329472 448989184 -384411904 448188928 
-28292128 -37948464 -223630784 194443328 40015632 179034880 48647984 60384336 92416544 219490432 -87803008 83948768 -109957312 -510038528 307062528 264381888 79787392 465133056 390066688 -41570304 462337024 -157363520 -34373040 -442319872 -177615488 123654944 263860480 169846144 562793984 -240619456 -85799136 -197717120 -323283968 26126176 262775808 208657856 375609600 -99271360 -79972800 -83611968 288652800 -250157568 149362112 70979232 -41171424 -635911168 69798496 96024128 -335779584 -35733088 40019792 31062624 150832128 39502512 -146383808 432082944 -427450880 61131952 -166838016 203165952 589955072 145938560 -637594624 -9187046 
-458681088 130407360 -212110720 98499776 284306176 -60006512 394848768 -392680960 534316800 148734016 -330135552 -84566304 245832128 -121353408 -100351904 -325838592 30635944 11156712 307955456 -7906450 435751936 22152912 439978496 6268424 126828896 -347958528 -377630464 149626880 1135773 100304928 58646112 -733900288 -230158976 -144015360 327872512 168124672 -84830496 -387864576 -416465664 -67440832 327844608 -511650048 253592128 -265692352 164685632 52868064 -156567488 33708992 -44710160 21145152 42433744 -493942016 -98287552 466693632 50682048 279752704 -13101978 -267020928 -202735232 7689928 148193664 -62692160 -409910016 515601664 
61916576 -335700992 -107180672 217280896 556754944 83240288 -156979840 -296622080 483833600 435892224 164786880 131922912 -118017408 -19152376 329305600 -367338240 538906112 501407744 159143680 243733248 264708288 49846992 360836608 196832320 -516132096 -78412224 90397344 -134741440 441495552 -75255392 -183418112 681001984 -186971840 221586496 339836928 303208448 159698304 -158385152 62088320 -394569216 200822656 -55515040 187441088 -419683072 496949504 -430488320 -404003584 -329325312 -158530048 -170679232 174669184 -19959824 -49489760 -203422592 1254545 -23466648 -416331264 81414592 -152555136 354431488 200241856 -438261760 -461138432 -398716416 
89983328 193725312 -549050368 -88973376 -141370240 -278960640 354717184 126258304 -190752960 306239488 180777792 -68105920 300817664 -73909952 -577231872 -48319104 58910080 -237049792 274260480 -522295040 -202189440 -297931008 -100871552 -244563456 487502336 -61128416 83601280 346690304 6293169 -66836144 116098752 -509328384 -92443840 353082368 39148624 -199165120 478690560 -145292480 17380648 116644672 -668875776 -399717376 -161032320 178490944 -360721664 -396027392 149502528 7876985 -186535296 365403136 -177809088 101115776 114953920 -408762112 -129946080 425964288 -89496512 -117481184 330425088 223142208 -52163888 214936448 65780448 45864112 
-43834256 202772224 -355921664 28722136 210456640 -83094368 329918720 -193437312 31069176 389876224 247768000 138308928 -90312704 -36359840 -133097408 -17433168 -124789056 -381374720 38760848 10623520 -388507136 25328288 76476320 -333144576 -131195008 -301437440 -108736352 146637568 -634001920 332195584 399655424 -111493760 223194624 186977984 35266576 244572480 -509829120 192241088 609236992 120989600 -103643936 194566720 493415168 -209038400 -313660928 42181792 -512380928 119693120 -79974016 74157280 221655104 94361760 69340064 146680192 -109296064 -15030734 64254560 107623200 -364699904 179432896 381558784 -49444928 -266360320 -453137920 
-435657984 102910784 -207793024 208031104 -5133404 38508128 -46153504 218575488 -188768768 4581884 223064000 -665521664 234595968 139036672 -640850944 189154880 -27413960 -639502336 110396960 -574607360 368964096 244105280 -209708544 -127162208 430199296 210742144 -98077248 162514688 -110964896 -99261888 -22911432 -429715968 263954368 -189731584 -44522304 -86959008 -145536896 -55648736 -65893856 37946128 2359280 -374944256 -381600000 -15512762 -389820160 256175616 536745984 -318362368 77919040 28069896 43122448 -239347456 592187392 242026112 -382745 352844544 -274693888 89166080 408224000 -148149248 480797696 473729280 6165661 -363013120 
-365726976 -204796288 527288064 149464320 29437136 349623040 -239513856 -432378624 380193536 -64901952 -403805184 264773184 21397344 41370160 434028544 688623616 -129179232 216486720 42421088 193103552 287205376 -216284096 -77371616 100679584 -342859264 161176960 33005032 -505149952 113137056 298276096 -74669152 -146517824 89198240 279494912 152466496 530468864 -117368512 383714560 57946000 272181760 363347456 131540160 106444992 46561200 128394944 257192896 -291320832 -184562560 -58104608 338825216 83439872 -428308992 -257238912 238250496 131925536 136933056 -111050624 -75425472 -443278080 -273573376 -138156928 -132868928 172256512 -144273152 
213689344 -129888864 -250535232 102453792 -208080064 113480128 327925760 196381056 -194249856 124552416 -547419136 87644416 -92978528 -2720876 184328448 -74315040 -53971344 123341280 97997312 195115520 -276461056 -111545952 247996608 -181420096 -111162976 -720045568 -457259008 -204206336 -71305632 -53137600 190515520 -99077952 -51319344 -172292160 310894080 -135917632 88595520 -206750144 31122896 -313674752 -873024 -267012864 -329612288 -244878720 296020224 154834048 -186109888 35829040 -86646848 -29539936 90435584 -45412864 165712384 178823680 -3848152 -476958720 -212564096 -208710208 -5443883 71220768 124087168 258470336 -571000832 76459904 
-377331712 -155998144 176329792 184370368 -169110848 546848256 258315072 463111168 -106708064 47582896 -39949536 142580352 38687232 27269008 29594368 -269099776 -154130624 144271680 40936816 146045952 184321152 96169952 -95011104 540192768 71189088 177325056 217138880 -30411888 159285824 201404544 -281306112 114836864 -395585792 -139957376 -384377600 118177344 281739008 -284924160 52093392 234491328 452002816 307663872 -505847296 72792320 -20600320 267811008 168765568 -173130944 -263132224 -103297632 170648448 -178218688 -109857056 -133697664 104424352 7005168 -251300928 -47904576 234919296 -599111680 25529264 196504704 114445728 -48688896 
-39509952 25463264 48125584 157960512 87008320 35763008 279584512 19148920 -256148800 -120736704 244087872 68718784 135619136 125418880 506838784 -198057728 151893568 72639520 -119495968 112294432 4036846.5 198610048 465368576 -23661392 -45304784 -447387648 138056576 -377335296 7757702 -91995456 -499487232 268312640 19063256 -159950720 -142785984 211933568 139415360 -235004032 155054336 -115864832 -306567680 -186332416 2162596 286319872 -19665264 -96902656 160069760 -62355024 90254432 -350468864 -195595264 -183967872 -126916896 -267611712 265086528 -403064 71570304 22810488 -111126112 251967360 102564832 -162466304 -21047896 315205888 
426713088 -303559680 -293185280 -347801088 -54588112 6214492 125129568 -308602368 62925504 406264064 201343296 -156584768 90327520 52259968 43263056 -43206784 256386944 618394112 260382912 46098752 -22180952 308560384 261691776 100940576 -343441408 -136751872 373436928 -131095904 51250368 -173786176 -594593280 213817600 -261906752 306003968 211649472 77843904 386668800 209741632 210637696 -267857920 -84556896 181973184 -416079360 190614912 -213359168 -482378240 -91343520 56119248 139919040 416391168 -481971712 349126144 384098304 -461384704 123052288 80837760 -115752352 -104097088 -12878222 332451328 91643808 -170430272 3300520.5 -202744768 
183465088 29130400 45113168 243139904 699994112 252766784 200934848 379465472 -421515008 -12682648 -89687712 -117482688 -126604128 -456546560 -421044480 -482121472 501569280 -286117888 -166989760 131059360 224866944 -55882096 91239040 -223640192 174000768 -8748640 32828472 -166462400 117173248 554054656 559794176 -166575744 -245546752 -144721984 233256640 -168574016 -45179760 360521984 515301376 -185020032 -382327808 -27156376 -179427712 113262784 -102713472 -365538816 2458128 -87738560 -434414848 -192873536 -19092416 121276960 -46273248 209904512 -123879200 -217962496 43570352 -209124480 -31874352 -180556096 127163072 259856768 -333931264 -56628512 
-557309440 -58011984 29879288 57258352 406213120 251945280 -335889664 185828096 -264375424 -97057856 37885424 140548672 39260544 349458688 -74776704 215073024 185742848 28477616 -102112448 -167159744 56765632 -266295232 -576670720 261236480 -121210528 251174400 -273832960 160049728 522576640 -353042944 -44380208 -457943808 -237114496 -226832704 -349826560 119336192 -90153184 13236862 89228480 583987200 -222714624 -211579776 -259744448 250698560 9284894 216319680 317243136 -301624064 199733312 231859648 249484160 -286466816 -35807952 28641104 91617120 316971776 121526048 2776684 -186233024 -219572800 -128797152 366386944 347950336 131167392 
-15164992 -85784256 460352000 -567182848 -46536992 -312939520 521310208 -67196032 148261376 -854352 -340204032 -271356928 -228574016 267529728 78182464 369036032 140234752 630777344 258196480 90657920 -591987712 543153152 471881472 115757856 -5574424 -496151040 116973696 -40933760 89055488 75505824 -318552832 591899648 -45081504 34007872 229159616 296666880 441214464 319926528 187755328 160801408 -547509248 430101248 41783680 -131760416 52508912 290870528 -168812800 -150883648 39753696 74092416 -62408992 19398272 325332224 228128384 329528832 -137821056 203362560 -104232256 349349888 417529088 -104546816 -249874688 102505440 -125566976 
343964928 -245648192 230270848 35384624 -167727744 -134310208 -400933632 -37044480 -61676256 -189035648 -104054368 -76420608 54885024 226481920 80463264 397722368 -297666816 -252792192 -190149760 -121495232 79677568 -64318576 -291684096 221786688 300256768 140468736 -388808448 -299271936 774849 -408283136 39476800 -323577600 448177152 -46400624 40075376 -108253152 55182304 509507072 -226608960 -42949184 -19947104 -14996968 81376704 135551040 110980576 160697664 267045440 391529984 281934592 -11904180 -573182976 -63594800 422409728 -271872768 38108512 104832736 384549376 249148224 -560471040 3886489 55756192 -268919040 2180905 -70672576 
241015296 -381959424 -91419296 305815808 241628608 -63906256 199415680 347244544 -214758272 251441536 60855168 -42144608 -105405024 -457419264 -116531552 -128596832 -212817344 -274213888 200460416 213973504 -88323904 4941225 237504384 -112109152 -67334464 -299520 105494112 93689984 16796800 836313600 499477504 49335008 -500205056 30422032 324235264 356338944 -144786880 -104494080 372128512 -101466144 326183680 256415616 277606656 -365412352 195692672 -289371904 -302940928 115543264 -431884288 -186318208 239857472 314563072 -25429040 48169504 -495105280 -101016128 -521193472 -349896960 -134221376 -287527680 -245639808 121316224 -9452770 15035706 
211773696 -427423744 -302619648 33744096 345379584 -165722432 -306260992 -5091020 237630784 270752768 -169302400 -152196864 -256561088 -187868480 -121376640 -100736512 338013952 28405600 28130384 212398656 -131564704 -10320984 -85285536 70911328 -180065088 24496584 -105070560 76970848 205833152 225780096 -298603008 448802304 -173065216 -22623168 -47122016 105631264 288891392 392916480 -18009368 214452544 75845824 67771744 -1116384 -190331072 -24041664 -159824576 -203827392 -556028416 138120448 -110321792 172946816 -137214592 416115200 -227363904 487566848 -45149744 -163299520 -96308096 -198653440 71120160 537346048 362083328 -131207520 -134019936 
468441600 -13276336 -384005632 -148535616 387009536 -1597031 410342912 300253696 -254526464 386209792 474530304 -283057920 161285632 126775392 -532523264 -206917376 -71443232 -283262720 77892352 -193743360 9843164 -466848768 -180395072 -460212992 430812672 223750912 -40960112 569978880 -329996288 -20951704 -126455456 -497776128 -433450240 98137472 -405622016 -423142656 -80835744 -150454144 35717296 -397918976 -42894032 -199502912 -92036640 123462432 -48011312 -48306640 357902592 349718016 69022016 64826048 -27149384 471232256 -148241408 159854848 -33758160 73933824 -286895360 237081152 -19641928 48193616 107706112 177620288 -367833856 195078400 
332765440 -214147072 -118323296 -399738368 -80903712 52063168 736200192 303801088 -379114752 -3874280 -354558208 256924160 246222912 -447405824 298274816 -237380288 -250150144 -138663808 90387520 364879104 -121484512 -531749632 524647680 -127238048 421486592 -190805312 -359947008 -101324864 391210752 159152128 -12913984 -74866560 -530073600 41005296 -127448576 -2266528 -282995200 -401166848 -298864640 114061792 -189991424 -335718144 -181490112 200370432 171753984 -51663536 -81628384 -172876864 272268800 -330535936 14424064 -444830976 -463288576 281700608 140624256 134573824 -315223808 230632320 346596608 -89051360 -389075200 296041472 -286314240 116039456 
185789888 -475181312 186374912 -125551552 186269184 200542592 -269084160 -76778304 -108098464 67505376 -260862720 98895296 387787776 225462336 -616400896 -297318912 386528256 -403889664 -248055872 180765888 65183120 157554944 -72848512 643282432 -22101624 298598912 -102040768 361634560 -443885824 -208631104 317387008 496102400 -274105088 -451275776 -206611712 54102288 166354496 84380480 718938624 112129440 -491720448 76170208 137250176 -212919680 428811008 50852448 -3660064.5 -335804672 296668928 -408493568 -67535328 -350776320 -315699456 224787072 486983424 -155303616 99840608 -429896704 492083712 52760496 -15000286 -101054656 303806976 128234240 
-45306208 55725840 -134893120 -28634792 -61035536 72855232 -130889856 -57181696 -3420458 126681920 66449952 -95811168 415827968 -11797440 435865344 -209679936 -223112832 -12575392 441466880 -10868256 -243800320 73912832 41119936 246082176 -12767702 166773184 231200640 -164172224 62800608 110068480 -567044096 -37809024 448942592 -62249312 -351476992 236182464 -264412160 -390775040 -128896352 20499400 -298905088 165624896 298984448 71696864 3734504 212122880 393349632 -445137408 413697024 331046144 -125850816 -537300480 97275648 -29811800 209655040 -463923456 -19773008 415539456 265936448 -81907456 -502957312 -323828992 105372064 563748352 
-361855232 -65798416 -40863856 -244501504 -97565792 206950592 -35016976 78621984 111963520 -259606144 192211904 155727936 202124288 -47385840 -317139712 -287907072 92496096 -212307392 17572496 173009216 -133699040 -55250288 138532096 106497152 -253273664 -334067968 -131625568 -607281664 142775552 9992680 -182892160 119572992 71437504 -179239936 -487020032 -156742080 -81580800 21956968 609138688 22568688 -352837632 113408320 -307984384 -366964480 -153999552 45608384 -70204192 64125632 408181248 -262731840 -331001856 -333714944 -482336768 58128128 -153102656 208146304 80959552 208384576 -210258816 -427917824 -168480768 -6809488 190312448 -269672960 
-32076360 333153024 -385572096 -205875392 -256610816 81405184 -80869216 107555488 -271498240 149635968 101279328 -154385856 -2809076 -123098176 -577176576 276491776 42564880 290411776 101946624 18606192 -271376896 291281152 209595328 254311232 -39863328 -82378880 359538688 196623552 397771776 142454272 -494577152 62181024 -286801152 384961536 -127469984 -270233856 30374784 288625152 367513088 87736320 47986656 259416064 -155741440 -293938432 -277011968 153904640 86043936 193652992 232955456 231290112 363512064 301214464 615641088 -8307744 -281354240 -101580480 116238400 384981248 -278547456 -282704640 -451642368 224458112 -85412832 10036476 
-59063232 -118757600 -131617504 -71478752 163899776 -301208576 229821888 324606464 -228559104 -231731136 152992064 72169280 79060864 -291565824 -317034240 -527162880 120623424 -68980736 65529760 -181115264 171476736 358231808 477572608 184553664 189326080 -678690304 -10751022 -512932352 -225300352 -28895696 -1151936 128501216 177536512 20093344 30078800 230892928 181645056 -473110784 251058240 -317007360 309184768 39517360 -247043776 -215932416 -275674624 -2580624 -350374400 -18089800 312568064 -477419520 -62635616 -68828832 -34928832 -389203456 -212025280 -512727040 -375055872 29992720 86283680 157551296 252522560 423246592 -175458496 -132450816 
120880512 709437952 33427248 57697280 273914624 -51496688 57635760 232558912 -88860608 159801664 -257930560 68533856 -23314960 13149376 28244872 -17535600 -57243872 271414528 40464752 -166336896 -187967936 188372544 -155286272 84824576 80224448 -432401664 151092096 100185184 -11709488 516129024 319852800 -71243872 -301642752 138310208 307079424 -235776512 -492325888 -243287296 207124352 41711952 194957248 -195266304 -147212608 48236576 -74137152 -638124032 191236288 472659712 -73906528 84731040 -168340480 -174824960 4269562 -226470144 67731328 -416921600 -104285312 237822528 -278985984 -117076608 -320196608 231416768 -581528064 -186930048 
-331110400 31034880 -65187504 286316032 379085824 -233300800 -400060672 -116404608 -102102240 126032128 -234123264 -33659200 387898880 154467456 -171447104 -259998528 160861376 140838080 -1084185 -229625728 213394048 625858048 -191950848 112180416 185091712 -392788736 382994944 171221888 -139801152 -196729600 -92564480 66152256 -280709376 43218656 311817728 -415356928 821515264 -451955456 342943744 137947328 -178366720 -258823552 -423224320 95781120 -260615744 -245691648 18184584 -392799744 -42492640 52152416 -485559296 173979200 176760000 -352130304 -255205888 -339084032 51709664 262526400 -110603424 -53712912 -43009072 66995552 129896032 472932352 
-185492736 -166114304 353288704 308603648 254804800 212510464 -259043200 -28270288 127291968 -456047616 331934208 284571904 280611328 -126909632 -86821920 56952368 125801600 -273329664 -284801280 177965632 131493280 -92922944 121680992 -130568704 -351485440 10818198 -371840768 -450085888 -201630848 -58882576 23170488 -16653474 -62282240 42263232 -118731776 422072320 -692071424 237990016 364919808 -196710144 -1483292 -9257580 338957568 -370354176 63650960 339991296 -271048448 -23337568 -66517088 -252363648 454023936 -145869632 -147236800 -110140992 -180695296 189283072 -62357984 -369420800 -432243200 -270741760 205398784 -47878416 87250560 -371293952 
-382019072 20950280 413515776 102703328 583239168 31325248 -300136704 81465728 232186240 324632832 288631808 -25262552 558165504 504936704 282263040 -77063680 112234304 80638336 -281267200 -379959808 -51983584 38402544 -191153408 -185927168 -676943360 247955904 -303738368 455829504 -175793216 97734400 -442631168 286468096 113373312 -22107168 44999760 1217608 -310801152 -459070464 162201088 102661920 -266866560 -218549248 73200576 -269056256 372673536 179964416 -313899520 168743936 650362368 -282671104 -138090304 -94349888 -542365184 36592928 147393472 253715712 494900736 -88796096 283768576 -52940512 31922544 -252769600 84210112 -483273472 
173724224 -439594240 54881024 -302946560 -385417472 -116357248 138780672 -215815552 -24554064 392345344 -449414144 163329792 -86745472 -212524544 619488 62635632 -190055168 -131171392 99509344 148900480 -235419072 125130816 65689376 27589192 -117896448 404824832 -221591744 590440 -132289792 108781120 292397312 37329760 -223934976 -141184896 280147712 17396688 -169048000 267792512 119710464 -134348864 425130240 433128192 160730752 -242883072 -353601536 -121241280 -364439552 -230767936 -41408960 295783424 -53361504 291467264 180490240 184978304 -142917696 112590656 -69580416 220611712 -181451136 -190845504 -408752640 96046144 456657920 -10092196 
557777408 -38046752 -117543200 192246592 113051392 -40433296 -17328144 149336704 -52456960 -65629344 76747488 -175871232 449153792 -46675696 -188196416 109786752 365949696 -117475712 -80785152 -117622784 -139003136 -41660352 410545920 -387987968 399462400 -256483968 -262561408 -91950208 -146272832 9028016 -69104352 -263607616 -130814432 242459264 -116618016 155307648 -415976960 207315648 241072064 -513894656 -427457024 -97268480 -104745344 -57750880 236014208 35723216 -243372736 158314880 -412131072 -300625152 311925760 -136797952 -4577945 -106100928 31945424 -485208832 -295799040 -213800448 -82668032 4006000 215414912 -111739072 -354244352 -311720192 
-269513216 304607488 80223072 423060224 -83413120 -79408576 42095872 59216448 -182828672 45837616 169129600 203779776 -218328512 377302528 521577216 -517774336 -157605120 361407488 -219034816 441621760 120357504 -61429824 67130624 -388998912 91223872 -297659904 119739232 -110913824 149630848 -398834176 168114816 147216768 181334336 71551744 -274788608 -242939456 261349248 247122944 29892496 -167215808 35267664 -358540288 -129101632 229410432 301480192 132166016 173110528 19572744 169512064 85859552 -451239680 -97528576 -158448512 -424181504 184939328 -17262880 247508608 508958720 -87553184 -9358208 156683392 -150555072 350338816 -373917440 
14417216 -239939456 15006172 180792192 55439296 -121201408 -114348608 255441408 -171730368 -124882528 -320453888 -31592368 -71389984 -395844608 -631501312 163044800 19973048 -213322752 -3659864 341692672 493501952 140533568 42817696 -38671760 -36216512 327504128 308348672 -170145536 -316998656 560946176 564948992 82564736 -194092032 196971264 106261696 393379328 -429952512 281350400 550604288 -71443904 503120384 723348480 574716928 -365419264 -104490016 -253237632 -91220096 -212375872 -274698496 -62948832 275160576 87117728 181101504 -64588592 -63312160 285655808 -427094528 -329545472 -409747200 -451849728 -191326976 777276928 256983360 49059424 
-97295552 423642368 172080576 89639456 86639776 369156864 -219610368 382436352 -221188608 -295307008 -427431680 64837728 156859328 167168320 203857856 173100288 -129329952 619995136 -8088098 -454725632 255304320 601319936 -342201856 -46442416 101327776 -66001200 172625536 -35816256 468248320 -37522032 203986944 -575262720 476867328 -4762496 -498758656 -330273536 -613031936 58928560 -66037184 41556128 208964608 92475008 72972736 -81453152 -241547392 296364288 65523856 -151097280 45608768 -108188384 38651696 -237790016 499901184 543506432 251433024 -49704272 -101826112 298147072 -184096576 -39550624 480056064 38525408 -196663488 -297903872 
216207296 221807680 257431488 -141598400 -338142208 8245854 -344671744 -527188736 -135796544 -22633600 429731328 126787264 -38108992 631615488 -326673920 432506368 305541632 -608144896 48041312 -340155392 -219330176 -46091920 -285035520 327862272 -91308160 15040272 182322112 -77004256 -342976256 -430309632 -24709072 163917888 563440128 -494379008 -510132736 -203082432 -398209536 109437408 -358181632 172088512 178777216 195283200 35922976 64158720 296188928 96913344 207281408 424899328 266168128 -32236640 -276540416 216075008 -392001792 -265052416 158999552 291658496 301300224 -179687744 -238453312 213155072 378059264 -7780241 499822848 -452120832 
2423632 243076416 -109775104 -289428224 -337595648 -112823232 -23160352 -279976448 112908384 -175945216 132177536 132788128 -423563008 -43079008 -696628736 -19326120 -26455352 -302758144 411623424 51761360 -337599488 -73285728 -264983424 69017024 440505856 -108805024 256128192 -213904576 214575872 164136384 262618624 -293276416 -95732896 806427648 -82252096 -10308112 768830976 133960288 -293199872 592875520 -266552192 209123072 -127758304 429758208 -527292416 -174272256 214714304 17384192 46885616 217540352 -116668576 322439168 128701696 72856128 -267443968 470692352 5088064 -64545024 -70820992 430415616 -493691904 351553536 -102062016 336217856 
586521088 -365000960 -32646872 -82030112 88322208 -82622528 -122784128 38916608 -185231552 131391936 141390912 -73515840 74595616 -35529184 -43533440 -51461888 338626048 12201032 -16205920 233842560 84472736 317867520 166746304 -497296384 -321449216 -67770112 72447808 -143593408 -293083136 -240328384 -226340608 529596160 -445900032 93072960 -125098496 -200675584 196462848 322094592 675390976 -346146048 -33332272 222678464 -369756672 190236096 -31776544 -489929984 -234818624 69100672 -130305344 -502448640 -135340864 638071296 71340992 -207266688 -15274018 -114032896 -206459712 107117248 -34615168 21855088 527999488 110884064 -159400064 -519287808 
-89087776 -17725440 411445248 391778560 172001088 451462656 -259308672 315966720 -408237568 24683816 -393133568 243531392 554021376 59271472 -276077824 328425216 228488512 -63660608 42572784 -105197568 603929088 501709568 205947392 -40742544 85170688 299231232 -137544640 -455903488 -416785408 -63932400 -70042144 -180884224 -236711680 -492280064 101003520 72599936 191482752 -210748480 415954688 -190681920 145279936 230104576 -354168320 -72204576 -5451200 226050560 73870208 -305575936 -130001728 -490216448 21088448 112039456 103576640 177998720 -186662848 -216777856 -84053280 -87902304 32738456 -451606016 258857856 341620736 427898624 -226992576 
346216960 -56041152 -35984688 -60644112 -396187392 -146254080 400380928 104896672 -423499776 223807424 -329940480 -13003966 -22541520 -54252864 247231168 -295973632 -224024000 -122830016 -10815472 -8141278 -170513472 -18502544 408946432 -722204672 66725472 -440693248 -279673088 192057984 187305984 -275873792 250140352 -389788160 -211318400 -184889792 71602784 -303754240 372615936 -95095488 49088960 -381849344 -352586496 -449082880 -144165312 -193355392 370842368 -280713216 262108608 271347200 -214087040 -231398720 -170668288 104837344 -344314368 -102232416 -63068416 -37782800 81928768 161639168 441931776 340046080 89450176 -250858432 -230164992 167338880 
171697024 131144352 -280972288 -291867136 253893696 375035904 319941888 208325760 29055768 87732512 -38709984 406180608 -67279072 -56708128 -239613952 403430912 75042784 205196672 -38061632 -203204992 318317312 -101922432 -140592000 121756384 140125248 294204672 -121896736 193642688 -72012960 -305997056 35496656 261386432 -179165760 -344784384 -165756800 -46707088 -291258880 67662944 295531776 143131776 -12924296 116854240 137524992 -92116640 -11894752 148338240 -110317344 187646144 -17337920 -43647888 -126973568 65316800 90938240 498808320 -39565664 199594496 211819072 217210112 -241451904 129192800 364023296 266786496 -158354560 -144730304 
-199453312 -132549344 -53237312 126988128 -95233952 -145761408 -64746240 -274906880 -415537408 -34462560 169950656 -38946464 -34766416 -107079040 46611216 22511696 -300911104 69768800 -171713792 195489600 202585152 31159176 39547712 -312739840 -18843664 247731136 -100422656 -73380544 -109524768 -447255808 192848384 -331587328 -354270976 -163286656 -3033412 -216323008 433585408 -9884800 294948864 -517727488 287393280 -494227200 -68998976 -457053184 -376103680 -514477312 658204160 -22618024 -336563456 217622592 -101197920 18009168 -300881152 -147646976 -200268544 197110080 178903104 39094560 -43472704 -112007936 -79903488 -72546432 160033344 186820416 
-144512320 -11464772 -112319424 377260544 -242343808 -10829012 -256064704 131185632 -68682112 -27494616 -110637632 -265981760 79502272 -85986496 -256172032 -236305216 116268128 -323579904 -263782784 -178591872 -95871456 210265344 234529408 230461056 60419776 -217598912 -138430976 442256896 212404160 248742016 -246495296 -203797760 308141824 -41687904 -10286872 112795040 -236731712 136102656 -152766848 75657760 63857376 87887808 12258192 249081600 -77467040 -48380656 107976832 -219738048 40269792 -256718080 325843968 -176265536 207261824 -573949440 241540160 -127617184 -32478440 -91233600 -71685504 -367936000 94795456 348433408 -1718341.5 14132750 
121349568 -28120984 186768576 30034424 75390592 102704256 -78708032 146341376 33179912 -270394112 122240896 -93452384 -18244864 -129938432 -14936460 13498280 -148964096 -182595392 -88188416 259622208 164896320 -4615718 -175341504 175708928 553514496 558343168 318129664 -96363648 -166874880 -478785536 -19175488 -337966848 186219008 -35444544 -305371392 92795712 -320746496 -229941760 207665472 40095232 427748352 147725952 383764992 372124672 -52141552 386750208 393423104 -231445568 59489184 -105395200 60484400 -193203840 273277952 9209168 162175936 -153735680 -354498816 95767360 106181024 -632964608 -334197504 222412928 36985024 360167936 
334009088 -71864448 -171348864 19802584 -224290368 -76987296 191226624 318328576 -223677760 57018800 303126784 165372032 50047776 97613248 -244975808 -65945872 249577408 -13533152 283421952 -74048864 46008464 -56758864 35835584 -180404800 66587024 -153318912 135412352 -436401664 -4534167 -137408704 -303597824 135245248 33003064 277980160 -126380416 -64856512 562292736 -242462080 -454304768 -264241856 -858364416 126060032 -197674368 554300416 312556800 -8553156 128286944 -223091520 8941978 223492544 27865600 251086400 113862592 -525659392 -113225920 -97768768 52786928 -374493184 353731072 227392448 -238337536 386174464 138628416 354484992 
-41718432 303955456 323530240 -33022216 -198157312 -46549344 -211480320 -115114272 374925312 -141116032 -70846336 70458752 76369120 423124224 239045184 233122560 -625795072 43986880 -216417728 268989696 -550276096 -35678784 294853376 227693376 658548224 -313538048 -336826880 -109754464 -132564224 137333376 -103846208 -235349760 327341568 -243519744 -198279872 -320935680 -58754704 -411783424 -456069120 269145856 7766656 -129526016 -31443136 19076096 -225632128 19589984 328435200 -85258272 69570752 -163827840 -358802944 -469575424 -22714984 226956032 -37390864 -40312832 195355392 -319417344 476190208 -428477696 -139931712 -43662624 -70591552 138761408 
65817568 -200669440 -345313536 -119907712 96498400 -78339872 -4299888 4664000 205586816 916255232 107346048 -273904128 -214632896 351253504 -137513088 298308096 74106112 -53913568 63077904 -328627968 -114197504 -64319440 -97532288 -155879040 289150976 62785408 75640416 653149696 16570056 436453376 34739104 77639488 -359541504 -128477760 215634112 -241404160 482739200 91842240 36355632 -123316576 -242764416 162675328 -109550080 144783872 164210304 -218925184 147913792 245245568 -237487872 -271177984 -92519904 200901056 161657920 232622656 128832832 102602176 182867904 113786624 435337984 368761344 245911680 393569536 -4485677 25790824 
237835520 75756128 321972992 151275520 359155456 53528544 -57946048 -16764154 166739584 -101684032 249014912 405361920 -39777104 -18977560 -159265280 239775296 -140161344 -41890336 313053696 -29589584 -291596544 -187723392 67663104 -75879584 276314368 -183284992 171881216 -202766976 -48931520 268009536 -135520128 -52787520 214396416 118268928 -39401040 240247936 -332665344 2922624 -115055488 17025016 121612800 272502784 -56818576 224400384 -26270368 -39179712 16963088 -54813152 -414474496 -416481536 42611328 332488704 -15569274 134246720 -13598796 -230249920 -332691456 -290936064 -13127998 40271808 235943360 268356480 124037568 44870768 
245500160 283214336 53405632 -41406144 -223440576 -354011648 116216512 604516352 -430912768 25237472 -417441792 251091840 21660904 -180664448 49520896 444736256 -302056704 -34819600 188386944 -59936144 701222912 7151820 -128588864 -384100096 102044192 210525888 23982472 36447056 -410713088 136884352 133338464 -53161360 394823168 -98159168 -20609168 359069696 -142432704 -272067072 -118228064 -161404096 -153174848 351761920 331151872 -222301312 4870976 -105347264 -100908096 176968640 -243570240 561342976 236003840 325000192 -245731968 107344672 -398614528 135323392 -138417344 -60238032 -111185728 143978240 -311982080 376253440 -148104704 549875712 
-399695104 5195061 386138368 175698048 214195328 212907136 -408003840 307199744 -95708640 -267195136 -89120800 -15513420 216111232 353407232 -228037120 -157624448 318550528 542738944 -378093312 -233446080 584617472 468644864 -259839680 651894272 -446040576 226252160 123013024 211859776 624647680 -38854896 -70278880 343107840 -142582656 17271056 -148973504 4092944 -715444224 140010624 -34482336 -271188480 507364352 172490304 -269485824 -134497472 563128832 151813184 -405433600 398794240 264295808 -535055360 58007248 -196860992 -63067760 378399488 36537856 -110770368 -108691456 57315104 -228863808 -389191168 198392000 12519912 56579424 -259567936 
-338561280 90469536 -83077696 127665568 71736448 -180620736 -323664896 560876544 -100402656 -226352512 175209152 127098528 385246208 -255295744 -131318208 -292615680 -140830400 -43281824 -116633088 434223616 369443072 -168303296 -161918208 91011520 132567744 126233408 -58533856 248597824 -34951008 -133343584 218114496 -210009024 -351383296 -285386240 -135016256 -325464576 260047360 -623049216 -45419536 235220288 81166528 -462386944 -56426784 205410624 -188973120 -101667552 -110738816 39737568 70186112 -174853312 -125367584 -172836480 -376810752 -71307520 -425388544 211199552 -194497728 -180803968 59532512 -189239808 35006688 48874512 351962624 409703168 
-294468608 224252928 -268958720 222782784 -283230208 160789760 25136800 -207686272 125800704 -192001664 -238142720 -178617600 -74383968 -256368128 377780992 -378286592 -76016576 106634656 49568576 215882304 155902208 -93784192 85055648 47432704 354394368 -94186048 159001984 78350912 166338112 -323253504 -104723008 76320 137251456 192712448 -49145952 -199136064 -92256576 -29042816 -336996608 194848256 542609408 -198316032 53556576 159332800 -100146752 98987328 192460032 -543000064 -235500480 -202602752 337792000 -872224256 376742144 56902864 379284736 53970064 -270842112 11607552 76755936 56205616 297634048 41519424 -215698496 73707552 
73084032 -349064960 -379907328 81548224 -69313504 325545216 303876096 -38091232 -550480896 -273911552 -167244992 -134138176 163502272 5752128 -235786432 -42948704 283361280 192551232 -83254720 -335879936 -299966208 62312864 131698592 -536645888 -39817488 25277320 -472070144 -122327616 49023216 49900960 245357376 -416672256 -188407872 411277568 242467776 -364816384 168826944 185592256 -88330496 -29324152 172574208 -106857792 -379353856 -351468288 -217429888 435667712 41619136 -75689568 -218786048 245466752 111159968 367813376 367570432 236116352 -144234304 -136586816 531290368 -70815360 -114452096 16677368 -78776960 -342548224 140973824 -536546048 
-59708000 145195520 45550704 -253810176 -269530112 -246230912 89131648 430111232 168664640 -194791552 -142389568 -311572736 -409262080 -105106176 223180800 -369870592 85499328 61691856 221560000 -154358016 275746560 357032960 -128703808 33801216 -128998752 120700896 205917888 -481930496 466232832 -348262400 -101924000 -178754944 542678016 111895168 -438300672 78369728 -108960832 -188669376 -241589120 315725056 234655552 379895296 333686016 149735168 354883072 330961920 -213618816 83095104 342274816 -151391616 236641024 -42011792 216530496 -163218688 136606912 -200683008 -67634144 457021952 -19628192 -229604160 -1476662 -202018816 -129075072 -30582592 
25295624 117082432 -392236032 312425984 -45420240 -770935808 -170904192 67871616 463287808 212557760 -64866640 -161093120 159314816 -58689296 -74547552 -132771008 110225248 -350717440 289654784 -60912560 410009344 -10308224 -126603168 -97991808 462212864 24228448 -141199616 297184256 -250541632 -182045312 41273632 -127094464 193086464 479572480 -123567264 210885184 -218629248 -468106496 -479421952 -123004896 175872576 -354110976 291689984 -288575232 -177198592 -54635088 -185266240 -64948608 -317085696 302286080 89810944 -168884992 40945760 -541410816 -28426448 187588224 -411355904 133577248 -152054528 375232000 383386368 407731200 16758446 216721920 
