16 16
1413155.5 106589.703125 1036785.9375 -1328211.5 -2211301.5 2910743.5 -1277217.75 -8902.484375 -2038324.75 1388481.5 284411.28125 96337.6875 1041427.9375 -1059718.75 257832.65625 940099.0625 
1271181.25 -287804.1875 -3515507.5 432635.6875 862799.4375 751023 -290557.0625 1973817.5 -2395820 514076.0625 1733845.5 -1430952.25 223413.171875 1056227.25 479314.5625 -10768.740234375 
-578599.75 -645828.8125 -208605.84375 2977260 -525449.8125 536948.9375 1020759.875 -1752703 1245341.75 -2731305 -308939.6875 -572129.3125 771279.125 652870.75 -825727.5 -317937.5 
-971545.8125 -2170719.5 -1804143.5 540280.8125 1339373 -1164163.75 1385184 372100.5625 628717.0625 958629.3125 -1153987.5 -575571.9375 -1957474 1556305.5 -1436607.75 -200834.671875 
-1373951.5 1701070 166215.359375 883145.5 -2182991 866831.25 862618.6875 -825516.6875 2255.171875 -892868.5 614238.375 395316.90625 505346.40625 -1264859.5 -812092.625 964108.625 
-1680189.75 1516159.25 2162728.5 14030.1875 -3108008 -68405.9375 96581.546875 -446903.46875 496039.9375 2141497.5 -895168.5 -1247539 -3777293 496448.9375 1776944.5 794099.3125 
39016.1171875 -1202870.5 1888413.75 -717755.375 -700102.5625 -373286.90625 -115649.7421875 -93823.78125 747491.125 -26476.1875 -1350675.25 878430.6875 -1410590.75 121691.796875 -856235 -969607.625 
-1330121.75 1620862.75 -705426.1875 1337414.5 964551.0625 -639953.375 1988462.5 -2684372 -404164.3125 -2293275 -1595750 -213887.859375 3419423 140819.359375 -701400.4375 -994435.9375 
-488053.75 1177343.25 -686504.1875 2250726 758803.125 -1612059.5 1693495 -2422361 1568960.75 -2594792.5 -1222207 -123080.8046875 -862182.875 867406.3125 -1156864 -807703.875 
1415685.5 42023.671875 -3099536.5 -374175.40625 -1844774.5 -468401.6875 1173253.75 173390 -201463.84375 -549488.0625 1045007.625 -240857.625 1076372 -1262471.5 -336197.0625 -1980783.75 
860264.5 -602493.3125 874131.1875 2153959.5 1501282.75 -267659.3125 -278097.0625 399590.8125 -229082.75 -274160.875 -1093006.25 815969.375 2123999.5 -1052508.75 1831127.75 12043.904785156 
687542.25 1658527.75 -1358205 -896747.5625 -233991.1875 989562.75 -690891.3125 485127.25 -2039023.75 1593377.5 525131.125 -664472.125 -1109817.25 3144892 1003716.875 -416154.21875 
-769396.75 646861.5 -1437932.25 -1023683.375 -2598248 1246957.75 1000532 -1090110 -1196001.25 -775724.625 -488319.5 -868651 1761951.75 -1262797 -1491348 -712000.625 
-1220102.75 -1168085.25 1030881.875 1960533 -99844.84375 -763793.625 400243.625 1782489.5 -508189.96875 -397916.9375 -402134.625 36270.296875 -157069.234375 698906.4375 -358106.5 364752.9375 
27401.734375 730567.75 -660723.625 -291046 360237.0625 -258524.375 715644.0625 -372056.28125 -228808.1875 181400.625 -252533.875 747457.625 391017.6875 -1204664 -24734.5625 -377913.59375 
-323360.625 3673118.5 449036.6875 -3573585.5 -816151.9375 4175123.5 -904744.875 -2823576 -3887717.5 363853.6875 -748057.6875 -21243.359375 -750403.375 1118770 -1833326.5 465891.75 
