10 10
1085934.5 760875.6875 -1721322.5 -861570.625 -3464380 2178978.5 -21215.625 177185.171875 -359816.875 220431.46875 
-454930.78125 687100.5 -1272067 1077192.25 700286.125 603045.5 -747965.3125 -964113.25 -1182303.75 668805.4375 
-778338.25 149805.5 -38434.9375 473082.59375 104893.65625 1089777.75 637619.5625 -817946.4375 -32950.8125 -500974.71875 
-185138.015625 1367900.5 560811.375 134568.6875 -796633.125 -223876.875 2122161 -1017050.8125 766851.0625 629382 
322232.09375 -931890.875 -23719.9296875 -791662.75 -140140.75 1332561.75 -158352.25 66934.859375 -1232502.75 15146.243164062 
-343258.375 1640275.5 -105613.1875 -242810.3125 418360.625 -1859997.75 2197645 -62934.2265625 2034538.5 1344094.25 
700296.125 -976056.4375 -1152733.25 2374442 -268419.9375 -728207.25 -547178.25 2493909 1040125.75 -977871.6875 
-592685.3125 -81232.125 382981.375 128525.390625 1509010.5 198916.90625 1189184 -511480.03125 -1175816.75 1297750.25 
-1043960 307244.21875 873672.8125 -656934.4375 57991.1875 97062.0625 541518.125 -1035747.1875 761451.25 -727558.3125 
190542.84375 1282501.25 462910.5625 -78737.09375 2035778.25 -978756.125 -163132.78125 -1571891.5 56391.4375 922648.375 
