10 10
-47.14407491684 52.918484210968 66.979722976685 -68.754921913147 -66.773554801941 -146.13529205322 105.47551727295 -71.215257644653 -173.02830505371 154.84092140198 
123.31809616089 -91.654588699341 -131.23571014404 -81.707209587097 168.15326118469 -42.425248622894 56.116388320923 108.94892883301 76.062821388245 -22.155642747879 
123.05782032013 0.067900631576777 -133.49892807007 -15.234934568405 167.70084953308 -31.419004201889 54.846394062042 -66.564990997314 35.746031761169 -105.67654037476 
71.146903038025 29.265715122223 -11.671159029007 -153.7702922821 -107.60632514954 3.828308403492 60.153935432434 -28.700739860535 -15.331387042999 76.531380653381 
-75.834650993347 -59.220489501953 116.40302181244 99.836923599243 233.36643981934 -112.40895748138 3.6070861816406 23.743112325668 -84.410048484802 -7.3502666950226 
-44.226957798004 45.990304946899 49.585105895996 122.58056640625 14.144486606121 -50.926646709442 -41.919900894165 -63.570919513702 30.191457748413 -26.653040647507 
144.17486572266 109.31196880341 -9.9941658973694 -31.462579488754 -124.66304111481 148.32822418213 30.797773838043 -9.4009317755699 -36.327574729919 31.293315887451 
106.90971660614 11.715586185455 -56.147611618042 26.587094306946 82.851078033447 -11.145469665527 -51.634380340576 104.31900405884 60.551394939423 -92.145348548889 
-17.464814662933 113.36165809631 79.23867225647 60.518614768982 -140.73160362244 168.76219749451 -170.73009490967 14.088135838509 69.96068572998 71.002786636353 
34.311627864838 -0.77295055985451 173.5359172821 -73.264381408691 -46.654601097107 112.82650947571 16.388133049011 105.90200901031 -93.745447158813 167.31380081177 
