64 64
146859072 -8469858 -992374272 -1610400 593416704 -402732800 360165376 -49243136 -288545280 -611768832 -607835136 -503545344 461339392 -35447552 50784528 178442368 148177024 112511456 488348672 324163584 428307456 600120832 -332231424 -150688832 -290162432 -186239616 -514392320 144079808 -59999376 -494540800 221393856 360520704 -632190464 -540476416 147611776 192705152 186918592 423084032 807824384 -512862208 -93368128 497211392 342665984 530927104 -422077184 332441344 -479229696 -539464704 -479080448 -54300256 391004672 372464384 -435938304 155541184 106827936 -50614016 -285895168 -416612608 326659328 250446912 -36212768 180979584 459686656 22045504 
-493070592 -316793600 146026880 189609792 63304128 -444315136 -300217088 -60821904 631902720 92322752 -154772736 -207366016 539949056 185526848 -250380352 -88553568 -542897152 -226408512 74047904 -67323456 -103326624 174212544 -255730560 -354023936 364532480 77912576 -392660480 636135936 -142383680 125965248 -213088128 90202464 88537824 93259872 436428288 73920576 116986624 -439328000 174099712 -355660288 52209632 53135728 411810304 220547072 -124469120 489345024 453027072 -264077568 58889088 377362944 -132539232 78745920 465698048 261398336 186632640 -33836272 378063616 -79905056 7933134 -387872512 284324864 163411584 194245312 410614272 
-41180928 -228324608 -54145424 -595015680 116669408 -86291808 -738260480 -93676544 -348827904 -123433760 -243836032 -27380424 240888192 -174113472 -222964096 54036256 -105722816 -245459072 54886560 -55997984 231265152 295699968 -188014272 -49001264 131644896 -17728144 236638976 -113651936 108597248 -44648848 352362496 -483982592 63856544 452713984 270086400 248521152 -479364096 -69010208 -3522184 -113478400 76303168 42730608 252945920 -252509248 -142887680 -168173632 196753920 193113536 254123648 662926336 -171643008 305343744 -82790464 423892736 -118466976 321468928 -88327680 312407040 324272640 237074816 -180516608 72071872 212917760 72944416 
-97107008 -213301568 -157834880 -226285888 559322112 -246729152 121230464 -1435762 -399926272 -182588928 -68086560 50104128 102064384 636020736 -178490240 58462256 -405805056 -356442624 226132672 357715200 386278656 252524800 -10217554 230829376 219593792 58683936 90884736 -92107104 50221152 -364281600 -112774464 106096576 -393573888 -143879424 558692864 162687360 -2628234 167697792 68393152 -311948288 22965768 443250432 131632064 -252801088 -41201248 -82076480 -292464640 84032096 -285149440 120536192 115313408 177161536 -233174720 -97914336 350626816 375119360 -112747328 239358336 -180501440 -77432256 -380443392 279968256 375273216 -253751360 
396087808 69767936 249216448 -329984256 91118112 116707008 -113810240 -269056256 102722496 -155949184 -340520960 402604544 280293376 59487696 349870848 66245952 -127529312 404054016 -223584704 -86502432 -103259616 45338288 38559760 173958592 212414016 127757632 134411072 -226004224 207157120 -203954624 362095872 -182020352 18407072 -82808704 105000992 361587712 -335126016 316147200 280849152 93020960 36337776 -448047104 129778304 -249585280 223310912 -163219584 388221184 -9588910 -170881792 135449536 42196512 54488688 -144059840 148979392 219597568 -94802528 -55961408 -264216704 213778752 220023040 487235072 45382896 66470000 -108295488 
-288507904 -431376896 -6545066 -293645568 -192418752 377330432 -1250312 255959552 104263936 -69357824 267401088 506521344 268869888 50532672 -342497280 -23965312 -445733888 -228962176 -305968384 405649408 245499392 -117340576 59716704 -300668160 -80748864 -471312896 195353408 57414672 466612736 133400224 183172160 152719040 102120672 99066688 36384240 -33976752 -93074720 -20891872 -87661440 265672448 -36440384 -73439360 -58974720 100773248 -198062272 323655680 211635712 -246954560 140627136 288005888 -48029296 -193425984 -10473816 99735744 237746752 -130219104 216303872 -537077760 81976768 280174080 209211072 35669696 34080000 -313650432 
340834560 -143729024 247514944 319086848 113872768 159471424 2367456 125194112 80414816 66150912 181250496 -187978944 -165599232 -177368320 194939712 304212224 269216256 -137306432 -25287392 -55709232 -30857312 343859200 44608944 -29407192 385577216 630669312 283489024 -190041280 480788992 -254997184 -40143488 8162080 238492224 279445504 295410688 -119882432 -173780160 47913408 -134555072 -50948208 -397993984 -2510752 -307937280 -119366336 239962240 -46738464 566773248 175085440 193833984 -200350464 -114252544 -99134528 158894784 -33857376 4855040 257964672 -117589696 289253632 -2111994 -259918464 185951872 -58825216 -14181312 155534336 
-198242048 195868992 398257408 -121269728 253846144 279887360 -270385920 14378552 -351615488 -242935808 229265408 281829376 -329534976 336021248 252684096 229803072 -600632320 -103565344 -32083600 -47990176 -416072704 -268032064 89648384 90234528 108688768 733865472 366500352 99062880 192080448 -215565696 256135488 -321744640 530914816 609350656 -151565824 -245077248 68277952 14761878 -441731072 15786232 485352448 295312128 425778176 -20891024 282455808 -297564672 -58394112 -226360064 225213760 -313090304 467291648 -350306048 268875776 -626244608 -13224636 629851648 319825664 66178624 213298624 -235013184 180413568 -882537984 -254775616 -270989056 
-152227968 -90933696 339105024 156120704 68498368 -7852418 550902272 -94119360 289892608 -332190976 565974528 466641152 -157512448 240441472 -235860288 171689344 -202344000 573204992 -256406336 -130781440 -248233344 -439195648 283970304 -133796704 46299168 -265017536 241724160 193424896 -14659424 -249566400 -255076416 -76623872 474550016 358776320 -415917824 -362671104 251876992 146089792 -462435328 262102976 116586880 109217312 48638032 161698432 -409845248 123630368 -313505792 251363008 39031488 -389575936 171440640 -761502720 -95286944 132341952 197686144 -256486784 304888576 -271505920 -231137728 -17271024 450449408 -209597696 124436672 33076672 
402458368 112712320 270977536 -404566272 -71506688 226494400 -135506304 208599744 21962464 29538664 -92406272 144086592 169078592 71220736 -189961024 -184950144 235602176 -333583616 -176384192 109386848 167083968 -134219776 186758976 68749856 -103996800 151320256 395440640 154374592 -150185984 42104912 265747840 -128172896 178658048 -94418496 372601856 -241001472 -357872640 52707360 39422400 -34572096 173640192 -83360544 -187750848 -126369312 -167821120 -8129125 -241027328 158183232 -255646208 -61055168 -135868224 16007452 -182430208 11391286 -337900544 -10152152 -47669152 278872576 -491518464 59441856 -83681696 267067584 -326366208 -216392576 
143235648 87079680 47757520 -62404720 -431376128 53015344 -381188096 82202208 91978976 83298016 49745520 -108853984 122227552 -424469760 -360082176 -210595904 128671808 60455904 -7421877 79186720 295921152 -323563520 -45272928 -144940544 -1569369.75 -56889392 183107776 -15475558 124340992 217922752 -224429952 141178944 387673856 358954496 175723392 -646714880 100706656 330293248 -176447936 176312960 133814592 -278907136 -242620416 351117056 -295390976 -67067792 224005120 -137817408 190109248 117024832 197990080 264996224 245877312 203305792 -329161216 -121923072 188805440 67367520 91943136 200321088 -304702208 357344000 138360384 -91878464 
737683456 82254656 18617584 276954368 -406852096 -148181312 365079296 57230208 290940928 -109065696 -89977280 59217504 -435008256 204489344 56936576 -250722688 415650560 -45942256 141772224 -594204160 -554224128 -209234944 402629632 -400186112 29301104 -86969664 -477872384 -95476096 -473641472 507629056 239986816 350908672 209503296 -252750016 -246122176 -262790144 309763584 171310528 -558637056 -126659936 443250432 242205376 38990144 -335638784 -408959488 -202714112 -265784576 76190208 -125006400 -72199520 -328722176 -225326784 47840576 115178560 247508288 -276472320 -382615040 -204966080 162438016 275527680 -111399840 -44755056 -283835136 349578496 
129186784 -508775424 317633024 -92716128 112494752 -79216064 -131093280 26330176 201126976 169904256 59271568 -155051968 69328160 207556416 278574848 245476864 167551232 233341440 437146112 70561248 -140892800 252718144 -433471488 -249186240 158000192 226956160 -97321344 492055040 -100704160 -134322176 252188544 121019168 84991648 -42360480 216612736 -64488000 92580960 188834112 88761792 184396608 208436416 66722208 186067584 215192128 -164322432 47614400 -74308320 -596001280 56281360 65131312 63925264 -61399136 281881344 -217737856 -82706112 -110674528 -281018624 15964356 372021504 -27370320 -131708032 72819392 -385659392 -257441984 
-84051168 -381826560 429573888 39295584 -249530624 57118080 342068992 190960256 73441472 -51386016 178985152 98915936 -110309600 -193801344 -40231328 178326784 141600000 318058240 -263185984 -186549184 26983728 -262412864 -4035920 -299987968 69394368 231788416 -304925184 -43165104 601149440 -234098944 241858816 -144272448 -235728896 -113349408 215892800 119961792 16224504 53893728 -57207648 -205249472 256174720 -316027904 -275735808 359598336 -316293632 -63234352 85572096 -61119280 -142805120 -41287712 336118528 20598384 -152829696 138391488 -95812544 -310088 -159786752 -26879872 -212544896 -44171200 147650112 -252666688 149368576 -19731728 
252321600 -496957184 264124800 197712960 501902336 109343296 -204630144 -348771840 477114624 352409344 -5501392 -300632320 181691904 -327113216 -416945408 443691520 183907904 -56274752 64375024 -6354304 153899072 58721888 1946288 -160853504 -108493568 70107360 -211703872 -16092450 -202081280 -45498752 -87817600 -440483072 -216590400 256400896 98303552 27241520 -232104448 -162359040 136972992 15643288 -33722288 -679141376 289539840 -39611808 234845952 196766080 234691200 -153222528 84467392 175956160 393469184 327373056 358495232 358971392 -33716560 -223825664 -426232320 12575696 102203232 -57340416 82148416 96659872 18904704 358913792 
165514304 -318683392 238862912 -431996672 119665152 -241502784 -241398528 -65653920 -17244400 -133121376 12819680 -177895552 -60645840 912969728 546585600 430276352 -317057024 40679600 103598400 345980928 144372928 384252928 -561251840 200607232 317508352 271891456 219634304 99711712 -415434752 -320610560 -633131008 235686720 164607936 213221696 95558464 61779136 8579210 119352736 377202688 173060928 11980670 -163279040 -481085952 -75209600 44542464 -380025600 -87045088 -296159744 -276613632 -173750528 406974464 367368448 2081862 236470912 447344640 215732096 223013056 131010496 -274564352 828216 -176430656 -473780480 -277224448 -453761536 
-439166976 -43019872 1424210.5 111105280 -38956928 217844608 48492384 -121787872 -171299904 144314432 220064000 449441792 -84028512 177051328 177004544 74337440 -358301184 -62367712 -133359552 355861760 535633408 99763936 173377792 161316096 338990336 -22002184 -598546432 -39782496 80130304 75556384 80921024 133278720 -185165248 -195265344 -263461632 135804288 -98917536 -155187712 -258564480 -309914880 -187638848 -62215376 -132074784 89694656 172761984 -99016096 -85732576 -226713856 -219218048 -108350176 -158775680 41028544 67519104 -682326016 346084096 115870816 354536960 58128080 155443520 -3109464 -156065344 -35188368 286174720 -408669184 
-255323456 -340827904 396358144 253483008 379246848 -208940800 -317075712 -1076224 361800448 437555456 399240960 71817696 56291616 86901120 -290898176 -190324864 -313002240 -315113472 122155200 10763168 321021952 -141248320 -251193344 274669056 -67784864 -134127808 -425259008 -288307456 -115164768 -54435392 -309009920 -99378976 -82142016 -70014208 170402752 327648000 268404352 126098016 280276480 -339974912 -260260096 118692736 -215270144 -508722944 52296768 68427584 -163070784 174229120 -592095744 91680192 -363664640 72125920 32340048 -359528192 -411063552 -55229184 168325632 215517440 174159744 323239936 -327247104 -4146786 632422912 -345077760 
-9329238 360729344 -125544992 266128064 -105640192 231676544 453317632 -195934080 2104141 -72337984 -45317584 118914112 -222827648 131241920 337943296 552543744 621781504 225283328 515695360 -347981824 -211997888 453706496 109518560 78196416 422196992 585259008 25842816 26044248 132519744 540514816 587221504 -75854848 -80477888 -316336128 -172609728 480248576 -24340992 -185196800 458567424 -508828160 -162008768 198330816 -93639296 11843096 484205056 234283456 478582784 300820224 249930560 -130326720 -19132648 285491968 13913888 -331415808 453518848 161827072 -213285184 -62030672 58104176 -12971056 380182016 118489056 -135693248 103261184 
-188857408 35840000 -358899456 -70181632 80223776 386703616 212680640 -4582960 168169280 240032320 54616224 -209454784 52697504 2333048 193465984 23670120 404751360 -227930560 -105684224 -251575040 315786752 -9182776 -33657248 -271308800 96420544 -323913216 176890752 -174583424 -169912192 -214021440 9473440 719999488 -103537536 -420630528 298656000 49616528 317542400 164399936 -153332800 -46325600 17061136 406478592 233221824 213294144 81427328 -80569920 -490661632 138629312 -110121248 -115356832 -181214976 -331011584 45069840 -310285824 -10673946 223412928 67162240 166507968 -355066624 43456624 -314668544 192439808 167742592 -837809152 
-92563136 -226662656 36917744 256753216 104022336 184864256 319673856 308022528 256322880 373410304 42316432 -124981760 55253728 82803776 -201277568 401733120 95812384 -47921888 224233600 -481524736 -103822496 -325106688 14058294 -377383424 121742112 -242396992 19477680 605055488 -170353152 -150136064 -364145664 364609536 148963392 -43376240 365488640 -142320704 476325120 504359168 310447360 -95042848 144223616 20285808 159194112 445336320 216798272 94191552 -85488928 -79451232 68603712 53148224 -208072768 -281515776 -21593696 -7313514 109543136 -25018240 300115200 -567375360 -140202560 30420144 78341184 72764992 -349463040 193803392 
132164032 149317312 -506164992 -447704320 79155008 -118590912 -920489472 135609344 -359352064 -242741568 -330927872 -512380160 396173312 -287256064 -480608000 14482884 -381394432 -295802624 -16833632 232905920 216663424 -182581888 -197142208 247727104 265055360 -436778240 73729088 -358610176 -134733952 -508441088 -230499968 -284512256 -143160000 -198410688 290193664 90933216 -129293152 53687648 532322048 36008416 177206848 53464608 216830464 104203328 -32681512 31923240 38608864 -516260864 -489839360 -453424128 244994112 -144097600 165193408 -1567910.75 217756928 153725376 69050528 -190803392 46803088 16924560 -134864768 -319029248 73592128 187865216 
22935816 21691176 725822464 -181171968 -850813440 -324704512 -95868768 -286331136 551229952 650892288 362931712 -159734464 -257810496 -227298432 695411712 -189246464 104155872 234178944 298596864 28507664 -392001792 -68324096 -206779456 -222700352 380553984 -198326848 290795008 171956992 310187264 524955904 355371264 -253479680 50995440 35470832 -45728656 296897024 29746640 -553618432 62853312 187526336 9611646 -91684096 -489206784 -143486080 -57354032 218124224 473840640 -27307512 -138807424 12112878 -96727424 -291041024 231775232 -258587840 -258989760 -497001472 -148922816 -40111424 159999232 94388928 -144005952 -116886496 -469031424 178752000 
228323456 116996256 5078025 -135430208 -15219856 -9218260 280290048 107538688 -144499584 -255344256 175437248 -145009920 -397839616 -317492736 -464184576 -260484864 -213800384 -161464960 264757760 -64865920 -510831616 9142800 189330048 35016928 -104354048 56067392 132482816 -154842560 -142224256 -4984888 -167626112 -454265344 -111037568 -216301696 159267584 -207863680 13936128 513565952 -277710592 -58370160 111727904 -134207488 221268352 178134208 313100544 26205336 -320457728 -149376384 183874368 -305188608 207175680 -488139264 195588544 77556896 93343360 -325135360 124110688 190178112 120401600 -307971328 49107280 -43067744 75940512 593476096 
-587989504 26529224 467181056 75605376 -113029184 -421267968 -3490144 -82971360 369894656 -81389568 64095120 -233408512 102491456 549862400 118390144 -314955520 124842208 -238995328 34132416 -319819776 35506976 -249772224 -99657920 39430544 -88761600 391448576 -31926352 16360500 -16695040 187964544 -509507328 333345280 396940288 463571200 -92196928 -666557440 385304064 -1280326.5 -710618112 -3420848 334499840 -134092800 -161440832 79196064 -6091232 -256009984 70499488 93177504 218694080 -81434880 118959744 473307648 -22426352 309028096 162374272 -113588928 331603200 270332928 26907232 40040096 211097088 -27216360 78967040 -426416128 
-45423536 -182662528 -102788928 564124672 30201680 89032.09375 -110307520 573782528 -368308992 -259823488 597593088 -61163136 -128915968 30562216 -383428864 515672064 -52866464 55453856 115113984 335077120 186025856 128945024 267528576 170691328 137285696 -12603358 73804032 -549590528 536410112 -241093952 -306550528 -40828672 -74903872 198038272 -23022160 11515376 -160707456 -63419936 -439462912 1218080 -593352192 -99983232 -606280704 -18351720 230025024 -534708224 422281728 137046208 131769600 87849184 -28966552 501523968 -48938240 -189707392 652354048 233297152 557938688 357123328 -272983040 -80611520 231115264 -145188544 241983680 379543296 
353011456 -174450752 145738304 -27239984 293612544 40715616 -164424896 -295980544 -120511616 -24306232 -48524480 -25288808 -38347056 52481600 -343867648 247587008 77272768 -38485472 212067776 -425241344 6366256 -37100272 302114816 118977344 52781088 281642496 33705904 -275962880 150112320 -313864 117146176 -482692608 127154816 178729216 53995248 138160512 182626688 163723200 171728640 -266840384 -29332248 190280320 222744768 -51803392 264803200 256886144 292006656 252288320 54765536 18377576 312978944 139876224 -31999216 -126745248 198998144 146966656 120392832 -125981856 41601232 271553536 -40441568 300825344 -98083392 297200640 
-55915456 -91875968 -380910848 -302892544 -558825472 128111264 -907787776 -78649280 -207695744 37532288 211625344 87974912 -299627520 -745558016 -489312256 63197248 -308506624 55885376 -132516704 -400260608 121053184 -254981376 172209472 393564672 -7927072 -363688960 -20900064 -203006336 -34791728 314686720 -159389184 -592983552 687106048 -347175936 -135617216 -160915328 -3992256 125973824 63974576 745843712 -153255488 -388139776 12989272 295263488 200992384 -61177792 162056064 46974624 28940432 121044288 -113593088 238296128 203975296 -75181920 292061696 -110449760 129555008 107863168 189435520 -52318768 -15872992 -60142464 242701440 611245056 
45528960 29965776 6968211 -283850752 -205152704 308131840 -135846272 191005824 -64961184 -76811008 -285002496 35849744 197135808 13662590 -308029184 -92050464 -127555488 -204448832 -304347136 -33863600 -144120384 -303486720 -269573888 -25460936 199345344 -76092416 -156147584 -204387008 299371520 -12570644 -235128832 101894400 198382976 -99386912 172162944 -37772144 -1970942 -41312048 17996736 8659844 10217140 272734720 159175488 -49431408 -75246592 165011136 519915264 206829440 -2750165 150937024 -229911168 1333087 322734592 -77465056 390990592 1140052 401790208 227809984 -262975744 36115392 396338432 -152723072 95753984 -825426 
377422848 -106704544 -281231616 -69825536 219198464 -110166848 155125504 -322851584 36424320 -106552640 -260157568 -314135040 611843584 -31667280 670719488 461353984 340187392 9642016 -132453952 399018752 -22678816 82332032 -165473408 -72087840 116509888 3343704 97229376 167461184 -457702912 -324014592 -259078272 507017984 -387527424 -322476544 -37097888 246772992 -63946720 -408820736 78322688 -177915264 -306748160 167350656 573495808 -225867136 70900064 344666368 -279590400 -387956992 -98778624 -316288256 108243648 -193972224 175599360 216790208 -244141376 250320896 -7404096 149968896 -65648672 197092352 -18211696 -78720640 -95552160 -42102720 
-247745024 131628128 -21732432 -388434432 -85979200 46057952 264581312 -35724384 42803792 -287471616 -132434368 74848768 -32653872 -83289888 -91521184 184522624 -176562048 57052192 85092224 -5020096 341703424 261951488 -96066176 -92898688 -195695616 -244983488 60339856 -44462208 415328768 145724800 -421270528 72892032 52332064 -70700768 -167406464 240354432 127775616 173651776 458138112 -69329280 -117691488 278752512 -183616256 131453824 -127877312 -42090720 196470400 400934400 134634240 125585856 175318976 254794752 -14372096 364404992 38965264 -251024960 137577856 -52176080 242071424 218310272 298763776 -155161600 195135488 147418048 
-408046592 -63033856 261764544 424287744 530680576 -347890944 29714824 -92610208 -144100608 -360753664 13974776 191080448 131079680 319652608 459562496 375835904 19991672 97662528 74691840 72100800 99915296 447294976 -85505472 264621376 -220500160 366936576 92011104 8793268 97827520 122746880 307813888 -75876992 -413901312 191220096 -113024064 93014048 231215808 460867840 98631168 -131162752 -47188176 -204746496 -139793600 -230549888 -67062368 -327898880 -239678400 266744832 177958144 -24858584 -149574784 -118043200 -361854720 -102807904 312933376 162109888 -10735344 -278614272 294243584 209001984 183696384 -100758848 241392000 -259719296 
-10108232 -193853696 -234424960 -125971264 -106764032 22056232 -435936768 -53615040 -90856640 -19242176 81249408 -509683200 -231552000 -241833536 -22108240 -180166400 -177268032 387144960 130394176 164872576 246817664 159630976 18210768 60076656 174313792 -364100608 17852624 25663264 -22820416 273071616 -60775184 209463872 -17366816 -211258368 -64429392 -352428288 -20086592 10585692 -360788992 53636176 -141892032 37708288 -94389024 12572496 -104332480 -37810976 -315678464 1291384 -81430016 46635120 328213760 43165280 40765760 150704960 -127329088 -128023040 516229376 321061376 -115769312 -192213888 -223673024 149271552 344790272 233511936 
103475680 -343823104 -343536640 -190665536 -289181440 648291840 574510592 -163073920 351217664 637899776 -340405504 288824832 -300165120 -266997184 -146789056 -84746752 205689600 16639568 190800640 -77619232 -46085600 225388160 -554119680 43461888 -94804384 -322924800 6906016 796127744 -194883264 133796256 202323264 -335703040 279169536 -182841984 -116481312 -151252992 -166573312 79826880 326901504 184547840 -255163520 19079664 236473536 624379904 424867840 387524096 -234350592 -172548288 69014976 543299072 -129158976 162997184 -113883744 501609216 84998400 34749264 -232196224 420722688 23264120 -105273664 -73142368 111546048 -95083072 68162784 
-370195456 -66993936 682856960 184407616 465234432 381194752 -35019088 -523953152 309839616 228211008 471973120 7686767 203639872 -78015232 78252832 94940032 -141894464 -132557856 -162595008 44342080 -167555712 43110752 -323316992 -83153824 -106406720 258282624 96088800 159665408 473310976 -126236576 244505472 -250037440 -204002624 181199232 -81072832 442373120 -25506784 -216219136 75027168 377126912 194020288 -347493376 -15300184 188623104 161274816 440483840 85373280 111304128 -80326592 140299392 517668608 256626560 -27483432 -488716800 -434204928 -166948544 -486656000 -138927808 480332544 -11088520 98631744 83018016 14591134 60755072 
47225776 120566592 -164676672 -158996736 105523680 52259552 -497346048 641816576 143180352 -24464528 -296903680 -147761600 -31187840 206446144 -160732544 141201088 -107800128 -115541792 -26431488 296928768 349940224 571117056 -358908416 -28428856 -220363904 158793024 634008576 -205924416 463021568 -397447680 352903680 -535465472 297255168 125957248 -6867201 -107386240 -362984704 34479248 97784480 -206837056 -35190624 424639488 116166592 -152797760 283698944 -513400064 -161650944 569255424 -12427936 641906688 -235327680 -53505568 -28933184 241836160 -223177984 97310400 297569024 584709632 -282031104 -186004928 -27092312 -328632320 404342016 -541795328 
71501280 -129207328 326123520 252411776 109667648 2509398 220225280 -246918272 380641024 122126944 142891520 -76468928 -357532160 326155264 251844800 186689536 -378074368 -323704832 -113621824 394487040 415203584 180444032 77690816 356672768 -219972224 288729088 -80083680 422576128 -305780992 255714816 13411136 -61801888 109264480 -160123200 -338172672 383953664 186934144 -369772288 15976542 -154388608 283409664 76203232 -345999616 183477440 31525072 -170534208 -177331840 189463680 -41998240 -125492000 273554176 402899200 -43856704 -277830656 73387392 10998800 34028384 153761152 -306401024 243652928 -91464128 -301256448 125822912 211191168 
142401216 165846784 203087808 -26440040 495226624 -37644432 -306539264 -262268480 -129066144 482819584 165115712 -119248352 276069888 -194524096 100982176 -11067936 -64715936 -26036384 271309824 150018048 569225728 -53759216 251962048 11311368 -80037216 243073856 -395456512 -80647072 -306365440 140792512 -32995072 103804096 -8495770 -20734608 496609792 -8523834 85705152 -432530432 98556416 -421038848 112369920 -12131420 -11248182 -245788224 127175872 -113035808 418188800 16839416 211797632 -212570112 255177088 407934976 415072000 -199611840 -233235200 4814177 -538091520 444160000 -221063232 47585584 164770240 -14510494 -66364320 -157976896 
-47306304 53359440 338811136 2390608 -100989344 -88436320 79378976 -145513920 -141298304 -308693248 184846592 179253312 507147008 427854592 -553795584 -378510592 -576253440 -384122112 -414253312 422020352 114690720 -3553552 256775168 -313900800 -7373184 333233152 -119761536 -86249056 -117308480 -380765184 7950736 -63586848 3793728 705885696 165305664 -351901952 -404019712 21950184 -452356352 -83019072 -21265200 -257433216 260104896 -266077888 185533504 -165771264 425758720 -96283136 48139664 244553600 327836416 -173199872 201826624 247526784 363265536 75457152 353818624 345715712 -251121408 -134140416 181137920 306113280 344888832 96360672 
270326784 66790208 -228061312 628080640 301428224 -12473128 -4743856 652208128 -57917984 230546176 179626048 -151454848 -176675072 201512832 352616960 171025472 249937920 131346112 -147159232 -51040224 -209436288 197825536 105453568 -418233600 231224576 -163126400 -95488416 -7878924 24302464 -703099392 60714048 316714496 -265470144 -12775888 -101621344 491253248 98251136 -155302016 196425856 -87539648 -405952256 51327264 -492493056 -66327488 -758197760 -214449280 353798912 -58563424 -276027136 -311816704 -350872832 136596608 382155264 -13462456 -103402336 -152480000 -547164672 -441413120 -306502912 -63645952 -208814528 -212264192 -341318400 -339789312 
-507015168 310270720 -11739720 361466368 -346192128 310751744 529850368 314907648 91270816 -325506304 281092096 611668992 -411042304 -192789120 -132857152 245112512 71973888 94227008 -276817408 -291655936 -412653824 -139030272 462896896 302870528 -477983744 -15937010 -146247360 328581120 537883648 299611136 -160675392 -468349696 36130912 -122893984 -471401728 241658944 64017136 27856752 -274694400 459477760 -353045504 -403441152 -605309952 344248832 156307328 140702400 120408960 251029760 230940416 66235840 -215929344 472063744 -212610432 -49279840 423919104 -143520448 279463424 -454709760 35581360 -80984512 298187264 270458368 301166848 186152000 
315571712 -158129984 -145984384 93663680 132905088 -31423272 385736192 274567424 -48003776 -280602880 -170434816 336760064 -17340704 167241088 420328960 366931968 100011936 611345408 261608512 -116188288 115995136 186549376 -45561424 -451062272 16948000 112307968 -355022848 290512896 391296768 -105683840 -658821632 416139264 -74458752 -182974464 -186367040 270599680 32959248 -213015744 -38532880 2328672 19515288 49220128 42905360 64117568 -248826432 59143680 -36166560 70396480 -129785696 133394176 86314816 316850688 61165664 -142779008 28201696 -268636416 -41157072 -72785088 203481920 30243840 52302640 247452544 108688448 -409851392 
89262112 -101020640 -368505088 155844352 99693664 -290315008 -606353408 -3760648 -699829248 276609024 229440896 -247609920 -475652864 470891776 -25782592 -227262208 -469033216 -199348416 422671360 472890112 100812992 -267388608 132949152 -202609600 -71428672 121131744 107333696 -31864808 -681935872 220300928 -29905480 59646528 356161024 350964736 -51496288 -167134720 -204529984 123352800 -105710656 73594432 132508032 95761856 -246316160 -360036608 803118080 -301026816 245025728 -100714720 228678208 91962752 190959040 290409984 -234078208 -137517312 100405792 106758400 448513536 451404288 -41975600 71882720 -482885120 -211729408 -102398944 71810816 
-195792960 204705600 -445660928 -109342080 -178769088 369563392 -57727792 58215040 -251341760 50092032 328065792 137976256 -13362400 -370710784 -160886208 102915360 -81092064 -138271808 214418688 89039936 334587392 -319400448 486347008 -72030752 377789440 -392052480 -307493888 -281011456 242164928 -322647296 1920104 128387552 118185184 -14511396 66622496 82269248 -177945920 -504017664 -61265856 -129416672 -278636032 229271616 -153540672 244192896 -167058496 -28038400 293729536 -362315264 122740416 16265864 -136350336 -142588736 624833024 -518160384 152941248 107400768 136428992 290920704 -185776128 -164698368 -111577408 310916608 60880560 -113634560 
-124921632 -353088256 -145426432 7414376 -60980416 45303920 -203929984 -146381952 -75993152 26917320 153135744 304702464 -329340160 -294147584 -342958080 -196131520 -422808576 5011760 315081728 -66641024 -53283872 -344246784 134023520 -548526080 268180800 -477286656 -205431232 -142788672 -147860992 -47262144 233742912 277515264 -244429248 173317632 106445728 306950400 338216704 112033504 282573312 -419620608 100685184 -35005632 -407648000 -8151888 -633834496 225903488 -268833792 -104472576 -432095488 -159044032 -86735104 -314618880 111187392 -404498688 -134494336 78954368 674607616 -184071552 -248370112 -92800320 -97757632 20704840 33191936 171315840 
-379141632 -120177952 -13943318 21738744 278664192 -217614400 315809536 417961984 -174719808 -23766704 259404544 224271424 -155645184 851036672 317520384 437069056 -486211072 -404752384 229528512 103622336 -581471744 77331680 -444467200 -184470528 398719744 64540288 10457504 144858112 220958464 -378592256 -296981760 -195413952 61446448 969840 -264131072 380889088 -85982976 -333376256 357479424 -440635136 -170301824 24342960 16321856 148978560 293854464 -129792640 -189425408 -42082752 111192704 -116690784 -280349696 199119616 -51449728 -68255200 234425472 94114720 178510336 -333333248 -83471744 -406933248 181952640 -431812352 -190574272 59951856 
108738016 -460281856 -113730080 -93519200 -299984128 200023488 -180630656 64015056 96603680 348162816 97588224 -20863784 200312320 130143456 361346304 289370112 -110124832 -376523264 624523 100143168 439183872 277984512 127750080 -350405376 436524800 -176392448 273401600 -38681456 229342976 -206154688 232073216 123998976 -236666176 -109881728 293986560 337582592 105857440 -276376832 113043712 -268396224 -226219392 106426880 -320246272 -205588928 113143520 218263360 133118080 104922208 -227180608 84376032 -364843008 -235143296 177516736 83120704 195587200 477392128 415423744 156978048 -226908160 44200064 -36450352 -417305600 -158394624 94269504 
-364542208 75296000 369066496 -368193536 -76143584 282280704 -10112980 -321862656 354979328 11231168 175860288 59011248 205156928 155045952 -244932288 22665168 246427136 -79642048 -55054192 -203506688 -53449216 -171108352 -359253760 538683904 84039872 -112551744 354950144 -136983488 52511488 259048448 -196132160 -442034432 8982712 2639078 21459344 19323056 -37039616 -361975040 -100393408 130312768 533085952 -3993024 104605920 121385088 127199104 439816960 -332242688 -213255232 -104190080 -598027776 280022272 -72775488 58514656 -314722304 32923256 152330368 -211327424 -163502336 -83242656 -104311616 -7089840 -406027008 -189632960 -213354560 
-373031168 -33601984 131193472 -151648192 -51324192 -1707027.25 -770733568 -236276032 137403328 318860288 349481216 -100748416 -95271392 -295308800 -256090880 -420606208 -32934536 206026624 154094400 -280252672 -191062848 -233510912 -47385088 90777248 -187625472 -251744 -184784448 -74954816 -46023392 21115096 283894784 -497190656 671881728 231312256 -202542080 -490844928 -292526848 -146210624 -218715392 -90277632 253874240 -376765696 240812544 -12729680 303654400 278564096 182540288 -69683040 93501760 -25942880 212419072 384200448 451232512 263778880 -51237712 112238976 -21208688 -28153152 49318960 -105012160 94232928 -139342912 178197888 -179229696 
-99972672 226334400 -436606720 -60988752 -579817472 560175616 -19164464 86640768 -303584768 161132416 63945456 142539392 -375932928 -647014400 -763303936 -402538496 394741504 -76422560 398146816 -38019056 138032064 280502784 591818752 195398464 191645504 -442482688 -275296000 -465556480 168977664 271220480 243219712 -374298880 73514528 -357780480 -235873984 -345234432 -23110696 -216235712 -177183488 -235859200 -117044224 2183168 -90656960 336238592 -241228416 17347608 420747520 237403392 115617664 -386375168 328245760 87526176 636359168 9876260 274309632 91856448 56020784 73196096 -88775296 -443768576 12717280 272776704 -225559168 405117184 
104956544 187093824 -31776568 -196484352 28966208 337014272 -66451360 -367490304 30863576 216200128 -133087296 448529408 -268538112 -118948608 -300502784 361485056 -279753984 42630416 336222720 -331506432 335756288 30394048 390082048 245859200 76151968 231569408 -102978304 -348068096 157512704 233894208 -83490720 -578276352 8611990 -151406976 -36059408 349276672 -209158464 -154351168 29829584 -24958912 -156840320 -155438336 -83278048 -189230400 613726208 395201536 266494592 78111008 132800960 91103424 214445312 -223744128 172752640 -273818112 200908096 -123528608 185626944 106659232 28176448 -192653312 185797760 97897632 80072192 205652032 
297273088 -31000472 -75655456 -142976896 542642176 75997408 183339136 -132415168 148500352 -33692736 5301552 71990880 137059328 125223072 375158016 -4613846 -195394304 -330193920 -283946240 24850920 262168256 -235873920 106786720 -211324928 -159923456 369200896 -153431360 11101288 -108288864 -279003136 -78367808 285749504 100641152 -19216544 45743872 -162981632 -62480928 -50746272 343067904 -39240080 -143243648 -444809472 191067968 122926016 56282496 146886336 -225802752 10091474 -377908736 -14187724 -127858688 550585344 402006528 -143962560 -202979968 -179095552 -254808000 -65940576 -329938688 -267203264 245161536 485061376 167678720 -160246976 
303863040 380712448 -309201664 -11547168 -1124272 464389888 427338496 273031424 150999040 410357248 -33508976 61162912 -107462976 -33933536 97037504 327011840 137862016 387514368 122419776 -125243424 -162018496 397789184 139012864 86519424 249550592 -100486144 530107904 637115904 124968896 153795904 -353916672 -204200064 -158172800 -545145344 -111199968 260579264 -60547616 -361251584 140841280 -427861504 -488253440 362877952 275480320 111491392 541138944 433294336 -188182656 174648448 67171520 194006784 -66012096 -136272192 -98668992 142138752 -478889216 -172309824 15853096 -139894144 106077568 -44351904 -272790528 294223104 -159040000 232729280 
-202549248 -78433824 -67101376 11442756 224102208 -17794408 -63098688 329752064 -477162240 -769574400 -152356032 -137944832 -78558240 67864640 -384827904 56544096 -474572032 -298718208 -355506944 138869824 -1381665 -128688768 241522304 -378047744 139312256 480236032 64773600 279769344 513669632 73552224 444713728 115893344 -258031936 212427072 112081568 -591532032 40551632 114968640 29700000 -398718720 165273856 -25392112 -62427664 -50040272 -63585744 186865984 -473276160 -313237248 -104033312 29583008 120079840 -165020736 -180849280 -67641312 454782976 184834176 437110528 -96027136 125432480 -43560112 54477504 146603136 121070176 -3436789 
-27797480 -504090624 -34835312 -151210944 -328112384 19539936 -163513472 -31918264 -50106864 122662336 117373792 944438272 71283392 558450176 -298425344 8927136 -539063296 128689216 -256553728 102702912 194106944 43114384 -157969216 -131299520 -160044096 -12572454 -276208640 -9291130 6473072 -229376192 -265830272 -329859840 55947024 -42533120 84692224 160203264 157670848 -56646416 -77994400 374181120 23033784 86826368 247874752 272793856 62223024 -229509056 235784832 -214270720 -129920448 -49304016 266388864 35600160 158202176 -105939040 246095232 120661984 -168793216 -434626816 93589760 97708352 -303133440 -36833616 87397376 -187788352 
84804256 226859520 -36923024 82901440 173708608 -120518336 300005120 22729960 -181618112 -12324446 -37818432 -107092896 -69477536 244123392 199501760 248629888 -275907584 68714240 443331072 -373844224 -453506304 -82167968 341371136 -29368888 243712320 28614992 -20052544 343083264 -328424448 -5774118 -513230080 71795168 -38402720 232606592 -29902032 385785088 180622528 53481776 554515968 -277936384 -9561346 -251552256 -304010240 -237439808 122685344 -731072 236615232 129266368 -243705280 139112768 278447872 294809856 -204461888 114368608 -156421632 -52547232 295688960 -206703744 256536064 -280862208 -53692736 -109416192 -269483008 560420352 
-278122496 2761536 -245298496 -304674304 -262238016 -122233056 -405789696 -35678720 -73721632 -17862528 202377728 -33282304 476336640 103024000 -224123264 -216941952 78960704 -638166016 26766968 36559008 540826624 -48752240 308233984 438968832 95410272 226044864 -579736576 -226789440 -431812352 -21147832 40013440 -22517928 123567136 -487926272 138797696 -205734528 -256692864 -400570624 266917888 -326982912 -223110656 -19302752 -117295168 39700256 422318336 437316864 276157952 -503828480 -636803072 -435972608 205182272 564393472 205339328 -131511616 438854400 378295552 -227723520 340028416 31855736 84607616 -57241152 -88724416 94115264 -193442048 
533498112 -243673280 -133760864 -143576512 -298136832 -39117488 -82425056 372389376 -376346624 -103068480 52840864 113181632 -401644288 85763072 -43150032 -22727304 25622632 -247301312 -41483984 73247584 112326176 393664000 265892928 -307092480 -279795712 -83563584 127226048 -224015040 144979712 -195464064 417875456 -407955200 252475968 -227898752 -125501568 31623664 92366912 709992448 -48476976 232037056 -206560832 110669440 -170087552 72966912 -249406464 -468983552 -134184416 280154112 -125655808 515291136 -299974912 368139520 -315517696 311157760 -300307456 -441625856 180092608 500315136 308516096 298883328 -218310656 83449088 67607648 191840576 
272233728 596573696 44359440 56703648 66094624 291652608 465020160 -229565248 588637184 58798736 -442888704 -208000896 408599040 -538692608 -346929920 -34206624 558037504 255767680 -200640832 -438132992 -217790464 -102627776 243481088 -159724352 -336880896 -72923520 -131409024 368792832 -272015872 -249930688 -385662976 -215619328 66195616 -101551744 319001088 -286323712 -288455936 -288757504 -172039232 221078784 44788864 -751403008 127816064 506652416 -58989632 -31945240 -262838976 250256384 309576192 -533219584 32203776 279567872 367035392 421366528 52501120 -511292416 -334986496 85501248 -565577216 -330419968 487529216 577615872 137962496 -93537408 
-17070080 188390528 -136567936 320786688 -612107776 -41963184 -116756960 -98055392 9709380 15799240 -148448960 -36392032 -649123840 -287559936 295908608 -150998848 -107821728 84843040 15825278 -338657792 -145438720 3066374 544862208 -3906469 -98631680 -13759134 2014526 -291505408 47804192 404297728 82945760 -7449080 517404672 437479168 -758021632 -326707968 -25276528 -41650544 -620448768 281236224 -90890080 -420352256 68372864 -149815936 -227401792 -454328320 -42584064 266860736 382905088 496470272 -68000320 -2051100 246117632 279287296 -126353664 -89617152 505973760 -103460288 77327232 -216274496 -34854496 13356614 188338880 104447872 
-70074720 394387456 -418565888 -16985424 -239529792 386479872 352964608 -16525438 -59614944 292130304 14967342 319406592 244133056 -506608384 97446080 -152881920 124708832 -24213400 -238910848 451444992 104832000 -248854 220970112 422812928 26931576 -571558400 -228624832 115979424 51826592 -315692544 117185344 -358076416 -306789632 -347164672 -147472640 143458752 -346131200 -73153984 167453184 -80021024 -714493952 -124718656 -134480256 336955904 306784256 -66605280 79490816 -33178696 -125384320 -124011424 -127467168 1345197.5 -334587392 192968384 -141638976 -111169952 -117896064 -101389312 -182411456 93923936 251440384 120103584 249786624 274917120 
-156562752 -312042240 121165216 -19452888 -266920256 -45449664 -438242816 121107136 -21727384 477941248 170129792 -103708608 -89371040 -36855584 -316175104 -120979776 -237727296 80188384 191738112 -17717440 376030464 -188668224 -182741568 -280421376 266466432 209668928 -528446720 -227106240 55120672 -104961760 155098432 -110787392 110429888 -109192416 530555648 -176695936 405956608 -187852352 -189414528 -399064064 327780864 -163702976 -163764736 66491920 -315197696 -478194432 93031040 -209191936 68383904 -758326784 289995776 19571560 394916864 -191877760 -289794560 -85527552 -203302784 13558816 -63287072 -175399168 -164176320 -573626880 286998784 -316278528 
765716480 196510848 -184325248 -32216408 203620480 -121001088 -35553840 -334136832 155988352 5744544 -379075584 -429957120 757636608 -70271296 415896064 -117498240 67390464 -12831960 274158592 128009312 99131712 368142080 -461364480 -158941248 -255066496 -551466496 -145673408 42334944 -152584960 -372263680 13021232 -192941888 -131371904 68129824 134334592 231691904 -31807840 24174432 238443904 72396544 352340480 -5937408 -136889472 165703040 -26294672 -560267776 -137024768 -60380096 -210676160 -171389696 199720192 448524544 -203135232 333191680 -489888768 -55858720 -304035328 502919936 474258176 182634432 132597824 308354304 232722752 379425280 
583493632 -165349888 -154703360 323635200 -437874432 82816160 311677440 184215680 149543168 -345393664 143870080 -184741056 184489984 13072352 -31169400 -145987712 61132912 -252269184 -241614848 340954368 -737531904 80777664 -187247360 -193493376 76808832 -614124544 -58229952 37432768 148287360 -38959376 124666464 -470504448 -265848448 -56498288 -393904896 -169305344 54741728 7925587 -294399488 82197120 -150913856 -371813888 -360401664 288527360 -178960768 -254175168 67428352 -134521088 -92219040 -39320512 76206336 -76744480 -157859072 335776256 582366208 -295927296 22123632 -210248576 75205472 145767232 136327936 264825984 391454464 821860352 
