10 10
19117.877929688 -13837.859375 -12629.3203125 9098.8071289062 -15527.914550781 -8355.3120117188 -17205.525390625 -1695.1510009766 -4881.9621582031 3707.7749633789 
18039.662109375 7518.3103027344 -10576.8125 -13728.095214844 48.158416748047 -39.86669921875 -4223.5844726562 -2341.8740844727 3636.5598754883 21069.653320312 
-11442.647949219 20561.819335938 -3840.201965332 -5113.1748046875 -16803.892578125 11299.657226562 9210.01171875 -14104.84765625 4827.2341308594 11368.884277344 
-770.54205322266 -10888.107421875 3027.9359130859 -2420.0437011719 -15330.477539062 2779.6736450195 8744.9643554688 16973.497070312 -14469.998046875 -2032.9817810059 
6722.2238769531 14979.496582031 -8784.61328125 6355.4028320312 -4686.2788085938 -11782.891601562 -13213.816894531 392.62112426758 -7110.7104492188 -5918.9077148438 
-275.34683227539 12673.751953125 -5887.1076660156 3144.8866577148 -14596.672851562 7381.7495117188 7593.9802246094 5270.935546875 -6672.3098144531 6997.6791992188 
-3454.4978027344 -7841.9555664062 7617.0024414062 10431.259277344 5865.5075683594 -3808.05859375 -4010.9819335938 -20902.421875 3191.8684082031 3008.3609008789 
-9613.3842773438 -14831.440429688 15188.386230469 9507.451171875 -153.220703125 2174.8120727539 6165.5732421875 -6809.3430175781 6402.3688964844 -4886.3173828125 
20600.204101562 -4853.4541015625 -25508.137695312 4630.544921875 2136.897644043 -4788.7243652344 -18484.295898438 12310.150878906 -7292.5842285156 1335.2061767578 
-3655.8704833984 -6372.6452636719 -6307.4079589844 1254.1465148926 10097.330078125 7583.0224609375 -2564.4366455078 4888.1325683594 -2121.9995117188 -4153.8483886719 
