16 16
18.644682407379 37.500306606293 -15.731732130051 143.5566444397 -24.460233211517 -9.612761080265 -180.74546813965 -145.56771087646 106.29557514191 -46.477625370026 192.77622795105 -160.50183296204 -161.11644935608 -5.4217784404755 -113.27086162567 -72.314128875732 
113.20909118652 -90.887777328491 -150.12650108337 -153.15259742737 -90.454711914062 133.75531005859 -96.316053390503 32.443529605865 184.85967254639 46.674304008484 94.219833374023 -118.00087928772 169.51059532166 -117.25747108459 77.48167514801 124.91354179382 
292.46532440186 -55.193883895874 7.1901502609253 52.784585475922 -27.534732103348 222.91004371643 -330.15703582764 -33.506207942963 113.52731227875 -100.80529785156 -56.695911407471 46.591772079468 118.78017711639 131.25444793701 3.7839479446411 -12.579263687134 
152.12596893311 -99.043231964111 40.526442527771 -294.06816101074 -37.714088916779 -14.883488893509 -23.856444835663 -184.69334411621 -24.31209397316 -109.29286956787 236.29100799561 140.73194503784 -187.93607711792 -223.02016448975 30.510995388031 8.5165109634399 
97.24640083313 28.735155582428 11.582758426666 170.82459259033 -160.44099807739 232.40823745728 128.03837394714 85.012645721436 258.97219085693 154.949426651 21.142316818237 -146.41359329224 470.08554077148 56.617590904236 39.673828125 261.9522857666 
-29.950894832611 -25.39452457428 91.556282997131 19.880811214447 61.346530914307 124.04310131073 -293.76169586182 -133.34076118469 75.499584197998 -146.34828186035 -285.88227081299 170.32096099854 -228.69204521179 160.20642471313 -10.453030109406 -195.71142196655 
159.72393608093 99.163108825684 157.23330116272 -221.26841926575 63.802003860474 -28.793092727661 74.40456867218 397.1491394043 -371.81806945801 -195.26748085022 -33.635515213013 -10.40792119503 -91.349140167236 6.1532771587372 -189.99109268188 -134.33012580872 
-32.399470329285 3.3753108978271 240.72237586975 58.222440719604 -33.47976398468 -6.9254970550537 -83.530422210693 -270.76558685303 -32.214474201202 -294.49178314209 -277.51747131348 43.631652355194 -233.31464385986 -21.049664497375 -201.45965576172 -335.66956329346 
-3.4321272373199 -142.7600440979 -99.17994594574 -95.162588119507 -29.296721696854 72.125590324402 -75.878648757935 112.83947181702 68.125943183899 -7.631404876709 325.98196411133 90.060114860535 -151.29251098633 -278.64064025879 -127.47148895264 186.66230392456 
110.21527099609 134.53812408447 -13.637159347534 18.482087612152 -44.662163734436 -21.32948756218 5.5297327041626 164.35655975342 27.26060128212 71.19309425354 220.29971122742 -158.74464225769 242.14165115356 104.7428188324 50.342730045319 67.140798568726 
-60.064020633698 -71.729983329773 -198.34722137451 -28.009188652039 107.23103523254 29.316428661346 -179.25003242493 -286.59417724609 29.783401012421 -159.41990280151 19.855496406555 126.95048332214 -99.400246620178 140.24831390381 381.81066894531 -119.24036026001 
-0.3492329120636 -133.79720306396 -143.59256744385 15.390065193176 162.7102432251 14.306216716766 130.81562614441 74.246643066406 -42.580870628357 -48.924645423889 244.65529251099 96.18172454834 -58.198667526245 -103.35270881653 -66.826892852783 190.80590057373 
-28.393414497375 97.969751358032 138.9312210083 -102.66500282288 36.098998069763 -164.17506217957 51.411660671234 -21.780995845795 142.8466835022 35.32396697998 -16.187522888184 -96.029255867004 133.42374610901 56.895071983337 -83.874758720398 -234.46526145935 
297.75448608398 -329.8618927002 -72.223434448242 -263.63607025146 62.414965629578 273.27136993408 -113.30813598633 -94.001335144043 -103.33238983154 -196.97426795959 -1.6162328720093 279.54989624023 -25.429142951965 -45.243957519531 249.42616462708 134.46035957336 
84.613899230957 162.38143920898 -8.6856698989868 -23.787502765656 21.581248760223 -120.51745414734 -131.90782546997 -233.25171470642 -31.201551675797 143.19830703735 93.237474441528 -277.41865539551 -189.15490722656 132.86204147339 203.63899421692 5.7687182426453 
-0.90283942222595 33.464834213257 236.35450744629 -29.899851799011 108.50871372223 1.7226483821869 166.70700836182 28.28852725029 -116.24214935303 -291.50287628174 -294.28297424316 -4.4810276031494 86.616836547852 169.71558761597 -113.07061290741 -250.81840133667 
