16 16
18064.43359375 -15261.91015625 2177.8595581055 715.51881408691 -34647.087890625 19276.498046875 6932.3806152344 8604.07421875 17242.139648438 14763.764648438 7751.169921875 -15171.241699219 13026.146972656 -6390.3813476562 17181.508789062 21839.166015625 
7348.5354003906 -6868.0024414062 8564.8212890625 -17496.03515625 -21999.346679688 3450.1547241211 -112.99645996094 75.922637939453 26566.95703125 2956.9369506836 -11477.85546875 -11524.484863281 23725.969726562 -4173.4807128906 8442.2426757812 -2415.9913330078 
-6584.2543945312 -27682.448242188 10941.172363281 12424.812011719 7815.2277832031 -4844.2102050781 1844.6676940918 -1169.5259094238 11452.886230469 -8240.5639648438 4474.3234863281 12349.173828125 -19774.176757812 -3453.4190063477 -15582.145996094 -11969.772949219 
1422.6541748047 12244.143066406 10498.612304688 5343.908203125 -10605.763183594 4697.5776367188 4963.1416015625 -2282.5629882812 -6100.0007324219 -9982.73828125 -5065.9753417969 -26212.24609375 2518.7321777344 8330.6240234375 13971.44921875 -6477.9113769531 
6761.5043945312 -649.86178588867 -15691.005859375 -5457.5751953125 -27352.192382812 -7702.1494140625 24843.19921875 11871.154296875 160.90185546875 14613.6484375 -13733.648925781 -4565.6418457031 12024.899414062 -1465.46484375 1571.7842407227 12896.711425781 
9639.9877929688 5279.6730957031 4470.0463867188 652.05731201172 5899.14453125 28616.232421875 -12572.618652344 13332.565429688 -14645.511230469 -549.54956054688 9580.4145507812 -31250.45703125 1419.4190673828 14958.8515625 5453.2927246094 531.29541015625 
4543.2043457031 7631.0939941406 22081.353515625 9379.2670898438 21344.49609375 -13330.9375 -13781.211425781 -13706.08203125 5083.7807617188 -4238.6118164062 -4156.8442382812 5261.9582519531 -3785.9241333008 6994.8671875 19793.323242188 841.08959960938 
-22179.065429688 -7440.9494628906 1532.8276367188 -15822.819335938 10154.677734375 6866.3024902344 -21365.57421875 -4120.1215820312 2672.8474121094 2435.2408447266 22346.364257812 368.95922851562 -4374.1977539062 7322.2099609375 -24083.306640625 -2069.978515625 
-8029.0463867188 -14099.401855469 -8650.23046875 -7941.7880859375 -9713.265625 1352.8640136719 13377.838867188 10415.270019531 14713.458984375 6209.3859863281 11804.313964844 16363.209960938 13369.918945312 -12959.008300781 -1426.4001464844 9265.3046875 
-548.48889160156 7635.71875 20574.71484375 11998.577148438 3161.8955078125 -8172.0190429688 2983.0534667969 1625.8798828125 -16067.584472656 -28593.958007812 4630.9138183594 -5039.3071289062 -16996.943359375 3477.1331787109 7232.451171875 -16785.349609375 
3547.2615966797 -33615.60546875 6365.9592285156 -6006.240234375 -27342.901367188 -10470.010742188 -13135.616699219 10895.362304688 28864.20703125 11032.409179688 643.10945129395 -8527.3662109375 7276.5573730469 -27627.358398438 1858.3993225098 3985.7850341797 
6444.19140625 -4285.4462890625 -7781.0046386719 -12702.909179688 19419.338867188 -412.861328125 -7519.7019042969 11893.550292969 -3692.1965332031 21346.76953125 7736.5317382812 18416.252929688 10596.815917969 3860.7512207031 -10416.36328125 19730.6640625 
-694.94613647461 -20432.322265625 21317.166992188 4799.6779785156 23510.588867188 -3085.6759033203 -6114.7001953125 248.03308105469 7047.4821777344 5822.71875 7566.2541503906 12420.474609375 -9635.97265625 26403.673828125 -6048.5600585938 8440.0595703125 
6687.0446777344 -3576.8449707031 -20348.95703125 4136.6320800781 2456.3110351562 -12135.814941406 26858.97265625 4751.5751953125 -14346.384765625 -4948.0417480469 465.05712890625 18502.052734375 -4729.2951660156 5603.720703125 1736.3706054688 4491.294921875 
16733.797851562 4839.18359375 15128.598144531 7423.5080566406 22371.079101562 1491.265625 -16302.523925781 71.35888671875 11386.391113281 -2656.7690429688 -1190.2205810547 208.8720703125 -2218.5075683594 -1155.5830078125 30324.950195312 5121.6721191406 
-5025.1586914062 -6950.8083496094 -4792.4555664062 1038.1596984863 10259.522949219 -25722.82421875 -8012.0395507812 22085.045898438 -22166.923828125 -5578.4194335938 24854.888671875 16259.620605469 1585.6194458008 5758.7475585938 12704.87890625 -7850.8139648438 
