10 10
-12861.987304688 1077.329284668 3633.5500488281 5139.2419433594 6410.7788085938 5479.705078125 14979.106933594 -21551.432617188 -4722.2619628906 -17849.439453125 
3123.141784668 -7818.4204101562 -5389.9477539062 -9350.7607421875 -12300.362304688 -16361.420410156 -5824.3403320312 14759.291992188 -4153.4624023438 -3324.4517822266 
-9255.2543945312 -21594.56640625 4065.9751586914 2228.0192260742 572.35784912109 -24316.010742188 22746.204101562 6800.9541015625 -8370.7758789062 -8970.8408203125 
9092.4584960938 -8356.5053710938 7967.2548828125 -4655.4133300781 -2604.9490966797 -12931.115234375 1613.8950195312 24231.161132812 -5075.5412597656 -4470.1428222656 
4711.7729492188 -12979.174804688 -15585.58984375 -2289.2339477539 -6028.0378417969 -9732.7939453125 -702.88391113281 20323.193359375 -17408.21875 2355.5809326172 
-8358.9809570312 -15255.620605469 8313.2807617188 -1865.4458007812 -27947.047851562 -23672.668945312 -6293.998046875 20637.51953125 -11654.48046875 -10920.729492188 
-9358.6201171875 2296.3503417969 4030.3159179688 -5359.0119628906 -671.27532958984 5915.6555175781 -183.22015380859 -4078.7894897461 18198.91796875 23440.256835938 
-5500.3618164062 8552.98828125 -4110.443359375 -4756.615234375 8850.3701171875 -3990.8872070312 -3087.2116699219 -8136.8491210938 17037.768554688 15568.259765625 
9475.3701171875 7509.9931640625 -10562.466796875 -608.15084838867 2839.0385742188 -9626.8520507812 -11022.90234375 4041.6438598633 -5244.2839355469 -10966.368164062 
-4619.1931152344 -14516.490234375 6590.3959960938 -2236.6665039062 -7103.9184570312 3422.2010498047 14574.581054688 5750.3486328125 -15901.700683594 -7598.0026855469 
