10 10
-0.19943373091519 -0.59897794574499 0.99845170974731 -0.79010762274265 0.20748765580356 0.010414803400636 0.1261237161234 -0.82657491415739 -0.58272578939795 0.84255620837212 
-0.58462338894606 1.4474929943681 0.76610784977674 -0.73910200968385 2.4025989323854 -0.048879549372941 0.41182732395828 -0.38446623459458 -0.23685621190816 0.85881680622697 
-0.68921185284853 -0.75526931136847 -0.41681446507573 0.65121360123158 0.55765352770686 0.5294366851449 0.074661800637841 0.19902216922492 0.85168731957674 0.6177232414484 
-0.96572874113917 1.2588230296969 -0.65895019099116 -0.085248813033104 2.1156020015478 -0.40324938297272 -1.6400432065129 -0.46309902891517 -0.27778133749962 -0.41437141597271 
-0.14792691171169 0.21608994249254 -0.6504399292171 0.14479183591902 -2.0593561381102 -1.2922930642962 1.2680498734117 -1.1888103932142 -0.95031536370516 -0.095528027508408 
-0.47943250462413 0.66024574264884 1.8395867273211 -0.091852258890867 1.2584525570273 -0.48326297104359 -1.1005610302091 -0.34189373627305 -0.12471901625395 0.60204606503248 
-0.092124977149069 0.56942837685347 0.086240749806166 -0.076483875513077 1.1594683155417 -0.2854354865849 -1.7077709957957 1.4341593757272 0.31024213880301 -0.37240938283503 
-0.038811337668449 -1.3676933124661 0.030844089575112 0.0091466810554266 -0.16200806759298 1.9349158033729 -0.073791686911136 -0.13502919860184 0.64917692542076 0.096878355368972 
0.75953341647983 -0.0095700211822987 -0.14783668890595 -0.27653988264501 -1.3321156576276 -1.2945481166244 -0.61454423889518 -0.9960521273315 -0.83993101119995 -0.5534927546978 
0.8265680372715 0.66874276846647 1.9292455762625 -0.1321032512933 1.5687946751714 0.52679090201855 -1.7084776982665 1.7089788764715 0.65916097909212 0.52960608899593 
