10 10
47.941148281097 83.565757751465 -38.842007637024 7.1747419238091 -37.784668922424 -24.58738899231 101.63086032867 93.654933929443 -189.7018032074 84.566250801086 
22.383066654205 -165.34878730774 117.03809356689 115.19266700745 450.10575866699 59.46302318573 72.997434616089 88.34460735321 -28.499414920807 156.13891601562 
103.56478404999 112.6932477951 -28.25137257576 -82.978163719177 -115.916223526 -181.00568389893 -95.434760093689 8.2871645689011 -78.059127807617 -173.35399055481 
-61.36452960968 120.63381671906 -111.26897716522 36.522825241089 53.338694095612 -54.199420452118 60.895603656769 184.51253318787 4.1287672519684 124.08560371399 
-60.69678735733 -58.472812175751 18.843382358551 92.614579200745 55.310438156128 51.050554275513 52.082828521729 71.498505592346 -73.93554019928 115.2302646637 
0.10687251389027 -42.777968883514 -16.882851600647 -91.087804794312 37.408451080322 -1.092253446579 14.296803116798 -14.950513899326 79.982752799988 97.347619056702 
-49.463173389435 50.617367744446 -14.563043773174 138.55306434631 132.74105262756 63.250256538391 119.27732849121 87.805079460144 80.554135322571 38.163960456848 
-144.51781845093 -102.59670734406 -194.85760116577 130.68585014343 -13.158169746399 -145.487241745 97.379668235779 102.09817695618 184.40498542786 -34.682404518127 
-74.827898979187 96.06628036499 -260.07691192627 -110.49236392975 -161.4917755127 -89.696075439453 -5.8455445468426 60.901886940002 -155.14818382263 -33.894178390503 
11.934611022472 69.140187263489 15.842674732208 46.675546169281 380.13744354248 -6.1750078201294 -25.00847864151 39.324193000793 273.16863250732 -92.03982257843 
