64 64
2219378.5 -1919244.75 734996.5 -2061622 -7505907 1766414 3216381 2259075.5 -1299168.25 1371662.5 1927179 -1054085.5 2072782.75 1077011 5288295 4969355 -2311485 96382.6875 -2026023 2702058 4159940.5 -908950 1285500 -3400945.5 -1823454.5 -1922711.25 2251443 360192.625 116787.9375 -183882.1875 665911.625 1123527.25 717005.5625 -4305941 1189990.5 205133.625 4757739 3430243.5 -4132613 -3069201.5 2713822 -4498711 927865.75 -5153377 -1466756.5 1575450.75 88946.25 1094818.75 -2764875 4965592 -2512861.5 1623218.25 -3100460 1051849.25 520612.625 3194288 -2275949 -3405531 8672580 -349743.21875 2752452.5 -284915.53125 1737059.75 2937073.5 
701384.375 -3590996.5 -753192.5 2704501.5 -4478377 -945958.375 -1315415.5 2066389.25 -1854802.75 1873299 -2410997 2630181 -2176627.5 942504.375 23092.90625 -378303.0625 -2063494.25 3741235.5 -4219465 3602290 54993.375 -661622.625 5703169 -2277593.5 -2962960 -1497494.5 447101.375 -2306282.5 2699108.5 299802.0625 743717.5 3318563 250027.21875 -3099409.5 -294270.125 -4262723 -595157.1875 -1218534.5 -2591788.5 2430145.5 -4329793 -2503486.5 3189714.5 -1453641.25 -767577.9375 -1451014.5 -5166390 -1319781.5 -839729.875 -61961.84375 -2479253 -1736339.75 -2355960 137641.75 541859.9375 1272426.5 1069018 -4614703 1599513.5 -363692.875 -705509.875 2442470 -5753194 -1108983.5 
-816442.8125 95950.6875 3998910 -3968491 -1800638 -1819281.75 -2289505.5 2053963 634225.25 261336.046875 -1964011 -3114908 274525.375 -4371016 -3625992 -1543661.25 -1958943 2115511 -2059130.5 768725.0625 4377172 2144303 -2577585.5 3498727.5 1800380.75 581266.625 2829538 -32021 1499308.75 -838866.3125 1390607.75 1835137 2163047.5 -60495.328125 1384129.75 3282149 4925623 3637576 2824016 913284.0625 4749343 -610646.5625 -3055884 1311700.5 724028.25 2858891.5 964593.25 -4217606 -2470427 -828703.75 -1336033.5 1073397 1297074.25 -1946622.5 -2108299.5 -956812.125 -866863.125 2617666 719085.375 -1185039.75 -2340027.5 884481.125 -2335261.5 718391.625 
183723.34375 19083.375 42557.59375 3598877 -570367.25 -240147.9375 -763614.4375 -149399.859375 -552446.5625 5361684 1492262.25 -1838835 -1921387.75 538066.5 769462.375 -2037697.75 -3843318.5 2482067 -845544.125 -3566033 1944086.75 54742.5 930863.8125 3883701 -780182.875 -5591759 849508.625 -2810528.5 -2979567.5 2114812.5 -645639.375 4767444 -3680040.5 2080664 5167129 -1750044 -3592311.5 1964365.5 657609.4375 1852470 -1559531.75 -1326111 2514787.5 -324425.375 -3260831 -5428035 511577.59375 -3413867.5 1026691.5 -1123836.25 -326099 2094425.75 4439344 -4410800 2331972.5 1074696 5540775 -638021 -2034019.25 -328785.1875 -1097850 -1488262 -3350276 3443915 
1532667.25 -55245.640625 -5117.3125 -742677.6875 1649970.25 2517557.5 279579.75 -724348.125 2810739.5 1812814 4327278 -983790.25 -2876682 3301496 -51418.25 1929290 2246760 -5391691 4525647 690081.8125 -3327488.5 -5033444 3621838.5 1751680.75 -1059912.5 10476708 -2446471 321399.1875 -1290773.75 4379038 920856.375 1982310.5 150017.671875 -3915196.5 959152.25 -2883907.5 4152564 -986832 -7831587 -5356092 -4246690 7607099 -1012553.75 -1037597.5 -669852.0625 541644.3125 5090838 60143.375 1485886.25 -640616.625 501260.46875 -2667830 450019.8125 1438933.5 -3548238 1357476.75 -527216.625 -2317457.5 1882688.25 -644113.8125 -1943751.5 2364322 -2650775 -4441259 
-785507.625 -1605633 1173219 1418333.25 -4333406 1632202 3130089.5 -1118264.75 1290434.25 1156779.25 1448628.25 1225137 -40294.61328125 -5097932 5683863 6592297 2551895 2197619.5 2008444.25 6929059 -2971958.5 -872565.6875 175101.5625 -1761823.75 -3776662.5 2704174 1304683.5 2347925.5 4144778 389087.21875 1463074.5 -3701959 -33112.228515625 454408.375 4187349 -1574391.25 2490191.5 3527745 -4048439.5 -3737215.5 914402.5 -2103967.5 313670.96875 -454288.0625 -1021652.625 -2569290 2246912.5 6452222 -1763459.5 4346657 -236547.40625 554096.25 -3339350 -86072.71875 -549277.75 -2878879 2173171 631268.25 1843682.75 -886843 1651768.5 -1108547.5 -928524.8125 5164461 
3759748 -268960.6875 -934237.25 -1715902.25 -1971363.75 -4137070 -538754.4375 2079105 1739906.75 -2705525.5 2082959.25 -117730.8984375 -489521.125 -3652413 -813371.625 1278568.25 -192326.15625 -929789.4375 1266915 1975511.75 2358709.5 4166572 4358800 -1686410.25 -2886716.5 484641.5 -124808.8359375 -6701323 -3729691 2598242 -1538810.25 2345029 -2511774.5 -2863411.5 -1061309.5 -1071590 -500683.21875 -508018.8125 1022644.875 -2377661 3042921 25078.40625 -4688376 123772.84375 -2436496.5 -1333014.75 -1919935 -2834614.5 -607011.5 4329637 -436505.625 -225748.421875 6131753 -188119.625 2910095 -2619820 3727289.5 -3132543 4025224 -34724.21875 -1834687.75 3986240.5 1007887.375 3224192.5 
3537859.5 144945.5 -1402647.75 -4106279.5 2504044 -975475.8125 1040228.875 1410512 1421414.25 -2239349.5 1993420.75 -6459529 -2107883 -3249825 -2447257.5 -3791792 -487520.375 -1152955.25 362692.15625 -782156.9375 -600224.1875 391930.9375 -850671.75 2709497 -542310.9375 -3308023 1715563.5 -1935553.5 2898134 -1105381.75 -4696491 -1031836.875 -171787.65625 -1975014.75 4372283 2435626.5 -1190751.5 2737369 -615567.625 -1620241.25 3393782.5 4212976 -1292596.5 1426370.75 5050198 4001044.5 -3305850 952608.5625 4011556 -1002461.25 4143511 3664116.5 1789887.25 -1468680.25 3054739 1549679.25 -5052950 -39539.671875 886826.5625 1915872.25 -2718684 -3201194 1136167.25 -4106062 
1071006.25 482758.09375 -3310610.5 4334943 2920759 -3855894 -578080.3125 2412088 1500446.5 -1010825.8125 -1067942.5 33309.96875 1048592 1455901.25 -511948.875 241762.546875 -5733345 450843.5625 362398.5 -1796682 -907358.5 -2171086 724344.5625 -497646.15625 2494700.5 -1222989.5 -2119226 -2268360 4561338 -1094562.75 1621775.5 -322792.4375 -630108.875 -4110.357421875 -2244751.5 -1253612.75 1182470 -1247982 -492309.5625 58968.853515625 -5526412 3688461 -2882675.5 -943827.5625 -439939.125 -2666225 97997.9296875 312960.625 1243563.5 -1897881 2625998.5 -2753174 -2415122 -1271865.75 -2621183.5 5594851 -3581370 830788.875 -2549897 3638179.5 1748129.75 2590703 -2668595 -3171878 
-3125459 -1122889 -4471785 -5564855 -4596610 -4016495.5 -320814.125 824735.0625 -1371331.25 -2812811.5 477933.5625 2583823.5 4555299 -1234680.75 698339.9375 2533942 5747818 -3143345.5 -1262484 1122276.75 2910019.5 -983635.0625 1131214 -2523386 -828809.375 -662367.375 -1211416.25 3013519 36272.4375 1780525.5 -1301470.5 -2494511 -564566.75 -564107.5625 -2323315 -1716771.5 1305529.5 330803.125 -1653456.75 -3465188 1716734 -3156785.5 2190780.5 -2264844 2344855 4559375 2188725.5 -197096.375 1620679.5 2278797.5 -489834.4375 4343686 1674893.5 3716915 -2309975 -533905.8125 446126.9375 -3023698 2047896 508738.84375 735450.875 3153025 5942798 -116745.875 
324995.125 1890127.25 3706824 729494.125 -1832976.5 -627931.75 317727.8125 1246497.5 1548682.25 -669338.8125 3144927 528069.5 2054532 7998.96875 -3291946 4264354 -2289123.5 -77334.09375 -1454857.5 1167591.5 2322848.5 2370817.5 4970165 -4081122 -3338847.5 2516485.5 4440208 -2466994.5 1901067 3629997.5 6133718 643725.4375 377257.1875 636765.875 -3470940.5 -793174.875 -493643.90625 -666024.5 -33563.4375 -909376.5 132981.46875 -739396.5 -2725374 4417980 -904730.125 -2209710 -1971346.25 -2629763 -2125930.5 -1196603.75 -2805027 2291152.5 -799214.0625 -2960159.5 -6278174 1503745.75 331829.875 -107999.875 1518588.25 185987.125 1494843.5 -1689294.75 -2799657.5 106519.203125 
5702426 -801976.25 4905965 167022.75 -1790735.5 -1155843.5 -1528350 2708397 -1757149 3317593.5 -4193739.5 -3522741.5 -3972148.5 3626055.5 -2147546.5 2362605.5 -1645044 1145840.75 -1840550.75 5297539 2094925.5 -1035833.5 1035262.875 1114464.5 -5409541 3998773 5915252 -343232.09375 -443679.53125 3147031 -1718738.25 2681800 1793241.25 -3943858 902548.5 33701.03125 -61477.46875 -1276485.5 -2630089 -171276.875 -1113842.25 -60316.6875 3115202.5 -90750.3125 -4774274 -866555.3125 19539.625 -1331374.5 -389996.5625 -206479.8125 -5384083 -4762297 470350.125 -758877.5 -3662.875 -874792.75 2324705 -4318457 4945400 -988208.75 -3022617.5 2267984 -3675916.5 -1443724.75 
-1229617.75 3711546 1079186.25 3923438 21765.521484375 -1921479 4038788 618150.625 -137885.21875 -3701086 -1916560 -3909644.5 2764412.5 96056.015625 4022120 4825469 -2337750 -2073768.25 -1767446.25 -240343.28125 -2305856.5 -599557.125 -43551.79296875 339757.34375 644472.3125 2305588.5 4358781 5849636 933303.3125 3077753 -1057783 213133.171875 -594189.625 5664712 -1869219 -2295753 -3090579.5 -2860450 2580848 -391794.90625 -665512.875 -877522.4375 -35779.01953125 677359.9375 -2196809.5 1487721.25 2049965.75 3828163 -569903.875 -6004789 392643.9375 -3999740.5 -1332253.25 859107.1875 -668666.4375 -2663383.5 979806.625 2533709.5 -547804.125 -287721.9375 -2526549 -1583949.25 278171.125 -5430471 
3480132.5 -2528335 -969298.1875 199740.875 2298113 3079007 -3174662.5 3095035.5 -1220898.25 -2338175 5574768 -2313205.5 4469437 574699.125 3250040 -1335646.75 -1627713.5 -6132263 2164883.5 -672455.0625 -3087329.5 -4560980 558090.625 -1900744.25 -3010992.5 1100805.75 962051.375 1730775.5 -907754.8125 2158998.5 -304031.75 336004.8125 -3593533.5 -3273039.5 -2335112.5 -4882270 944434.8125 -2547542.5 688626.6875 -4750748 -3431096.5 -13954.15625 -1140532.5 -4866067 64547.84375 1146790.25 968400.25 2553595.5 -272320.6875 351061.5 2222019.5 442787.625 -1503020 1126401.5 6182673 -981657.375 664772.5625 51450.03125 -2852620 2567455.5 6520748 -6720966 -4292228 1649417.75 
-6134001 4536233 -990308.625 -5736606 309152.375 520656.875 4281817 600685.625 2912377 -548111 2086036.75 1668312 -592796 -4013411 -3282704 -1033899.875 -3480477.5 -951972.375 4445972 -2939003.5 -797059.8125 -2857970.5 -1368447.5 -3393548.5 4082653 -452727.46875 -968297.8125 -3503169 -1723055.25 -5415978 4293262 -1692650.75 -1614523.5 -180854.78125 -426797.25 -2331827.5 6316103 4615828 -2378573 -358665.4375 -140154.375 -2644588.5 -4688888 -312647.59375 1792365.75 -603804.875 2161404.5 -1854819.75 -1209130.5 2001011.25 1479863.5 1069766.75 674916.0625 398202.21875 1856723 6231109 -433475.5 -494307.375 1663414.75 -1434186.5 724536.9375 2726279 37646.75 -762602.75 
-2778347 671656.3125 2436606.5 946841.25 -2202234.5 -371023.625 -2270877 615726.375 3989558.5 -2483445 2594648.5 174449.875 -501661.375 957390.4375 6723858 -1967530 3406701 -2574022.5 -3627794.5 -1607307.25 -1419822 -2162986 1205262.75 2997468 -2298394 -5973972 84985.8828125 3981037 -2406926 1218342 3281562 1185149.25 -1557630.5 3962929.5 64454.15625 122443.65625 -783180.75 5402889 -535794.125 -1209033.25 -2109335 -980969 2051470 440014.1875 3665310.5 3120740 -30982.390625 1189642.5 -2870637.5 2340633 5078681 -2394344 -7924107 -1624070.5 -135387.5625 2495121 -726293.375 3249392.5 5267569 -133345.875 453079.59375 -103637.796875 2393246.5 801831.6875 
-1119315.25 2966337 -2488042 -1330179.5 6315593 4813874 2333705.5 -2681186.5 544312.5 3603861.5 -1502103.75 -2054297.75 -433253.375 796186.875 995072.0625 3821806 3410366 3450719.5 1320768.5 118633.28125 3233490.5 1855311.75 -2584544 443794.4375 3675793 1785900.25 1275923 93595.625 -726693.6875 -2406706 1197232.75 1457475.75 650528.625 -3541722.5 60687.21875 2590305.5 2332201.5 -196544.28125 -347058.59375 -1090269 295193.4375 766855.5625 -707669.5625 2061766.25 -3911457.5 -2287516 3277000.5 -815075.375 -3497210 -1920524.25 -3374081.5 -885660.25 4027111 2649010 -4495071 -1742668 -357612.09375 -2931637 -1714929.75 142318.546875 -3983806.5 4142617.5 5478032 -711611 
-6389916 4014643.5 2156646 3054421.5 4748492 -300646 3821685.5 -2946710 -827620.625 1482595.75 -4677166 2314226 1350316.75 -4528347 -997597.25 2895497 2858181.5 338710.71875 3656780.5 1948890 1412801.75 -337963.46875 669299.25 -1310441.75 -4545680 1068559.75 -2958024 699892.0625 -1543019.25 -2318360.5 4346595 -1876643.75 -958678.1875 79391.328125 -842776.25 1073338 -1180642.75 -14878.252929688 456312.1875 -27357.828125 674861.0625 -961258.8125 2987677.5 487819.6875 1334489.5 1424935.5 1968533.5 -1310339 64741.65625 3571025 -194363.515625 -3824417.5 -914840.8125 -869593.375 3957613.5 -2463163 6114262 2533947.5 -1205458 -571369.75 1539461.75 617651.3125 1550081.5 -168239.390625 
1760702.75 -3403252 217586.84375 2028571.25 -3322263.5 207236.453125 -295874 -795064 -1402520.5 -1043357.8125 -2883060 -667080.625 2454051 4432749 2074434.25 3056910 -4432903 -564989.4375 -5359651 877808.3125 812917.9375 1784760.5 -1876945 1975320.75 -1264393 -4965520 2246254 559486 2592819 766846.25 -1723128.5 -636688.3125 2466564 3829695.5 -3978179 -5245058 1545477.5 -1551654.75 4042967 60541.69140625 1331265 -7886563 1378252.25 -2729576.5 -1191365 2577829.5 -1903342 1361967 391019.78125 -8001731 -558021.875 -919695.75 196092.765625 5335954 458977.1875 -330969.625 2364975 -1019183.0625 1207559.75 -123371.234375 -3699860.5 -933845.4375 280147.375 -688882.875 
1439181.5 -1282957 -2534779.5 -1399945.25 -2431638 -900790.375 4640297 -3016192 -6164228 -854237.4375 -119444.625 7609870 -1028857.5 -5846170 -1963722.75 2173201.5 3994285.5 5098337 1145154 5360242 1420624.5 602350.375 -1114842.75 -482141.46875 1117109.75 -2404487 -503537.75 2779615.5 6777.46875 2979542.5 -1696455.5 -334657.25 2027788.75 4643283 1388503.25 1837300.25 -897599.875 -2200992 2986502.5 -771744.125 2417197.5 -2829290 -2379879.5 -1464902.25 -72722.625 -2831806.5 739992.625 3941602 -1713690.5 3434080.5 -2050343.5 2008912.25 -51164.1875 4501731 -3102294.5 -4360868 724555 -575725.6875 1565266.25 -138898.390625 4982372 1158722.25 -1277870.25 1676023.75 
-1679883 2493605.5 -1171874 -518415.125 2168110.5 -683598.625 -1269163.25 2385812.5 4446663 159349.25 3440695 -833919.125 -2032145.5 3832809.5 -1218017.75 442734.1875 231432.171875 2560850 -2306389.5 -4529985 137619.296875 -2947670.5 2731755.5 4424621 1491959.75 -3382853 -2018578 636084.375 -9576820 2856831 -2337021 3606500.5 -1510436.5 -169346.40625 1106869 5415644 -480615.65625 -1631482.75 -658918.9375 -864458.25 -4338678 3999540 -878484.625 601355 2123980.5 4979267 -827273.3125 -2128991.5 1057996 -69873.7421875 8020821 -3043403 745876.4375 1252443 -4539313 2236364.5 -1886892 -788441.25 -468854.28125 1069651.75 1146594 5990486 6262088 -771140.375 
1678130.25 4176208.5 -1403778.5 854099.125 994376.875 -1108482.5 2402457 -3422716 -2503272 -1540875.25 -1400476.5 2528041.5 -1460886.5 -3017847.5 -1813424.25 -1724852 1617558.75 4452843 2327500 -2658676 3186929 1595917 2246332.5 1082293.75 1491056.25 -1981443.75 -915861.6875 1353897.25 -2185640 -336097.3125 -946814.75 -2166893 -727121.9375 -3661869 3718538.5 2981844.5 601327.8125 88137.28125 -1431024.5 -742379.1875 5752178 -2513802 1148720.5 -1899632.25 4220441 -2353798.5 -2323677 -3682598 -1266669.75 6267288 -1834321.75 -262048.5 1524941.5 -1101647.5 1117787.5 3266740 -1933725.25 -2312979 4322207 -232541.53125 573049.875 -46726.96875 1651348 -1953788.75 
-880120.0625 -2971270.5 -1192769.75 1139800.75 592214.0625 -1348644.75 -4383557 511464.5625 3099544.5 -1873708.75 3177643.5 -486562.71875 691190.8125 1444039.5 1539617.75 -893382.6875 -2392133.5 -3511077.5 2329360 252227.234375 907410.75 -806677.125 -1450514 -926127.3125 -3843147.5 1052366 -5323773 -3444286 -3172258.5 1122074.25 -1119541.75 -2091146 -5383625 -2248400.5 -498428.4375 -169116.34375 -1337122 -2539159 -2153278 -890523.0625 -2886462.5 2791178.5 896597.25 -961136.375 2401786 -2551460.5 629713.6875 -1591380.5 -1187969.5 1569933.25 3567435 1674030 -1227770.75 -1840159.25 2969913 49879.7578125 -604855.625 -3193485.5 -2144386.5 -387543 7639529 -746112.6875 -3094792 4398558 
-3295458.5 2476866.5 3941794 5685569 165520.875 -3614244.5 989090.875 337766.75 -168564.53125 -4125551 3232146 -1371668.75 1041427.375 2746770.5 -1217357 2703068 -2471976 -30180.5625 -3035291 4395967 731648.6875 5220509 -2934428.5 3261292.5 1310034.5 4707252 -1955404.5 1706254.75 -4927395 1749220 -512819.1875 116499.53125 -894223.4375 5712416 4057177.5 219450.75 2734349 1542652.75 1064948.25 -2238151.5 -876033.125 -1244496.75 -2678652 -2009886 -749176.625 3255716.5 5927365 -4524401 1276112.5 -454722.875 -431316.375 1538204 1582510 4459497 161214.0625 -92194.703125 8709354 -256803.875 72201.15625 -2617500.5 -5171150 5204926 4050427 1761080.5 
2712333 -1925860.25 3585297 -10366 -2184131.5 -533596.875 -2102492 4421128 -3408557.5 -3589160 1271004 1183915.5 811401.625 288622.59375 640844.4375 4901918 -1818117.5 -232580.25 -6107656 -744152.5 -517460.6875 -3171590.5 -1859328.75 2738712 -1732905 -175738.75 -1483840.5 3609901 -1761849 991031.625 1216040.5 1920328.25 1535270.25 2607619.5 1639793.75 -2208225.5 -3765800.5 2135866.5 -623318.25 -1239753.75 -27846.125 260184.75 -1474089 -2049928 2432584 5752588 684057.625 4520986 3116192 -3605959 5999749 66977.2890625 296256.5625 -939149.4375 -2794165 902149.3125 -288984.53125 674736.3125 2686473.5 -5076660 1301142.25 -2240431.5 87608.3125 -1332929 
2473606.5 289688 2349753.5 -1521344.25 1265042.75 -1569702.75 -509092.75 1706722.75 -3430901.5 -2769034 1867484.75 -1689133.25 -509016 -1081949.5 -3271146.5 3134890 1722803.5 1303941 -4948839 -137646.34375 2325204.5 773738.875 -1422273.25 59630.640625 3791920.5 -4142997 -1585251.5 4648358 788464.125 3897215 -3832943 198643.84375 2934837.5 4955526 2306812 -542521.375 -884792.1875 4368912 -51635.5 -1908897.5 3987034.5 1485213.75 -1546477.5 319570.71875 629149.5 -667655.4375 -324433.6875 -3058320 284496.65625 1132454.75 -2116701.5 3547741 -1207226.25 3021451 265346.5625 -2167213.5 -9817.578125 464283.375 4965257 -2866955.5 457627.875 -3429741.5 4311756 2305037.5 
5055715 -4053918 2802612 2960577.5 742685.8125 608992.0625 -3593743.5 5074748 828890.5625 3278394.5 245135.765625 -2130314.5 403872.53125 1759667.5 -1522944.75 -173845.953125 -5382794 1727703.75 36464.9296875 4835413 -1951447 2353725.5 -170733.6875 -1361222 185039.25 1625857.5 4344377 -939066.5 4403556 1137979 -344407.5 1992903.75 -546111.75 -414362.65625 9154.796875 47445.484375 4510163 -140880.921875 -1153288 976372.125 2728831 -3158722.5 -1867292 2548730.5 -46489.5859375 2639487 -2507584 389662.75 2768944.5 -3298866 -505625.9375 -289935.84375 -5470118 3496236.5 2774110 382711.90625 1602769.75 2253594 1819445.5 -1496172.25 -25428.2734375 -1871865.25 1194370.25 3104437 
-258960.375 -357789.78125 761889.5 4205614 -654331.3125 -4483837 -1685789 -1730994.75 -1313852 -3501856.5 -104086.2421875 2217733 1107004.5 -3377822.5 1661000.25 -5013540 -2425719.5 -4511658 -1066611.75 4032020.5 -1805796.5 2864199 4463496 -1591817.5 -703514.0625 -252300.375 -246998.765625 -1308181.75 1214237 -122434.140625 -3155586.5 -6259781 556343.6875 6056456 -668515.375 878469.25 23762.32421875 -5293849 1939639 2746085 -4501899 -5109948 2518183 4279893 2380408.5 -3714596.5 -1030160.8125 -521379.34375 -4184157 700911.4375 824107.375 3811669 3244326.5 3813182.5 -1862713 -1311620 -675698.125 2170830.5 -2869933 2401956.5 -1572441.75 1108020.5 -3175700.5 1066249 
3853224.5 -488057.40625 746399.0625 -8009386 -1210553 -1662446 -5102209 1987176.75 1499971.75 -5039551 4807861 -721241.5625 -2609129.5 -1812096.25 -5760867 -539978.375 -2029801.25 -1008716.5 3760411.5 -1515448 -640809.25 -2518218 -2325808.5 -1001465.3125 320720.875 -788394.5 -599171.8125 -1123507.5 -220367.71875 -3659068.5 1829757.5 -2482053 5436681 -1229833.5 -2232284 774742.9375 4760042 2950365 -987748.375 105620.3203125 4983053 2356847.5 -3552635.5 -2376925 4145709 1456511.75 -2107158 495398.4375 1363951.5 -37118.13671875 -561304.3125 -733861.125 163127.328125 -1692094.25 3091936.5 396139.0625 -6836596 -1201001.75 3166415 -684425.5625 540505.1875 -1512862.25 -1368625 803100.5625 
1829095.25 2766411.5 1166727.5 -394460.25 -414931.78125 -2476993.5 2535572 1166217.5 784889.875 -5070853 -2789860 860278.5 1773126.5 -1991696.25 163797.546875 -136165.03125 -4089066 -246583.09375 693999.75 759661.625 -2613060 6689044 4433006 2260488.5 -376241.8125 2411277 343026 -3529025.5 1508786.5 445615.09375 -5870964 2973700 -3098200.5 -869265.875 -3297956 2896256 -2536800.5 -3745670 2628582.5 2072293 1057816.5 -7430081 -4040521.5 1828864.75 -4697378 205897.1875 -2762170.5 1982252 2376443.5 -1628512.75 2221663 -3820563.5 -662093.375 1840546.5 2429599 -6365118 752716.625 -3907833 -5028309 3654007 359405.46875 1671813.5 4969970 5152620 
3118853 -297064.875 1615144.75 1159454.75 -1918656.75 320355.0625 -5137837 4565057 995973.4375 -991099.4375 1730475.75 -3167503 -2893570.5 -3536189 476621.375 1363894 211241.515625 -471996.4375 -2301392.5 1054405.25 -1529559 -5728774 3552793.5 -4562248 -2689633 -2457383.5 2238125 984473.25 268494 3200365.5 4542708 4730412 -1331711 -3353759 -2758274.5 -1639318.5 2155981.5 2397539 -3143728 -940093.25 -1769517.5 4323109 -1134317.25 461351.03125 -1126904 -1871529 -2968085.5 -3336292.5 -2939636.5 4640152 462271.125 535756.125 -2521413 2421216.5 6026552 -1957099 -993730.1875 726540.625 3710574.5 -1239173.25 479874.34375 2966661 -1339266.75 -2704855.5 
5942491 -1583096.75 1133238.5 1536779.5 1739767 -1358393.5 -1302476.25 2522267 193010.171875 713981.5 2681641 -3587334.5 4178668 1811366.25 -2390499 -828063.375 -3101548 363488.625 1032252.9375 2975135 3904137.5 7440381 -3223188.5 -1159066.25 2583400 3903582 3676934.5 -549961 4401181 -287638.4375 1567515.75 -983569.6875 -533281.125 1488574 -2302066.5 1794549 1275749.25 -2196964 2442285.5 1854404.75 4511368 -3624085 -2713662.5 3405343 -4043282 1804654.75 -2007812.75 290453.1875 511481.21875 -5700277 -5858229 -679919.75 1261126.5 -413718.25 140964.875 639463 3456774.5 548222.125 -7305067 -197463.09375 -4051413 -1899772.5 -3174659 -493897.84375 
3460011 2864705.5 -7008250 -8078573 221015.71875 -1639776.75 2528086.5 595392.6875 550347.1875 1124497.75 1379586 407228.78125 3806687.5 -1326845 -3746638 2183826 -246961.046875 -958222.25 4847347 -1096654 1075608.5 -685433.0625 -822408.4375 305429.21875 2771237 -2166255 -2883729 -189980.515625 -492007.59375 -2123725 -5110250 -2563453 -1702941.75 -1519035.5 -428220.59375 -883304.875 639250.5625 -392489.90625 2192625 -2764428 2151851.5 -4591436 -5034843 -732789.6875 -1196970.25 -2858718 -208672.796875 3149522 1794713.25 4407971 -5088524 651934.8125 5276699 2704061 1708179.5 -3491945.5 -3596826 -6371301 -2730446.5 -263863.6875 2993317.5 1659536.5 -1106950 1553264.25 
2415885 -3860487 3773506 -6209191 2032447.75 785567.25 -290405.5 2844067 656164.8125 1006483.4375 -3730854 -3531203.5 -1250792.75 -253318.9375 614789.3125 -933132 -1390452.25 -2863363.5 -531370.75 -1241421.25 2576888.5 -1819341 -1959385.75 1151819.25 2901870.5 1427953.5 4432745 627709.3125 -560823.1875 2785795 -222167.34375 2189582.5 -1571231.75 -2356620 -1531211.75 -2086756 1361700.75 -543280.125 2672228 -569162.125 2983104 1613720.5 -228700.1875 2747800.5 -2330969.5 4400674 499735 1204282.5 -1970043.25 -784368.25 3590948.5 -232509.03125 1201549.75 1853002 3060442 -3984200.5 3021400 619346.125 399933.375 -3057563 -3090297.5 -427600.25 849064 -1324162.5 
3238135 -1855613.5 948039.875 -2605425.5 -2942720.5 -5159214 2488865.5 2622000 -2209002.5 56317.884765625 -4910446 2498947 -1034212.8125 57417.69921875 -3675650.5 -2680942 -3594564.5 489920.90625 417982 -586878.75 3124040.5 -436819.0625 -4315795 535619.8125 3435967 2967494.5 5340960 2046959 1333002.75 -2142770 -3542164.5 -2310298 1262746.5 925656.875 -3358677.5 -137953.546875 -475317.1875 -6530134 2410285.5 1482981.75 4574992 -1736590.5 2837325.5 -93813.3828125 -489353.0625 4157999.5 -1638098.5 3451482.5 1903736.5 -6910258 -2681085 -5151434 -1258398.5 -4293162 -153938.6875 1058239.5 -1468254.5 303131.46875 617778.5 -2415582 -6915295 -2793916.5 -2875585.5 -5406966 
1471989 -4066275 -2467111 1939435.25 4196044 3868783 -3057070.5 1695613 1980100 1053830.5 2069720.75 322009.96875 2608364.5 3487648.5 -3350312.5 686708.4375 1571352.25 1585898.5 1047677.4375 -79452.75 1127060.5 1066890.5 2558410.5 -3168532.5 -3129176 3095776 -3675299.5 -3231451.5 837503.125 -1331119.5 -908707.25 3190663.5 -2747137.5 -8477494 -2998395.5 -3456246.5 3729404 -5017609 -3792840 1431963.25 4032.40625 -478113.25 3696393.5 -1607393.75 -2656094.5 -3915827.5 -2913349.5 -2325885 3272854.5 2134692.5 1338678.75 -2949577 169423.84375 -2508128.5 780485.875 1530605.75 2505118.5 -1128810.75 -137265.734375 1213483.25 2912420.5 2312596 -1462001.75 1482564.75 
690384.5 -4232422 600322.3125 948766 -4475971 -2643449.5 2528326 -430301 -942913.375 5970231 -1795752.5 160972.53125 -190159.671875 2828200.5 -1792713.25 876695.375 -1121921 510127.5 3354301 -272070.40625 -1280359.75 -46447.890625 3784357 -812314.875 -15770.836914062 -3584057 2083540.75 2457424.5 606262.8125 4003265.5 4798183 929065.5 -1042288.25 -1146302 -1292923.5 3293412 -1586372.75 970478.375 4118110 4505061 -52951.8125 -246891.125 -674386.8125 -1198156.25 -5517988 2935922 538759.125 1579113 567786.375 -1853516.25 2038240 2519278 -330721.5625 3668905 -3216991 3457246 3058537.5 5112944 -687213.8125 237605.234375 -2037696 3254891.5 -2152585 1200881.5 
-1903917.25 -345946.4375 -1604912.25 522755.46875 -1587535 1242268.5 -1093400 -1140806 1240764 540680.4375 457693.03125 -802154.25 -2840506 -183528 3139029.5 -4178233 43542.45703125 -717566.8125 -2001199.75 1035578.6875 -2722611.5 2670742 3355400.5 -711353.75 3398251 -2091737.25 1351598.25 4528044 2056936.5 -712166.3125 249286.921875 -724593.8125 -4631060 182839.65625 3330267 1526363.75 -3144533 -300179.46875 2516831 5543701 -1317502.25 697697.75 2339459 2500049 -2749353 -4582017 -1158911.5 -197406.5625 -2011357.25 2403272 4586764 3625173 961066.6875 1402793.25 -3951056 140655.421875 1625104 3080961.5 -2776763.5 -4727519 -3389864 4604842 1281751.25 3281164 
-2444606 -603967.25 -88785.1171875 2857939.5 1968958.75 2016198.5 2807564.5 -5994233 774023.375 918156.1875 -3698859.5 1433128.5 2527835 3109172 -855017.25 -1831303.75 3933252 2303152.5 -1286499.5 -3686915.5 -4196459 2675585.5 -134759.84375 -664736 -2532811.5 2504376.5 1619674.5 2484801 -2699461 781040.3125 3340678.5 1889633.5 1370376.25 -162690.96875 -127525.390625 3150750 -2103734.5 -3296104 -1035997.0625 2235022 -805987.25 -1182976.25 4623817 -1997422.25 -28330.1328125 5992801 -1491862.5 589304.875 -1678682.25 -1690273.25 2250371 1189623.25 -1368376.25 1113212.5 -3931038.5 -549801.8125 -818011.625 1331244 2905438.5 355596.40625 -2903202 -2259267 1963165.25 -3709276.5 
3426837.5 749966.8125 2757276.5 394229.125 -4053217 -3838698 -3049377 6739673 -5305342 -1238222.25 -2459320 1258339 1009941.6875 -8150718 -1734098.5 1834128 -4729141 1433839.5 -2644354 4285323 -666538.5 -278225.4375 2695262.5 -361820.0625 -4355163 -4788146 2595714.5 -1902039 2429316 3177899 -421685.375 -1432887 685703.1875 990473.125 -332186.65625 3782520.5 -3227479 -1622533.25 1671491 -1294651.5 3315224 -4403648 220036.03125 2508651 1433793.75 1663852.5 -4443419 3092634 -187147.9375 2160032 1173594.75 -2123502 -1893679 -1446732.75 3309916 -2773825.5 -2002125.75 540657.375 3507819.5 1457525 6411922 -944374.75 -1633627.5 4169859 
685091.125 -2434384 563570 -3252987.5 727371.5625 4511383 -324768 -4926908 4437054 3364862.5 -5098961 1990776.5 -2019329.75 2906033.5 117477.734375 -4032752 -378653.5 2550274 4544846 -2518245.5 -4337401 -146228.359375 -4875582 3617119 -3438663.5 -1833790 1387856 -4027543 2165449.5 -2736829 965370.25 -3618537 5333518 -1289925.75 -649089.375 1971566.75 -1793421 1665315 378878.34375 -1988372.25 545801.4375 -1606753.25 1451573.75 421010.0625 -106429.609375 1854032.25 -3237037 3356545 -563650.375 -302238.25 1166937.25 -2261655 -3910705.5 -3925309 3904242.5 1846424.25 -1890480 -1162123.25 2613843 2997946.5 4401222 -1545403 -102289.90625 1897533 
-2036749.5 -3831424 -2913951 3110970.5 3146343.5 2826443.5 -1403586 -1306450.5 189495 -2176975 -5106486 -2586518.5 -157400.28125 -2367980 3126264 1108502.5 3516683.5 2449082 -1696567.5 22419.90625 643904.8125 1089932.25 -5413199 -5590181 -523569.625 -1482137.5 57424.1796875 -450897.6875 -909146.9375 3156831 -961391 -2515976.5 -1371076.75 3547254 -4183243 -1610863.5 1555299.25 -1869319 2161394 2661968.5 1374491.25 -2569614 5370900 24245.75 1981704.25 -365306.375 -119854.4375 -328456.8125 -4887467 -1323445.5 3296887.5 3763613.5 2268313.5 4114638 604648.375 -1710315 2812699 1136023.5 -768432.4375 -119727.8125 -206747.75 -1719598.5 5878048 1427120.75 
-1854121 -5919515 164764.296875 -2171037 350009.4375 -134991.765625 1343.462890625 -3248298 -2165588 3751737 2442479 3778654 2400085.5 -233412.3125 2366292 -1997118.25 5365537 -1321255.25 668051.25 4887285 4373784 965868.375 550203.375 -2263988.5 -5190372 494096.1875 -2774998 -2270834.5 938965.4375 -1295185.5 -2378821 2858767.5 1889644.5 -1735656.25 -1378341.5 288684.25 -3756482 -3295363 -1707191.25 -908067.9375 726005.625 -2196065 4195253 -2020790.75 -822998.3125 -651513.5 748302.375 -784282.875 2275453.5 -1493010 1197980 1697639.75 5571495 407658.59375 1282271.5 -1250428 7214310 -1554368.75 -1068699 -2299204 2703748.5 3333237.5 -3821329.5 254163.96875 
-407336.78125 3381532 -3392371 -4219246 -941316.75 2228078.5 5772558 -1060334.75 832370 -1199331.75 353160.3125 2566520 2123645 -1174605 -881115.125 3928932 -484544.5625 1356950 -3290.765625 -3688623.5 3345644.5 4029212.5 1167456 504930.375 3677536 -1879505.25 -230540.40625 -1351236 -846554 -412566.34375 -627929.3125 -2034970.25 2516181 1764813.25 -639021.375 -1733784.25 -145285.28125 1799452.5 5603924 441723 1890618.25 -2076439.75 -5141444 935281.8125 -916519 -4402252 2000711 -499874 912207 2813850 -3843519.5 -457776.59375 3536463.5 -320675 -4084736 64337.54296875 2085817.5 -1344178.5 -1363980 2951592.5 1779218.5 1839971.25 -1920028.25 1948673.5 
-2432195.5 -3614974.5 5067793 -2571325 534644.25 -1397157.25 2076907 -870820.3125 3821638.5 2569578.5 -4114389.5 4240129 -2291714 2326441.5 -1997029.25 -1541476.5 46536.90625 -3225824 1299642 -2229455.5 -3994861 -1166786 4157191.5 2511522.5 -1996025.75 8369718 495837.15625 -2016233.75 -342904.9375 2654500 -1365254 1317883.25 108685.59375 -4374681 -2051326.75 -1482408 2161692.5 -4331607 -1431081.75 -557492.5 -3136298 4234043 -905753.125 3282483 -2727962 3281276.5 2395298.5 -2009295.5 764410.0625 -3071171.5 1261963.75 -942263.8125 -1139043.75 -3653609 -4344810 -4253253 929923.5 3089063.5 515219.8125 559988 -489083.375 -2843709 -734059.875 -1438601.5 
-258387.875 4970123 -2042617.5 2725097 2481995 2820030 -1864892.25 -2280877 1418698.5 1172619.25 -3098697 -4105760.5 716688.5625 3943199.5 -1266880 -2637431 1831634.25 696301.1875 -22165.140625 -4043123.5 -2415842 457465.09375 -3579722 1123684.25 -2732123.5 -586367.875 2031848.75 3554840 -3442948.5 -226460.015625 1940037.5 3255239.5 -2567982.5 -1160499.75 -1573037.25 6346267 -1552187.75 -552078.875 2929412 5895579 -1726919.5 -1434654.75 2656888 -3161040.5 -891803.1875 1073739.25 -1258874.5 151769.5625 -1306246.25 -1850857 265058.375 -2976883.5 -375926.15625 154076.875 -1930111.25 -498206.25 -2915535.5 -521725.03125 -3245865 -265604.9375 -434253.875 1144684.5 1030984 -5465112 
2700046 -289550.375 -60533.25 987737.5625 1596677.5 -2190018 -7220175 1358880.5 1887588 -1996498.5 2614556.5 -4728125 -1150412 2258639 -2141615.5 -6149121 -2185846 257158.46875 -621755.25 2168309.5 -404814.90625 3990133.5 568152.375 2449752 1371231.25 5412338 2344282 -4152160 -229709.34375 3266172.5 -3487687.5 3801430.5 3966135.5 106869.296875 -1871035.75 5472669 -153057.21875 -3990993.5 172162.8125 4402597 -1011268.9375 2777555.5 138733.5 610225.5625 -4935814 2763288 -1853835 -2957860.5 -1111689.5 -3315378.5 153543.328125 -1546526 1155407 -1174078.25 -3433876.5 -2041433.75 -1932944 -469113.3125 -4711579 3773721 -938847.375 5561468 291020.1875 288305.1875 
99514.15625 -3707446.5 1209069.25 331896.75 1831135.5 1546234.25 431964.25 -728620 1221985 -1050151.75 1494088 2311928 3597781.5 195734.296875 -4796029 1979496.25 2167839.5 2947545 -911851.0625 -2749383 3462740 3318805.5 2884387 1211648.75 -1669255.75 -444481.9375 -2335559.5 -6007611 -3802662 89149.6953125 -1961333.5 2585724.5 2384728 -4630362 -1709184.25 -1336491.25 2978272 -708096.75 -2408469 2813598.5 2344418 -475321.75 318391.5 546783 1225985.75 584939 -678166.0625 -4718093 1877052.5 2087060.25 917574.625 371440.53125 2669565.5 -1366268.25 -505206.40625 -988965.0625 -213293.21875 1985972.5 1430755.75 8136658 7377735 2193338 -392003.28125 2409831 
-2138746 5209972 -398430.96875 -5536965 1650239.5 -14865 4409736 -6840806 3193224.5 3736995 3964.1875 855322.25 373001.59375 -848975.3125 -2443145 -492942.5 408682.34375 5530248 7033169 -2844982 -2054132.5 -1265029 1799416.25 267715.40625 -3379719 1405184.75 891361.6875 129693.5625 -1350798.25 628049.5625 3071545.5 893287.125 -2138695.5 -407638.25 1791208.5 2918989.5 -2049266.25 2210893 -4705355 -431461.59375 -1607561 867309 -753169.375 -2522899 273479.15625 -2962011.5 -1863670.5 -126297.296875 -47885.4375 1218338 621876.375 835411.1875 -55354.5625 793386.3125 -790817.6875 1360985.25 -4665020 -4492513 -1902041.25 -1011589 1290229.75 -2040074.25 1886609.75 -526013.125 
-2670640 4157496 3007927 5528695 -592547.4375 -2005245.25 -2009979.25 1463644.5 -4148061 -1760734 466054.5625 -5861534 2529722 5387323 -2761316.5 3656352 -2050404 -85568.625 -4433510 2849558.5 -1781745.5 3781795 571578.75 1930587.75 -235209.71875 5559582 -1940208.25 2734616 62713.5 940415.375 -4734529 -1591098.25 -2194616.5 -2294913 3841060 -3789291 154411.5625 -503754.5625 -3412839.5 1319490 229857.625 -1272842.25 2352976 -2002477.75 -3935677 184659.71875 -1021861.375 -5272134 1302383.25 -690287.125 -4563489 -522286.78125 1464347.75 739790.5625 -1319425 -471427.78125 102438.921875 -910066.625 -3000607 938932.25 -384602.75 -3822922.5 -3178737.5 -1704702.5 
-3088660.5 3512059.5 -1450964.5 -2547475.5 6689426 1497426 -2618943 -249882.59375 2680730.5 699976 33727.0390625 -2934423 -850900.5 -1696579.5 -3736832.5 1730725.25 3864241.5 -4416403 1543485 -4878404 -2025937 -1916524.5 661084.625 -3838397.5 2182835 794689.3125 373828.6875 297113.03125 2103069.5 -1482960 -1535464 -1431139.5 -2779427 1265920.5 -2431419 -1965836.75 -1390221.25 -1533525.25 -2606299 2765499 -1970300 1206163.25 363684.6875 3235904 163630.921875 -4305954 795503.6875 -2353358.5 2067962 -3162925 1930609.5 -4394755 -2289930 551893.0625 4843506 -2595363.5 1102897.5 -1410191.75 -817906.375 6273828 -1458356.25 -2499553.5 2540212 -930770.1875 
8031077 -1440863.5 1414923.75 -2463133 -1717589.75 2475633 -2236894.5 710978.5 -289304.21875 485961.4375 664981.9375 1608994.25 -2971466 -224619.6875 2790319 -4171822.5 3268960.5 -3453248.5 -827027.0625 1373691.25 2475148.5 383351.78125 -1837163.5 2870403.5 1164640.75 -1330680.25 2796103.5 -180213.125 1686756 -1653610.75 -4486427 2011810.75 4117140 2052217.25 -964381.4375 4851136 -164017.140625 -2233148.5 -72838.0859375 1690748.75 -2692084.5 -1179355.25 668927.375 -695590.625 2522042.5 -1268982 -118633.1171875 4145366.5 1121879.75 -3148752.5 -3760206 -4133320 2005920.75 -198506.546875 -2392746 -1377761.5 -3295594.5 -5052619 359618.15625 -844769.25 -6161228 2068390.75 -1626274.25 -1971594.5 
8764578 -2831198 -7474742 -349004.59375 -696896.625 2965830.5 -471442.25 488095.75 1240768.5 1202538 -4993367 -1059687.5 -1560011.75 -3064001 1491708.75 -1172986 3196098 2415146.5 -987218.625 -606228.4375 1864335.25 403483.28125 -2679457.5 -2577112 -960413.3125 -7381735 2037931.5 -2494286.5 -3922034.5 2583909 -5786057 -223044.9375 -2347795.5 1315675 -3108695.5 2020462.25 -3628615 -3410542.5 5335703 1555607.75 1121957 -4298360 380585.6875 1960490.5 811062.25 408989.46875 -5750370 3114064.5 -3304261 2486275 701631.6875 3117255.5 7526722 3207185 -121679.125 -3542100 -2146451.5 -729771.125 -757888 -1094450.5 -1669422 -452265.875 2467912 -218900.859375 
4200920 6333261 1640585 -2293563.5 985193.875 157413.5 3265339 -757838.625 3512538 -158628.859375 7682672 -3918786 -2408444 -1262495 -3170960.5 -31306.859375 2391129.5 1613506.75 5630494 99838.296875 3600290 896800.3125 3003348 2785681.5 -1739908.5 -2113233 1697898.5 -123651.8125 -3590573 1455813.25 -35084.65625 2717915 -5451042 -4631156 2437281 1748202 1223296 3216740.5 3083393 -4021960 5125566 -1469151.5 -2482242.5 -3412179.5 647262.125 -220167.21875 791077 -245017.375 2356341 5961452 56111.71875 -928881.1875 1336635.25 -972880.9375 1943476.75 1745332.5 -603930.125 -245211.171875 2897992.5 1161536.75 -1721866 -279063.5625 3480949 633697.0625 
6227764 865792.1875 -2675170 -500055.5625 1693776.75 2212921.5 1040096.1875 1964528.5 -1787056.5 1828644.75 1247466 -1311342 -6578711 -1048559.125 776996.6875 1241722.5 -1506350 -717896.1875 2332991.5 1473992.25 575904 -1814061.75 -766785 991808.125 -1992687.5 -271450.09375 90863.84375 -3096259 955503.8125 719380.1875 1845239.5 2493430.5 441655.96875 -909505.1875 -2416795 -2178753.5 -3639075.5 2018082.5 -2428434.5 3682989.5 630433.25 3231892 -968087.4375 1163577.75 1181298.25 -3308649 -1306820.5 6073391 393984.3125 -1533090 -370916.09375 -1594145.25 -898407.5625 -4701191 -16425.046875 2143001.5 -5782374 -2054568 118616.9296875 -624104.9375 -590042.4375 491957.46875 -1572591 -1875106.75 
-6221263 3239095.5 -4462029 1898114.75 2983346.5 2124252 -2599361.5 405998.15625 -2365419.5 -1545457.75 -3844708 1802968.75 -1446138 -598286.8125 2732765 -1207484.5 2104246 -996399.875 1600063.75 2493594 5114.1459960938 -1302171.5 -1235913.5 -4590470 -3051875.5 950949.75 -224844.59375 1197298 716161.5 -622075.3125 1655393.5 -7768165 -4492200 -1436997.5 -764159.4375 -3190721 -3593222.5 -4358093 1935573 -3641832.5 -905675.9375 -1135607 6791259 -2547970.5 293651 -3389172 -1054492 1061219.25 -439164 3920195 61584.41796875 -1193119.75 -2408383.5 -1490432 2610626.5 350681.875 -1072951.5 -524088.15625 -2774150.5 -1634895 3000724 -2386161.5 1306679.75 223483.5625 
-3430927.5 4530711 2375853 771311.0625 -2231349.5 -2245687 2345079 1909348.75 -2486739 601542 -911807.75 1799684.25 2847323.5 -4082296 1200587 -436102.3125 -1177038 -142594.15625 -2956099 2983751 -3779169 4893805 5833726 534642.5625 -1380378.5 1389859.25 3663950.5 1125861.25 1519922 1336499.25 2914188 2465892.5 1266559 3030805 1462350.5 1852157.25 367933.5625 2331029.5 264587.625 1609109 -912754.875 -3406429 -3051441 1629557.5 -2150156.5 736614.1875 631366.9375 -1933915.25 2230763 1115599.5 -3681384 -926774.25 -2243761.5 4469075 148972 -1839497 4064364.5 1391029.5 -1137977.75 2354205.5 -1908431.5 2176680.5 1978892.75 309216.6875 
-1041734.5 3609006 4561195 -1400234.25 -16216.5859375 4659938 3640404 -1098688 -174963.140625 3712591 -1331779 -886980.75 3531842.5 77238.9140625 -4261727 2769927.5 -4121494.5 3089691.5 -5958578 -3919019.5 -2017549 -179590.859375 -1963988.5 1959078.25 -4001961 -4062906.5 5364528 -1412987 3209291.5 -5195662 2971340.5 2732894 4778360 68806.1640625 1366610.25 3863994 950956.875 1694008 -3707807 2395607.5 -3380237.5 -3550843.5 -1539741.5 -770872.125 162238.921875 1391810 -2192732.5 342795.375 1464049.25 -2290615.5 1483203.75 -2673275 -1201412.5 -3445167.5 -1037886.625 2620635 -2677776.5 -569683 1765057 398715.65625 2045829.5 -1606874.75 383955.15625 -712869.75 
1837559.25 2440945.5 1005469.5 -1425068.75 -2317208 -3186796 37484.4375 -3673265.5 -4164309 -1984955 -1274150.75 -1701107.5 -2052350.25 4707728 1946980 -3722342.5 -4385671 -1252512 -1748523.75 2893520 4681592 434806.46875 3482736.5 2551780.5 735336 1722234 4121825 -705329.9375 605827.6875 -1450349.25 -1582419.25 422983.65625 -13743.234375 -1770028.5 -640522.125 -2093465.5 -2221183 -2189421.5 476640.03125 2473697.5 3070029.5 -1821383.75 988056.0625 -32563.25 -1351061.5 -1446374 -1617561 -1711755.25 -1809094.25 -2696416.5 -2597212.5 -1193069.25 4194983 2269030.5 -1133986.5 1730068.25 -3165258 -1763631.5 -959209.3125 -996093.8125 -4648323 3292338 -1899780.5 -5024177 
-1143954 -1394522.5 -5137461 19171.5 -1837214.75 -4710114 -1131882.5 -1070976.75 1832369 -6575039 -326111.125 2218143 -1787883.5 1258197.5 923795.125 -4104762.5 -99962.125 3752715 2118450 -116123.6875 2438713.5 1662625.75 -839733.0625 -989471.5625 6477502 5696523 -1060761.5 225545.125 -825511.25 -1791574.25 -3266569.5 -3250095 -860736.0625 282229 2205236 -3886660 -465039.3125 -1061709.25 1643529.75 -3330449 385676.4375 2067453.25 -1237664.75 -6009458 541737.4375 -853395 1938632.5 -2259182 113615.3125 -1056835 -263560.75 691544.3125 274093.625 -111170 -1108869.5 3675834 2165943 -4007858.5 -1432452 -1084861.5 -5346962 549167.125 2556679 3056460.5 
51368.8125 772542.75 1022044.3125 -2042011.25 -918351.375 4542236 -1354161.25 -1409746.25 -2187280 -1848403 1728786.75 2595465 -2744383 -3961602.5 1427256.25 -5345885 -2849692 5465338 3790703.5 -588590 -3479544 -1591435.5 1280619.25 3347311.5 1593561 1461389.5 -963868.1875 -1650586 326623.8125 1269923.75 6347270 5303657 4016591 3476741.5 600299.6875 -422608.09375 -1983965.75 5152585 -2943082.5 1508299.5 1492522.5 1286079.75 -1627845.25 162826.421875 340815.78125 -614652.5625 -3479019.5 2881098 -396171.03125 -660953 1079003.5 208583.265625 -1304569 -3154297.5 3648206 1900319 -863394.25 -1068131.5 -4753528 -1071810.75 636820.625 -1301158.25 -1617452 325599.65625 
-1100539 4952746 -498240.28125 -1822986 2034589.25 4669394 111680.7734375 -1198082.25 -586695.375 -2111270.5 4211342 -315955.78125 -2781024 -1624617 1434908.75 -1900483.5 631695.125 2939967 166178.8125 1221965 -3168141.5 3365435 -2708579.5 2136786 -420132.03125 -142752.953125 580952.1875 367120.15625 -3016265.5 1659848.75 82907.53125 4375964 544179.625 2180103.5 1868916.5 -307045.8125 -1555539.25 1869076.75 -2724130 -986057.75 760993.625 1193841.25 312461.46875 -3124048 -552754.875 -532823.6875 -2808117 1942817.5 3757043.5 2608999.5 -322417.15625 -643067.1875 157693.953125 274782.90625 2569572 -2445459 -2789804 -2000204.25 -5281100 -184089.1875 1655724.5 2576690.5 4352684 -1274938.75 
-1984228.25 -2494156.5 -734671.625 -4406839 -4372601 2792130 -2354090 -3489609 4060370 2197886 -3427174 -1177856.25 -4656457 3167017 2004916.75 1018017.0625 -3513.75 -2315196 4800990 -4524425 -2171910.5 -5255756 -2760262.5 -6750893 -921480.5625 3023971.5 352521.25 -775293.4375 1064733.25 73582.046875 6037689 -2690096 -2376669 -2076935.5 -1266683.5 1872544.5 -3540505 1608961.5 -3210884 -1825148.25 708791.8125 4805916 511564.25 -1918956 -1646199.5 -635390.625 1299867.25 -715184.125 -3239577.5 -1296427.25 4911850 2129959.5 -4681630 -422516.375 3670195.5 2509447 561509.3125 -2352610 6212192 -2657611 614516.1875 -5146484 4838549 5141052 
3191866 1625884.25 145499.046875 -1338136 3324211 881589.75 1095345.5 3805929.5 233044.234375 1872892.75 1960054.5 -961202.25 -3314182.5 -1389155.75 -291382.84375 -2648179 -3157758 2128958 -1953395.75 34542.83984375 -1369137 -2306318.5 -2132068 4928585 3631827.5 -173350.421875 1433052.25 -2521051 174858.9375 -2437639 214568.5 1172798.75 6845346 -4255851 3060930 2841541.5 2597617.5 1878853.5 2104151 -3371600 -1920513 1635603 -3707852.5 2685033 -3257163 1384381.75 2329381 764953.9375 -2508447.5 1555260 -2550645 335424.9375 823669.5 -3586757.5 765403.1875 -43978.9609375 -1486118.25 -467762.21875 1315964.75 405622.5 587845.6875 4648019 -1501565 -809334.8125 
