10 10
1572465 955586.5 543170.875 -1646037.5 1572718.5 1006798.25 -1633373.5 909873.875 156770.84375 -585061.625 
16438.53125 1084031.5 -1058133 -690079.875 851065.0625 1586196.25 31419.84375 1633864.5 -991730.9375 -21227.625 
132176.65625 -229021.0625 -878308.875 -1160506 1211810 102219.03125 -562978.4375 2396770 -455314.5625 21979.6875 
-239839.671875 408269.84375 398843.21875 -24965.870117188 -673589.375 -132832.9375 -243984.890625 -1149591.5 -416755.6875 -686968.375 
213613.390625 -202494.96875 -784926.75 -788.9921875 -815578.1875 486337.9375 229511.25 150568.78125 -777832.9375 484657 
118596 203973.09375 -1222588.75 99864.84375 -1576565.5 1084259.75 -516960.46875 1481454.5 -661221.375 1474267.75 
-155163.40625 -844609 -195906.015625 161778.359375 -350168.53125 -322690.65625 1221007.5 426521 648821.5 876178.3125 
21626.71875 -502785.6875 -508072.6875 -1502566.75 651073.6875 -128908.75 225008.3125 1190698 -172550.3125 -476460.84375 
-48496.9921875 -1019610.75 -610127.5625 1072036.75 -1235289.25 -1611900.75 -121047.2265625 -924919.4375 -1291773.25 1548630 
732978.625 -1220753.5 -384525.96875 203721.296875 -1350466 -1017416.875 -557972.75 1304584.75 -1837134.5 1260029.25 
