16 16
54.499817848206 10.214482069016 -60.335260391235 62.271143913269 36.767070293427 121.40078735352 -97.648595809937 -3.6398010253906 2.9197687357664 100.48097705841 -60.872124671936 -202.66353416443 -259.15167999268 -16.968174934387 55.065613746643 30.845465660095 
68.083864212036 -71.154141426086 -208.57371520996 -301.73600769043 92.349120140076 -97.333033561707 -120.30960464478 -151.02519226074 -202.07005500793 -88.116886138916 13.070760726929 286.90956878662 144.40093612671 -183.19349479675 -61.512914657593 -25.047999620438 
4.9965042471886 169.64237594604 -232.54054450989 279.62619018555 73.665616989136 -0.018516778945923 -159.86745262146 -126.23045825958 -123.34761619568 5.9966716170311 -107.77811813354 -91.208439826965 -24.726783037186 -32.496397972107 -220.50633049011 3.9197026193142 
163.5417766571 -58.007645606995 -23.864464998245 -30.502217292786 67.988300323486 -135.39845085144 41.983385562897 11.533936440945 139.0841884613 215.16163825989 70.885372161865 221.69661331177 -99.797466278076 -125.83638095856 -82.569103240967 91.303903579712 
104.09883499146 -114.92765617371 -60.344979286194 161.87246131897 -244.34816360474 -3.3291726112366 -200.24153137207 202.18207359314 -19.113975048065 49.724995613098 -155.55688476562 -320.90747833252 -94.396646499634 294.44016265869 77.773393630981 -133.51254844666 
161.29308319092 85.945155143738 148.14382171631 -269.25170898438 -49.579368114471 170.18381500244 128.62552261353 220.06783485413 173.03206062317 46.433583259583 216.83503341675 80.848508834839 -101.97079944611 -198.2128162384 226.18224906921 -99.716668128967 
74.739036560059 -5.9725328087807 8.1849119663239 -42.244082927704 59.090542793274 190.99250602722 -54.834816932678 -6.3319442272186 4.2292073965073 45.931652069092 -31.016943454742 -89.739247322083 -103.74976730347 -65.387168884277 80.287481307983 -82.392646789551 
-18.260439157486 -30.022509813309 -58.518377780914 151.65649604797 -10.768438816071 60.859467983246 -169.50696754456 126.53078174591 4.9722808599472 78.601637840271 -135.59082603455 -83.665609359741 -139.1120300293 -27.221720218658 13.614471316338 -30.37327671051 
164.172996521 -19.091905117035 229.77907943726 -86.401125907898 19.904300928116 -127.09394073486 104.19762992859 27.342320919037 218.11314964294 -52.545668125153 27.378599643707 -98.535654067993 -115.12715816498 117.97374248505 292.44441986084 193.3229675293 
-56.44375038147 146.4737739563 -38.596359729767 234.25485229492 -52.247504234314 23.636142253876 194.81725883484 22.769873380661 -56.911373138428 354.73418426514 -127.5378818512 -202.47514533997 -6.4181113243103 20.101841926575 -348.2222442627 31.558383703232 
-76.763313293457 -59.468658924103 -81.893151283264 -149.96319389343 -57.59468460083 98.256048202515 -216.70574951172 -71.080047607422 -43.632210731506 -214.33830070496 87.089080810547 193.19026947021 -71.058554649353 -98.406419754028 164.53461074829 72.142745018005 
-196.35688972473 -1.6207685470581 134.54711341858 -33.912893295288 141.16695785522 207.37936401367 -331.67180633545 211.02635383606 129.88335990906 -202.86973762512 80.159511566162 90.242701530457 -352.62161254883 46.194341659546 374.6480178833 34.314633369446 
51.606318473816 -95.846103668213 -138.79409790039 -102.15585517883 80.68042755127 -71.648115158081 7.0272829532623 -296.53162384033 -144.07158851624 -30.503939151764 -50.573712825775 202.54609870911 191.6828212738 -137.66202926636 -240.36766052246 -16.535563468933 
84.518204689026 5.8534409999847 -148.21422576904 168.59790229797 134.20830345154 69.051416397095 -267.64531707764 -70.587640762329 -71.934880256653 -20.856504201889 40.84709072113 -153.42467689514 -113.94458580017 162.60329055786 -65.770984649658 -211.054895401 
-75.79141998291 -36.554002761841 243.35810089111 42.928071975708 63.751883983612 170.45192718506 100.13570690155 -16.87545466423 332.55917358398 -18.493844985962 136.93334197998 127.14120483398 -49.379077911377 -154.14044380188 64.746392250061 20.037036180496 
-29.462714672089 47.123705387115 -23.316839694977 313.92597961426 97.644869804382 -18.038460731506 -109.52324771881 5.5152713358402 -220.52420425415 -141.31216430664 15.190201759338 -194.5424156189 -83.505060195923 377.09358215332 171.63850402832 21.560357093811 
