10 10
1662013.25 -1220325.5 2638397.5 653598.75 628048.25 -1168651.25 272799.84375 -430280.75 -807866.375 27668.28125 
-1038956.375 515628.25 -94827.0625 63230.578125 -646747.5625 1021623 1628025.5 806130.125 434266.9375 -54918.34375 
97636.4296875 546919.9375 -1387427.25 -467752.96875 1025541.625 568121.25 -795046.9375 88032.171875 268918 373825.84375 
-969923.3125 1589828 406327.40625 261106.78125 52756.96875 770742.875 175892.875 322322.3125 -79480.9609375 871952.3125 
-768509 -240204.84375 958762.75 1274007.25 -679787.5625 230048.421875 1339965.25 -66899.953125 -897944.375 -656756.125 
9601.0078125 -244612.875 -82612.71875 -117763.5859375 -540730.5 -100793.46875 613557.75 364091.125 -1291845 524357.8125 
769002.25 -313499.875 -676973.1875 840336.75 549295.125 1866413.75 1071302.5 747335.5 362003.3125 170409.5625 
-2380525.5 410676.8125 -1151347.5 -1355005.25 -1187088.75 -458389.4375 80247.75 -540422.25 76168.5625 173239.125 
393698.8125 78476.5625 2748885.5 -1722272 -263146.1875 -2083672 636896.3125 1064516.75 -563070.5 1021363.5 
256898.34375 -1160108.5 1921259 484680.40625 -1322241 -1754612 667152.75 257064.90625 -252878.34375 -1436815.75 
