10 10
0.38411862961948 -0.7578762434423 -0.50105236843228 1.2280303016305 -2.0611965358257 -1.4686038047075 -2.1781705617905 -0.58785517886281 1.0251576676965 0.97830736637115 
1.7502873539925 -0.14632629789412 -0.69204904139042 -0.15438798069954 -1.6167372539639 0.43212668411434 -0.67618631571531 1.4162680506706 0.67766180634499 -0.5919806137681 
-1.3515118956566 0.31033934652805 0.79872836917639 0.44488515146077 -1.0635376796126 -1.3567330613732 -1.426620952785 -0.94539197534323 1.3353158980608 -2.3036514222622 
1.1728523299098 0.65165504813194 -2.5039143115282 -0.35037593916059 -1.1549728363752 -1.5478445291519 -2.0267273187637 -1.5654248669744 -0.045097244903445 -1.3153586015105 
-0.059046755544841 -0.74295643717051 -0.26428444869816 1.2681693434715 -3.0189237594604 -1.7415692061186 -1.76021835953 0.45202264562249 0.47018569335341 1.8548661470413 
1.0450582951307 -1.5707929730415 1.4538654237986 0.96720517799258 -0.90704635158181 -1.0308257862926 0.64952457696199 0.58623347058892 1.2378832548857 0.016139183193445 
1.3255134895444 0.33303414657712 -0.47327029891312 0.030774967744946 0.75617540627718 -0.83549468964338 0.18387144058943 -1.5306434184313 -0.37700787931681 -2.6104200482368 
-0.85558304190636 -1.4857219681144 1.3577780276537 0.72464508190751 -1.2113786786795 -1.0188221111894 1.5030981525779 0.18045329302549 -0.3739833664149 -1.2154429927468 
-2.2452404946089 0.049969628453255 -0.91219913214445 -0.93395998328924 -1.2057386115193 -1.1243794113398 0.96303140744567 -0.76320530474186 -1.8860988765955 -1.9040039628744 
-1.4813634455204 -0.78753549605608 1.0408324748278 0.058638063259423 0.59418178722262 -0.81051511317492 0.97480542212725 -0.47448210604489 0.56465131789446 1.7263487800956 
