10 10
-6316.4924316406 5225.3955078125 -1434.3654174805 -707.23638916016 -8770.4462890625 12801.046386719 -6324.7568359375 -7052.2424316406 6828.5532226562 7516.5559082031 
-17278.286132812 10226.972167969 -7184.91796875 1957.6270141602 2859.1442871094 18941.177734375 -27874.31640625 2139.5396728516 1883.2885742188 -5607.6752929688 
-18753.739257812 -11636.645507812 -12711.702148438 10573.514648438 21581.596679688 7074.58984375 -21021.64453125 -6229.0759277344 -3732.8250732422 -5428.9892578125 
-6749.07421875 105.83178710938 290.04827880859 5461.51953125 25663.58984375 8561.1865234375 -12839.465820312 -3886.5457763672 -872.11956787109 978.75885009766 
-9452.6186523438 9003.9165039062 -11251.16796875 10840.583496094 24356.197265625 6380.1142578125 -11804.318847656 18313.987304688 -5569.833984375 -17075.71484375 
2862.9750976562 -17018.766601562 14521.4140625 -11745.3828125 7236.4462890625 -12301.7421875 10308.827148438 -5776.9152832031 13529.765625 10652.044921875 
-5005.2529296875 1558.771484375 -9044.875 11036.288085938 12213.974121094 -3552.0264282227 -6152.5444335938 7699.3803710938 -5941.3505859375 -14575.239257812 
-12516.020507812 5089.0830078125 -7699.1254882812 14318.220703125 19695.174804688 7045.3732910156 -17232.31640625 -2807.2684326172 -13443.00390625 -20237.3984375 
-11534.694335938 17356.2734375 -3507.6239013672 -6871.8933105469 11547.614746094 7403.6489257812 -7310.4162597656 8927.9516601562 14957.09765625 9483.6284179688 
-6149.8979492188 -9909.2392578125 19004.706054688 -10738.889648438 15466.363769531 6122.4602050781 -15519.547363281 -5526.17578125 4944.9516601562 -8482.6743164062 
