16 16
-6692432 129185440 -221888000 -92469088 -203208256 27876304 186060416 -21899296 36719136 222153920 -195883840 -85917888 16473312 -128318880 -230350976 133203840 
87121504 89173568 -172149632 127832000 -111339552 -3024221 174833664 152001280 10233568 262190080 -89105952 -34865040 80856384 -28042664 -116630432 19610784 
-161107520 -9749184 110041728 190197568 315862272 -60961360 -180184896 206028864 -96063104 21544864 2279872 -157297024 231103424 259584128 -300761088 142371968 
-195692032 246976000 -40251648 -201726400 55797600 -113347904 -13971728 75721888 -241170240 11453920 -76204224 -21583168 118649920 21205920 88165248 -153658432 
-264375744 9573436 132692096 -28462512 195989184 -79956672 -23968840 160130560 27310128 36505344 -2648268 -33800448 3578684 -67804288 -204886336 24785328 
-18002608 -22855152 270254592 -135660672 -12469706 8789594 59836576 -76097376 86066720 -108414976 224650048 169680512 37575024 5058824 -225212096 10704112 
170250048 25286944 -139846144 226765248 -66370960 59653056 -6342252 -39864320 -39866848 -6575986 -8711264 -60056864 35931424 95638528 178589184 558358.4375 
67072752 -27673616 159307200 45193408 59873776 3335322 277508352 147777664 2857288 25512304 -17092544 91679072 145138304 56446480 -134441472 -74382560 
212234112 -172894528 -59534960 129160448 -155356928 114112096 -80909632 -148517824 39766592 2272847 -69442816 138922752 -84093792 43220720 -28198712 31136864 
102483776 68199808 -202600704 -241732864 189143168 111123712 -302090752 -318659328 52458416 -19282240 114025312 48109552 152917888 190827264 74003072 -87418624 
-16755120 96053280 -45936352 -227091328 94974784 -71753792 -158359680 -187971840 52541408 -23460720 105975008 14832000 95219712 83054656 -38891696 98709888 
126931200 -302945280 231684608 114582912 -64628768 44242048 141641024 -82616384 212344320 -223655552 -45640704 214466304 -36859472 10014816 -28357728 56462192 
465967872 -486243840 67313280 111124704 -186747904 -42848288 10124080 -202177152 408562176 14313936 150711040 263055424 -78178752 114763360 -281676544 182158848 
81816192 -77155744 -180455168 429081344 -31658416 91129920 -35239904 241834752 -184482880 260672512 -67263712 -126827616 37350976 68267520 21851872 60245456 
163078912 -7357680 -2638288 -34600912 -84441472 -98591616 94206048 -32725280 220999424 79446496 105805408 116276736 22673296 -23169880 -94718400 45234752 
92525824 -127855168 71330112 -98603968 25176224 179804736 -99949440 -240495616 -14181854 -89954368 355908864 211682496 189867392 104210112 13745532 -258586496 
