16 16
120.36909103394 99.261505126953 135.13793945312 83.392481803894 -103.74910545349 -7.6088519096375 -8.8278235197067 177.40507125854 -86.061004638672 -63.970755577087 121.09697055817 -348.77941894531 26.012761354446 -4.8115859031677 -181.49723434448 -82.066596984863 
-47.23548412323 -29.343703985214 61.713967323303 -40.656336784363 -36.018033981323 15.91322851181 -198.06848335266 36.981669902802 -309.63809204102 59.012115478516 -100.91554641724 -135.01287841797 -62.983891010284 84.742635726929 -202.67518806458 342.65294647217 
-15.686219871044 19.300734758377 -87.344005584717 -82.877040863037 223.47991943359 127.27009677887 47.682583808899 -32.872667312622 96.381162643433 -195.26585006714 6.3238413333893 69.558006286621 28.66511964798 -46.035487174988 -13.57340669632 48.155685424805 
-34.791707038879 -174.54001045227 125.38649559021 -51.597897052765 294.31536865234 -140.82703781128 83.577799797058 3.8591346740723 -289.58690643311 -317.60078430176 -79.466850280762 -73.815847396851 -13.157824039459 132.47741317749 108.31198406219 -194.13582992554 
-117.38436889648 -88.07935333252 -150.57489395142 -85.588085174561 63.895903110504 -95.843095779419 73.339954376221 28.026804685593 59.994050979614 -46.523217201233 34.15726184845 -124.28028106689 19.536637783051 101.02654266357 116.89434242249 20.893003702164 
115.21802997589 -19.058839082718 21.254399299622 -34.653510570526 -107.66693401337 -190.19345474243 -80.317068099976 -16.070031166077 99.50147819519 98.390965461731 -125.08741569519 -21.408887386322 -129.83196258545 -58.135193824768 92.133101463318 256.83696746826 
-53.052725791931 -144.32036399841 74.617845535278 83.877154350281 30.534580469131 125.21441268921 93.806606292725 163.1397819519 -105.64861869812 -273.06768035889 256.55432891846 -130.69703865051 185.37446975708 -87.754372596741 41.205572605133 -177.27543449402 
-44.335478305817 33.216057300568 -60.337204456329 160.72212600708 -45.318330764771 69.934319496155 85.71466255188 111.51198673248 4.9059495925903 202.9022808075 212.6141834259 -218.37426567078 152.95956802368 75.460980415344 171.57248687744 -187.06896972656 
34.404131889343 -29.685900211334 -119.25243854523 -58.286875724792 30.014405727386 131.48583984375 89.300189971924 161.62144470215 52.83073425293 -90.899731636047 63.412929534912 -77.702931404114 172.18383598328 -162.34911727905 -112.61089897156 44.487606525421 
-34.004109382629 39.884250640869 -227.87152099609 -20.177895784378 -57.007902145386 80.786115646362 140.41081047058 74.904880523682 271.56430053711 154.17832183838 287.77892303467 21.32966709137 59.680770397186 20.146687030792 133.39256286621 -197.35697174072 
151.27431678772 78.676483154297 158.77405166626 -92.330537796021 -16.948392152786 172.40737342834 -5.7159450054169 -315.28036499023 55.062743663788 -145.13968276978 -143.16952514648 365.06781768799 81.103281021118 -206.07339477539 -164.51361465454 63.723062038422 
120.87714958191 -33.465237140656 -155.48888397217 -145.5428943634 105.29158210754 -126.37206363678 11.957207381725 -94.702483177185 72.035160064697 -127.78586101532 -214.73749542236 174.95375823975 78.840211868286 -145.59204292297 4.8125340938568 -36.985307693481 
62.191857814789 -59.022695064545 10.910436630249 -136.9217338562 159.12543487549 -131.09944343567 -110.46177768707 -242.7682800293 114.38916397095 -6.332058429718 -99.738927841187 370.77769470215 -126.21776771545 55.173196315765 14.22292548418 -119.66503238678 
-94.037545204163 -97.154315948486 77.552444458008 48.926403999329 141.4084815979 -109.94457054138 -228.020570755 -27.392192840576 -144.90438079834 -67.221578598022 -156.74479866028 82.607679367065 -8.7680280208588 51.478716850281 103.01461315155 146.02303695679 
59.165427207947 200.26431083679 -214.88264656067 -276.27808380127 25.220637321472 -136.28031730652 -14.423882842064 93.316492080688 250.98971366882 123.66815376282 -164.6935634613 14.420226573944 -65.368413925171 21.682666301727 45.82284450531 12.457862973213 
160.92756652832 122.89014530182 31.202915906906 -0.071682333946228 -297.88603973389 -57.215185165405 -82.813608169556 167.44278335571 94.633951187134 174.7273349762 57.169600009918 -121.27139472961 6.559726536274 -169.31625747681 -56.742595672607 18.487329483032 
