64 64
219579328 439566592 140615360 -65707648 -513748224 -481187584 699690496 -219035520 -310678016 -149356928 155400192 190387328 -480492288 -121589632 492976 398445312 -19090816 459814912 66257984 -566731776 -592889856 102018528 23689488 91406560 296400896 -635255808 -320884736 11465856 -459903744 12661412 147904384 394787328 41304080 -480593920 -14234576 445707776 423124736 -187465728 9674688 -198226816 -173638656 114905824 -127652416 84061056 638020096 -394647296 -206302976 -117685824 17059888 28857392 -113475264 -110263328 -318269952 319373824 31676096 -152090944 145619840 -99764288 -96434048 -274710784 -121952000 -144974336 -602386944 -174142336 
88057824 -66792784 98025728 -115790784 413906688 -399401472 77927968 438384384 -261992768 -325284096 -420133376 -31153728 -343876864 -166191296 -112248960 -288399872 -37853200 247071232 -232211648 4713536 157437056 11099968 -213755328 -365128704 -69477824 71580640 -247171456 17029984 -91610176 -25337408 -98831584 -132834048 298566656 484163328 -151846656 -344713472 226307776 -49839552 -253131968 99663872 -324637952 -223783808 -475134208 330769920 160558144 42763424 -132609856 -63779728 -155803904 247022656 -51773472 131743296 -13772516 -767878656 -10584160 -71893440 -275493888 489891328 178414272 377499392 117883968 224427136 -94177312 243085824 
472723200 147354816 200842624 -39483312 130477888 -87959296 131757440 -6958304 261068736 -339774208 -58999152 -77609216 308928256 -223610944 -69717184 -18757368 -417502720 439703808 136486720 236690752 242544000 -168494592 -15456880 -2331646 -48921552 62106544 -124640384 -126967072 -36854384 -35004144 -727083520 -141116096 -452527872 -177459584 73339264 -9994448 379676672 -115613952 -121985216 186704768 70738816 -88098400 150905984 -209474816 -205537216 -175629440 -308880640 526672128 -166712512 104909504 -311011328 300943616 -4680394 -75422176 -30967352 274101248 -373997824 -71896608 -163453952 83225216 -481310208 -36129600 -225788352 134352896 
-113767648 -330535936 -165075328 -299260416 -240592256 69787328 -301039872 -282598144 -12732524 -415051776 371641088 254522688 -243565952 198101952 -314443520 160465472 149804992 425857024 -220129984 -48176256 152523072 188401664 389217024 -150635648 -80915168 489802496 183274752 583022592 -220761984 86316736 -271188736 340855808 -113356480 477961216 313368320 108991040 -356747776 87965184 131687360 -149600960 346092800 -227365696 285247488 -83808000 150299840 49118576 153957952 -317315072 -394246912 64493808 140706368 -89484032 89309280 169433088 -353614080 79039232 -359834880 113366112 402466816 201543744 46746320 -161350208 59902400 25303280 
76729600 -137049472 333370368 294328832 -186384960 678704 239033600 -234143616 -527776000 -206504512 -91202528 -295576576 52607648 376871680 -494087424 432564224 28858440 337067264 -94210688 91661024 -109013152 -193842432 177662144 75070976 362889984 75284928 -538770944 -207433216 340467712 -286199296 488390656 -228233408 -140446464 -193740928 54816160 116273184 141783744 -327957248 68106080 -100043872 170363968 146895552 250770304 123791072 161992640 -186106944 342033664 122642144 -235030272 -19176088 211304576 361848064 84469376 389626368 -220344128 155479616 488371712 52870176 229789440 -79965856 -164831488 62674336 -57159104 -13005428 
-279400960 86401216 -68701952 -104442432 107838624 36852448 -240946176 24249152 317548544 -38988816 -116697472 169199744 93924480 -213446656 13283264 186281472 390916608 427662080 630237696 -219323392 -551118336 -419707648 -334359808 304780288 231985664 -185281472 83962208 226719104 -75406016 -48284896 120671744 -88447424 -285920256 -146285440 247422912 307046144 24254080 293965056 80991808 227060352 -303298048 235648000 273493760 262403200 -178130240 -129642976 478257408 378836992 443813888 -44025056 443989248 -260356800 -69976576 756536320 217272192 114906240 364236544 -94294592 53286432 -374652672 126731360 -220047872 98403296 224450176 
67066608 -287242752 7195586 -20347704 30150512 678943744 154072320 -222445760 -234066560 52895888 248067712 256704256 229254336 24988808 -473795840 90725952 211673088 -299637504 32571848 -180953920 233737856 21016784 -44759760 397495296 -19887200 -50986176 -256862208 540129280 -273782272 64594752 32180704 -40740096 -302993920 -10754656 -210861888 -366400000 -44623552 -201845312 194244096 284541184 286697216 -152268352 -175122560 -31824432 -108306240 558530560 -198695680 -120704672 190112704 377877504 -174731904 -51096832 -622009344 52138144 -176140864 -424787456 -295215616 383801856 -31149584 -104075584 218127104 -310788608 155832960 -189964032 
40134256 310668288 296455424 -269737216 41675728 347006976 366121472 134923776 193156096 -58768976 -213757696 -2822176 220358080 -169576512 -128245024 -87029664 -208181376 83359072 -268923136 180785152 245167936 109610816 -193413696 -227036928 -20536480 9528392 605310976 458425600 -319335936 -137868352 -134578304 -17410400 867732992 180868608 528741888 -28860832 22863424 114608576 209101248 -80430016 -398053632 -424954112 -11091232 -147530368 -401671424 221667584 -31277008 317144064 270459136 -171899008 54498592 286899968 10533296 110572032 35889600 239925888 -20586496 -268461312 -139172352 90714496 407698944 120037888 -179007872 318317824 
139986624 380547584 290247424 330047232 1022986.5 40909280 94277856 -325187328 -449744640 -119852800 -48775456 871942144 -290371328 -111782208 113596224 251974144 325565696 199564608 201335552 -130047616 -216503680 -161485824 -112772640 -157179200 381979392 -114202656 -116881248 -312549632 200950848 -41918144 -205452160 13889760 43062000 17287920 -64592608 -146710912 384346368 -91515168 312247296 263305344 164285120 196723072 -399132672 187982912 493225472 -108403456 -548352000 -523636992 -148521792 -218142144 722503680 70604128 73232096 -101070272 -539914752 -37002224 371475200 -38350624 35856000 -261953408 249527680 101937888 207086080 -203130048 
-153030592 -478588672 -292251648 -207889792 -126638336 -10022576 -212384320 159251584 75597344 -286885376 109400800 340485888 -247542208 -285063936 -437972992 -705689600 194571264 38888304 -246510976 146016448 94926016 25062912 405645056 -605165568 -68470400 328593408 88930976 -153344320 200262400 272509184 -218965440 26909072 -36058016 84491904 662941184 210341056 273992960 157236608 27994768 -77675104 225106112 356924672 -337725184 4933810 -116734144 -104817408 -49512704 14952480 -191131776 24866288 348312064 -383441664 147436992 -332077056 515882240 -194662400 141203648 180581376 451533312 -102284640 -93914880 151477760 51132704 203994112 
91367968 63491136 163383104 -183639808 97213408 -296211456 408504320 417486848 -114266144 266304448 72440032 23718112 139537728 -269321472 8706160 214219392 -93649216 -161212480 551001600 238482176 -246230080 -31521408 306316544 99078208 -261764800 341964288 -135136192 -854573568 -151088960 555660288 133134368 400515328 101523296 -187484864 -7598240 2699776 59199392 -449024768 148020864 745660416 -169017856 41527568 -317368320 -986760 343561984 -70317312 165790336 74403232 -12580048 -203092544 -64122960 -52229152 152513984 -228739392 113432832 174839040 -116032128 96296256 59555600 291407104 -295394816 46915872 -472007936 -640637952 
573192704 246489216 55075904 188303424 192064896 -115270848 339366144 36740288 420906752 -316011264 13266586 -223096704 -76913984 76497280 163288768 235573824 89319840 178326400 -241789760 -352333568 -58799808 16948224 -387623168 -157816832 521674240 232292480 129195008 -91470080 -28721992 -36504304 269948672 -460260352 295415552 273445376 398855936 -40572880 -311961088 8950172 -239204928 -269975552 -277762816 -21719768 91767648 100052992 -556423680 -378907648 -244861184 59015248 -118702976 410486016 611496960 469897728 286781440 -283594240 -3881958 340016384 188989120 -2126240 -467859968 -12166272 322076672 391349760 -85831872 357706496 
190884992 383536896 -110053664 124517472 177071296 72657920 -180419328 -16867368 -324421888 -221812480 16108036 -57499168 -35493728 220407168 -396301824 410946816 169107520 344685568 264073088 -404453888 -115222784 -236909952 -148960192 172716672 -117831232 -152937152 -303959552 20285984 -250396480 -4580194 -357869056 292768768 -316617728 -357418240 48497504 -179744896 -157764864 10579100 -137672704 249894400 369641984 -181284928 -294037760 129773600 320409088 257151616 17580240 -22181840 -197988032 129352128 503206144 -99541120 -58722608 534867968 -345325312 -106186176 169069952 52479264 300396032 -176979136 -240234944 -171807168 -62629536 -383310592 
-64722480 38127200 -458556160 77433792 -217168576 -299313152 -94502432 155421824 104778752 39443456 -11761056 -261347072 -187414208 -406028032 206420544 -20704048 211254208 422160384 -23175024 -160137472 335668736 -61776480 -286485248 -194526784 -275894272 -124708960 91931584 -226887232 3348584 -198384128 -206286208 -161416832 -803231232 455619584 341925120 58430352 295487744 -282903296 -356080896 -31877360 -19915296 609586688 13061776 594911232 -31657928 211056192 -293528320 -403491840 43392848 -54189040 106743872 -129144160 -131466912 -51968608 150452224 209159360 472553984 -214835136 -277094912 139795712 -268555264 -191098048 -12996376 -229392384 
202970432 74067200 311873792 -449160192 229737024 206083008 190822080 250029696 -158032384 -27191952 99516480 211795008 392952832 -280562944 34857472 -688342016 -20273440 -454473472 -302946816 -13513250 -11064652 195071232 -103306208 162456384 -223340288 476038656 -555029504 -65478752 159378176 121420512 -297076992 -419823872 -37553664 -104164640 163346368 26769968 -406670336 -74433760 -200644544 -49220512 84847136 -375535616 -198618880 -69789024 -542128128 316232704 -271624448 -253629056 -159043392 149577344 -123134240 42424128 26001168 -300620288 459194880 -58214512 162899200 510254592 -35053280 187685184 -381958912 -311027200 -129997056 -200946432 
-82301248 374399488 189263424 -41470192 252548032 162213632 119559392 -135466432 38220736 -131027168 156017536 -114877696 90064608 -93874816 -29409528 -85682656 90286240 76366592 261534720 -11052568 -217324032 -25709232 -467605760 461482496 241291648 53254912 -449706240 229701504 -17742248 -130968544 -349879552 -187980928 -888890368 -142149504 -176643968 -295875840 140345344 -97293376 368089600 -26413832 199347392 -18865968 56863008 96158944 179262272 -237624896 212250752 16821632 26182440 12530656 -261999296 176144384 17978544 334400768 -159489152 22380008 465072640 -429863936 19018104 135286208 -81309856 -458564352 -81093824 -410416640 
238584704 -113857600 85957120 -2980016 -21413776 12743504 -115226304 -171560192 -151777536 -133417184 -147963136 -31436176 -13687670 485774080 23177640 21444144 507698944 463799296 -69222272 -73492128 -110325952 -358270464 360654080 -785272832 698019840 244222528 15595742 -341308160 325581568 392362752 -33577808 -16232816 -302827776 408191744 157623040 66663296 331294208 344524032 120158144 -46116336 232182400 45753648 -155873472 195018432 239700736 -316257536 -333563904 -256239744 -27334456 349479424 349679616 141798144 219429888 30815776 -204276288 -134382848 -475755008 359655424 -169573888 216910400 -176088384 75208448 163484224 -374850048 
93977504 -57827552 -224399360 -31933808 486024704 196899584 53002720 -160470336 170866368 -103590400 15129622 14281736 624973824 -91014304 91002848 -207549888 -26424432 84129632 135506688 -87196416 255665536 -305388544 31754872 80131296 -477428224 -362564864 -239932928 -63747296 244737536 -350145280 -168784192 -358495744 -185145920 -192654592 57246080 37597024 -201980736 -313106176 248255104 -129765248 288185344 14152576 -213830784 85678816 -214217344 -134907712 -83070976 -172449728 -571059200 623109120 104872672 113754496 -256843200 -125622080 392291328 -372441088 -136810880 383754240 286412544 -417739008 -569261568 413287680 266423552 -182901120 
-386772224 -594732544 176090880 -328015360 490611456 -184707968 212033280 213032704 -342581248 -276958720 308516608 -83461376 492245248 -247020160 5593404 120515200 25908856 22512368 -286708480 513927936 943698944 -288518144 198839552 -137744064 -52088192 151580352 -70859712 -693286912 126706400 375539456 -175376768 -452097792 507523584 215348992 185755712 322292736 247561280 -87966720 120381632 455753216 87342144 241175552 186959744 209811776 275244032 175459200 92290944 93186752 -250029952 106214400 554831360 69907424 497958400 49116000 35785936 93969504 201471616 346324224 508766208 58314384 -97270528 740816896 331172096 279984128 
-65102464 63874384 164552000 17434632 -220084480 88143872 -74390976 38306592 127959584 28125176 365652992 -196622528 62635648 -94295136 144084864 -154416000 -326565632 225536640 -346824448 -136827072 -112978144 5425286 7066872 40599968 -242068672 147037824 -33434888 -192842688 60651616 -232150080 139310400 -94803040 -326724608 60337344 622345728 172177344 493970432 44434224 -250882240 -106285888 457573632 235248768 -824718 469785344 -385103360 243309504 -331696384 -151170880 34483856 -11584720 98656704 -54344784 331622400 115914016 251893184 142685888 840027136 -408305408 188396992 -148050112 -26181344 -277321472 -120066464 367011584 
-274799104 303540224 188165696 -110889888 -462189056 -557368320 202906432 81799296 69764288 -426223360 29992976 139733376 -153118784 -246224768 -502051072 -157203648 -36646128 213138368 52637584 23154528 144873792 -179162624 73861248 -112356416 25454360 179403904 526842368 -279716608 123929920 20807200 -198649408 -503866880 424191488 68135936 671455232 467585024 216041984 -114078464 -70891776 -157450880 -69058944 -402086656 -329394944 4975426 184963648 -109989600 -154791488 157907136 -380126976 -230208064 297908992 161239488 -32925840 -53054624 572041216 40255424 -14036112 -57990448 123651680 9105448 -392839424 -229411136 367231488 145055744 
54909504 326152704 163316672 246462848 -153237248 -244355840 -63682336 149759488 185522560 -321330432 71599200 -437612544 -286519808 154559168 -219288128 443162368 -183322112 511445248 -45084480 -110462848 -125857600 -38884832 -392664832 -5157838 439386368 -77194208 271964160 171170176 -207939712 -394508800 -406496768 200364416 525819648 61704512 -144046592 -145235328 332027136 42802400 -132026016 -148488576 -385880320 -251046464 -9267368 -41247472 -282708736 -237785600 106088608 343038208 381318912 -323239680 -121983328 239917056 -199269888 -135789504 -159464704 210401280 -244793536 -499064576 -131941536 165744768 219704384 -297971200 14349960 356129792 
-146898304 -53692000 316976128 -136632192 -357814528 -208914240 64522432 92218912 -183044736 138053056 148950144 -321738752 -95909504 92476160 8411888 168805440 -27105336 100069152 -167366784 520455424 -178560640 -46726384 176746816 394754048 379147520 465616384 -54226960 -121395776 -28767424 -194350016 -192973696 -279435520 -202373504 1002080 112845600 -89580704 38968608 -373020928 239021504 150162304 288548864 75123232 -274012416 -245276736 57796320 499787264 -80354400 155152640 -299217408 -334601216 -586976 -35078848 248971968 -416898560 194216896 -80254592 -292200960 199372160 51799712 10943128 -211036160 91337664 -236182720 357673216 
-266755200 -264594880 -12016432 -135889728 210648384 -65646848 242910080 14269256 -20860568 -505150464 -300347648 65465472 -100858656 99350752 -261214464 32666824 670674944 245619968 -29386064 42760016 284172800 84739200 264491648 93529696 83615168 -439469056 139364736 155972800 -30871808 209118912 35102064 125582272 456918272 221454400 -13088696 229370752 -39256272 279209216 156247744 -257684288 -42689632 76006272 7392976 -21691688 360630784 -15750416 499839232 -213036160 214590080 175146112 -184757632 -300577024 -96440384 526687232 501265408 -21235120 -583398400 162243968 325942784 24465168 53793712 385923584 84111616 190416320 
-300558336 -796698624 -355503872 -168193664 407233280 183669504 -10969152 291593984 60916896 313235712 41672864 -565078528 -6856624 269678080 -133325216 -418136832 -41409264 -342388736 80766368 -381872640 698420736 9186464 491038976 627222528 -878735872 214306560 -275590912 557495808 335160576 -301476096 59001232 -18634560 -356012544 240831488 -496999936 -303453696 150570688 -265943872 -326896896 -399719168 535129600 170435328 38308608 -139873792 407945728 171101568 -127651712 -341004032 -190832832 40806880 89393728 -86319552 -476743936 -49372176 340085248 -116120704 124979328 138087296 -65893088 -237689344 -360281856 -378782976 327801344 -624935424 
-58245680 152130368 -47350432 11852320 383772672 -294600960 133178912 -155926144 -245699200 -181781504 -189286016 172659328 130436160 296690176 188600576 -355907072 112026016 310158336 18252072 -382390784 275243520 33190784 147265792 -339198720 167771328 -167375168 143324992 -207574208 175388096 119123040 -546620928 175188544 1790560 418651648 -330170368 -90974656 -24852848 391613184 29407168 -319653376 63056976 -45508592 -258447936 -150700992 508855808 5820480 -117703680 -268182592 587620864 198257280 264968384 -145939840 -26604616 65608736 -518185472 -205492992 93461760 143186496 -212424768 -149271936 364354560 -672607744 12737856 -210534528 
149984384 212920320 -14427470 396700672 -168658176 -213242880 174223744 175934720 -348155648 93941216 -546229248 67349760 -72411808 32754592 -582573056 -279999744 -160099008 101643776 -227515712 93281024 149045632 -472497920 -312988672 -274285056 106396160 2237328 -337704192 -584776192 28560640 92666144 -270674688 57811216 71017472 -615254016 192194752 104322784 -5565360 -147962496 130101728 49108368 -210808512 -85525120 -583495680 22413832 -171767808 58412384 -243833856 343126272 101758464 -392325888 283198720 -195203328 -399156480 -205688896 454206720 -148977216 208458816 237227392 607633408 -339587584 -7154123 227524608 379190528 -29968992 
84235904 -313876736 -55195056 -79658560 147114560 400072960 -370423808 1051080 57766432 -319058176 -361503488 -335177216 47090336 -347810816 -340576256 202679936 -410315776 62140512 -175073536 479179776 46015872 117362752 -560828928 268266880 -557658112 107515168 -230633984 520876800 -49159760 -179268032 80073120 -536926720 -435501568 21845056 469211648 -31221440 -287937792 110232992 -362496000 527700736 -54966640 -273891584 -45506208 -129903584 -385769472 489171456 -188535872 118791488 13856360 45863312 227929024 68412224 -229605824 313903616 -156526592 110138176 280492544 315822848 574304256 328998400 -76904096 92598400 234638592 257496128 
-158994304 -229930880 -201557952 -60937152 756563968 543538176 112832160 124385920 263564096 -320223232 102636672 -99577184 -621360128 -232911872 -132798208 -323034368 414578176 86974272 268442112 -285698304 136102144 152188608 -7272028 13203028 -422230272 234583744 231146368 47493088 96333248 16229480 -515902208 51471936 -293488128 477064192 81357792 -380558848 460158976 533080320 -253482176 -7273192 -425156864 3155199 -263941248 299629056 -202156736 277828096 28766920 -746079744 148296320 101518848 901091840 -102631360 154706112 -67045136 307839232 -406734592 399139072 -160852352 181946240 192424896 -378067456 -511397376 224124544 -710938112 
-215688704 57401792 18799104 -33686240 -212650048 104771200 350527744 -422707712 -117470528 244299648 -73165824 677228544 76431552 -343901952 851658240 -412910080 117732800 -151275200 -317999104 -18209040 32462472 216704064 -5714686 -223087872 -10227584 -548375552 181267008 323845376 -214367872 202814336 185548352 20930808 244567744 -248293184 315325440 420120832 -540336640 -159449856 -17545704 -319936512 -139612672 279532800 643840000 156558912 4262736 -210499328 11764640 -225897920 16737392 135188032 -381519872 -316376320 82687616 183340352 -18381216 170075648 271214080 193422720 -53663808 -267835456 496591616 82729632 -146721600 549667328 
131707008 115547104 199343168 -38680752 -63692000 -412453888 589949952 330399744 -104204320 -87227936 -208801024 298615552 163085056 -54056912 413715456 29224392 -252205056 -53063360 -422623232 436411392 16479442 565389824 -301421312 474702080 94369408 160236608 -167145600 -224368320 -127560576 337722368 89823616 -287501568 -166334208 -168090112 72422400 -501517056 -106125984 -766190080 730519040 652569088 434862592 -228545088 260473856 132959136 201205376 -475186176 -453118976 -123262144 -398813440 -320461056 -133199456 17816304 400421888 -184114176 -331294720 49453856 87693760 304345088 35647040 288512000 477504256 59321312 -536436224 41013504 
239992384 323661312 21731232 381277952 150719232 -155164544 292344320 271554560 -303374592 355328512 -500347648 -118542720 200810560 172599232 82063072 270022656 -355375104 5094648 -389063680 338779392 -88761440 120193056 -338020864 -273957632 541711872 -244264448 -51346176 -24830016 174635264 -138321024 -9724536 -252208704 38773024 -487068160 -169152640 4701440 286359040 -380121856 -308656896 -11540480 -299463936 -179429312 -198210624 419173632 -558125056 148293760 138425792 315308288 20424288 -450751232 -335440640 -179278464 86581472 470292224 -76548288 220873088 354023680 211401600 163873408 52333232 222684480 462920448 212797632 364944128 
69077312 -559219200 434781184 -436229376 476852480 53406608 558128128 447553536 152656832 -37011920 -104628352 468830976 79162432 -230346752 159509248 -725791232 388502528 -256260544 -351087360 530129664 666400768 35821248 -5128140 -297651712 116609536 210627584 -279352832 -392479744 386425856 466058752 -557684224 -487648512 -19005360 123803168 256699840 288631552 -135702848 157885120 105928640 203853952 -195486592 -150619776 -31941328 -120254688 99634240 64938128 -77269696 -117162112 -78272000 612708352 -117499264 -394509312 290899712 -347287296 -17218752 -112420352 33339024 427118848 429227776 153618560 -264766272 -27371640 32581416 268499712 
-79970816 168268928 188454080 136239936 -362640128 294819072 -264703680 -431099648 -265939456 -35895760 81652640 -227504448 -375414016 244667008 -100879680 98274496 502525184 -5848062 -110496928 -358059520 26207376 -128296448 -82457984 127059584 71945184 -150986880 -257644672 456411392 -275090432 -100622304 -202862208 24421416 -222882240 357960448 127236608 -296367616 -112898304 233117312 -216457216 36732992 -86459968 -185858816 170326400 115691392 590331392 331299072 -46789776 -258441664 146100352 99421152 -188785408 -274480128 67846560 -109910912 -70099200 -21442360 -272147200 60721440 33379176 562182144 523300096 42702752 80549568 -63671168 
-17641608 -19632272 33619664 -165778496 -673270784 -98871968 -139238848 40805984 -412257280 -38169568 183577984 -253851904 -557067264 -158544384 188044480 479985664 115472448 82117536 238990144 -333991168 -156321216 -369978880 47279968 -257710144 154024768 -48231888 -436127232 24204096 -449438976 76626816 171969216 708933120 -151809344 -408520192 226247424 491743488 223227008 -17269160 -481441280 -237071680 -371216128 350165248 -403162880 276992512 127729728 -287047424 127052544 360882432 357561856 -145246976 -114473152 -325363968 -242235456 -233272256 73883744 -174275200 -101775040 139017088 -162380160 365251072 -112657088 -121814752 -394012928 -527133440 
-545544704 364512000 109233376 -6708512 162014656 3696400 -245363904 -176504896 97143040 -86344704 -99724992 22548960 630729216 172284416 367648256 -175304000 -234923008 142322944 -416016128 222496000 -142259904 140853760 -405727744 -492478976 -23045352 -83276256 232308160 236932352 -157414144 211723072 139939264 -47797888 719374848 -266393472 179976512 -169034496 -375057920 -37412240 374340352 -101819360 284846336 -228776832 -49957376 -192512192 270347264 -457859584 116198912 -454259200 -334858240 2338400 -495282688 -71626880 -209675840 -226562880 -271726848 416028672 215674944 252487104 -153163456 -110150304 688826368 -196749952 152371968 28425920 
92762176 -170501504 432054784 -174358016 292536576 -188609600 16818848 -151864448 -11053988 -62838768 323832064 -190693888 225701952 -52274032 52990880 311569152 -229985728 218190912 -152068672 299378432 -327733760 542893056 -284925696 138456960 -14074278 782869504 -564746752 362636800 -384816896 113158720 -5653322 -102553568 -106807648 -89450624 38811552 -600939008 318341376 -317198592 121184352 245675648 644744192 -68240576 189351808 70879200 -371696640 -137386368 104804096 27585872 -586120192 136583424 -56126880 80025152 265147200 3818040 -176026496 337442048 228872704 68312672 561320960 281863680 -326767872 -69531392 -68841792 -98521984 
-242073088 -304902400 -194278272 9641616 -112366080 -218193280 -622059520 -29723504 -110365600 87276768 -293667584 336709632 224122176 -138166784 -47819296 -165878976 205732800 -128712608 -147309696 -164415808 123023936 416129280 499701248 322877952 -383014144 126088480 -121248960 -203228416 166998976 650693632 496695040 -185210816 -28442456 93125888 138677504 46851696 -300714752 -62728672 44602512 272518656 -117129536 202853440 38537456 -162230144 298285312 361190400 350110208 -285214464 -349107712 153960832 340249344 -378935808 -17139752 130682048 -210323008 -157358592 251583808 370502144 -20873728 -20859824 -197918464 123785728 344217344 -130306496 
251353920 -97831456 96223776 -34229712 143354176 -96828800 374837504 -49055856 10794472 -275750144 -384681728 166044672 -178537984 95175616 -202214528 165382080 557573120 267461248 -339599616 35896448 300219136 -170506112 -248145664 202902336 342982400 -67571424 -468420352 78752448 -184025088 -89419008 -322344960 -442944768 -78534144 257928064 34704064 146861952 201701248 117556928 -57604480 -450712320 -462589184 -153907264 147233088 -223371904 -42601312 286135040 -246107200 79202240 -23384080 47700432 -79636768 -333626880 -208324352 74976096 -49691104 -114992704 62816464 559761408 -236441024 208110592 215593280 -363475200 -232289472 277606656 
-97311680 -220517056 197606592 -161208320 61280688 456488448 -116698944 33825600 -27212048 572958208 -183807040 394198784 -17831928 -214612928 486240000 -354497280 3911440.5 -279347456 119881536 333817344 339997952 -210395392 -33877568 32810624 -79973856 -61357200 -327735552 29520464 104404256 260837120 294236928 117373888 -212841152 -222449920 -224635072 -239624512 87176288 -151094592 187326016 70712000 179022208 46159520 559920640 35306336 -35235664 336976640 -396724736 404984064 95351520 -292045824 -553721344 -63436912 253713792 -313723648 43714784 104062688 -215931456 -205013568 -286711552 -186352768 -578844672 -96063680 -23458928 -229149312 
-241226624 -185696064 253899648 -30280576 -102591840 57938496 287059200 -383011840 -128165024 -533449216 470343680 -141221568 -141088256 366691840 -550703616 323241216 502156288 -237349696 27599224 -33695616 -59723936 207673728 42494272 -50796512 382928384 82905504 -288516352 -480960 327981056 -377250560 465810944 -104561216 68443936 -105754944 255757440 -49721120 238618816 49363280 494751232 -605315072 199322176 356347136 -43534288 80547744 178684672 -119140256 530300928 -27649968 -14046176 178532608 75313312 77517152 115819616 136944768 676327936 -86521504 19896560 71547200 -442510848 -304110848 -270146560 323078144 -203872192 182976384 
-115807456 -324374528 29685624 241334336 71143520 -158653376 94231424 -95654016 108564192 43482224 286730752 45165088 -374843136 151749440 193870400 66945040 178196160 143312512 76184448 -385972480 271961344 108813728 17110224 234948352 -266476928 285959424 182923072 264167104 405897216 6825136 110230976 -356389376 -378891008 -90036544 364541184 149211712 33541680 -273134592 -101639584 144264704 242804992 -275008768 315021312 276722432 404219136 -132287072 -153507392 -392098304 -270100224 -198764608 507614976 -490962944 -108441984 35809616 -79906528 150943168 363130880 95116736 -289640960 34131120 -43996176 -404816128 349140736 -123520192 
16317832 -453465856 412055040 103716992 -90075712 470683392 -148128192 354456064 623334400 -231138368 165431744 -127404288 -126358016 188153728 134756992 477440000 42906992 27390032 140995008 174969664 28367048 23514832 -115896352 -87625632 -146220864 -9252160 -90936960 -36352192 593717248 -557129728 175542720 16600888 212456768 -48781168 161844608 321477888 353984768 103986592 -312439552 271414784 -163552128 253987072 -662359040 -104051328 -587124224 170046080 -14434096 316920832 360259584 214450816 411665152 -9971104 -160234944 64621600 96302272 -418289408 -254109696 -66506976 331822336 12685456 -40134736 673930752 117689984 -188918848 
136086464 -49730240 -401646592 223935808 -538132992 51727024 -362699776 -666078720 -44276640 84370240 -212443904 157480320 -400778240 301135360 116567232 -199057728 271130624 57654576 -568041984 -381217792 90721600 352543488 225488832 -224875392 75575392 -201624512 -341785088 313749504 169498752 -239470016 587629568 256493312 -29408904 -243640448 -126596736 -48301664 -401443072 81626144 -122161440 -570101760 -107394496 69395040 225399232 404263168 -283537664 -25336432 76980928 -141559616 206616384 124238944 -215968128 -266836608 367986176 -45477312 179624512 -243650112 -71545952 -73615392 408065792 326334208 285769984 291841280 412779520 106161184 
38025408 184551296 -27654056 -119670016 38984560 -440471296 4158000 265073280 -499884288 -216335296 570668544 -196507648 20532600 -176154432 -98363680 219223296 -616680448 134689984 -103483552 178475904 154313856 -238352448 -723041792 -54037408 267332288 -449649408 -106965632 -255437888 102910112 -217160704 -228772992 76825152 14771072 -125968064 157696384 -217421696 474865920 -154104832 686159360 336503296 -2604152 42825680 86457344 93922528 159751744 -328562432 -512171008 -199995264 103255168 -200346880 381371648 449911296 94184352 -118797600 -225986560 -300689664 188216448 17829544 205514048 -259148736 103685856 341236224 -126231488 -42436768 
-251593920 27622016 29410920 48682016 -102121504 -81127488 -55983408 16062064 -18420736 -280713984 139910400 131061376 409131008 -436508672 -243446656 440681472 -146235072 11193592 258846592 4668272 272603648 -127129152 -67138240 341870592 55674752 155095360 75688768 120667904 123705280 -404556800 -278489344 -493077248 105515264 -105371200 276050944 588557312 146769856 -362388992 90571520 347710720 -222985472 57333792 -348612608 87439168 -395598592 114066880 255490432 607502336 54544224 -313018880 261876736 96473504 -144257856 429987840 171730368 98672576 154410368 22404544 27425936 -89256320 302480640 320229120 -42188800 268318272 
-210491328 -277616896 55443328 -230410240 260067072 -67597824 -35048288 416924672 281202944 303574528 -415458048 40053456 57472736 443484416 190363712 -765792256 -25520104 -411096320 -406672128 117508864 -131831776 311102720 241850688 266984512 -538160640 85817184 79209952 30187168 312912384 200769536 55414400 -384034304 184501376 -50364032 455628800 -90366144 -20406240 -221800704 -24177984 121233600 -421432832 -606001664 119912000 -246940864 -260564160 282469632 -50616736 -191791360 -316327680 -173557248 20556480 -713468416 229708864 -67955296 248964992 -56793744 314558720 374541056 145774848 -48449520 145079424 -447474432 -89668672 -143123392 
288467456 -107572128 -144171456 -25493192 127108352 -172464128 278210048 -376228864 -27307104 138576960 -286199296 195095872 -388794624 -15983516 -73954784 78245952 262156672 126279744 -38362512 71877568 -306363904 206590784 420347904 -434862848 113566784 -60718272 237193344 93755008 -307175680 223468992 -259659008 274173952 152772032 480754176 67988480 -17097360 124235520 414244864 -173637120 -26551184 -38300784 182890368 382671872 32970184 104190080 4963106 -271697920 -273613824 -102985184 340785408 311963904 -266775232 558218752 325284352 -234920832 127091392 -123715680 34277920 307719936 -189118336 -65414960 86233696 -117926464 245564992 
-261695296 223694592 -272611840 139941120 -89594912 -316536320 -593345536 -426123264 -200366848 -121768704 45763456 -146908672 121038816 -440925952 -398687232 -430820608 322482688 -71195168 295079936 43191776 103421440 121461792 165789056 -425877504 103795232 -76924480 198183104 -84636800 -159082176 490380800 -155655616 -54860352 97459264 363264512 561871872 -218434752 -408781568 560340992 245819712 111112768 312327168 234751040 82201088 -92885536 159358912 -348688384 134796736 -213674496 105037600 277037824 259732032 -62723328 218300416 329138688 581492224 195141376 62979024 -266766720 70413376 -103846592 -83563808 12066784 317142784 -42549600 
-23233328 -96627200 -239587008 22808296 99647712 292962304 -52633312 -28817248 -146794048 308912128 -215869184 -297666816 37902848 126688736 -99851328 377698048 7534186 54780736 5303039 -275319808 190710656 -21356568 612741120 -312808960 -358818048 118503104 172431296 -39480272 -67389408 176614400 25132840 192928128 -98779136 131537792 42504880 131051296 86704128 23765616 -471223040 613816 -446960384 -194950464 -351809024 223921408 -334308608 627913216 333385472 -46939312 31593896 -75789024 1853736 -71383424 47927840 331375616 147749312 66025776 -73561344 119276512 252658944 93601792 -371268864 59044432 356396032 -346748672 
218416256 -258425664 146919680 126980032 307823360 -89109536 -288264192 202263296 4212512 -177879296 -16144902 -302947072 47584768 -168130560 28349120 231402560 -117218656 414003456 316176128 42471872 159900224 -167502080 37314160 5828520 293368320 39602400 -7710251 -86746816 287741184 444777216 2982462 -212607872 149880960 -23041840 -62022960 332970496 65974240 66677600 -590659072 414446592 -28276320 70112480 10039680 261012736 -461102848 -98028448 -166518976 697385984 342994432 87722624 391685120 54634784 13312348 283912448 78271840 110258208 -156781568 189226112 68153248 98604064 -627691008 -66696480 204140544 70993472 
112915200 -298496000 195454272 -109587200 -145435776 368782848 -28483888 -75980864 554273792 175456576 -73318464 48593440 -255472448 75997696 -172906752 115173888 143951296 157650752 287309056 -61374768 -317199360 -498737152 182649600 205472768 -87074144 332334848 -155273984 351462912 -71948544 -447482112 170502016 126161056 -88037536 139616896 -48219056 -92858240 138214336 271389952 37129632 139972992 72525760 51932016 -69962016 180700416 -414229248 197366208 -176364352 471139840 21708224 14387520 26629056 -194190080 -59931072 -442663168 -58352896 -210002944 -299033344 -342440448 -101606016 261182976 -152226112 -474765312 -2797232 212508672 
-34316496 -38146896 203326976 -56938544 -49793936 30035968 -146740544 354867968 176863488 389231616 -255912128 252062336 758587904 -445989120 337759232 66861312 -102176000 -358961408 220543232 220273792 -27889448 -59451920 -248028224 42978080 -95484160 -67491104 109083968 52975632 80903104 322975488 703550976 -495791616 155660032 -164029952 -90095360 -202931328 -292828672 -96659072 152175104 356352256 -81221824 -78378624 529832448 74155616 -14533376 -257948032 496816 412559360 -175632704 180990336 -625487360 285776384 -145598592 45863584 -34837824 455627264 142771136 -177399232 -602627584 68242432 95668384 318908672 -253805504 329677568 
-95047776 -117546688 -100636864 65000064 -247706240 -504011008 101064032 300807680 -442446336 -82878944 14127566 -458134784 -166038336 315196928 -11651314 229907008 141508160 -323888128 251942848 30258432 126341184 -766289920 418820096 431208192 326056704 172222528 116872192 -552702464 -223507840 305551360 143767104 431921920 190175680 504313344 -678788096 122135584 -504812288 42271280 -234558016 -44222304 12095520 301836032 -230873216 -363797248 351579904 252485248 -443586.0625 130320288 386799872 -402170624 292188672 548606976 -68981152 201806272 363436800 155484736 -436038912 -83208224 -295068672 -165780800 236246464 86954784 -356399104 7413342 
-101419552 202481280 127673920 -55963936 -357566976 267330944 -31388000 166106880 109516480 112480832 -106581888 504359680 -40766576 -37776352 -107569216 -14247746 141418240 227904256 166586368 -31949888 -297215232 6791712 121919232 107978464 372574208 771520 700000256 -21214944 120308480 219667136 133569536 168475840 66550144 -149148032 -129718400 87263072 178822912 354243328 522450432 227754496 -106121440 -73367584 -111205152 -331272192 483280384 177404288 340663296 -29533568 45898464 -403064832 454478592 -154181888 -50864368 224159616 -185316480 -56806528 -46440848 -285662976 -74543712 -196897792 221825920 143240704 -269937152 49707104 
178551872 -300662016 -466272512 -332602368 -33293968 284934912 -169533376 -161156096 -25032376 265961728 -311224064 -161740032 69831520 -453212416 177511488 311659520 -324959232 90917408 285545984 433104640 -273032 -473839360 -67835488 54015360 -348907264 -23954440 -285753856 -99647744 -185341888 80237760 403459584 145121792 -723756032 127810496 -129134400 305450496 227089344 160886656 -792432128 401569536 -229960192 630576128 4552404 365416960 242862144 450338816 -294992640 162971712 519877376 -49960208 148632896 682596352 -81322080 547006976 386996224 341931264 16271238 86588160 503163392 -210407232 -398380032 488257536 -138704192 -1507290 
-126004576 67844864 267319424 -160694592 -336393216 -139761728 -17767392 329437440 -473686272 283886848 -364677120 -272774144 -183226368 8405688 88920704 257575296 171174208 244152448 -13973876 307708160 -291553536 148018688 383733504 -483313920 290759680 -293823488 493659136 50064192 -162506880 34644128 210963328 52997312 663153152 170637440 219368512 -429530624 153590144 153529664 -253160000 -345150464 -181267968 -105802944 695617536 -96593472 -242881216 20977296 -127281696 375651584 -16841808 365536 -14640832 -49216336 500368896 -114882880 -122862816 386155520 6634352 -106719232 336664320 41633824 35027200 91959840 -115401376 422929920 
-97457344 -144472128 -172651008 178785664 -318210304 254572928 -261491456 -159984128 -255307008 -167860480 249584256 14929616 -14535310 410450944 -501915136 187837312 21982840 231351296 -324911360 86010400 28285528 -105544640 -1107462 -412483072 335607296 -272292096 213619968 -384404224 86257920 -85667904 -62949616 136153536 153168576 -527196416 262365248 244728064 151130624 -44860544 134387456 7196208 -508138752 3260776 298488832 -249129728 -78828288 138921856 145755648 39770768 105061952 -254910144 375415552 -104997024 -20841008 -72647168 -191830336 -219284288 -32702648 78271328 -100369664 -78714880 235771136 404326400 256124736 -126963584 
5303570 -23996208 -399830784 -182932352 -499120128 -10342688 -498604032 247098560 324213248 482775296 73200576 255453056 337327616 -269189888 12028960 -134799680 -83827424 -413993216 -103983424 -181254976 -204775552 183202112 274623488 140528384 -437156608 -120092128 328216064 -111302336 -347256832 15274306 155341056 -41698880 -163034304 -388719360 -96419200 -783568 20483200 187358528 -23947760 292430336 -204090880 -144845568 292933376 -183510272 508865792 187067968 -31524864 56627984 106791232 71562848 59380608 -325953280 -407132160 79220352 -194408576 -9758448 322508544 -327003136 -132896448 -238510976 -59822448 -459628544 -405499136 166182272 
-138910528 -591361024 71248160 -361751552 210950400 -111633440 164639744 34514976 278481920 -65952448 258561728 151839424 586095104 70966592 208932544 -140395968 158172800 -314359296 14379984 44561376 280460288 -382959104 478053888 -260522560 -313474304 581994496 -149832128 -235882368 82923424 189505152 86417408 -224769280 231872 -229749888 -5036928 529916672 -418258176 -42450048 5393264 262120576 337167360 175517696 -510936064 54880112 312678144 134979840 182201856 206438144 34538784 306571008 -32475200 -217738752 52886256 -305768960 180546048 -182573120 -383681024 262524992 -227174912 129317536 -19106112 102912640 32861968 -203823232 
76789824 -162499264 -67088928 -217070336 370523648 198473536 34919664 513964544 559805440 -108230080 -64599904 -127356544 181782400 -111718976 -62942496 290585856 189263104 113169824 337055488 211683008 42347072 278281472 -179563392 -187213824 136871488 -237095424 481703680 129017152 180505024 299510528 -144623872 -161196928 -167971584 -55964000 -203144640 -232157824 196211648 316825856 -233770240 10167872 -62540016 -5423824 296502272 45063776 -70121856 -297881600 203962560 -35351136 -218221696 256451840 -372474624 -190056192 -250192448 71376448 -116742080 296466944 -109804288 -46678320 152588032 249024896 -160710016 136965632 -251956992 98896704 
487682304 281722624 -70371616 165876224 -142546944 213902656 327796224 29412448 -251756480 314157312 -31063208 251808768 29404664 125446464 -129649920 227769088 -120069504 -294352896 -149086016 -14080 -101600320 -9495348 -79079520 -27636904 406223360 -183200512 -272823040 119945440 -345530880 -274627584 -221306432 44421120 -90528800 -216516608 -369151488 -347334400 -44592416 26127808 -15040208 -327555584 -58002208 140777408 55655216 2703666 -5397270 -319794176 -76965600 -66261280 -183792832 59676704 -425157120 140708288 -149118976 -35400224 -98564160 236099200 48719120 93895136 -504747264 62634752 248263424 234716416 9929808 288149504 
6704449 165860864 109556416 21194304 302480640 81926208 297505536 132224384 168504320 112096992 -320892160 347730432 -36804928 -6831112 90520160 94237088 538241536 6265708 387318272 130051392 -88433824 -20836088 531261440 330659328 341489920 339733248 343664896 -272071168 -189454528 406752512 -23251360 -57050848 -1212624 308862464 -478763264 87079104 -249978944 -171766720 209281024 200198912 229198848 187626624 -46891520 -60469200 387496704 43014448 569079296 32391904 40784400 134815104 -227878720 240887808 357713920 280092928 -376927744 168047872 -202396416 -55317584 176482048 -72577280 109584192 -222087680 128493504 107449280 
5856337 304547328 -142812544 -241293824 -24123888 -153779328 203856512 165037184 -3131394 -98215456 65958320 -618783744 394594560 79964384 -433960960 -328345344 -728593920 -201949504 -141201664 40214720 98651424 -63729568 -439456256 -134219520 -20677472 -67351488 -203368576 258901696 178763456 -432057344 -159841536 141450304 377953024 -328435712 297421056 192939392 357741568 28814392 -187063296 -225339328 155080320 -87974080 -191159936 360955392 -618407936 -135728320 -480574720 623861248 208790336 2357260 82464512 -42739104 63709920 59667984 292975872 158446272 286682880 96292416 245684608 -401328896 111734176 -125788896 -480234496 151823680 
