10 10
1.2891008853912 1.7586021274328 0.43091152608395 -1.3770516514778 -0.20500625483692 -0.55048372596502 -0.57266880199313 1.425903186202 0.84942819923162 0.35767469927669 
0.69117604196072 -0.19414661824703 1.4292109459639 -0.56012016162276 0.33100200816989 0.2902502771467 0.32323417440057 -1.0834604799747 0.39990261942148 1.3848374783993 
0.27505600824952 0.80429507791996 -0.57029366493225 -1.1369855031371 0.29598277062178 -0.12020714813843 -0.16356217861176 0.0029145227745175 2.2516409158707 1.1227560192347 
0.53874990344048 0.1105207176879 -1.115596331656 -0.67793354392052 -1.1691878139973 -0.14927602093667 -0.20017010811716 0.60624317079782 0.64880779013038 1.113146468997 
-0.55261600390077 0.58330136910081 1.0032896250486 -0.23555051162839 0.56000045314431 -0.44618830271065 0.20056761149317 0.66479894518852 -0.097084159962833 -1.357857786119 
1.1794898211956 0.37615700438619 0.53165469691157 2.2291870564222 1.4766317084432 -0.51758958399296 -0.063975848257542 1.5235942527652 -0.50313699990511 -0.31517730280757 
-0.97182568535209 -0.40012333728373 -0.64843438193202 0.62137284874916 0.07786675915122 0.91602967306972 -1.444372408092 -0.56828038021922 -1.6068163216114 -1.3641678392887 
1.2774361371994 1.3259734809399 1.0415129587054 0.035010977648199 -0.76580960303545 -0.70576169714332 -0.7907000631094 0.64510460197926 -1.3555658608675 -0.80777171254158 
0.67083486169577 0.53082474321127 0.45705761574209 -1.3212358132005 -1.1625207066536 -0.42702889069915 -0.85683731362224 -0.17385408561677 -0.14795050024986 0.71189812943339 
-1.2663812488317 0.055397903546691 1.5481825992465 -0.5654484257102 -0.49537464790046 -1.0903363004327 1.1687768548727 1.1556911244988 -0.16615691967309 -1.1312671974301 
