16 16
-11582.9296875 -5094.4348144531 279.57360839844 10161.036132812 14989.57421875 -13857.080566406 10740.962890625 1420.5931396484 -46499.263671875 16615.33984375 -18430.33203125 23830.611328125 -2450.6947021484 -9963.3203125 -6486.3083496094 -529.71868896484 
-1964.1767578125 19406.306640625 1140.7819519043 -9873.4794921875 -6540.8273925781 -5461.6828613281 11860.274902344 -8121.7114257812 28014.3515625 -264.56771850586 -18130.139648438 8509.9985351562 2490.5666503906 9524.4067382812 5292.8361816406 -1187.6304016113 
8468.740234375 23793.178710938 -10315.308105469 -6192.5844726562 27803.43359375 -15191.091796875 -14982.397949219 16079.798339844 24642.07421875 16526.592773438 12646.307128906 15067.811523438 2424.3970947266 -20238.280273438 -1695.3012695312 6648.8193359375 
2731.3391113281 -2458.9599609375 -6129.4350585938 4131.7482910156 -7597.7001953125 2510.388671875 1263.556640625 -2894.4197387695 46815.09375 3219.0205078125 -1073.3805541992 13262.325683594 7870.998046875 -12849.649414062 -418.9326171875 6667.845703125 
11598.084960938 16230.850585938 -12404.5625 -23525.079101562 22640.220703125 -14164.365722656 12209.499023438 21306.946289062 -844.39294433594 15174.21875 19092.674804688 4978.5849609375 19581.809570312 2936.2376708984 -14575.250976562 3642.6622314453 
-6165.9096679688 18484.44140625 7636.103515625 -12006.073730469 15311.224121094 4346.1791992188 9777.533203125 2708.2277832031 2909.6112670898 1590.047668457 -15576.802734375 4913.3425292969 7661.7465820312 2484.9859008789 4302.5239257812 -15132.601074219 
1342.2497558594 -9842.6596679688 3967.1309814453 13290.662109375 12570.55078125 -18828.78515625 -12317.48828125 17507.974609375 -5093.7319335938 10915.487792969 20265.157226562 27364.72265625 -310.23223876953 -28842.004882812 -17093.709960938 -2582.6645507812 
7450.119140625 18919.15234375 7930.1879882812 -3701.6661987305 8417.1567382812 -27202.830078125 -32768.552734375 -9292.3662109375 -16754.107421875 27350.966796875 17261.99609375 17158.876953125 -11322.809082031 -7797.890625 9638.3178710938 9661.7646484375 
16653.30859375 13764.196289062 5361.4382324219 36703.55078125 -10582.815429688 -3311.8354492188 -12743.189453125 -18466.111328125 -6367.2907714844 -8037.1491699219 27398.7421875 2557.7033691406 6449.0444335938 -390.39282226562 -16794.271484375 3387.4846191406 
36882.533203125 19331.561523438 3980.4340820312 -7841.7924804688 10302.624023438 -7186.3327636719 -13602.671386719 -6285.0739746094 1256.9906005859 -8072.025390625 15176.907714844 -5189.5280761719 12798.9140625 16894.919921875 8765.3427734375 -4561.4321289062 
26833.754882812 32047.596679688 -13512.422363281 -17244.501953125 28027.900390625 -15952.611328125 -2614.850402832 24339.592773438 -3402.0286865234 -2634.735534668 37087.78125 -21877.438476562 7896.7180175781 8233.9091796875 -1409.8270874023 -3122.296875 
10060.848632812 8389.5073242188 -9530.8305664062 -6644.3569335938 18376.80078125 -12283.117675781 9914.4560546875 19733.296875 5336.72265625 -1194.8524169922 23614.8671875 -24045.075195312 7125.3498535156 27862.68359375 -9279.5439453125 2904.2329711914 
-30352.05859375 -11834.563476562 -2237.3598632812 16360.551757812 -10893.020019531 22074.901367188 -7261.6120605469 -25563.095703125 -40356.228515625 15107.635253906 -15438.737792969 -5312.1745605469 -23816.447265625 -17233.137695312 -13210.206542969 7290.4919433594 
19510.434570312 14782.36328125 7740.9694824219 -5534.6362304688 22337.126953125 -32865.306640625 -14479.127441406 14364.935058594 1700.1447143555 5178.1420898438 17118.836914062 13082.11328125 5603.2033691406 6071.3708496094 13630.198242188 510.67651367188 
2628.8337402344 -13244.45703125 -9243.5537109375 -14873.232421875 14778.188476562 -17092.57421875 3712.1484375 19946.225585938 -20038.745117188 23210.83984375 5903.1901855469 9308.6684570312 -4883.2280273438 17332.4765625 -9710.998046875 1747.3665161133 
-25147.456054688 -23899.672851562 -4988.6284179688 -3731.8171386719 30402.31640625 26148.240234375 17195.245117188 -1424.2606811523 -32142.041015625 14532.41796875 -14879.845703125 -10558.777832031 6610.1179199219 -15544.65234375 -33634.6875 -5514.5456542969 
