10 10
14101.779296875 25801.418945312 -13511.486816406 -10830.866699219 -6828.2280273438 802.6005859375 -5865.2463378906 -4057.6435546875 14041.812988281 -11897.952636719 
-3778.7844238281 -27061.060546875 1910.5911865234 15890.077636719 -8974.12109375 15482.943847656 11907.500976562 -2425.5560913086 -6877.7224121094 10814.887695312 
3632.0042114258 11785.342285156 -14243.720214844 -7534.7585449219 -146.57958984375 8584.9267578125 7729.5783691406 -2247.9125976562 10972.18359375 5585.7131347656 
-5794.0134277344 -15430.76953125 8669.5771484375 -1135.3552856445 -12388.734375 15841.720214844 1089.8439025879 -9432.2709960938 -2530.9691162109 6441.8762207031 
6849.1181640625 -9366.8110351562 17636.364257812 -7471.9340820312 -4113.1860351562 1320.9985961914 -11871.844238281 -23850.088867188 -14213.104003906 -21990.251953125 
-3904.1643066406 2322.4831542969 12722.63671875 7193.3283691406 1685.6796875 -7651.396484375 482.20471191406 -13107.645019531 -1064.396484375 242.45275878906 
13122.576171875 11044.176269531 9767.458984375 -15657.124511719 9785.103515625 -19154.328125 836.1923828125 -9016.171875 -8617.3017578125 -27425.864257812 
-18716.604492188 -326.89295959473 4269.5126953125 17285.08203125 -8032.9755859375 11.443023681641 -9116.5756835938 -11289.510253906 -3182.2615966797 3555.0413818359 
-15968.619140625 -15588.236816406 3418.5653076172 19047.046875 18593.116210938 4287.0690917969 -9966.255859375 3994.5200195312 71.436645507812 13308.432617188 
-5692.470703125 3107.5074462891 -14052.192871094 5094.35546875 -24904.6640625 11707.6875 15068.078613281 -4200.0622558594 16800.771484375 10334.14453125 
