10 10
-0.20192313566804 -0.5604081377387 -1.1640424355865 1.9309554547071 -0.22926832549274 -0.89552274346352 0.72892639413476 -0.73430469632149 1.4052697122097 -1.0601736083627 
-2.022600620985 -0.47779135406017 0.022688873112202 2.308964073658 0.50919696316123 0.44273558072746 0.64655137062073 -2.4339983761311 -2.4767996519804 -1.5338157564402 
0.39884815365076 -0.18058959953487 -1.8767126351595 -1.2652957290411 -0.15608778223395 -1.0162199363112 -1.6282992660999 0.71775129437447 1.7696913778782 1.431447468698 
-0.57380121946335 -0.62115888670087 1.0435887351632 1.4565161317587 -1.6826654300094 0.88650584965944 1.4871787130833 -0.97175190597773 -0.68080221116543 -1.4263200461864 
1.468773946166 0.27619068697095 0.67104239761829 -0.3642907217145 -0.37656670622528 0.025817962363362 0.58683672174811 0.86642397195101 1.584324285388 -0.067668300587684 
1.6743179038167 -0.90743947401643 0.71043752133846 0.38225476630032 0.20424310024828 0.41517400555313 -0.49052033945918 0.42517824098468 0.83987230807543 0.26666335202754 
-0.05378870293498 0.18379440903664 0.29708034172654 -1.062439315021 0.32764252461493 0.89397011697292 -1.5345615670085 -0.20815518498421 -0.41829613596201 0.59003406763077 
1.2864210382104 -1.113631516695 0.19365668296814 -1.0009004846215 -1.0021293908358 0.92566004768014 -3.512051448226 1.0389596745372 -0.64978555962443 1.6966534927487 
1.4182014465332 -0.40448260121047 2.0392823070288 -0.93900701031089 -1.5503297522664 0.59155621007085 -0.050726340152323 1.9772409722209 0.48003304377198 1.2577186897397 
-0.033448174595833 1.1407286673784 0.6979629136622 -3.1121923476458 0.95254286378622 -0.29837341420352 -0.37372343987226 1.692587800324 -0.22947467118502 1.5858304277062 
