10 10
-177.49804878235 -87.632020950317 180.79699134827 -6.0012209415436 -168.33235359192 170.76110458374 105.710729599 -76.583979606628 20.404349088669 77.305184364319 
-20.412180423737 189.10574150085 -110.72996139526 -27.238499641418 204.90040588379 -66.099555015564 -11.642096996307 -15.46844291687 67.935611724854 -1.1456282138824 
51.038586616516 265.45141601562 52.653783321381 -62.010148048401 -53.192472457886 16.900881767273 -143.60008239746 -200.4439125061 54.387537479401 96.632187843323 
-78.946685791016 46.985463142395 -263.40288543701 0.91965270042419 75.582328796387 1.617223739624 -13.496065914631 -28.947611093521 -82.595624923706 159.90425300598 
72.325691223145 -25.436999559402 -24.813734531403 162.24353981018 -79.854852676392 -55.96583366394 98.732226371765 81.797638893127 121.70782756805 -116.54158210754 
18.006776571274 -115.29740333557 94.067052841187 -17.97333240509 27.931415319443 120.83345985413 69.812940597534 62.684808731079 23.189668178558 52.263997554779 
-112.83058834076 7.9680105149746 -149.82095146179 -32.396924495697 98.239496231079 45.399985313416 -2.7496547102928 -158.20378875732 -205.40167999268 47.12627696991 
45.232861042023 94.345808982849 -19.295726776123 143.75899124146 64.284551620483 -227.13220214844 -10.710110664368 321.1947479248 -11.754162311554 -141.66456985474 
-115.80191326141 45.977431774139 -133.35254096985 -16.017674446106 130.85447502136 -70.720554351807 -6.9032963514328 -104.37001895905 -166.91653251648 -45.628744602203 
83.837551116943 151.42539787292 -91.578472137451 94.785182952881 223.15531158447 47.238962173462 45.87926530838 37.462068080902 -9.0602192878723 -121.93864250183 
