64 64
-1220039.25 173061.453125 4449488 2186953 -263163.28125 -2467434.5 2161792.5 700373.1875 3094824.5 -1778488.75 -1653910.5 -1080839.5 -4127192 -4503582 -930936.125 905469.25 2958758.5 77299.71875 3239542 -329517.0625 805760.9375 176788.34375 2883785.5 -1539146 390296.71875 -1730883 5507319 -129196.1875 2634270 -3981328 2750893 2222058.5 767379.125 -2779035 -3192084.5 1874731.5 2579091 -1272134.75 -2262070 568525.875 -1965179.5 1011035 2408480.5 -3700075.5 430626.03125 254937.53125 -3686715.5 -1369564.25 -1948411.5 416061.375 -1897323 -2974027.5 513036.21875 1040500.1875 143574.15625 4989602 1651131.5 1214824.5 1395250 -4658917 206084.421875 2631747.5 1263911.5 6300517 
-716040.375 1501817.5 -1848090.75 314831.71875 -3329663 52264.083984375 3870068.5 3901006 949472.625 -1515772.75 -3595298.5 2990995 -548360.875 4828841 664201.5 4493735 6599362 -4268821 474398.21875 2198935 1585881.25 -317501.75 1165818.25 279115.65625 -2537858.5 5421321 6502831 783134.4375 -5666828 -8285753 -1588609.5 -1030017.75 1697953.5 -1701926.25 -4300564 -3298682.5 -433109.75 -642265.6875 55397.53125 -3760881.5 1043234.75 4823714 -2952826 3779941.5 2785213 3285182.5 223802.328125 1644015.25 -5774477 6288.296875 -4767523 639708.75 -1629400.75 5042719 -5838818 -819325.0625 2622638.5 -1993223.75 -1983279.5 6126263 4052362.5 -2593248.5 590669.5 3064101 
3056322.5 -177221.484375 275089.03125 -450378.21875 -973822.375 -7111597 4160926 -2219419 3001706 -1521059.25 -1792629.5 69385.4140625 2039590.5 1184089 -1112130.5 218447.984375 -522119.6875 939043.875 2206205 2947407 551153.25 -1114133.5 3442404 2073841.75 -748062.0625 -3629330 5724662 -569983.625 -1610126 300031.25 5017392 -749312.375 -2289007.5 538458.125 7303377 -81820.15625 -4098546.5 3775632 517919.6875 4020871 -2526340.5 702630.5 2013321 1728499.25 297181.71875 1609499 912998.6875 1255430.25 -835295.375 1566386 2257845 -3903837.5 3367595 2634720 2742283.5 735584.8125 -3652969 -755087.375 -540371.4375 1711704 -3320946 -4291805 -1933064.75 -4116189 
-86468.9375 -3642500.5 -41624.791015625 -1153677 287099.84375 -2271126.5 4575393 -244394.265625 -1858213 -4375043 -2241635.5 211126.390625 -4179704.5 3311505.5 -2722473 -2191435 1227863.25 268198 754255.375 1942264.75 -6215730 -5594390 -492136.84375 2018438.25 2809790 -3346538 -2089547.75 -5171573 -1392702.5 1604459.75 334044.125 -3427840 2339918 1828963.75 -1023610.125 -961385.625 -5135236 8429362 1296236.5 2036266.5 -2359144 668383.375 2272265 3593148.5 4209740 2578668.5 -1684011.25 -266235.125 -3205982.5 824939.5 -3066608.5 364475.5 5948322 1598780 -705351.25 1414598.5 -1189821.75 -639899.625 -686925.75 1472064.5 814130.4375 -5179179 -422342.5625 1178436.25 
2067668.5 2049666.75 4217112 -1810238.5 -2048166 -2802678 -2826578 2255573.5 -1044188.375 -1203590.5 -1703394.75 -6648372 -2273852.5 2246969 -1718249 -4167788 200104.3125 758960.125 -1668139 1139755.75 -1625655.25 874595.25 -1009376 -1016808.5 3703419 3121071 -965470.375 -2714426.5 1844249 98973.21875 2770714.5 -2268986 -351620.59375 -58406.060546875 -4309679 2187859.5 1253850.5 6278437 -3734603.5 -2498589 -180485.5625 4373139 -68194.625 -1804331 4067037.5 889834.25 -3351949.5 -972659.625 1554881.5 -2172737.5 2901211 1381874.75 -3086290 380095.25 -2647999 1510177.75 2146937.5 380043.9375 -4501785 34950 -1128257 -1351790 -5309261 -156504.25 
-1082845.5 -3074055 -3422256 -1643815.5 370340.4375 265520.3125 1133408.75 2782253.5 -4898678 -3437403.5 152943.5625 -567243.375 1997150.5 2778495.5 1259872.25 -1053609.75 -672706.0625 2273743 602586.3125 2264702.5 -272226.03125 -1384027 4301158 1747724.25 249526.03125 3302534.5 5502300 2454014 1461505.25 -3263284.5 -239475.625 -1000891.625 852763.75 -5434176 -2032580.75 -3449689 -537746.375 684288.25 -238727.75 -4775543 -1291438.5 1080293.75 -1791041.5 -1951188.75 -552036.1875 6003087 1453906.75 2026987 -1330720.25 544122.375 -1168986.5 846650.6875 -1864985.75 -2841298 -9675186 270357.28125 -2931845 4284937 -3004395 780691.1875 3169956 -4051874.5 162005.375 1131121 
-433485.5 3981642 -2141804 -3850102.5 4095060.5 231265.0625 2100063.5 -1528916 473564.0625 -2076382.75 4244100 35260 1473530 3850989 4683457 -2844118.5 -456713.125 -1013946.625 589614.5625 1414643.25 -802920.0625 3105125.5 2735805.5 2019773.5 39244.0625 3180908 3360195.5 3045748 -4425494 675486 -4296210 -1445140.75 2694821 306270.625 2526203 -400097.46875 2336512 2613634.5 -1779217.5 -4602804 -2842905.5 -2085486.25 -667864.1875 1946054.5 -3127187 -622589.125 727973.8125 -154140.53125 2289193 -157813.15625 -3052754.5 -1634946.5 1372455.75 880615.625 -5457827 912304.1875 1238757.5 -2041364.75 1944820.75 -3868387 -1732010 3096539 -80878.375 1236687.5 
-1198970.5 -3064508.5 -7885874 -869450.6875 -1884934.25 675582.5625 4180355 -722423.5625 -839667.5 -338421.03125 638139.25 -1569336 3608668 -2427315.5 3543610.5 3476442 -3653638.5 -3662576 -1003671.0625 695846.4375 4819639 1743321 1565253.25 3392586 -1881734 559159.9375 2834154 2471177.5 2053232.75 642903.25 236945.296875 2600802 3167181 2369670 448923.125 -1414943 -586757.0625 -1183953.25 2383723 2841904 2055123.5 -6552663 -1039115.25 754059.9375 1558386.25 108689.0625 1795514 3061829 571198.25 2222564.5 4339179 -1964914 73114.6875 2162099 -1744678.75 68349.09375 889266.75 1544154.25 -3866527.5 2950860 -117779.65625 2921621.5 -384805.03125 -1255379.5 
-1533272.5 -2206627 -1131623 -949450.6875 1925753.5 3093012 1785296 -7117681 254011 2310384.5 -63852.65625 1376004.25 1409240.5 -2984476 767241.875 3930766 -1311930 1970665.5 1405220 -644114.0625 -573125.875 1397751.25 -1826497.5 -567427.0625 332874.59375 806582.25 811347.375 2933000.5 -1111079 -95611.171875 -832578.9375 -2825633.5 -2634207.5 1335423.25 4845018 3149864.5 3471274.5 -1743045 -467872.4375 -240031.171875 2463976 440577.125 887325 1846553 -2888549.5 1243881 -2516719 -2396261 2855521.5 -471364.9375 -1563452.5 264386.5625 1973271.5 -3392449 1757034.5 -2951705.5 733962.125 -2224230 -1477591.25 5224297 -3610495 1728742 3386930.5 -2950705.5 
-906781 -4124246 -2045590.75 -864191.0625 2829241 1706016.25 770324.375 -2158998 -3783801.5 -1029195.6875 -230186.359375 -520034.21875 516791.8125 1483953.75 -3105353 -260885.9375 -1852191.75 3742980 5411774 3341406 -4004179 -1207003.25 -756246.375 -473733.96875 442879.15625 -3190340.5 -1536433.25 -1883179.75 2937462.5 1936697 681711.375 -373542.65625 -1527337 1139086.25 2253467 -2217020 -4736139 4237321 917156.5625 1364496.5 -494399.71875 4335690 366462.875 -1961108.75 -424298.625 1182625.75 2607300.5 -2503310.5 4974846 -3447728.5 488667.25 2339814 2843490 -1387670.25 25010.375 3555644 -3519824.5 1961618.25 -6181.1728515625 2400777 3178684 -4070244.5 359869.4375 1336011.25 
-903882.0625 -1530739.5 2422700.5 2448168.5 369420.375 -1182039 573384.5 -148296.8125 -712800.75 -3724408.5 -2462568.5 1752679 69255.6328125 1372046 3950866.5 1720592.5 -2176511.5 -4244957 1651606.5 -2996050 2361059.5 -2449505 3966892 3560021 -2836570 435429.5 2076578.75 -2889005 495254.625 -520853.25 -1908342.75 5570173 1150325.75 365315.34375 2257429 1161426.25 -3777407.5 373657.03125 1289034.5 4187114 1418544.5 -2454438 3051972 532478.3125 3925148 -1166190 621302.25 -261368.015625 312005.375 1242892.5 1859534.25 295221.09375 1474773.5 1171777.25 -1626971.5 -3412520.5 712432.625 -1451509.25 2879912.5 672492.9375 279140.9375 -510734.4375 -133719.46875 1831787.25 
3779685.5 -3177261.5 -3533287.5 -3927102 248613.875 -3527493 2194517 -916308.5 -1381545.75 -2867171 6470160 1364490 397996.375 -2788325 -5975227 -3866055.5 -2187930.5 825688 940634.5 1792879 -1589101.5 -1287546.5 -381513.8125 -4440783 355295 92756.25 -3541157.5 447560.1875 2864238.5 -1321110.5 -4059855.5 2231626 -1407550.75 -539849.75 2540895.5 -1048306.75 3668137.5 -4719360 4606810 2312897 857605.875 1290737.5 -2898154 -475090.9375 981055.875 4449801 -2340268 -1003050.6875 6552911 1585197 5616745 -1885676.25 3361060.5 1608651.5 3254852 2732707.5 -3488210 -1404355.75 -713373.25 -1330110.5 -2294652 1044376.625 1760756 1501252.25 
1494332.75 1365740 3693168 1817279.5 -1273344.75 -5371833 -2066430 533442.5 1079966.75 -1146708 -2207660 -879065.875 1810180 -1645710.25 1168758.25 -2009184.75 4186212 1344466.5 -4979131 397087.28125 1449872 -229412.703125 1302125.75 2740987.5 -1355331.25 -1322207 -76446.9375 -3073743.5 -1376086.75 156075.34375 6725156 3502868 -2187623 -2562874 -1575373.25 1452593 -131076.015625 2990089 2993535.5 -532856.625 1869446 -146182.15625 556177.6875 2518349 -537269.9375 4032680 -1313468 3724719.5 -1163602.25 3785333.5 6682585 -629839.3125 -2534823.5 -579122.125 887993.3125 -4825506 4314919 -1786205 5088613 485961.53125 -5549577 -2106438 -3109142.5 -5250700 
1411245.5 1453364.75 -1563312.75 160814.96875 -735057.5625 -999219.0625 4616972 1784713 -1212375 -1668857 -5016685 1484935.5 231259.90625 3072763.5 1432475 -7266633 -6633134 2392312.5 -4617791 2595729.5 -507242.09375 -580806.9375 7362787 3062230.5 317715.34375 -3995665.5 1331174.25 1279788.25 -300844.28125 2155322 331936.34375 -1953262 5390439 -397104.6875 -794667.875 189043.015625 -3329061 2482591.5 -132637.46875 384594.65625 -5019546 -634568.375 -640499.25 -1156833.5 1016390.75 7140342 -285691.53125 3273376 -2996434.5 933268.6875 164318.640625 -922270.1875 4821911 2635323.5 -2592054.5 1689258.75 -105048.5625 4464220 2663588.5 -3351277.5 -2697747.5 -4557462 -6550356 1915995.5 
-2302546.5 1416454.5 -3324161.5 -2193072 712184.4375 -2135444.5 32879.2265625 -4510082 524535.125 1815778.75 1181701 4794651 -1795919 -1421914.25 5607523 3134029.5 2014007.5 244372.59375 1562316 -1477230.5 4203193 -1212848.5 154381.953125 4034652 33597.6875 513858.96875 -626401 -3530833.5 4040661 1783743.25 1170403.75 -1578987.75 -1241060.5 769375.4375 2194785 1239980.75 -1023460.0625 5314619 580608 1858881.25 4128610 2109296 1886240.75 -448394.0625 -216586.8125 -582757.75 3457853 -4188765.5 1865642 2370339.5 1550090.5 14266.2734375 -2044005.25 -2019858 4239495 -61351.96875 728504.5 -3308796.5 -1985838.75 3952913 3139074 -20352.6875 792611.1875 -2831470 
401563.15625 -2047907 2445071 -333499.6875 -5973219 461119.875 3101997 -1685184.75 3807407 -222023.671875 1029636.25 4090783.5 -1310349 3713983.5 -319699.59375 270220.875 3260240.5 -2656231 319234.875 3117673.5 -596257.3125 -861092.5 -1614116 -3019502 792154.375 -780705.125 -4290556 -903507.625 -967140.125 2934724.5 -2383458 -2970959 -1172735 -395246 -188927.4375 -454618.09375 -2504041 3836278 791060.75 5497467 3015555 3331563.5 -2240839 540164 3635077.5 -1886586.5 -4266390 109784.5 -2949601 1017454.25 -310136.84375 2409943 -265703.4375 3589661.5 -346469.03125 1251300 -427183.03125 -233664.15625 -1741262.75 504129.09375 1528914 -1736566 -1706410.5 -2577829 
2156162.5 1783430 6225920 6984731 189075.859375 -2736128 -2966788.5 -1608454.75 813289.75 -4062415.5 1957530.25 1491671.5 -2919872 772666.875 -3941550.5 800182.25 7330841 -5420029 -1443389.5 2147626.5 -727135.0625 -74435.8125 198257.15625 -1016816.5625 2701790 1107938.5 -1895972.5 -3291513.5 -1989805 2361990 4511905 -2364308 -1832840.25 435569.9375 4023598.5 4256918 -2512910.5 4586819 971500.875 6794985 -2113740.5 2568109 -1260681.75 -300620.5625 -2974408 -2426.9375 2336695.5 3226165.5 -2758238.5 -4148845.5 -1281942 -2700722.5 2197102.5 29093.75 -1724479.25 -1487631 3331778.5 -2381756 1712653.75 -471781.5625 -609397 -3211941.5 797152.75 -512835.0625 
1654594 -1829236 32709.91796875 -463328 2286213 2208750.5 978187.875 -627126.5625 -1717969.5 3321099 3654060 -2083668.5 8789.310546875 -2710351 -178970.0625 -1481896.25 -7627453 -30404.2421875 1704613.5 -1048916 1448764.75 158222.75 -4235786 -2151080 -425605.5625 -2494211 -3106046.5 3663940.5 3623019.5 1784720 -403325.4375 -2713307 1181804.75 4621188 -1047592.1875 3432701.5 -1020222.375 -1395754.75 -1905455 1827207 -1856524.5 -564036.625 275434.09375 -1261108 4171517 -9234498 -3194538.5 464922.03125 900168.6875 -3365600.5 1280949.25 1562057.75 1121639 -800281.9375 2266065.5 -1004880.1875 -2702980.5 6198882 -1633087.75 -243421.53125 601238.0625 1899332.5 -643632.25 -2034582.75 
-383336.46875 2645526 1537159 126877.3203125 -4532250 -2300791 -963701.1875 1682057.75 -1151994.5 -2820504.5 3879063 -3515901 104358.5 601293.125 -1077119 -1421795.75 -772621.625 2532898.5 2250680.5 -1440812 1794867 3916634.5 -445449.09375 5464.703125 2520013 -914047.75 1510099.75 2940757 6466757 3159771.5 1867845.75 3424923.5 591099.9375 -6162882 82350.5 -1913887.5 -5145420 4245249 2603475.5 7179313 2457239.5 -267122.96875 3324942.5 183998.78125 -1952386.5 2462650 -3238482 1297301.25 2614796.5 312637.1875 3084962 5020376 379507.53125 -3078133.5 880781.5625 2240855 4903915 1772040.5 4706886 2529476.5 3606970.5 1818042.25 -2613490.5 -6194266 
842507.4375 -1317131.5 3909902.5 4243872 2920264 -648159.25 -3609339.5 3190906 212065 -1304216.25 -1400595 2084269.5 -214053.03125 -2509002.5 3993292 1631640 4180111 -4911249 -2566943.5 -493328.5 -1191512.25 571921.0625 1047761.5625 1637932.5 1493372 1042958.9375 -386119.25 952099 -3186593 150561.890625 -2022352.5 -3046824.5 -6971826 -658421.0625 5284445 1501483 -479478.5 -266163.53125 -3056413 -2358287 -1371674.5 -1001760.125 -1647148 -1071178.25 -3324458 -4144285.5 1496909.75 -1463289.25 2842078 680657.875 2140850.5 974492.875 -3347284.5 -4357434 -436264.3125 365719.25 -638140 625284.25 2237598.5 751409.8125 -4476331 1848896 -2654299 -1061427.5 
1078042.75 1952619 903032.9375 1796120 642316.25 -2675063 849791.4375 1589876.25 1933583 -873574.625 3014117 -1675848 -1492996.75 -743756.25 296994.40625 1013610.1875 -48526.09765625 -2411705.5 3125816.5 -2186132 4141177 2906306.5 922876.5625 -299326.09375 -1791875.25 824328.8125 1334791 1040411.25 1971820.25 1958553.5 5064029 -2470669 -1800423 -741901.375 -5881353 -1336711.5 -383937.71875 -653455.3125 473561.5 2037338.25 -2169964.5 -814434.3125 4647290 -1977640.75 -2530075 210209.90625 -534043.5 -84071.8046875 3240431.5 487685.46875 1307942.25 1878453.25 110255.1328125 518243.25 -1479335 3543003 -548405.125 1288385.75 1780671.5 -2304586 57490.388671875 1400053.5 -4704350 356463.75 
1420701.5 131062.609375 520512.125 1600467.25 -2938916.5 3208019.5 2637395.5 2967692.5 981431 2597389.5 -1259523.5 -5153640 617944.6875 1827664.5 459577.90625 2501271 3457202.5 -832144.25 458399.625 -1602046 2542196 2673013.5 1241505.25 1015767.6875 -1413192 1386154 2237672.5 2057794.5 1042491.5625 -4717019 1643629.25 1227637.75 2349025 -557647.3125 -828525.125 -1822421.75 2285892.5 -660918.25 1146187.25 -1311541.25 -2516508 2423871.5 477398.0625 -354389.3125 -474322.03125 -2502239.5 -1843879.75 921012.8125 -2834486 306905.0625 2137623.5 1271684 -819191.25 1335360.5 2862952 1653593.5 -2294527 -574898 -4750335 2478761 1325549.5 1638282.25 -1802189 -588422.125 
-2188405 91763.125 1371173.75 -3679869.5 -407794.6875 4406999 -1200787.5 2979227.5 744534 2519579 -135098.8125 -4864084 657492.875 1594428.75 -1023248.375 -1729961.5 -2126251 2381636 1111415.5 -160895.71875 -4307267 1231287 -2303786 -3203759 -3787510 -842648.4375 -4579434 -907095.625 -2299102.5 2787298 -2665386 268577.28125 558550.1875 2948349 70398.3125 -1427184.75 1958275.5 3026340 -2721197 802859 -921886.875 -1652204.25 -1414937 150474.5 -3233670 -642823.5625 -2678119 -2807011 4937170 -4072020.5 941430.1875 2242759.5 806206.25 -833183 433469.625 3144063 -2405999 4205244 2571046 505180 -4538569 269882.1875 -4556277 -2516265.5 
3664434.5 -5141124 2588769.5 4937175 470223.6875 -4451312 351713.6875 -5205580 -1246322.5 3037246.5 2240145 2058191.5 612744.375 -2635683 1836515.5 -2097892 1137798.75 -2484654 -4115262 191488.46875 -1805188.75 316289.96875 -3261055 290579.46875 3970791 -1822589.25 -93156.21875 1708715.25 -2368979.5 -2000820.25 -1112672 -429235.15625 -4408252 -2103207.5 673186.75 3078781.5 -1058021.75 -4625234 -1486057.5 -886753.1875 -622689.5 -2120262 2756430 3592060.5 2298146 -5726908 589666.25 640012 -1300437 1946909.25 1940951.25 -521422.6875 -591966.75 490182.65625 1894743.5 -23684.5625 176165.96875 -38634.59375 3033066.5 -144748.8125 -3511836 3753478.5 -1351801 -3860929 
1780398.5 990951.9375 1171378 82114.3046875 3364252.5 -960137.0625 681982.75 -119010.78125 3538969.5 3663966.5 -1973419.75 2671669 439934.53125 2911730 1014947.25 -3822929 3675647.5 -137029.078125 -4320835 -1565981.25 3436674 -64199.560546875 4329639 2138082.5 -3304335 893020.875 -1797726.25 1301268.75 -5986891 880065.9375 1266483.75 403220.65625 -2281434.5 -3005683 -1238766.5 1441304.25 1446203.25 -2870901.5 4605.171875 -4363293 -5078408 -4033797 1592011.75 1532858 -1821273.5 2714751.5 3308585.5 2508181 -6931940 -874971.6875 -2514934 -2168862.5 2391419.5 2605321 1119970.5 -3786336 -663279.3125 -1357674 6994374 -30502.546875 111513.3984375 -1004376.5625 2783836 774511.875 
2213478 3602028.5 1610373 478142.65625 2838267 326510.96875 2643936 2193591 -614851.5625 -1732248.75 941680.625 2929595.5 925298.125 4036250.5 1649308.75 80020.09375 -1758227 -3039567.5 -927335.125 1875513.25 -2145123.5 3600636.5 505897.375 569877.5 -2361591.5 404329.40625 2865563.5 518885.1875 -5474032 286913.5625 2516306.5 735230.375 2354102 -2090947.5 1559643.75 -1075704.5 -894822.25 -4140534 2632977.5 -554376.1875 -803667.125 2577168 969733.875 2660467.5 618861.25 1377156.25 -3941955.5 3278262 -2330189 349008.59375 -2253223.5 -2567042 -1162834.75 -739269.6875 -1922647.75 1364354 -3278681.5 2540682.5 -1261255 -693387.625 2784941.5 -3670584 1248997.75 -1707421 
-2617894.5 1607109.5 3757361 -141296.296875 -2555762 -429507.09375 3456444 1684018.5 9199920 3114855 -4842899 -2129792.5 2163026 477036.25 2808398.5 -231245.0625 -2501752 3824074 3758231 -1163635.5 2604533 2624825 6779036 -417039.59375 -1274637.5 -1927249 5054908 674665.0625 182196.25 915740.1875 5509515 -1344876.25 616366.0625 714972.3125 -2968460 1784018.5 -1569931.25 3110546.5 -8671298 -2306407.5 -4030883 -2155025 3489586.5 2165014 -2670954.5 -2719943.5 -3740896 -486736.625 -3401393 268923 722416.25 -381194.875 -256784.3125 -552769.5625 -149186.953125 -751612.3125 -1481219.25 2067686 -397056.65625 -3182120.5 -4715579 1769092.75 -416339.21875 -1007306.875 
1096631.5 4080370 -3513854.5 323858.84375 -1651215.5 2167157.5 -2246059.5 4937578 830435 -2651179.5 -2289428.5 964728.0625 -610079.3125 -49522.875 722668.625 -3096538 -4220438 -1851054.75 -6085174 -5113236 -3018595 1460113.75 3727083 716316.75 -3368169.5 -923651.1875 -4889616 1918660.5 232342.609375 5889284 -1453731.25 -4226074 3933192 -1128510 1181868.5 -3121941.5 -590617.8125 -3033352 -1759346.5 -529129.75 -2575643.5 394980.65625 -237560.90625 425802.375 -2973784 385099.65625 1061717.75 2853656.5 3119781 -221719.40625 1854564.75 335583.5625 -4180641.5 100338.640625 4687.328125 -627352.8125 -441451.6875 -233774.5625 -2837628.5 -1970811.25 595933.9375 1857822.75 1873766.75 405447.6875 
1345740.75 -660181.875 -1852269.5 -439483.90625 -281332.03125 507119.09375 -673474 11184.625 -3117139.5 -4356880 3244383.5 62168.9375 -1377539.5 -2517739 -3096886 3616688.5 -903443.125 -2406455 -2568983.5 4079105 -1612600.5 -2339780.5 -3321699 -1046459.9375 -3001143.5 -968233.25 -1313525 3489967 1344171.5 4028089 -888474.0625 -112403.203125 -2599754 -2047774.75 1920832 -3570712 -1353684.75 -4679469 329376.9375 720044.8125 1119158 1012776.75 1248731.5 -4852161 -2602383.5 -238478.734375 3146927 -2588203.5 4871625 -3447659 -3295376.5 855064.4375 -1813967 -1720701 -479497.0625 4382402 -1852339.5 3983310 2189531.5 1326297.75 649201.25 31777.28125 -5325565 -662660.1875 
-685914.0625 2557954.5 -4644986 3900535 -894688.3125 -628328.8125 -214433.984375 858599.3125 -5734723 -1819478.5 -1111707.75 -4016855.5 -315781.1875 -1517738.5 -1089257.5 315999.46875 1110390.25 1993989.75 161661.78125 57558.6484375 299807.6875 565031.3125 -3615979.5 -1103435 -415636.5625 -4497153 401929.4375 -2951153.5 -402665.0625 -3244644 -5784298 4407635 2727371 837987.75 850236.25 -468014.46875 3000673.5 1573773.75 6701192 1617557.25 -819903.9375 -3030629.5 -2814082.5 4575111 -991687.0625 2581837.5 -504897.5625 2206791.5 199170.90625 1473988 299517.78125 -4218421 792225.625 481802.65625 3371790 -3356497 2894987.5 1015440.0625 1987630 -932951 179700.625 -2509060.5 2253699 -2492917 
-390919.21875 2777499 1855204.25 -1724311.25 -4244125 -3456721 -2936476.5 2852938 3373196 -1480611 -5372402 -1932226.75 -2588518.5 3151315 739922.625 -1891692 1438419 -289642.0625 113842.375 2465708.5 1532321 -1265692.5 1841436 2682188.5 1575578.25 -765333.4375 -4507096 -4535918 1813448.5 6548315 2614590.5 3373700 -4089043.5 3690645.5 1162115 -3220430 -416557.25 5820358 -2395781.5 508724.5 -1703000.5 2108660 5213715 1167226.25 -2107829.5 -4661059 1280451.5 -1770677.25 7242041 2518478 2202043 1137978.25 -465636.4375 3612369.5 1040243.875 5149708 -1062093.75 646495.5625 960827.5 -1029702.3125 267122.5625 -1583766 -2566060 -6393955 
-2875266 653893.5 5554653 -3521126.5 -4424246 -1053575.75 1058312.5 13057.296875 403470.25 2716175 197854.078125 1823344.25 -1954422 649293.8125 2753510.5 -493467.875 -102071.375 -6627108 2345239.5 -2470954.5 2225184 684655.8125 356363.90625 2173939.5 -2840898.5 3111995.5 5711608 1627514.5 5169799 -4756372 2890726 1664995.75 463994.34375 -1628153.5 -1949020.5 291736.125 1811427 -1077402.5 -6183621 2706733 3201265.5 -307338.875 4618955 970034.3125 1336852.75 3968435 -6163785 -2202256.5 -1481229.75 2167260.5 -1383146 -760588.3125 -3668969 4376579 -210894.953125 2494304 1632197.5 3023633.5 989575.3125 777222.375 -1822048.5 -1034544.5625 -2492561 -489237.25 
62127.5625 -1970593.5 6181525 2228240 -1342384.25 -850117.375 -3524539.5 4702242 -2700931 1279240 -276592.9375 -2137514.5 2144801 -119415 -4524285 2105775 1406186.75 123716.625 3333161.5 1333052.5 -67133.5390625 458146.03125 -3485858 22246.5 1660865 -3564821 -769175.625 -2237916.5 -560814.75 2384501.5 -1068190 707360.875 -1830622 15515.540039062 -2348652 1334449 -2534448.5 2959653 -3507224.5 1989490.25 -2879890.5 2722541 4564190 -1150302 2495425.5 1468326.5 -642532 -4404906 3726987.5 1989247.5 -77469.40625 2771622 -1022920.125 -3675425.5 3398411.5 2774311.5 -2847157.5 -816993.5 3332967 2106412 -3090064 -1266567 -5904269 -4631331 
-398505.78125 -4054250.5 -1790433.75 -2452440.5 2511746.5 2451893.5 1823145 -2356462 -3399302.5 1769479.25 3489394 2448428 -1941218.25 -1285361.25 -4042157.5 -6582619 -1775031.25 4789956 2811271.5 1416952.5 -870412.6875 -3802078 -747444.75 698787.5 1732823.5 -1946302.25 -2791313 -965237.6875 -1004265.25 296357.6875 1488529.25 -119887.03125 1805683.25 -1348049.25 -1593879 946040.875 -864323.5 -965597.0625 1623638.75 -2204523.5 1158120 -1922911.25 2923949 1406516.5 -434074.4375 951950.1875 -964728.75 1182821 1851751 5133214 1187666.5 3110803.5 1306515.5 -3043051 6214326 -2687640 -3371514.5 -4709903 6338115 989848.5 -670167.9375 1276126.5 901179.375 -1943286 
218543.75 -1249050.5 -2597427.5 4332915 811016.3125 4587225 1007587.5625 -4026438.5 2856376 -1705580.75 2909907.5 4673199 -321671.15625 1247734.75 -4315412 -996771.1875 -4066663.5 -1937075.25 -1709616.5 -1210705.75 2860847.5 -1598276.25 -626946.5625 -4048759 238605.0625 186996.40625 -38404 2200982.5 -448680 594249.1875 -3110591.5 -2081047.5 -549407.375 4022704 -816623.875 31616.0625 -1022074.375 -4901148 -718621.625 -237016.4375 1110060.5 -822576.875 718832.25 -2281341.5 -418158.875 -6341447 -1254282 -239504.671875 -1199251 1033328 -7189157 3442672 -892908.8125 1194204.25 -480427.90625 -3397291.5 -1791126.25 -1622994.25 3801364.5 -3551155 -2367237.5 1242801.25 -546496.25 2033142.5 
4889991 1339813.75 1072072 3199522 -2276546.5 -1228972.75 -1605687 3459121 -2031910.5 521633.625 2979885 -444972.75 -304560.34375 933437.5 -3884341 1347250.25 4525172 -1543297.75 -2474789 211651.984375 -5620327 -2402493.5 -2820203.5 -832846.25 1428607 1052341 1998734.5 -1106156.75 -995320.375 701004.9375 4597697 -120292.953125 276476.0625 -4110694 2184699.5 -99305.40625 3246244 1645831 1688826.25 2762779 -337220.90625 2817653.5 -3790587.5 -2434952.5 -5563765 1480565 -907229.875 -573636.625 -1719063 -1357598.5 -3119299.5 -102399.9296875 -1180463.5 -395943.84375 -1509371.25 -346782.5 39539.109375 -77341.515625 2091474.5 -1344852.5 3834732.5 111147.625 -2649549 -1101898.25 
-916591.8125 59286.96875 -1495844.5 4445039 -1422760.5 5070228 772245.125 3384365.5 -939376.5625 -5159637 -460572.5625 207368.5 3336267 1611112.5 -3714238 1940693 -1336770 -4187900.5 -7220253 -807215.4375 335930.8125 -126363.703125 -2451729 1960198.75 -3852013.5 807049.75 -1848230.75 2301755 -1905350 1949996.75 31868.09375 294877 2127272.5 -799119.6875 1289334.25 -1928299 392424.25 -2839510 -132566.25 889926.4375 -3334093 -2077279 460836.0625 -2552918.5 -294404 1046440 -1167961.75 8483776 -2485524.5 -1181365.75 -594792.25 -2009903.25 -3534526.5 -2593123.5 -2737499.5 -5812496 2879316.5 1543660.25 5011832 3887723.5 -5431070 3433171.5 -2201662 -5033408 
1520705 -213945.984375 2102195 507069.6875 -2101725 888583 -2577263 -7064900 -1521078 2035035.75 1151177.5 -4859997 2149098.5 -1469717.5 -665044.1875 2169914.5 1511781.25 5110531 3484179 2291583 345843.3125 306733.15625 -420371.96875 -2525939 115405.4375 -1749166 702329.25 -432386.375 -281804.3125 3044873.5 -893443.875 2868007 -5358253 -430213.90625 1052581.5 198529.953125 -5167857 499313.8125 -2595859.5 -97338.390625 -983700.875 -1961950.75 2687145.5 302893.34375 2588992 -4562423 3619397.5 -2282772 561147.25 -1898332.5 691867.875 1178625 -179229.53125 -868877.75 -1549247.25 353420.875 -4151689 -441964.03125 604288.875 1183247 -640059.75 1153140.25 -849953.6875 -2715831.5 
3258220.5 1530964.25 -437871.625 -6487069 -197020.25 -4768805 -426775.5 -2950672 528352.3125 3766743.5 -180736.375 4939935 892801.0625 1659822.25 -1199701.5 -2760052 355568.03125 2075397.25 977951.875 4897705 -3560752.5 -2280707 -2974338.5 -4450368 -1245099 -3092472.5 -3279108 10513.125 -1795966 -370997.8125 -5185085 -2995929.5 2526506.5 49976 261309.875 -827671.3125 -2233844.5 2884671 327281.3125 -3148192 3649733.5 300519.6875 -3628717 -2532065.5 4337605 1527985 1348279 -3903963.5 -1371093.75 816720.5 -5499154 -2688662.5 3409824.5 3828716.5 2156899 4558846 -983591.25 -3279624.5 -4332976 3978341 2200637 -2182529 -236424.125 -2797393 
173750.375 -3672887.5 3667947.5 931898.125 176433.125 -1547816.5 -1259526.75 5627459 2512369.5 2072208.25 -2267886 -3487280 -2583683.5 -1275187.5 29458.15625 -771492.9375 -2842298.5 -848249.375 -2311527 3023843 -1725137.5 4015658 83626.5625 -2243934 -468804.03125 2518926.5 1588475 2440631 -3078742 415890.0625 695432.375 -1882769.5 3396886 -3589648 -2300349.5 558689.25 1738858.25 -2431489.5 -92164.25 1024867.625 -1330023.5 535192 1510072 -2398395 -2251681.5 -2272733 -4184777.5 -1572535.75 -826589.125 -3037524 -2816893.5 -2292081.5 -3045987.5 -554726.375 515156 6853346 -1361559 4837491 -3153162 -2303079.5 2977867.5 -89658.8125 733268.0625 3931179.5 
-4155543 3046921 1541556.25 3532434 -436766.5625 2201979.5 -1102483.75 5401480 4118113.5 -244229.796875 -5679846 -835712.75 2042450.75 3524423.5 1767947.5 1557851.5 1059405.75 -5320092 -962031.5625 -1992554.75 4073896 1695867.75 -720027.75 2177671 -3732479.5 -1414105.5 -3154286 -1452803.5 822066.8125 1704690.75 1854972 624495.9375 4042498 1492377.75 1157899.5 1011289.0625 2352794.5 1335958.75 -2410232.5 -1782131.75 -4896827 -2600052 2934591.5 1343723.75 -909723 1807248.75 1172941.5 4360643 261737.71875 3881700.5 -103247.8671875 85288.6171875 -6518195 134370.71875 1338712.75 -3878627.5 2215026.5 -5472826 1492331.5 1368354.5 -1818862.75 730574.125 -2179922.5 -3016221 
2282187 2014350.5 2149072 5555462 2378920 -2592048 -3841244.5 -575422.125 -353951 -3372403 1727877 -717109 1637989.5 -1073924.5 3910513 2504211.5 4493740 2093455.5 -5926522 4433335 1533606.75 330755.5625 1593391.25 1983841 -1107389.5 869164.75 1870429 -217249.75 354656.1875 2223889.5 3758000.5 878188.5 -1969105.25 -717877.5625 296308.375 4569209 3113517 4555272 -1146275.5 1062207.25 -4815574 -3312150 -3493185.5 179991.875 -2476522 2111972.5 3969616 518369.375 -1465436.5 874152.125 2769310 -3301556 1526455.5 -1348184.5 2434098.5 -2048336 2124670 4107625.5 2035969.25 -2749922 -2305349.5 -1899510.25 -3581838 -2431706.5 
-1655885 2932174 381539.25 -1075002 3027347.5 6575854 769539.5625 1224076 -850217.1875 3541673.5 1087278.5 3699328.5 -1444450 1733995.5 1982864.5 2746424 -1039843.375 -1943141.5 3557107.5 -4133542.5 -3720962.5 996406.8125 -2007782.25 898987 -3915573.5 1352273 304794.34375 1618788.75 -4854512 -5026974 -6993249 -1890661.5 -975169.6875 -112164.421875 1097620.25 371232.1875 4944799 -4843511 2078312.75 -3570840 3824231.5 -2336436 -2414445 2239597.5 1059631.25 821026.25 -3518017 -3673577.5 -3172842 -4222914 -5537377 1848667.25 278966.9375 -2069123 -3184261 -1273117.25 2528647 -1477315.5 -2264173 3673029.5 3264105.5 2111203.5 3759401 2030819 
652754.375 625796.4375 3719164.5 -1149187.75 325694.5625 -3688305.5 573322.375 936242.625 2882888 3527864 -4265012 -412941.375 273946.21875 397970.625 -1244791 -643699.9375 1568976.75 3240982 3544314 3182950.5 -1531449.25 2976192 -1896.59375 -3066924 -518466.9375 1577636.75 12906.96875 -3171795 -3326893.5 -2354180.5 644531.5 1814098.25 6173182 519930.8125 -2396315 -2304541.5 -1508852.25 1717606.75 235595.28125 483295.09375 120915.9296875 2353893.5 1849810.75 632396.875 -1571059 -1736549.25 -1922640.75 143376.28125 1567435 1674276.25 -1565486.5 -2125403.5 464923.1875 806949.5 7564392 4490873 -340376.3125 198798.0625 -3604282 -1147226.75 1636601.25 1001854.9375 3123301 1146627.5 
658333.0625 -2473110.5 957205.25 -2865268.5 -1897108 -2305661.5 876855.3125 -2374384.5 -3852472 2104257.5 1714813.25 2773394.5 -1688757.5 -209410.8125 -456531.75 -650245.75 -1804051 986424.75 1156061.25 334799.8125 -3644757.5 -347303.90625 -1494663.25 -250982.15625 -1083853.25 -2506785 -713281.5625 -1608511.5 -551999.5625 -2261110 -1304185.5 -2286601.5 -3140764 666953.9375 1770310.5 -838049.5625 -169025.90625 1274932 4262974 4642264 3407647.5 7912337 1102265 -556707.625 4367927 1242582 -4238649 -2280256 947130.0625 -646996.75 -1578385.25 -537319.75 979126.5 2430545.5 -2735489 1331856.5 -625118 2992618.5 -3349568.5 2438205 447626.78125 -6236472 948913.0625 -2141363.5 
-2966327 810087.375 -2218526 -623978.125 2616227 4149162.5 1099206.25 2334541.5 -954238.25 -935848.375 -3079970 -2407963 -3032915 -1282290 941523.125 551321.4375 -1930551.25 -314728.375 1765754.75 1946455 -1968779.5 873338.5 -3449569 -68093.5625 -310367.0625 1177746.75 526919.875 312277.0625 -2851288.5 -2517221 -5317841 3900889 1715351.5 -1184152.25 2294441 -467233.875 1748521.25 1672446.5 381656.5625 -2294776 3681830 -3156786 -2915854 -115693.65625 986179 -1368946 -5579292 -1522347.5 -4265922 -3382119.5 -3886731.5 -965093.125 -274527 -2103699 -1423209.5 4617857 3584310 2873226.5 -6359547 1786000.25 1069763 -2416152 1471934 1166990.25 
913264.75 -553705.25 4611184 5654812 543255.75 -1234059 3220173.5 355747.0625 4122658 1929883.25 -1264724 -497794.25 1042891.125 2668207.5 2115563 1131734.5 2411654 702947.6875 2775792 -924279 1001454.375 -496145.9375 3737536 -4148691 -2656075.5 -5519503 -1843453.5 -4176056.5 -4881715 2754757 -695241 -1576612 3995122.5 313191.0625 -3580913 4123620.5 -1833553.5 5320015 1018180.9375 3689789 -5691257 -1519893 400290.8125 4919159 2424589 -4238482 2071244.25 713536.125 -4288522 2800508.5 -3314764.5 -1174074.25 5052498 -114064.140625 1655422.75 -1872996.5 -2169038.5 -459.46875 1635910.5 -3838595 5077475 -411762.03125 -2973800.5 -176831.0625 
2408889 -1565529.5 -1244807 1626243.5 -3329274.5 -201066.78125 -1334024.25 -1048764 -1778889.5 4925828 558335.5 -3620752 1743227.25 226423.46875 830639.0625 -3834860.5 -1812654.5 1970648.25 266863.8125 2774905.5 -2364154.5 2963601.5 -2572403.5 -3822282 -1568963 1412815.5 -2390812.5 -1433042 169909.28125 2134121 -3779993 2549943 4109146.5 -2726384 -3969342 1736914.5 -712100.75 191906.75 1304681.25 -1171948 -4897234 -8671680 142092.6875 1720609.5 869282.9375 1991915.75 2680858.5 1184388.5 1065231.5 501783.625 4144.25 1019686.5 2164809.5 -1224689.5 303450.78125 -284021.84375 -510655.4375 2093656.75 1679296.75 773175.625 1859990.25 4526116 -3604019 -988902.125 
930828.25 1772283.5 -4063530 -3001666.5 2650055 -186340.703125 -655371.0625 888858.125 239760.9375 5097600 4404224 115996.125 -420417.40625 2273400.5 -3095555 322630.25 -2191843.5 5152788 2135906 1235234.75 -814040.5 3869168.5 202216.65625 176697.5 -303036.3125 2291853 1107921.5 1659260 -2225412 -2306993 2372556.5 2199076.5 1527895.75 -2169609.5 -1476112.75 -4756163 1302993 -1972076.5 1738263.25 3542379 3857104.5 -697187 -3819046 -2631502 -1039322.1875 2863289 -1230151.75 -1879082.75 -1935949.25 -849468.625 -1768948.5 3291761.5 2173087 4372256 778777 1192903.5 -3540815.5 -375424.5 -690.236328125 3850435.5 1207177.5 -2349335.5 4396568 3570679.5 
-4235653 -2374464 2904037.5 -1367162.75 -3156050.5 660998.75 3243696.5 1551976.25 1313343.75 -4523424 -2880212 -193597.8125 -3541234 2315375 -97557.34375 4034821.5 2729677.5 -3832978.5 383927.03125 289387.5625 -443555.3125 383039.4375 -716390.0625 3858603.5 -2938533.5 -2351970.5 -1776695.5 2269460 -930472.4375 1566369.75 5028077 865294.125 1907696.75 -3755574.5 -89921.78125 -2751097 -1155843.5 232063.53125 920632.5625 3446965.5 2652297 924969.5 5075987 748167.75 2228195.5 4885978 -4984905 1016983.75 -2770957.5 3232740 51457.640625 2026457.75 -4815822 745791.875 2257579.5 3318417 176917.4375 1339288.75 -1310529.75 -506741.09375 73732.9609375 -5155523 -2225847 -133958.40625 
1385465.75 -1919857.75 -2405897 1230102 1590207.25 849567.1875 -2799990.5 1823179.75 1914787.5 2272664.5 -3382400 -11743.421875 -2285520 639657.625 693445.625 449270 3530715.5 6671677 1280051.5 1741971 -3415871.5 2692104 4185006 -2268357 -886272.5 573620.9375 4143860.5 -2816140.5 -1944082 -798094.875 -3961808 2629895.5 -3309069.5 -3008269.5 -1764057.75 -778992.0625 1966743.75 -2261077.5 -1281547.5 -2714903.5 -809942.375 1346574.75 -3470587.5 -1568813.75 -1180999.75 1343553.5 -2007900.25 31992.015625 -1519008 -3850807.5 207464.453125 1415176.5 -3020679.5 -2042004 -6929995 4534102 -3221290 1658828.75 -671707.4375 -117445.40625 2756007.5 120964.578125 1086158 5557561 
-1792851.25 -981826.3125 517528.03125 -4358325 -2954049.5 903987.4375 -1031877.375 -174189.546875 1186454 568431.8125 4183697.5 118146.328125 -3356960.5 1440579.5 241761.71875 1162689.75 99144.8828125 -203024.328125 -750033.75 -818910.0625 -969629.25 -818374.125 274764.25 4147104.5 677895.75 -110906.4453125 -1882658.5 -1310341.5 -1681831.75 1275775.5 3596680 4695962 -69019.671875 -436206.3125 2282676 -1257884 5633904 -3386661 2190921.5 3108715.5 6553268 -229737.578125 2021954.25 1870238.75 -2986682.5 -1244717.75 -3204319.5 -2531265 3869200 331203.1875 365257.0625 3983181.5 -1893032 2575643 1477835.75 1475843.75 -1177773 -46645.421875 1918116.75 -1876480.25 97710.6484375 2732362.5 -3066284 -1177732.75 
-96104.65625 3688590 180743.09375 -3540530.5 2274024 2948059.5 -3228240.5 2752674.5 292901.25 6312384 1930497.75 4277297 1147617.5 3135016.5 1406888 -536389.875 861149.5 -31450.96875 4940935 -1550490.5 -35722.9375 89597.1796875 -538760.3125 3209989 -420156.21875 3185763.5 -1016887.3125 1767921 -5399342 -1154746 55221.296875 1065953 -393099.3125 -1003574.125 -2101415.5 206217.25 1626052.5 -3809642 -1971487.75 -914556.125 3568357 -3512968.5 -3732766 1670647 -3087886.5 1585209.25 3221714 2087025 161371 1207475.25 -2134965 3690980.5 1739974.25 2723069 26063.484375 -2275251 50088.828125 -3254251 4452841 -1364321 3634618 224288.015625 2371728.5 1531367 
-1385197.5 -312084.875 1809602.25 -300416.40625 -1252653.25 2655647 -265246.5 1567474.25 -741188.625 2056663 -1168629.75 -4568496 -1734690.75 163471.75 439738.34375 -407814.6875 2841752 -1151237 -1319041.5 -3399932 1077832.5 1839526 -836540.375 2000671.75 68106.28125 -1307561.5 -4285057 91527.53125 -1353622.25 377932.65625 1976571 -1794261 96843.640625 -1709949.25 -4927027 -2769463 1071221.25 -1626605.25 -289403.90625 -1826213.25 2862550 445726.03125 3567019.5 3832872 -493276 1675993 -675706 1475786.75 507420.8125 1355559 3485483 2808636 -4382620 -2979002 1101681 215348.90625 723829.75 -2118056.5 -3713542 2241055.5 1499038 -2430140 1281402.5 -2748230 
3933565 -3154616.5 2975121 382265.28125 1243892 -1570233.25 -1537726.75 3027198 -991645.5 2009889.25 7365878 -4677578 -2827006.5 -4242221 -163413.65625 -378651.09375 -3569260 -884568.875 -1787944.75 -2860267.5 -2246110 -2676801.5 337118.59375 2389809 433108.90625 1243192 1325484.25 657025.875 3916276 -1222909.25 5343709 1450542.25 3560090 86940.0703125 -1232509.5 2411865.5 6490209 -1082622.5 2274786.5 2995558 3303304 -491111.9375 -1048318.5625 -2896636 -4907317 -3098058.5 -2054769.25 -4534905 3434826 103937.15625 2391166 -45595.484375 2231731.5 -2387310.5 2244718 2126869 -4486587 3045028 -2899137 -5733559 74473.9609375 2338900.5 -2310819.5 -955874.125 
-2034838.5 2105675 1902050.25 -1657594.5 1754965.5 1806242.25 -75237.265625 78428.46875 -3739580.5 3991045 211183.75 -625124.375 269042.28125 1356415.5 4607562 -2725003.5 2036467.5 -29240.28125 889999.25 -1980482.25 910332.6875 4919370 -584504.875 3118597 3486612 -357435.53125 -1644284.25 516541.625 -5473706 479265.1875 -2264570.5 493035.1875 3818220.5 -5437253 -2456666 6351122 -1007953.5 3440772 -1081937.75 -2889304 797726.9375 -2719654 697079 2403214.5 3546050 2067451.25 -1543343.5 2982145 -3082717 3401656 250230.53125 -1747583.75 862673.4375 1429190.75 591072 274037.65625 1417117.5 -3283553.5 3830733 2726639.5 -1451684.5 -34433.125 -321462.9375 -2230742.5 
-2421791.5 626593 -1854217 -1610059.25 1536200 555766.125 -46830.046875 -6372910 3181019 -2978029.5 107927.4375 3499378.5 1934708.25 -3944327 -4139768 2469549 1886214 2481470.5 4587381 3969507.5 2025097.5 -2135900.5 -4525235 -962246 -1435551.75 -2728392.5 614645.8125 -3096447.5 221915.4375 -2626093.5 -1329250 232120.15625 -3328412.5 4667978 -2589503 -1115514.5 479001.6875 -469746.625 -813160.4375 -3460190 -321795.3125 -2453523 499704.8125 -1054498.75 3632273.5 1044814.375 1740061.5 -2051694 -1365177.75 2709452.5 -3919794.5 -1780005.5 1976212.5 2731234 6215966 -4027338.5 1375235.75 -3601779 2473820.5 -638587.9375 -4846582 940526.5 3840033 2550525.5 
-646642.0625 2696557.5 5275768 2995209.5 -1886930 1682909 818552.5625 -4276034 -8222202 -740920.5 1233439.5 1341606 -3177771.5 -1648899 -148289.6875 1308597.25 3382308 -6516608 -1613432.75 -3136128 -209631.015625 -5079137 -429848.1875 4047466 3660885 1109707.25 -187845.28125 -1328944.5 1825127.5 -1407505.75 2241607 2049275.5 -4331144 2836884.5 3346043 5400554 -1918053.75 2332296 -2502052.5 5654663 4534823 -1497487 -210364.375 5602662 -1510678.75 2787882 1930588.5 -514338.25 2068440.25 -1060773.75 1710093.75 816121.1875 2938206 548809.875 3663637 -5045290 1647728.75 157095.46875 7853454 2230473 685205.375 -2249080.5 1808310.25 -4295583 
2914551.5 -4051031.5 204002.96875 162671.546875 -266844.15625 1107146.25 2096873.75 -1562644.75 804221.5625 443162.59375 1576203 2699777.5 281341.6875 -1575417.75 -3411577.5 -2659787.5 -868614.375 -3188214.5 -921027.875 -2713049 -1887917 246362.71875 3134812 -4683072 2634805.5 -673454.625 1295251.5 1356348.5 1839816 -1030863.875 -2142677 -3782766.5 1816136.5 211024.265625 658375.625 1813892.75 -3656249 -3277319.5 -945532 -1522545.25 987448.625 4814333 -1467401.5 -79314.8828125 1286223.75 1081617.25 -1858541.25 142733.25 -3907254 -4807859 -2541371 327361.71875 258832.9375 -3967539.5 -5739764 -854728.5 1504122.25 916935.875 -5916131 -2354912 2827803.5 41731.109375 2618925 3947006 
144093.5 1227919.75 -1824317 -3495764 -950185.375 -4475966 3475587.5 2233295.5 -2081209.75 736673.5 1880005.25 1116532.25 -2720049.5 -3851179 -4885699 1667053 533586.8125 -1192052 3281827.5 3078001.5 -1546171.25 -364399.6875 -1262893.75 -4054641 837871.4375 702701.875 1541509.75 1199979 3969210.5 -5784174 -721118.4375 -802097.5 -705844.75 -3474150 655111.875 -2454361 229780.890625 -1058551 -831918.875 213886.75 1980842.75 941494.125 -2146347 -2831064.5 -5542693 3473243 2165109.5 -2947156 741041.125 669020.8125 -3884448.5 268367.5625 -46935.125 531977.6875 4333318 3803505.5 2156882 -1399033 -6660.15234375 5210159 1327826.5 2249846.5 51066.03125 272496.09375 
970192.8125 3183350.5 5712128 -4205187 3552962 -1872410 -2767467 1729412.5 3657313 3515677.5 -507543.625 3552082.5 -2138915 -148096.3125 613845.3125 -2117642.5 -2357270.5 -1699602.25 4162848 -2875537.5 -2503335 2295664.5 4263082 -99753.0703125 -3218578 -1885985.25 299480.4375 -2989825 -203675.53125 -867761.75 -565510.5 -4614647 -268344.40625 2801155 4639272 -1990445 -1542467 -737188.75 -284311.375 44519.650390625 -221414.484375 -587454.3125 2942042 -383653.53125 -4468269 -1125601 -2893729 -3699678 764578.5625 -608831.4375 -4630869 1661945 624679.6875 -528771.6875 2137768 1759202.25 -1179995.25 1154754 -137155.96875 393605.53125 -1271626.75 -4266618 -1940162.75 638275.875 
-466701.6875 -648678.75 2573444 3107374.5 -3574266.5 -2968902 2738330 1144751.25 6285179 -2536979 -298487.125 -1131764 1644216 1248981 981662.6875 2728552.5 -2268641 2241956 504169.8125 6616583 5814232 4915548 385875.8125 -1139416.25 -940004.75 2494804.5 5059859 -464240.8125 3898685.5 -2445316.5 2934947 4408977 -2379064.5 -192948.875 -6862734 -4701841 3739646 -2169528.5 1452670.5 6162775 -2760660 -909059.125 1172269.75 -4489442 3044842 536417.9375 -5408201 208530.125 -2780138 1034725.8125 3844817 1120461.25 -1109818.25 4579520 -2878249.5 2671584.5 793275.9375 5759799 2567692 -1534579 -576196.4375 -1207786.5 -1366238.25 332646.0625 
1438731.5 4385630 -89106.0859375 -2282587 916119.25 -835415.8125 -1646975.75 3469332 525683.4375 4459929 -918729.5 3023460 1791240 3067762 1406900.75 -486522.96875 -5236888 -945754.625 913387.9375 -1618965.5 2438483 691569.5 -384956.4375 3346639 218109.484375 -2009736.75 -524424.3125 -1003524.9375 -1760680.25 3165193 1650816.25 -5919079 1756168.75 1997914.5 495888.9375 1492741.75 -1564391.25 3320432 2119964 -293218.0625 3899170 3699284.5 1597472.75 2687754 2970728.5 235580.265625 1873999.25 -3580063.5 -1955707 2300832.5 -1971274.25 303696.78125 -1286836.5 -1707704.25 4118589 -4618814 2975636.5 -269201.09375 -2148516 3766041.5 2379587.5 -2107506.5 -1142626.75 -5478173 
-1359623.75 -1725387 3107413.5 3792681 1429103.75 -4203606 1928790.25 -1115936.5 141263.875 1549017.5 1882190.25 2676059.5 1764440.5 2692936.5 -543159.25 2974280 127742.6171875 -2680296 594283.5 4118607 -660085.5 298620.125 -7395788 924497.25 873245.75 -929921.5 -253772.234375 -4432358 1187003 884881.0625 2607683.5 2853640 25261.46875 -832728.375 -1505540.5 -1176300.5 76736.703125 5072266 -510033.1875 4824417 1043639.5 1806864.5 3920968 -2390360.5 3027473 363339.5625 -2056702.75 -2224086 -2358111 815085.0625 -3252595 -836097.5625 -720943.875 1021994.5 3550549.5 -1255186 3010365.5 2502503 5003018 2576961.5 -595515.8125 -2547069 -3912358 -4365697 
