16 16
-147.81122398376 -154.05470275879 -131.00720405579 -68.575298309326 -191.20648002625 145.69686317444 -30.995302677155 -216.01282691956 67.867962837219 132.23197746277 -218.20891189575 -34.196618556976 81.998107910156 32.699137210846 69.300113677979 -103.00158786774 
-79.755483627319 -168.30980300903 -51.823605537415 -121.18733787537 -60.436780929565 141.91417312622 91.273092269897 -143.30070304871 -127.8127784729 -125.32019710541 100.62698745728 337.61557006836 22.376469135284 -83.077986717224 -31.259032249451 -253.39549255371 
251.99846458435 12.047147512436 91.761862754822 265.71188354492 -134.39482879639 -231.88699531555 -93.650974273682 42.35122013092 60.769669532776 173.87252807617 2.4001367092133 -192.77940368652 9.9905514717102 -16.4630215168 -85.787202835083 9.0648475289345 
172.10162162781 -78.702486038208 -129.67469596863 -92.832728385925 -31.597694635391 -104.34513187408 60.401700019836 203.14635467529 -122.47246742249 73.563512802124 -133.09187698364 -27.477610588074 -253.25709915161 -39.368470668793 -118.06068611145 -43.887390613556 
-73.155031204224 82.542791366577 -52.916299819946 97.165898323059 -111.40517234802 95.988395690918 -205.43795013428 -218.85928344727 17.184055328369 -133.49158287048 -35.693553924561 63.180197238922 51.729224205017 26.908767461777 45.441850662231 28.571608781815 
-46.705936431885 97.390307426453 34.549791812897 134.65128898621 -3.0184627771378 80.02116394043 -13.203101694584 -56.893132686615 30.729318857193 -55.325461387634 72.095286369324 -114.02586936951 -16.162785768509 -126.68590641022 35.762758255005 117.33414936066 
192.66994094849 29.922904968262 58.346536159515 147.66819953918 -89.579006195068 -55.284961223602 36.439805030823 -12.0036008358 108.24921131134 71.012652397156 -21.901254177094 -158.87373352051 -37.513800621033 38.74844121933 15.579562187195 -43.201909542084 
94.274351119995 -120.59497261047 51.823491573334 -11.225132584572 121.62075042725 63.992996692657 248.72201538086 50.545352458954 111.34980010986 -69.795469284058 175.4782409668 -28.20424413681 -109.91382694244 172.46454620361 97.192054748535 -215.18994522095 
-200.64470672607 -22.232922315598 112.83507919312 -76.523406028748 65.362447738647 36.080494403839 -101.65626430511 -140.18974113464 -25.352166414261 5.6564945578575 100.35561180115 56.902654647827 121.98567581177 -256.47509002686 -184.74655151367 128.9573059082 
320.08280181885 -90.054191589355 -39.460640907288 -17.796808004379 -163.98904037476 -78.33523273468 88.341083526611 111.81195163727 -1.3820128440857 98.893653869629 -122.55324554443 -133.99925613403 -47.714450359344 69.153195381165 -87.606274604797 -70.515619277954 
30.096420288086 -48.548907279968 86.109487533569 -1.1926038265228 -85.708151817322 20.063668012619 10.154764652252 -90.998699188232 16.043067932129 -129.87104415894 -93.907957077026 186.44180488586 -158.95159339905 25.427849531174 -62.347926139832 -131.76981163025 
-200.63992500305 258.41526794434 173.05297088623 116.60673713684 205.98305511475 36.847227573395 -124.86973667145 -148.6704082489 106.57535743713 -63.21825838089 249.02184677124 45.162540435791 10.668998241425 -29.51003074646 180.86883163452 -8.0701023936272 
56.007049560547 81.924842834473 -159.46324157715 -4.7114143073559 -99.41620349884 60.1419506073 -87.464758872986 -132.40917205811 -10.933489143848 60.088885307312 0.10867647826672 -6.6691580712795 292.53765106201 264.05461120605 166.66400527954 58.193946838379 
-216.89622879028 -47.406676292419 335.06548309326 -49.520780563354 44.133253097534 31.693330526352 18.929306983948 -130.22624206543 235.88085746765 0.9991894364357 184.57544898987 -25.187791109085 184.86860656738 -43.388691425323 93.143400192261 -185.38258361816 
75.278135299683 -118.45531272888 -172.26914024353 19.154458522797 65.154983520508 93.879390716553 91.12434387207 -226.49805831909 79.165096282959 -209.87867736816 -123.88431835175 -32.88152217865 -165.21936035156 -81.285398483276 -144.7968044281 -137.54991912842 
59.582213401794 -93.078254699707 240.33580970764 -184.68372535706 186.70187759399 -112.40193367004 224.84642219543 179.65780448914 205.6219329834 18.598760604858 126.37517356873 45.792458057404 -100.49046516418 28.832972288132 -64.476176261902 -238.44396400452 
