10 10
1637420.25 622051.125 1913860 502435.6875 -201959.3125 1219906.75 1425587 -296094.0625 759176.875 759183 
-595903.1875 -2664567.5 -399554.09375 -74268.28125 -591597.8125 578456 -1598595 2291076.5 -349310.5625 900890.4375 
1159087 464836.25 -1102406.25 -588724.1875 1538161.25 -2093330 178983.15625 -1195189.75 877147.125 286712.84375 
1274992.5 655146.5 3733099 -706120.125 -1385336.5 1437761.75 1769326.75 431331.0625 -844212.8125 897931.25 
-2067280 -219029.875 1006186.0625 103543.875 -395818.21875 2710771 -332628.84375 684000.9375 378746.9375 153999.71875 
2049705.5 489980.6875 12341.03125 1442058 -281282.03125 -1161852.75 748984.3125 -330401.5625 -810093.0625 -1201559.5 
-73862 2692968.5 1078331.25 1016785 818398.875 -315600.375 1120515.75 -1195781.25 -773475.3125 -1015860.125 
-1152092.25 -74687.21875 -227344.5625 1749461.75 559758.8125 -508090.5 -226979.125 499346.4375 -329674.71875 -928689.3125 
-413313.5625 -529513.625 351859.46875 -887765.1875 1404719.5 -1293382 -581785.9375 1086206.5 -417877.375 1062828.5 
197923.75 -55667.484375 -1282533 -1130017.5 377619.25 -1106998 -995771.75 1056421 -1238594.5 -199599.625 
