10 10
53.423038482666 106.68188858032 -28.303824424744 174.47984886169 -108.08769989014 -49.784336090088 -141.31784820557 -224.60461425781 -146.88054084778 -158.92336654663 
-210.94202232361 -18.088421344757 51.391045570374 21.595760822296 -83.975378990173 -411.73519134521 92.043760299683 -135.6785774231 -11.239339828491 -215.5078868866 
-8.2433114051819 52.82129907608 3.9553694725037 -56.549744129181 -138.0433921814 101.00848388672 -4.2325141429901 -10.164828240871 86.786430358887 35.731275081635 
-6.9681882858276 20.817931413651 -38.079805374146 119.48991203308 3.9821829795837 -112.50141620636 -12.746502637863 -99.844655036926 1.9151391983032 -144.44678115845 
-74.810863494873 -3.1770582199097 20.297919273376 72.663110733032 73.428932189941 -223.71274185181 73.907037734985 32.653299331665 18.267487287521 -187.9924621582 
-36.44998550415 -46.595897674561 73.595975875854 -29.819063186646 80.266068458557 -112.90307998657 133.92250442505 -81.271779060364 -67.987030982971 -67.599617958069 
-228.92456054688 -158.29786491394 175.48097801208 -217.51885032654 171.0152721405 -26.040169000626 76.400231361389 154.04769897461 75.118824005127 87.884755134583 
72.300408363342 144.61296653748 66.797190666199 6.6365954577923 -166.5003452301 27.448106527328 48.730243206024 -18.495003461838 -1.535204231739 -92.707335472107 
22.253341674805 -84.089651107788 -114.02366828918 -71.671499252319 139.93162155151 12.95919585228 172.75397872925 84.579973220825 -12.062017917633 57.218935489655 
72.582552909851 -91.308285713196 -81.654727935791 94.94472694397 15.174632310867 -226.69718551636 59.625268936157 -106.12626457214 -111.06253147125 24.567736625671 
