10 10
1126699.75 67595.65625 670597.25 -969386.6875 -189152.9375 -3236265 602323.25 557615.5 -477459.125 -1306624.25 
738398.0625 -21977.0625 64508.05859375 -16151.671875 849196.3125 -1796094 -467107.03125 -104479.1640625 112985.703125 -326391.59375 
-1547953.75 939331.375 -1248929.25 573864.5625 146137.84375 1113526.75 -872345.375 -1314165.25 -645017.625 178260.546875 
274538.1875 -583116.125 480904.0625 282092.96875 -653240.5 506777.125 -841528.625 -913373.125 -207005.96875 1559564.75 
1588249.5 -508206.8125 -900807.5 -883869.25 331474.375 -2129610.5 1547071.75 655689.4375 -548982.875 -622600.3125 
598025.5625 -755202.3125 -252701.078125 -1444221.75 -2634233.5 -53863.1875 1723813.5 -404608 -2069849.75 443339.53125 
-678201.25 1338292.75 -746134.625 -446986.875 548458 1331846.5 75768.90625 -14102.28125 -1398743.5 -726691.125 
465534.4375 1154347.5 -867500.625 -1218903.5 3158403.5 -2055429.75 953923.75 1867475 971038.125 -3261735.5 
240226.875 746725.4375 -435222.375 -2220148 2058721 -69100.625 645854.875 772227.5625 -891533.625 -730655.375 
790293.75 160496.375 -64282.51171875 -1147830.5 190420.140625 -2750277.5 1351109.75 907454.0625 26416.453125 -1643046.25 
