10 10
68.692565917969 -518.32086181641 -11576.018554688 4728.2729492188 7417.0393066406 -9229.4423828125 -11520.571289062 9174.4541015625 16251.092285156 285.16656494141 
6630.9313964844 11576.994628906 -552.23944091797 9132.8969726562 -11591.008300781 16869.40234375 2762.5006103516 -10041.465820312 -4716.9790039062 10839.775390625 
1267.9969482422 -24682.692382812 -2473.1209716797 -15332.478027344 22242.43359375 4372.6733398438 -9099.4174804688 11379.009765625 26001.9921875 -9782.4287109375 
-3844.6162109375 5353.4304199219 -6529.1628417969 23736.7578125 -9007.0063476562 13489.629882812 -15132.693847656 -17538.2109375 6538.513671875 742.36987304688 
3566.6988525391 -23519.763671875 17946.4375 -15540.731933594 12626.541015625 -16567.538085938 -8168.4265136719 -644.90118408203 -11150.690917969 8955.267578125 
-5349.83203125 14279.668945312 4785.5854492188 3264.8073730469 2632.6371459961 -18814.22265625 1949.3662414551 13767.772460938 -14411.696289062 504.505859375 
5872.263671875 -4218.1115722656 13048.203125 -15334.359375 5698.8188476562 -11016.015136719 -8032.3408203125 -3457.8379516602 -2445.4569702148 -7315.3903808594 
-13473.971679688 1136.6159667969 -4806.2219238281 15552.724609375 -7060.9711914062 6671.9536132812 66.332489013672 -6322.0505371094 -1374.9022827148 -3173.7450561523 
2402.3541259766 5094.798828125 1188.8949584961 -10566.033203125 16474.834960938 -842.32879638672 13715.795898438 26697.626953125 1323.7761535645 -2653.7013549805 
-1497.1964111328 -7116.2470703125 8365.2670898438 -14042.741699219 -1198.4652709961 4077.5678710938 9072.3515625 -1777.8706665039 7084.8037109375 -10852.126464844 
