10 10
254365.890625 1331999 943577.6875 -9497.859375 1472579.25 -1372332 439906.03125 -1589640.75 -1681537.25 -718126.0625 
-2054904.5 -148642.171875 -649156.5625 -582160.875 -1295513.75 -2264421.5 870518.5 763982.8125 -1140644 20380.3125 
-952378.4375 68218.734375 -1668317 798973.875 -719602.625 -1826652.5 -745449.75 277007.3125 -420417.09375 -140840.1875 
-1273964.75 -555212.5625 537912.875 189276.15625 -577970 -1805380 461416.0625 697005.625 -698491.125 -1111030.75 
960610.5 193685.09375 -120096.875 1836389.25 1165683.5 71098.34375 -307315.9375 123749.609375 1156160.25 -237630.4375 
1563701.25 2064668.5 -597340.125 1833806 1353244.5 1513194 -154821.34375 -450699.84375 -204273.8125 93564.9375 
1416628.25 1212806 2128939 -1138872.5 1240762 1003358 410334.15625 -599259.0625 -1267050.25 -331580.71875 
-805412.8125 499888.375 -1272132 -1189670.25 -149454.1875 -921052.375 1569574.75 -528165.75 -1524438 468177.71875 
-1392765.5 -330179 -1792481.75 939881.25 -1314028 -571776.25 30172.095703125 139162.0625 1000055.875 614984.625 
-550630.875 581993.6875 20448.0234375 753198.3125 -278633.75 -2075711.75 -1451960.75 -539167.0625 -152617.234375 -1077754.25 
