10 10
-30863.541015625 4893.96875 6538.8500976562 -8133.5322265625 -1696.5284423828 4867.673828125 535.46299743652 -76.715789794922 13542.782714844 -8373.84375 
11335.2109375 -7206.4787597656 -24294.249023438 -419.79614257812 -1743.8672485352 13248.661621094 12006.181640625 20526.846679688 2583.7392578125 9845.5161132812 
-11166.057128906 -19116.028320312 -32149.178710938 26383.673828125 -17208.415039062 326.92795562744 11759.912597656 23522.228515625 19644.420898438 660.86976623535 
-9712.904296875 3296.4442138672 -20790.69921875 1313.4842224121 -4592.7321777344 22624.913085938 13750.531738281 18692.907226562 8030.9470214844 10019.299804688 
5906.8916015625 -3176.9732055664 -253.73959350586 -3627.984375 -1729.0787658691 -3948.3889160156 -4841.5817871094 -1866.3717651367 -7957.7036132812 -4360.3825683594 
1180.1369018555 -5332.064453125 -6995.2634277344 13933.081542969 10298.981933594 -4195.2309570312 7682.1506347656 15380.739257812 9657.1401367188 20667.770507812 
-7879.1350097656 -3194.8574829102 8736.4702148438 -16375.038085938 -5479.0952148438 -12930.212890625 -15852.614257812 -4830.4672851562 -1325.3074951172 -18130.927734375 
8034.1389160156 5976.5324707031 10916.720703125 -19938.362304688 1543.6101989746 -6069.3369140625 -14162.221191406 -2831.4079589844 -7234.234375 -2442.1211547852 
8749.7983398438 -9472.0268554688 -12778.257324219 14939.887695312 -13598.603515625 -5917.3420410156 3120.6020507812 2199.1278076172 3847.6373291016 -5655.6889648438 
-25348.287109375 7547.0546875 6570.4880371094 -7328.4340820312 -10800.541503906 7692.2016601562 -6505.509765625 -9038.8505859375 4585.0146484375 -18679.838867188 
