10 10
105.57489204407 48.408522129059 -213.3465385437 6.0667662620544 180.54684257507 -65.587916374207 155.18689727783 -40.324333667755 -88.172924041748 -154.31145095825 
-159.01287269592 56.295259475708 63.026669502258 -206.83343696594 105.20700645447 -67.105772018433 55.971228599548 -108.27091598511 -96.428579330444 125.58014774323 
-39.244280338287 -197.44947814941 -49.591167926788 -7.179388999939 -81.596537590027 29.90740442276 -38.860745429993 16.195821523666 67.012580871582 -173.26889419556 
0.59635305404663 -85.658870697021 37.451345920563 9.7537615299225 0.78352642059326 -28.608196258545 -119.10354614258 27.441968202591 149.38776779175 -113.61328792572 
-178.51054954529 -113.48010635376 227.80973052979 -104.79378986359 84.928727149963 -55.524112224579 -69.066011428833 24.920716285706 -31.650998353958 148.80741500854 
190.00986862183 1.1300368309021 -109.18166160583 112.48134613037 -169.59520721436 126.62045478821 13.16455745697 33.223875999451 18.224024772644 -93.559511184692 
-42.268844127655 -0.49889495968819 -82.302785873413 -46.497751235962 -46.037796497345 -2.6062808632851 64.629233360291 -14.479031085968 -34.671895027161 -25.009528160095 
-16.992649316788 -92.325370788574 -4.2204332947731 -63.875366687775 27.626403808594 58.924342155457 31.155470609665 -13.924405217171 -97.534148216248 -25.638416528702 
-85.382674217224 27.456546545029 34.633765220642 -45.809143066406 -155.99536514282 90.870484352112 11.717393517494 -109.17614936829 -105.33312702179 30.096414327621 
89.243290901184 83.595084190369 -76.165161132812 68.85492515564 261.21856689453 22.219067573547 21.417702674866 -87.390550613403 -130.35539627075 -104.59940814972 
