64 64
4647193 -1127857 -579935.6875 230063.796875 -1584613.75 -401241.875 -1814917.25 2080019.25 -1333340 21515.9296875 1322785.5 -5926363 -1888968.25 3368249.5 5885749 2220214.5 -1227628.5 361779.75 -1337475.25 3228539 1643113.5 1107641.75 215226.3125 1068723.25 2375457 -484910.5625 673384.875 822367.8125 2768756 2319569.5 860391.4375 604291.25 -938448.1875 1288896.25 -36652.375 5425027 -1859360.75 -5055264 1993055.75 -2916177.5 944974.3125 -1860141.25 -1900381.75 -1098619.5 -1229753 -2693991 828660.5 1185858.75 -1140758.25 424809.125 -1545200 1072541.25 -2089185.25 2117503.5 -2393159 -1220686 1597074.75 2247964.5 -1793239 -2387208.5 2363586.5 -568814.1875 2974551.5 1328760 
-2020476.75 1115072 -1220903.5 -1289467.5 -2291020 -3722541.5 194805.625 90650.0703125 -2247627 -1530893.5 5009523 416987.34375 1576379 1187798.75 2332664 -234454.25 -2371625 2327425 -3357455.5 -3642683.5 282237.84375 443573.3125 -3789524.5 -1717068 -26680.625 4944014 2379988 -3829653 -694828.375 -2040996.25 2002935.75 2993443.5 1713574 -722300.875 1912353.75 1383142.5 838633.3125 451198.375 1517273.5 -510393.15625 -1407535 496128 1628532 2054980.5 -3447153 -425530.5 2538967 82629.578125 -128347.265625 -1818251.25 3740369.5 -618609.375 -3080666.5 4953862 5111965 -2059684.5 2339425 1029668.125 48684.484375 4336165 -123064.2109375 615725.375 2143117.5 -3161871.5 
-6236946 2383843.5 -1819154 -1739311 1320534.25 284890.4375 -1286290.5 -3006077 787229.375 -2554576 1057888 167623.484375 -6620017 859345.1875 2187182 -1789896.25 84957.9765625 -4585727 3353523 -2305596 525507.875 204658.875 -2411146 1455942.75 2418103 1224965 1423418 -2268641 -5064143 -458111.3125 2308380.5 -1756399.25 1769461.75 2051922 -2223293.5 2482888.5 1977102 1352253 -986808.75 1444933.5 891860.5625 -783553.25 1788571.25 4062247.5 2499608.5 871175.875 2142514 -247185.640625 2047821.75 -1374327.5 -3444966 1680717.5 424434.8125 -1093674.75 805253.75 1546452.5 99652.625 -3780423.5 -941084.75 -1444965 -1115248.75 774734.6875 2093655 -2776154.5 
1014354.9375 347945.46875 1502721.75 -4453002 5213976 -2107185 -5214532 -118832.375 2795930.5 436165.84375 233753.5625 -1060957.25 -406579.25 -1523545 -24215.703125 2094515.25 -1970686.5 1286956.25 2157579.5 2011228 3010963.5 741208.875 -1592110.75 -1946649.5 -648773.25 3180115 3944852.5 -4237832 -4275732 398447.75 1608487.25 1711729 -4056006 -4240033 1446959 -2849479.5 -3334428 4381508 1530973.75 4804928 -3977127.5 999144.125 3839095.5 3993410 232190.078125 5155614 -156320.96875 669570.125 -3756065 -3872296 4170209 541403.8125 2234228.5 -169188.21875 3483355.5 495440.8125 -4250847 2034931.25 3284300.5 -1463981.75 146147.75 -4780270 -1855186 1180782.5 
547210.1875 -4860429 2717460 -2589341 1807238.5 339506 1649597.75 246300.328125 4712808 3434593 2959066.5 -1716504.5 -1479840.25 1921383.5 -1583271.25 2950992.5 3003243 2005724.75 -1219067.5 -345033.875 2958690.5 5294977 1968998.5 -2701424 -2624355.5 2790659.5 -869576.125 5127374 3518941 -682776.375 -907274.0625 -88391.234375 -304799.8125 1913767 -1719146 1638351.75 -759522.6875 1486506.5 -2381203 -3421776 -1922747.5 3011554.5 -3850132.5 -2004522.75 4507687 -2023414 6237115 -1633351.75 3552589.5 177559.296875 -5127582 1353094.75 240066.59375 2546409.5 -349045.28125 -396098.09375 3446396 2600228 191582.578125 241874.75 5863055 1694593.25 540287.5625 2336775 
-1609868.5 -2905012.5 -325811.09375 -2685625 4621517 3350395.5 384562.59375 1196064.5 -4612851 -1541222.5 -1903217.5 3352606 3770014.5 36783 3789279 3666412.5 -1881188.25 -1069092.5 2066272.75 3195420.5 -2295927.5 -2115918 -783705.375 642657.75 628999.5625 -2725416 850619.0625 1193687.25 -858077.25 -268313.3125 -2720806 -1720933 -3293076 3707203 -126013.28125 -2275454 1612533.5 -2425298 1481377.5 917682.4375 -2754595 4539822 -1365206 3498321.5 647211.6875 799725.5 -3911173 863262.625 -183948 -945289.5 -1403935.25 565410.5625 -329163.84375 656924.4375 279692 887081 -3086549.5 -4561152 -1558914.5 3614323 -417627.0625 -4985308 -1145833.75 -2091379 
1385244.25 2808779.5 183504.96875 -837939.0625 -660165.625 1524155 -1893753.75 3920485 1785535 1335977.5 -1916829.75 -1450678.25 2523998 2491092 1272042.25 970102.625 -405314.125 4093322.5 -415090.5625 783554.4375 184986.21875 -6396406 -280091.46875 -587191.6875 -4524012 -2478489 -2233303 -2629311.5 3267917 3470945 353108.25 3079044 -3010565 -1576762.25 -508521.8125 -3337391 -890633 1166026.75 1687379 3007107 4386494 1076323.75 2071833 -1893696.25 -4100209.5 2582016 -2684958.5 -1438097.75 -494434.6875 -2633651 -3081642.5 -766025.875 -4037837 -3549877 -512068.25 1078165 497153.59375 4354861 2486174.5 -2378686 -4669174 -2153568.5 -466222.875 -873678.625 
332161.3125 -72825.0078125 4366059 1553731.25 -165415.890625 163095.8125 281784.125 -1394077 687365.6875 1690015 -3941266 -1546799.5 -2320353 -3809843 3020066 2664251 -697566.75 2073551.75 829199.3125 673715.5 1047481.3125 -1623029.75 -1286336.25 -1030956.625 563057.375 -1062109.75 2547052.5 4106749.5 947020.375 -513621.6875 -3396651 -766369.875 -2211166 -312008.4375 -1726764 -2383274 539427.875 -107734.15625 -5332894 -2745100.5 -3327367 1831256.75 868593 3571828.5 -2688013.5 2074553.5 1010218.5 3236866 1760685 1943782 -1227032.5 106302.59375 2679598 935104.625 2893960.5 4096411.5 2305285 -3053017.5 -3054636.5 1076378.25 -1378458.75 662076.5625 -1488461.75 737307.375 
-3178602 -3088351 2339115.5 -365389.21875 1754051.25 4284803 -1059844.75 -3240319.5 46784.94140625 -4122005 720551.375 1583786.5 -2435820 12243.390625 830259.625 -4305533 -1887906.75 -2138650.5 -2724129 -966491.875 -1921142.75 1293219 -734497.1875 165499.8125 -2685651 3245298 -1245512 1302113.75 2557628.5 453383.1875 -1958668.25 -1472080 5579859 7905675 116172.265625 2371086 5988819 1551599 1967667.5 -1483423 -4188889.5 -1126081.25 -5365872 4429797 2559627 -2497233 -802985.6875 -3459357.5 564235.6875 -3039169.5 -1177537.75 1180160 -1048800.25 -413633.53125 1799926.5 -3359774 -1954200 -5831596 3350332.5 -3048628 180943.46875 -977177.0625 -612759.3125 3389747.5 
-1392543 2183903 -8375.46875 -1364661.25 -2452139 -900166.5 4487203 -2338687 1136985.25 1868352 -48658.65625 717363.625 -232336.421875 256812.96875 -4550610 -388609.78125 3034626 -995116.375 876594.125 -2367551.5 -661014.9375 3912862 4260164 520603.1875 -1779699.5 223321.53125 -1447077 -1588613.25 -3166557.5 -2194490.5 -2417039.5 -1331365.25 1633248.25 1965170.75 -6643289 -2139064 201107.78125 3709883.5 7504.02734375 -387260.46875 3995921.5 1898006.5 540626.5 3427275.5 1939319 4542001 4313785 -515637.78125 2796212 -4623511 -1021525.6875 -1168202.5 3758311 -1820709.5 763588 2430796.5 312782.90625 1014054.75 -393744.09375 -754869 1863095.75 734216.375 2240722.5 -6177527 
3258023.5 1383178 -1477763.75 -1001442.8125 -1074287.75 1041421.8125 -788402.5 -1456923.5 2318696 -3574073 -2106133.5 -3571071.5 1361432.5 3224473 125802.890625 1861119.5 -3895764.5 -475827.40625 -1757251.5 1886714.75 -3604441.5 -761094.0625 3400607 -161560.5625 -2056688.75 3648962.5 516274.75 561701 3245339.5 -3970035 -5851000 1659928 -3962101.5 1772830.75 -856395.625 -1887582.25 -662941.1875 2176101 3264186 2670799 3120469.5 -749042.9375 -344729.3125 6358501 -505663.125 2421405 333336.53125 4164443 253760.125 -2722742.5 1438768.5 360226.65625 -657164.1875 2029877.75 4022410 -2358462 1541667.5 2718535 3032495 4788719 -320853.46875 -1198012.25 2716094 -1001067.1875 
-4443397 2215708 158035.5625 -1844310.25 2147477 -3431875 -963394.625 -1933958.25 -1708370.75 2118871 -503800.625 2171447 -4891685 -586051.1875 2907317.5 2703364.5 -314644.75 1120541 -4210192 -5740765 -1328588 -2755780 95131.578125 6817058 2028276.75 2117148 1377596.25 -2038471.75 815510.4375 -4985030 3636094 676776.25 638877 -1868083.25 -2648097.5 -2041017 2909868 8004589 1235394.25 2829414 3361390.5 -2123846 1710735 4018779.5 -1567731 2030056.5 -963023.9375 1960884.5 944441 -3228863 -1205817.75 4030656.5 -731797.875 3420558.5 2090.328125 -1340198.25 2556389 1574098 -333200.6875 2440284.5 1835695 2859553 -833757.5625 -3315439 
-810104 -2380894.5 -2165814.5 458954.15625 -2172293 2493821.5 -50151.984375 1600171.75 -999627.25 405941.28125 974110.875 -12153.6953125 670489.25 1613307.5 236333.515625 2802376.5 3680608 1570813.5 -3541667 3887204 -873538.125 -1781378.75 -114274.609375 -520977.125 -1357805.5 1864068.25 18508.5 169005.03125 1800515 -5063798 885444 -1610947.75 803103.25 4391063 -2425260 2170057 -1363940 1614257.5 -1790503.75 -688157.75 6104790 -329170.375 -634955.125 -531604.125 710621.4375 2227244.5 3115019 -3198688.5 -1583941.5 159710.921875 -932801.5625 1574054.25 1522839 -2919207.5 -1384705.25 2054426 -1067716.25 -1119810.75 -68984.53125 -752091.625 -2346991.5 -2533169.5 1785187.5 -3693727 
-2705340 -2200685 -481512.9375 4184583 2789105 -1018832.25 -1530442 1217081.75 -1940323.5 1074274 -3059119 2314287.5 1469507.25 -1026074 -649807.375 259160.40625 3088583 -1325757.5 178439.46875 1960524 -1049038.75 4292199 -4154929 341075 685881.25 1090628.75 -716501.8125 2112882 -414584.40625 4359702 -2467107 -740605.0625 -2590129 -6216226 -711919 -3767084.5 -1254178 -3286626.5 -3911610.5 -1470522.25 -663690.0625 2075597.25 2486359 532671.8125 3502570.5 64497.4453125 -1869725.5 -22566.125 -587880 -2027344.25 750956.25 3235976.5 5087519 192420.28125 2343339.5 1182573.5 2214946 -5036385 -1334629 -405273.59375 575941.875 -2858371.5 -428337 2186415.5 
-3777644 -3393663 -1714348.25 -2929837 3906218 -2202370 -528087.6875 -488411.9375 -528912.75 621328.0625 341187.46875 2930686 1070759.5 1517866.25 1953896.5 1226390 -1502745.5 3571050 -2075469.25 -3854198.5 -673536.25 3095266 -3289101.5 -419945 -3166949.5 -313690.375 -784328.1875 1628867.5 4438320 -3205536 -1079061.25 510662.96875 2271040 755974.375 51751.5625 -2908154.5 2631339 -359825.8125 -2832908.5 -733202.0625 -151033.96875 1293421.25 1770651.75 -4775449 1453139 -3211673.5 3764478.5 -2710312 2981200 -612942.625 -758428.375 1723223.5 -3375346 6449367 -1030589.125 -4520786 2792270.5 -4993937 524139.75 4147238.5 1389541.75 -1193088.5 -900548.9375 -1412845 
-1934445.75 -5686940 792884.375 933850.875 -2500481 -2011296.75 3644283 1625501.25 -3285853.5 -3131723 -3656638.5 -2738952 -1056570.75 1491113.5 3855426 -717234.875 5997600 339653.6875 -3274456 -644771.625 -4838587 -3635771 4408936 2809585.5 -633590.5625 -7988219 1867867.25 -1802948.25 -1495665.25 -1061134.5 2642315 -4776562 2331865.5 3125540.5 -5247118 -305544.0625 -1140787.75 -4644065 -3146437 2954268.5 5732324 663103.375 1568261.75 -3729815 -3282650 -852065 210086.609375 195611.046875 -2133028.5 -511523.1875 -2547711.5 176612.484375 120636.703125 1944509.75 2376200 522762.5 -2004549.75 -1398151.25 406267.90625 1662893.75 432202.8125 2155510.5 3489053 -2048434 
-2191990.5 -1402937.25 6801644 -549518.1875 2182256.5 -377451.75 654389.875 947475.75 90330.7734375 -291054.125 -464889.375 386531.625 -2633906 1487474.75 848274.625 1894630.5 3843859.5 1090562.5 3815963.5 -274505.0625 1869436.25 -5947298 1846588 -3015392 -327065.625 -6715218 -1466483.25 774894 -2786643 912958.25 619062.75 -3941013.5 2630690.5 524018.90625 -1220998 -227140.15625 -2446520.5 -2101734.5 -119163.25 76826.171875 -2234219 817708.125 -1581018.5 -5451868 -1203028.75 -2275257.5 -3393237 -1445179.5 29590.5625 575078.5 1096772.75 -4878642 9121236 -502439.5 -2891821 2598619.5 -6202841 715089.625 1110909.5 -839227.0625 -2044293.5 529235.375 -1013786.75 -2634635 
2486536 -2704758.5 -2191492 3832725.5 -4500180 -1743300.25 -2224249 174103.5 -858285.125 -3690796 1690804.25 -1610423.75 2268387 3402205.5 2516876.5 -4735221 -1992022.25 1487733.25 -4587252 968905.75 -2329194 685670.4375 -2600037.5 2380115.5 -2286611 984990 -3261053.5 -118037.5625 1019218.375 -877577.6875 -1703873.75 2668148 3635897 3471702.5 -1805987.75 -498199.8125 1314363.75 -164822.8125 -271324.125 -1691623.25 2333467 1895009.5 -5547526 -829578.625 -4402832 -2456674 3954416 -3702540 -2402636 -589408.75 2845112.5 -571110.625 1999388.5 2913939 676286.75 410101.375 1757457.25 620918.875 -3839128 -3673050 6350375 -2152168.5 179180.40625 4561515 
4157533 -2263528.5 1216211.25 3006208.5 -3796930 1810496 -3556528.5 2400628.5 2454668 -701391.625 -3343336 -3526230.5 1492149.75 2056937.5 1139894.75 -2781165 1252806.25 962864.375 -3192807 -2390390.5 -3968324 790625.5 3316517 1026410.625 -2600385 -3197433.5 -4522537 -313200.96875 446382.71875 -379289.75 -1710221.25 1085992 3204456.5 1370174.5 82512.71875 2764937.5 -837765.6875 -5437207 1718824 -1798240.5 -2455853.5 -1695422.25 2540239 -151068.34375 530642.5 -82958.0390625 -2754807 4283356 -2825056 1369573.5 -497929.625 -3923423 -2231332.5 -2077303.25 813799.625 -5721049 1368559.75 -1449056.25 -979063.25 -2778406 -2788486 -4214388 -1999373.75 3515374.5 
-1864687.25 372449.5625 -1061705.5 -4000975.5 2588956 4388545 -1187894.5 -1116394 -1069425.25 1531957.5 -3156490 1515631 1073099.25 -1377310.75 2877081.5 1782581.75 1309599.5 -571657.1875 -2863816.5 -1192571.5 821963.1875 -3455046.5 2685611 -2353290.5 5271363 -4148206 2100410 -545362.1875 -1858259 -1010.984375 804750.25 -4230580 -3867985 -435620.625 -1909424 -1886530.5 -531759.25 853115 2122952 -3219316 1055131.5 -3385189 -1501408 340181.59375 -2336884 1989160 -151245.765625 846982.125 3319552 -3482502.5 1627608.75 1182479.75 996558.375 1353445.75 -5499615 -1358348.5 -2423176.5 -2556924.5 2433205.5 3635009 -7618102 -777066.25 -921469.375 -1544896 
3619135.5 1318348.25 436465.53125 1551421.5 -2669596.5 -5318479 -5510089 117644.09375 -2096930.5 5726338 -2170330.5 3156500 -505971.3125 -2880474 1193566.25 -3169662.5 -1337808.25 1170450.75 4025842.5 512459.28125 4390876 -635011.5 3294602 1968756 861681.3125 -2648559 -415374.59375 -3562878 716998 807550.625 2286919 2352665 861023.75 3552152 426652.5 -1810401.25 2234669.5 1068495.75 1458247 -4664052 467785.21875 1459656 -4780765 -3073392 -9655572 1901172.75 -2714959.5 6141004 -6729309 4173427 1986645.75 5125421 -3505006.5 926905.25 -2454741 -1979807.25 1881757.5 4048324 3083540.5 -334638 1140606.25 -1036879.75 -4265250 -312766.125 
2982008 2690249.5 -477122.84375 -317815.40625 -399175.03125 -4516955 183448.359375 -216386.671875 -1370147.5 1210923.25 -3012599.5 -4308042 3954386 -863548.3125 4337023 3190735.5 -1396548.5 1993134.25 -1842269 3672909 582576.1875 -2775585.5 2110347.5 1946179.75 1232997.25 1280460 -1168934.75 -632214.875 1493458.75 -2043859.25 -2211662 1896468.5 -33644.984375 -1573310.75 3704990.5 -5821255 -229556.765625 -989473.875 1483121 2048077.25 5906640 -1311857.75 508233.96875 -407054.625 -4752378 5496268 1859993 4408445 -2669652.5 5066929 526263.9375 2674581.5 161027.015625 2378931 3415090.5 3036839.5 2133973 -2103529 -1313048.5 3229149 3313699.5 1267467.5 -1485939.5 -378876.0625 
3650825 -593374.25 -304308.375 -6888780 420787.4375 3463916.5 -5731795 -181028.25 499264.5625 1203619.25 4947508 -2428791 -1162027.5 -873755.5 -4451940 2922221.5 -2217802 -2364189 1906296.25 1787371.5 1602873.5 3247.8125 -2568816 -2118682.5 -2180880 5414644 2817962.5 -5396470 -3170480.5 1291184.25 -806905.75 2804199.5 -4561732 -464944 -666759.125 1671095 -1252884 7407168 -1087162.75 -1070703 -4514069 -3712320.5 -545878.4375 5273339 -161074.625 5738655 -2960238 -1091319.25 1671442.5 -930680.25 -1404973 2391087 -3184486 -390919.5 4456358 2576762.5 -4462061 2438775 -31465.6875 -1096812 -236127.65625 -4927826 -3388533.5 -2127970 
3031454 -5600972 -1286471.25 -2585302.5 2410503 2292888 -1756710 4124420 663023.5 -13077.456054688 -4477301 -2545955 510462.03125 1117642.25 1539427.75 4700451 247895.84375 2357337.5 -462845.90625 -2759044.5 -2700711 -2013465.75 2298550 2173881.5 287063.46875 -3433993 289624.375 3290840.5 -1448171.75 3683348.5 341520.3125 1760980.5 64104.53125 63740.6015625 -4754727 -173998.15625 832969.125 -87851.203125 -2433953.5 -943662.9375 -1547903.75 -1326592 -1304306 4055961.5 -898774.625 1229488.75 -4361168 3824128.5 3703794.5 -2365815.5 -4217257 -5081885 1043222.3125 -1499813 -1568569.5 -91262.1640625 -3275252.5 2147141 -4668132 2697607 -1771957.25 814486.875 -455491.75 -2205455 
474287.6875 -3467280 -4206156 1979548.25 -82326.59375 -5301202 -2204092.5 -802744.625 -3443743.5 -1255091.75 3456306 -1154698.75 -1265198.5 -32469.0625 6220736 -458902.21875 1049170.5 -1204.125 -1626875 -2247141 1217328.25 3943803 -1053672.5 -653198.6875 1312003.75 2828740 -2466809 -1682634.5 1425840 -3142231.5 -838406.25 5386029 1930844 -1478018.75 142597.5625 656392 -488060.78125 -456589.25 4338179 -838635.625 3526797 -346118.4375 -1637924.5 931540.75 1666723.5 -1919317.25 914976.75 -5356114 -998866.5 3233356.5 -1225552 2335531 1049668.25 2455271 -845576.625 -60249.75 4209497 -367358.0625 -3331780.5 3348397 2764937.5 -874371.25 -973246.0625 -4937636 
-4671162 1912571.25 -4321843 896713.3125 -5917120 1909317 -3175317.5 -2331439.5 1201558.75 2145569.5 -2386395.5 3946131.5 -2464355.5 872912.125 -1595844 -76245.53125 -4093273.5 272927.9375 -1662461 -1148105 260017.0625 2049349 -4058473 2132684 1632494.75 -2346639 507789.8125 3359253.5 -4050080 210553.78125 544993.8125 -1088076.5 -1855103.75 -777913.125 1689887.25 -794323 516433.3125 1444688.25 -753025.1875 -2844035.5 505497.59375 3466731.5 -78119.625 -3233412.5 192833.09375 3712475.5 767921.9375 51200.40625 3977161 -436609.75 -2337596 -1472645 2175762.5 598945 -5214157 -1486519.5 1569357.5 -3144480 3075593 3260926 318379.78125 7273205 -2583497.5 1359191 
281567.15625 1163783.25 230751.203125 -549393.8125 3396865 1313777.25 -1473890.75 3144524.5 -1873604.5 4520207 1703169.25 -1335921.75 2344814.5 -813892.6875 -982925 401963.8125 1190149.5 6539179 -82431.640625 1896743.75 -1768761.75 4807471 -642532.9375 -918303.4375 554768 -431742.9375 -3990583 -321302.15625 636256.9375 1169558.25 -2192628.5 1527399 -973398.6875 371726.75 834448.125 -2667386 -986830.125 -4242135 556227.375 -2816590.5 -1629144.25 -298023.96875 2460278.5 -2461054.5 1259234.25 2603406.5 1401615.75 1373257 -4750904 -785606.25 3091679.5 3698409 -4377159 -3375358 1249851.25 964555.75 -3894538.5 -2119364.5 913393.5 -6614800 -514071.875 -2519320.5 -1336305.5 65.9375 
-1190945 2125873.5 1028800.6875 229709.75 -2184710 -1365735 325836.5625 2104854.5 -2264285 2583776.5 -3921122.5 -4543865 -621666.1875 -41861.546875 2600867 490833.0625 2243762 3797426.5 755979 2618265.5 -349597.03125 2285048.5 2057452.25 844821.625 1204923.75 -187285.78125 1548987.25 780514 -3651657 3188206.5 1007758.5 1062862.25 -966837.1875 -2556270 718380 304321.5625 -4156699.5 -3608908 -4827606 -3066895.5 968948.1875 4512170 1212802.5 -977872.8125 -1313046.25 620642.25 3330890 3106602 1428503.25 2121175 -3279320 -3644189.5 -1444193.5 1181107.25 3786338.5 5934997 551017.4375 1301398.25 -698082.25 1451122.75 2790589.5 1974777 1194072.5 -3023965.5 
2995962 -865813.75 -3453813 2447780 -779824.4375 -1753325.5 -128665.3515625 -24871.03125 -3498619.5 -1472282 1954636.25 3473423 4585048 495651.4375 -30416.09375 2889267 1593973.25 -3549667.5 -268262.28125 60679.28125 1892932 -1154855.5 -1562773.75 -149663.203125 -1855093.75 -403248.6875 442966.53125 2373272.5 3370198.5 1795137.25 -2767743 1105912.75 2164335 -873585.5 3984571 -387811.25 1108360 -3131523.5 -1175980.25 575600.375 2902375.5 -3126602.5 -1641870.5 -556888 2048727.25 -667531.25 -1405247.25 -972778.1875 4611248 -1523698.25 818948 -2307136.5 -3947018 358870.75 3171752.5 147147.703125 2575939.5 -4650695 -958990.875 629544 2571782.5 235421.953125 3181881.5 -1035552.4375 
729234.875 -1613470 167473.34375 -2149892 -155842.9375 -2494269.5 -304573.8125 2787249 -394940.0625 3831459.5 2008054.5 706896.4375 -4119184 -753528.375 -3475267 -472082.6875 -4348983 3704696 -2432900.5 -5356299 -1711618.5 1316585 -5071797 2922558.5 -52562.734375 -2998913 584244.5625 -2048703.75 -4501926 -1354714.5 3347674 -4116192 -423917.8125 -1108508.25 -576608.8125 829676.4375 1239740.5 1057348.75 -892554.6875 -3307348 931317.125 -1450396.5 3435450 1731754.75 1409691.75 828213.625 -1274375.5 2252576 -1897949.25 -3890306 -773102.5 168678.59375 1286152.25 881746 -245977.125 1324301.25 -6934067 466944.46875 719517.625 -2443496 -1742094.5 2194612.5 1138466.25 -1583129 
262192.71875 311617.90625 -1274061 166749.4375 -2060368 3601407 -2064233.25 4148389.5 -2857661 195680.28125 -808395.375 4355961 -4610238 1213937 1496221.5 -5173221 1000456.3125 598569.25 -863384.9375 -632834.875 -1557463.5 2606906.5 -2543793 2002487.5 -2834532 -6237768 -4949720 2345246 -4224749 -1674522 1201973.5 -2684263.5 -1935685.75 2033277 -3738829.5 -270025.46875 448615.28125 -3831406.5 1152461.75 -7406171 477171 -187478.65625 296673.9375 -351519.8125 292349.84375 -5800624 -571480.1875 -3919306.5 -981629.25 -4003897 760064.25 34898.734375 2155360.5 1552358.5 -7823555 -598106.4375 -4310134 -2873797.5 1250611.5 -913161 -1940498.5 105951.1015625 -3025587 -423610.40625 
-1863639.5 -3023657 291884.21875 -2497724 1927580.5 138261.03125 -1406727.5 583828.5 -4299471 -8210807 -97091.125 -15728.375 322155.1875 5175105 273003.71875 41417.8125 -551896.375 -1405402.75 45613.8125 -1779110.25 -2846044 -2770041.5 -2151572 57540.71484375 -1846066.5 2668607.5 -2086720.75 2395269 -2388545 22192.53125 -143239.53125 3414962.5 -1045496.4375 -6309223 -594711.4375 -69637.5 -3142718 -723615.5 -3089839 5895810 -505150.0625 -61264.4453125 -157137.5 -1870294.5 1489208 -2092242.5 -4181263.5 2354343.5 4475507 -2172764 393053.4375 4603425 1966414.25 2291206 2411925 -2501557.5 2255334.5 857245.5 -38244.5625 3171685 4454682 -681856.125 1741371 2971201.5 
-184618.25 -826257.25 17768 173021.234375 -1489645.5 -3490567 4975500 5210747 -1994514.75 1562459.75 1328633 -1170423.5 3245009 1064402.75 -1077612.25 341028.8125 1266169 773383.8125 -992277.3125 -2145979 3829924 -2430612 360322.8125 399903.28125 -2965589.5 4401810 -395538.6875 -3769013.5 2474088.5 -3867497 3945863 -1719399.5 559938 -2178707.5 454954.5625 1889471 -1829945.5 4657605 1758348.5 378432.875 5400622 -769497.4375 2321454.5 -741986.25 4340364 -1420661.5 5046678 -552381.875 -328663.9375 3333371.5 1625231 607179.875 -5384325 2613791 -4163288 -747185.875 5813749 7923865 2714465.5 2031555.5 -2811862 -1118303.75 6200295 -1672844.5 
-2207496 1709437.75 -40896.109375 -648799.125 37442.34375 -27100.623046875 -3472226.5 3044205 -182558.71875 -3208139 5260987 1666724.75 -4096578 137733.734375 -2188925 3184454 -1614028.5 -260410.265625 4142199.5 2810941.5 1705031 -1893098.5 -498728.3125 -2073937.5 -5161656 882157.75 -945563.4375 -1989854.5 -1416453.25 -3742079.5 1697507 -635761.0625 -3518335 1791612.75 -3569961 -994163.5625 -384263.75 1735898.5 605884.5625 3653661 1523181.25 2575415.5 3930162.5 238392.875 752068.75 -1624932.5 3627144 -2263721 1489691.5 -4950650 -844204.1875 -1273055.75 -1464646.5 223778.09375 593020.625 516926.8125 -5002058 948140.5 4812887 2974491.5 -1039292.625 -862061.125 2408532 -3741934.5 
-2300941 -2488870.5 -474009.125 4119455.5 -2575412.5 -3035278.5 2696062 466528.40625 -4187152.5 -99785 2907283.5 -1061545.5 -642428.5 -424456.9375 1581243.5 -2136503 2059429.5 6349543 -1185297.75 485901.6875 3670400.5 1188709.5 957982.5625 -775691.9375 -2259486 -2480139 782722.625 986055.625 1192364 -185106.921875 1347773 1840667.75 1833935.5 2546817.5 153695.5625 -1976407.5 -585578.1875 -1536791.5 223806.28125 1491619 4323453 3234404.5 -138736.8125 -1972209.75 1835608 6718270 1814035.5 -2323005 882479.375 971394.5 607433.1875 -46856 310993.25 -2564757 884758.125 4369137 53553.625 2043002.5 1599105.5 -4182529.5 1361546.75 3949842.5 1232380.5 -872927.4375 
2354467.5 -5441691 185291.84375 1943196.75 241081.328125 -3124812 -1973868 1984291.5 761094.0625 1240784.25 -3454774 2498494.5 635751.8125 -809552.8125 -2484832.5 1613039.5 743958.125 3507772 -340230.59375 58026.703125 -2513610 6649090 -1808784 4859489 2513808 850360.75 -3736073.5 3698311 3976693.5 137053.265625 -4373677 -864054.375 1611995.5 525018.75 -1769353.75 2375317 2773978 -1113799 -5125949 -3817429.5 -1421160.5 1952857.25 1982187.75 2944363.5 3874353.5 -1833083 3957314 349653.375 421109.25 -4783.59375 -2339737.5 4212241 3978638 -1699729.75 843845.625 -655823.9375 3259380.5 -1489841.75 -5659730 -2865718 3100674.5 -1204222.25 4776954 772048.1875 
435488.03125 223108.40625 -2633468.5 989250.9375 27697.215820312 -4251168 1767556.5 -2107382.5 -3924263.5 -3282677 5271331 2035293.25 -26163.029296875 -2591287 -2037188.5 -3732834 -1249860.75 -1886326.5 2733729 -3221207.5 430118.90625 3242759 -1594149.5 674683.8125 -2569603.5 691150.875 -840397.375 21771.0859375 1644282.25 -3123460.5 676876.625 3412811.5 1500263 -2299526 2068624.25 1633351.25 322166.6875 -3565922.5 2150193.5 870008.8125 302020.84375 -5649284 2017640.75 2740905 3196890 -3037658.5 -4088322.5 1673855.25 -4184062.5 15733.6875 2414132 3989929 -4633495 -1389634.25 3649625 -1668244.5 2288211 2403505 -1233548.75 -69218.5234375 390300.25 559048.125 5018201 392703.5625 
-150450.90625 -2136637 3002702.5 4294029 1280894.5 799935 1169337 -2737479 -2388613.5 -3704491 -1780128.5 1475926.25 1965641.5 -1569490 -4163736 -665660.25 -3418962.5 -2715801 3367012 2258749 359068.21875 -3636602 1915764.25 602328.0625 1937556.25 675928.0625 -95262.8125 1981580.75 -677893 2198873.5 -3789244.5 -12165.859375 250485.40625 2938829.5 2458368 -1033779.25 3752780 4005389.5 -990194.8125 850998.0625 294635.6875 3106657 -463615.1875 -1872887 659688.625 -682676.9375 -2324590.5 494458.75 -1422005 836481 2377343.5 2479732 765425.4375 -1496861.75 2473898 1510303.75 2603711 1117873.5 2230681.5 -383350.21875 2455889.5 -1107370.75 1117596.5 3486070.5 
1134202.5 -2021111.75 2887874 1068094.25 3343964 52387.125 -590103.25 -2659835.5 1058527 434093.625 1046138.375 -2231040 8011391 -708868.75 3136952.5 553988.375 2374757 -1235962.5 3944823 5720305 1875770.25 473876.125 1005652.5625 -5039409 -17196.9375 6167320 -691140.875 921273.5 1269179.25 1766600 -5627911 3461723.5 -454756.5625 1279749.5 2230148.5 966570.4375 407041.375 -8652292 -658515.125 1119233.5 -919540.125 4077845.5 -1060461 3769826.5 -3647109 861738.375 1395542.75 326282.5625 -3580260 898552.375 -3944085 -550992.625 2074290.5 -1111157.5 8512694 4146035 4060898.5 1321769.75 -4060312.5 -3049760.5 5697958 -1750053 3542136.5 564964.5 
2811438 -3138972 -666730.6875 6849264 -2885673 2676411 -67799.4921875 1623690 -926156.1875 2625941 -2242825.5 2417634 622485.6875 -4268830 -7430486 -5068130 -1602537.25 -2619890.5 -1771708.25 1354709 597214.8125 -1088116 -287337.71875 4667696 -932932.75 530513 2488469 -2090121.25 2333418 1655016.5 -216498.0625 -3879858 1215947 6744072 2373941 4129916 2442959 3413458.5 -4980851 -3966443 -3069844.5 -218348.375 -3598997 693033.25 2971325.5 -5804371 -82540.90625 189826.4375 -2878590 1954020.75 1575950.5 401252 -4158798.5 -1376922.25 1671378.75 -1276207 -1581209 1469906.25 2867062.5 -4496219 -1702898 -2180887.5 5994228 1651789.5 
-5155335 -1386398.75 984489.9375 437370.5 -1090236.25 1790715 -2489198 569703.5 -2102951 -3824095.5 -2724954 -230262.96875 -3018605 -3329314 -907682.25 -3769514.5 -1703468.25 4577261 -380497.5625 -3702987 -2353929 856034 -2580936 -3720351 -339112.28125 2434831.5 -6371448 3112709 2343922 -1484995.5 -490674.65625 3608994.5 1868166.75 -1173360.5 -3738224.5 -1828561.25 7456317 -3161580.5 2305429.5 -495157.9375 243932.015625 -294996.34375 -43903.640625 2106804 -775334.125 2295832.5 -8004961 1153671.25 -784206.25 -2706023 462743.09375 142121.28125 280785.3125 -5605338 175875.953125 -1310915 923130.125 515906.59375 4490.78125 -4161776 2283459.5 2970395.5 -609331.875 3900228 
-3166634 -357148.375 4129893 870668 -19044.0625 363222.625 -2806478 615179.3125 1672287.75 -2614439.5 -1669568 -1605286.75 -3215295 -692972.75 2312290.5 1542351.75 4327423 -548785.6875 -1151155.5 -3088838.5 -463519.375 1771936 3187989.5 2849565.5 -1116207.25 1519941.25 230141.484375 2948053.5 1206693 3392916 2654708 1245691.5 -1132511 -1564429.5 -2000111.75 1630995.75 1903730.75 -4128049 -2651162.5 3123876 -2116027 -795024.5 2134655 1523510 -238390.125 -722072.625 -1849778.5 3089380.5 -871672.5 1357682.75 722292.1875 151929.6875 468381.28125 -1230866 9505852 -2186717 2683449.5 629516.3125 3755041 -694918.125 712448.125 -1918545.5 6794189 147383.40625 
951202.0625 3565353 -4214647 -2154541 -5827749 3143084.5 -2884287 3169632 1277817.5 -1423731.25 5510806 -2668767.5 3287768 -1626904.75 -151879.90625 188148.90625 -5716593 3607929 -1707115.75 -297183.09375 3567135 1798315.5 -2325099.5 -2655480 -4397887 2415837.5 -509229.9375 -4895068 -2099233.5 -658448.25 4047213 1032906.875 63824.1875 753286.75 5136187 -488702.375 -3236848 2728872.5 2404428.5 -1762017.5 -981861.625 -1148069.5 -1808831 -1596041.75 -270250.125 5293743 435940.59375 -2697441 2296054 -2677072.5 -887736.4375 265266.75 -7450113 -205306.46875 2894038.5 694948.1875 -3394488.5 -2204062.5 572915.3125 -873680.875 -4338178 -717690 -2545818.5 350819.0625 
3076483.5 -2753663.5 -671991.5625 -1183790.25 -2842141.5 -3758460.5 3215619 1184892.75 -3021184.5 695827.75 -1257641.25 -1596945.5 845234.8125 -632364.375 4709583 1504133 6344694 1087722.75 18721.705078125 -3491118 -1482043.75 -2169063 2785521.5 349188.71875 -2834286 -2892815 552121.6875 1824756 -780089.375 -1488321.75 -1256719.5 -505619.25 5185207 -2353214 -2964209.5 111247.9375 -1286755 -4783527 -4345391 2082284.5 4570502 -3681859 354819.71875 1620298 -1430805 -3881398 -6918.65625 2521712 5911200 -173428.546875 -855958.4375 158533.296875 1373857 4296012 1065831.5 1535609.75 5324972 1897365 -1037468 4393474 1476744 1093425.5 5088119 -7186956 
-2835633 1335718.25 -3664379.5 -584210.4375 1228186.25 925362.875 -6159948 869559.5 873023.4375 -1874253 4011950 2310383 -5075954 -3599701.5 -903094.125 1024726 -1999388 1004602 2303445.5 -422811.59375 82285.7734375 -561675.9375 -2199067 -799109.625 4139181 -272118.40625 -3649706.5 -701795 -4488189 1932357 3168585.5 -1124586 -771581.375 -4480103 -1618167 2150461.5 3052806 -586587.3125 -3477819 -1468603.75 -3681329 -1776572 491998.9375 3191745.5 1806206 310949 -956665.125 -20886.1875 2356880.5 -4722144 -4340083 1459461.75 547810.375 -5087753 1158271.25 2455757.5 -2577183 -1948793.25 -2753250.5 -1179293.25 -3011603.5 -949348.8125 796639.875 -4550935 
-766348.5625 -3002354 1483397.75 1662556.75 974692 993906.5 -4516871 -6012195 1559211.75 -1350813 -1409777 3914624 -4491819 -757862.75 741672.25 2821725 258338.6875 -851818.875 143404.09375 -2405389 1112268.5 -2604869 2316380 2095745.5 646626.125 -1151256 463293.78125 2536857 -378142.25 1066038.5 -750223.375 -1109392.25 1041469.5 3720464 -2178360.5 -23030.15625 3733789.5 2580787 1973349.25 1826577.25 -2961621 -2746482 -6552258 1072591 933345.625 3423938 -4759523 3414498 1480119 2057802.75 -627999.5 2238449.5 -616490.75 -1425546 1270906.75 -375780.875 -1480695.5 -1503193.25 276923.5625 737239.125 3583126.5 2074747.25 -3430356 1298288 
4234779 -3712428 -276231.6875 -1026413.875 -4477303 -2422006 -1380590 -1531595.25 -80724.4765625 -2426880.5 2220487 1504456.75 -3588093.5 -692713.375 711121.5 1824990.5 -729338.5 -822646.125 -6031118 599730.75 -2654129.5 290420.90625 3404660 -1892767 -2425854.5 984014.25 842482.3125 -4871576 550933.5625 -7542798 -1000686.0625 -9844952 1481273.5 1774199 -1049763.75 6044830 -1506587 3719748 530236.9375 -2960154 1662905.5 -5055754 -5438820 -1629321.75 213620.71875 665980.8125 1808065.5 455369.4375 85309.125 -314811.1875 4355623 3547880 2556214 4846723 -2042845.25 -3796261.5 -3854344 -3412810.5 -2173600 6455167 -2668742.5 -5566757 -3190901 -5399604 
-34439.40625 1683741.5 -2851843.5 3774053.5 -10497922 -1057037.5 -2952663.5 -1584071 1386311 -3491707 586169.5625 4694986 664452.5 -2674084.5 -4668349 -2033802.5 88139.96875 -1234804.75 4455202 -653528.625 -3354492.5 8204842 -1548907.75 3612231 -2131815.5 4615712 -743384.9375 -2155708 -1421577.75 -4217337 -758405.1875 -4593546 4707354 3646869 -646738.3125 5680569 4330594 3222136 646840.25 -35243.072265625 -2455898 -1196076.75 -544447.875 5482318 899668.6875 131782.625 -765573.125 1758948.5 -3619786 167805.1875 -325651.6875 1173488.75 240361 -1931266.25 7446170 -175708.4375 -2013533 1485388.5 27629.8125 -2201774 227576.859375 -2033090.25 3334027.5 -3545959.5 
-256787.6875 -3935853.5 854440.625 4829600 -5788629 -190043.21875 912583.25 2022621 965512.875 -1887025 249791.78125 788308.25 1513531.75 -365160.9375 -272082.8125 -613479 1989575.5 3021978.5 -595147.375 1281113.25 96006 2209456 -2078463.25 -2223711.5 -763834 -349867.375 2664939 6867758 2077495 1275528.25 433181.9375 -973485.625 1351651 -410600.8125 2045767.75 2756753.5 234647.8125 -560172.375 -2568965 540174.125 -1891255 2535953.5 -5346095 -3173945.5 2615014 -271084.21875 -4206579 1631254 1277323 4692139 1173246 1076938.75 961864.25 1572020.75 -1171509.5 -1563602.5 4208072 -1512666.25 214396.4375 892204.125 1506254.25 -472644.09375 -348853.28125 8832494 
3863082.5 -5754393 -524164.5625 232029.203125 -1915145.25 -4255172 -4298070 1492265.25 1439252 -5558418 -404618.4375 1839465 10623.9375 -1677956 -1271223 -2422646 2312683 -584318.5625 335321.78125 -1639944.75 -4208703 -1849092 2393277.5 -3049099.5 396760.03125 -5625020 1273025.25 -6245259 -735623.75 2864249 -5978.0224609375 -1497707 4239425 1840441.5 1432240.25 1485829.75 -638140.8125 3764481 1762094.75 5060139 -4296927 -167622.34375 -5212591 -2826627.5 -1302693 -2373054.5 -6132465 -730211.25 -1969435.75 -1432786.75 2000427.25 -1403970.5 4019715 266529.78125 -907620.25 -4010028 -4530747 -796328.625 399900.6875 1638148.5 -1515073.5 -4688218 -5505997 755599.4375 
1869842.5 3876167.5 -968191.5 2471678 -1432756.75 1790849.5 955695.5 2910180.5 2903792 3647945 -697402.875 -1056522 -703695.6875 3018930.5 -97054.125 -231904.578125 -3175825.5 -91174.6875 123149.1796875 -788898.25 -4802602 1867697 -801893.375 2943075.5 2847108.5 -4385246 485096.9375 1792888.25 -4784481 5014069 -2271546.5 523581.78125 -704893.625 -1469532.25 1724115.75 -1272885.75 -526105.75 752232.125 739980.0625 -1820622.5 -1511355 2354229.5 -205689.625 -318691.5 -882069.25 1384375.75 -1636824.5 225964.125 8333715 -2277891.5 -1065286.75 -4833052 -230311.609375 270277.5 -3109977 1021649.875 -1158117 -2306820 613254.5 1109959.5 -2186627 5793041 -3242795.5 463646.1875 
2203299.5 -1340454.25 -1478675.75 -2908409.5 57356.66015625 -3177466.5 1079582.25 3359538 881349.75 -2320834 -1706040.75 1082045.25 144721.84375 -981228.75 701589 4582387 481622.4375 1822508.75 3704907 5093934 924090 962858.875 -3163683 -2538575.5 -4739544 -286886.9375 -461608.625 -347299.90625 3284722.5 -2495240 1144951.75 -4627788 504612.28125 484220.8125 -3705793 142238.046875 -2966407 -1624183.25 -3711316 3907605.5 1142368.75 -3267402 1848479.75 -1647977.25 1451241.5 -5917956 -838762.3125 1845889.5 2055592.5 -1327236.75 -2150870.5 4876455 -403254.71875 1469474.5 -924738.875 -1319692.5 -1162451.75 -3209526.5 2278522.5 2787568 -305175.5 -1210484.5 4230340 -1874013.75 
-1745703.5 -3982739.5 -4699077 2026916.25 -4268538 -221505.5 -3620474.5 1062220 -135241.890625 1058950.5 -3628603.5 723660.875 -1885139.75 -2438786 1891760.75 -2215591.5 2693434 2211558.5 419005.375 -5094566 -2643025 -2520743.5 102433.125 -1038919.25 876706.4375 -1695593.75 -2603925 -1301777.25 -2952142.5 -505246.34375 -573123 1015615.125 2068924.75 1031115.0625 -4031421.5 -319142.40625 308182.8125 -2634830 -1486363.25 -285763.46875 -623600.9375 -1320396.5 -1763980 -2961281 -316962.375 417058.59375 536053.8125 -3186617.5 3557483.5 1011238.5625 -3993654.5 -158987.96875 -3974780.5 -775749.9375 -5964771 -146943.390625 2291198.5 -462773.65625 -5800021 -2642076 -1513401.5 3412745 -440072.4375 -2773857 
-1177189.5 -786328 -3487.5625 -2316867 -252085.125 1168299 3509962.5 2124864 -2554897.5 -4516120 -3655198.5 -3021728 397053.15625 4373696 2168561 -133855.3125 2356074 3355677.5 -2361342.5 -2406113 -5928916 -8670992 1073686.75 -1965375.25 8623.625 -1863531 267903.75 9722.6875 3092957.5 -3855720.5 -1597090.25 39869.5 1388104.5 -943575.9375 -1151221.75 2585763 -2050140.75 -4985310 389647.46875 3243474.5 5348202 1805441.25 1194313.5 -1147059.5 -3187961 -1306462.5 -1272797.75 494736.375 1628875 2605673.5 2659894.5 -4186593 365235.875 664249.125 -4742097 -2097750.5 3306746 2317909 -3482211.5 5660195 -2164722 396677.84375 2044080 -1558211.75 
-769698.375 -2394012.5 732502.3125 1729717.5 122113.625 2835195.5 786412.8125 -541835.25 -1274950 1267702.5 -3575185 1660050.75 144356.21875 1837592.5 -4886851 -1037062.5 -3594027.5 2546076.5 -3217654 3149122 -1108924.75 -1729464.5 -2120797.5 431221.875 281456.71875 -1353281 -5087449 3389713 4692519 5156857 -1967534.25 -1182624.5 -2919339 5908284 -3145826 -1061151.75 1972426.5 407498.71875 -1964160.25 -4094735 567307.8125 4669376 1453808 -9428.546875 6290992 4183273.5 4289382 -2500991 -2445688 -4028743 -3738006 181542.96875 619031.375 -6813334 -2394451 2354677.5 -1102394.25 -2200025.5 -1110299 -7764017 -1771806.75 426267.375 2471652 4092695 
4849369 -2033668.25 2037968.5 -3126720.5 641443.875 90911.953125 4506335 -52161 -829063.5 2727556.5 -1780383.5 -3713967 3632693 2931984.5 -903771.625 -551380 -2258534 3077083 -4828170 3575079.5 -3746849 4706855 -1113717.75 109029.9140625 1496530.25 -742725.125 757217.1875 150575.125 -2508723.5 3531491 -4109563 -1285883 -3128122 -4827351 -1579688 -3719102.5 -1608654 2160732.5 -1727048.25 -1666517.75 -186562.875 3524690.5 -850535.6875 2389413 502462.3125 3507456.5 -2155921 153313.875 601352.875 -2389031.5 -716442 2896445 4183043.5 428392.25 2950025 3068181.5 343415.65625 176656.234375 -342801.5625 2807013.5 4416265 -667266.625 -2923235.5 1367075.75 
-2070132 1682558 -1086416 737370.9375 -1133040 4184212.5 -2181844.5 -3798481 -857559.0625 7912030 -2008866.75 2123237.5 3376791 -4536742 277256.84375 -1285042.75 2879724.5 715743.25 -5964589 -4152775.5 2391673 1700736 -482477.3125 3433322.5 -667611 -263207.15625 4709649 1480952 182250.25 1163563.5 -4757996 1677149.5 1170744 -1168490.75 -684099.0625 -6795827 -477385.125 559809.625 -2549230.5 954377.9375 -7377817 -2702752.5 1711203.5 3488442 -3193778.5 2442933.5 -837914.0625 -3185192 2549308 -3092768.5 -1471270.75 -4802836 2843713 -1694741.25 -859114.125 -141207.90625 -1877907.5 -2932005 -2183578.5 -4860407 -1678600.5 5202440 -1427652.75 2159624.5 
-373848 2911435.5 -920337.3125 635499.9375 1941938.25 658729.9375 830564.3125 -1824241 -710132.1875 -852981.5 45520.515625 -2328983.5 -1648201.75 1488995 -1807770 1040461.5625 921627.25 -1441951 2205556 5052820 4103524.5 -835027.8125 2938666 368728.6875 1727065.25 1262723 1933521.5 -827967.875 4476474 -2358773.5 904859.6875 1909081.25 -3316129 625535.625 -2084305 -756912.3125 1449933.75 6227381 -2000670.25 -1870153.75 5765711 -824003.4375 -511969.0625 423165.9375 -1024940 1266847.25 2571199.5 616185.1875 -2744957.5 5489307 -4549034 1288556.25 517871 -1320760 -1487586.5 8120207 770814.8125 5181453 1522610 -1555466.75 2122209.5 -1546370.25 -1451848.75 -2272546 
-3744020.5 1589972.75 2363387.5 -2154465.5 2641220 847662.5625 -3197073 -141722.53125 2930418.5 -5520991 -1575462 -4576019 -2964666 5541879 4848276 4350960 2368463 -2812556 1694504.25 -1605123.75 69550.4140625 -1139983.75 5436620 853702.5625 1996081 -737130.5625 686887.0625 1266704.25 1598555 -120027.375 841923.125 -782841.125 -1316343.5 -1896553.5 1368059 -1757379.25 -1797007.5 -1580203.75 -2377747.5 5950948 1651126.25 1503196.75 1273750.25 785070 -3183468.5 1595392.75 2042649.75 1000181.125 5952598 224295.65625 -4870090 -1322549.75 727216.5625 -511970.5625 4560838 -1491472.5 -354519.9375 -2999791 1314062.25 3158886 -1606171.25 -3241329 341199.25 -4148759.5 
2815957.5 -1261608.25 -694128.375 379102 -4923976 1234327.25 -2029842.75 1978982.75 -251663.5 5196005 1467962 -2479558 -1050862 -3259381.5 1889623.75 993606.0625 4626767 -1264272.5 -3150067.5 2303738 -2316830.5 2950700 -438793.8125 -3500070.5 223757.21875 2649846 -1507711 -1958920.5 -5111587 1693142.75 1835941 -3235972 2898727.5 -4809470 -1158703 2661308 -4790106 -1762365.75 1256383 -1815048.5 -4139662 -3596686.5 -1490783.5 -2866875 -244413.390625 -628086.375 -51932.5703125 -4340280 764733 -3528079.5 -611174.625 18273.28125 330471.5 -1734858 241111.09375 680444.125 -4604607 -2128245 -4349518 -758439.6875 -1703416.5 615397.375 -5183990 -3375207.5 
2580888 -3148481.5 1495362.5 -958157.875 2361518 -1952320.5 548746.625 1415874.5 -120773.5625 -4084926 -2398206 -206222.4375 -1837145 3430029.5 -1091052.75 2282664.5 642904.1875 -3168413 684796.375 856854.375 -358993.5625 -3350677 1288633 2032451.75 -6166277 -3020690.5 654298.625 1993019.5 -244625.21875 3906390 1381988 824398.375 846591.9375 1236265.5 267822.03125 4411577 -1903286.25 -2963997 1474214.75 3876785.5 -208555.796875 1023338.75 4940052 -1258144.5 39083.0625 4348738 2078780 2008276.5 -1895081.75 2581016 -1549104.25 -4992291 1056521.5 -4202025 -1096541.75 1047996.4375 -2587512 392827.03125 1359860 -4974652 666536.75 1347704.25 -35968.234375 2802244 
-218396.96875 -4111674 3749766 1677454.75 -2148275.5 -3624958.5 -3565269 3979055.5 -1461864.25 3140922 484391.25 -229649.9375 1388270.5 -2109328 197353.0625 1033304.0625 2916652 -298343.4375 -1075207 -1448125.5 899071.1875 1140503.75 -292653.84375 489251.0625 -99614.5 -2501627.5 -1951608.25 -5511961 683960.125 1053076.75 -1891987.25 -2339579 -1535682.5 47279.875 -375669.375 -4030164 -2506961 -1135386.25 -5433266 -548831.6875 -874686.4375 1858714.75 2461474 -3948402.5 2213296.5 693723 1810115.75 -1392404.5 1399219 -2400998.5 -3416077 1185723.5 -1306026.5 3288299.5 2948380.5 10600.8125 -839940.5 -7233731 640236.0625 935458.625 298567.59375 -1900125.75 -940594.25 -2389218 
-1114856.25 1472896.75 -294422.8125 5965985 -3475763.5 2169635.5 41961.390625 -2861101 -1564673.5 1517754 1197890.25 -4163213 1692079.5 -2095413.25 2915223.5 299458.5625 738774.1875 1267941.75 -4460959 1563980.25 1094136 -1394827 3221187 -623373.6875 988940.5625 1941414.25 338346.21875 953310.625 2100393 -3133779 -4204104 -1102784.5 -180315.8125 -236730.78125 1092299 -1597692.75 -2706770 -3147714.5 -358647.3125 -26843.9140625 -2155734 1484717.75 -4306189 864016.0625 -1688852 285059.78125 858687.125 1763816.5 -1139531.25 3264179 2957052 -1192345.75 -2430014.5 3105483.5 5473645 -208495 1250184.5 408373.03125 -3491864 594979.875 2473506.5 921209.75 1438359 2053625.5 
-5083330 118723.1640625 588829.4375 -1790291.25 2755876.5 2014714.75 -2345318.5 -5532982 -3617242 -473377.5625 2232418.5 575685.5 -2327803.5 1581285 2937536 -3323717 -744491.875 -2845476 2934877.5 -1637997 1800369 1152102.25 1549014.75 2040649.75 -3123093 2817571.5 -2006712.5 3104704.5 -3397843 -1093622 -604041.625 5876589 -1745232 2774866 -1429136.5 -928250.375 -57436.359375 -713181.0625 2073867 210203.0625 -3738225.5 -35219.59375 512666.9375 895399.5 2957937.5 4570787 19519.265625 -2970885.5 -1192065.5 2216513 -2964600 491253.4375 -387041.09375 -1758989.25 -293487.0625 1496754 -2590448 1940065 79357.59375 -1359293.25 1950734.25 2552681 -1150367.75 -2083064.75 
