16 16
63096160 -54541568 -194672896 -13879008 278214656 -342556672 -64394592 -137210432 -31852536 6264008 131829504 -219919872 -137915008 317902336 171301440 83970496 
8348912 -135136128 -75945408 -14277184 5131576 -503464 89936352 20407944 -114247200 47133584 112300992 98565440 146380736 -33811392 -90044864 152129792 
-123403616 -210506752 270991360 151073216 80938816 213522432 186901440 166070976 -105924672 116951296 91149408 -1071048 -100605984 -99927424 -23120304 14896704 
-130093376 78118208 -43881584 20679248 23977608 35178016 99526816 63020112 144391296 86671296 3589556 -57397584 -127339328 165373440 201237184 -29584808 
17240368 -132197568 -1010480 87703488 -94487872 91844384 49998464 -51582720 -131199808 -155411840 60504368 183664576 43608880 -188603776 -139005312 8835952 
126703520 -115334144 -238667392 173663680 218827520 -102366336 -118318592 -166552704 -337316864 -111596384 215020608 55479856 -17527928 -36809328 -37995712 -56244000 
144417088 -14933960 117191360 -38180880 91565824 -130760640 -196295040 49519312 -116268992 121996736 -298781184 71349440 10480660 122178432 -109482336 -330077696 
-251705792 262341632 61618720 -233742208 -70233312 46701056 -33151440 100231520 59576336 212506752 -8444762 -185146880 -83689376 82390240 125836480 121275648 
-172286784 -13122696 155323072 -123317760 150198080 2345392 -5530928 92930400 -87660768 43805824 185226048 -161713536 49969408 111040096 -193440640 34743152 
-36456080 41040544 5327584 -29150720 -101544576 11486464 10445456 182140544 -33637200 -83836928 89710240 118012064 88412384 -43539216 -56249264 -8044000 
177437888 -24815408 191929472 -28012384 -123002592 59075008 -172775424 -129647104 82640064 -75370528 -66312416 -158849792 1261436 100676256 -274046976 -9384768 
-162407744 -60253472 -110037440 87318560 -40098672 76173088 157634368 108571584 -23258144 43674304 -67171328 -23573952 -59510144 177731328 78480768 -71844544 
134561792 -280369152 49403472 183344640 149223680 -174820416 -106675968 81342048 -208491904 245945856 -215942336 -84669696 -93663840 132739200 88607328 -104227136 
-119801920 -71545920 90219904 -178636416 -331530752 184090432 95246528 96299040 -69589760 102948736 75739072 201310272 -49322272 22285968 -174299008 -29247968 
-90999680 224210368 33989600 -126517632 -12788610 -87030912 -55157008 139368832 83779392 157708416 -339008000 27485256 108570080 88134976 98400896 92937536 
-124352960 -28693432 -159648256 78198304 -72217632 81030816 67540864 128880576 -187039936 109396800 -91346304 -33081576 -51889008 175465280 94033440 -25306848 
