16 16
-0.6144466213882 0.50423946976662 0.422198375687 0.11108210636303 -0.16496572829783 -0.39079247042537 -2.1413824558258 -2.4991961866617 3.2751932442188 -0.54602758586407 -0.73403299972415 -1.0522856339812 1.6600481122732 -1.2604346051812 1.6898036375642 -2.0393072962761 
-0.51779563724995 0.98672684282064 -0.47710923291743 -0.7151058614254 -1.2794959694147 -2.1082373708487 1.2013468742371 0.57813509553671 -2.24022808671 0.48991717025638 0.18195350747555 0.71124386042356 0.15315082669258 -1.1665511503816 0.41132466308773 1.6500259265304 
0.78831990435719 2.0304398834705 -0.89588229358196 0.93978285044432 -1.6571609228849 2.6802243441343 0.7520146407187 0.73561805486679 -0.13800760079175 -4.9747258722782 1.0313799828291 -4.1041789054871 1.9077824354172 0.31470099464059 -0.67110241949558 0.078243057243526 
0.91268373280764 -0.19409511052072 0.049183312803507 -0.49425193667412 0.75801981985569 1.8328384906054 1.039227373898 1.2910703867674 0.43261126242578 0.027966644614935 0.81141106784344 -1.3544751778245 0.12883757986128 0.79828971996903 -1.3597330227494 -0.48024718649685 
1.3557127267122 -0.041015104856342 0.1307137068361 -0.067460265941918 -1.7218013852835 -0.47129681333899 2.6930574923754 -0.19329818990082 1.2794084623456 -0.49644028395414 1.4997968375683 -2.0138330310583 1.060710132122 -1.0065096765757 1.0916114449501 -1.1017019301653 
0.015100085176528 1.2890429496765 1.030976742506 -0.30065789446235 -0.77879581972957 -0.28852048143744 -0.71704642102122 -0.18403878156096 1.2205956578255 -0.058467444963753 -1.0647616386414 -0.010529477032833 1.5652823224664 0.51637563854456 -0.28011432662606 0.26111094653606 
1.9013207182288 -0.9971118234098 3.02552485466 -1.4939256384969 0.26515525206923 0.6195567175746 3.0818662345409 -3.4261441379786 -0.9287697263062 2.9873596280813 0.6843060106039 2.1411529928446 1.0910515859723 0.51325015723705 0.56891074776649 0.75028984248638 
2.1820728033781 -1.4860196262598 0.55362705513835 -1.2428767308593 1.6499753594398 0.34054848924279 -1.6209468394518 0.88956084474921 2.6696859449148 -0.76109582185745 -0.96735598891973 -0.3657350987196 -0.5912133641541 -0.16056177951396 0.22817425429821 -2.1146331429482 
1.8483463302255 -0.44016020558774 0.81336959451437 -0.53537824004889 0.83282938972116 -0.29646394588053 -1.4905934631824 -1.1548992916942 1.2308776974678 -1.4269136786461 -1.2141693532467 0.33444939553738 -1.0172918885946 -1.5804026722908 0.25330886058509 -1.6859643086791 
-1.0580942630768 -1.0150798112154 1.8531471118331 -1.4202543646097 1.7613845765591 2.3099713921547 1.5268002450466 -0.6305527202785 0.55214081704617 1.2096819654107 -1.6857904568315 0.0051120952703059 -0.36840186454356 0.88509587198496 -0.86583629250526 0.78028076887131 
-2.3826911449432 -1.6215559542179 -0.1071797106415 -0.10783662181348 1.0708444938064 1.3232356533408 1.7919707372785 -0.59843938797712 -0.64174086973071 1.363021582365 -0.033019136637449 -0.34247059375048 -0.23262763768435 0.45607259497046 1.5555955171585 0.91876765340567 
-1.5324563086033 1.555691793561 0.62800849229097 -1.1599196717143 1.0645122900605 2.68767619133 1.1317635178566 -2.976081520319 -1.0400565266609 0.29663490876555 -1.6803097873926 0.54866331443191 -0.063867449760437 -0.1551564168185 -2.0778647959232 2.3511896431446 
-0.24648889154196 -1.1355897039175 2.2736681103706 2.1058745980263 -1.1799343526363 -0.58402156457305 2.6341115087271 0.56924976781011 0.22635731473565 1.0012788921595 1.0726418495178 0.096757390536368 0.34995104372501 -0.5555601939559 0.9379481561482 0.56559074670076 
-1.1242657154799 1.9771661162376 -1.5564535856247 -1.3597468063235 0.15312579553574 -0.26295206695795 -2.4337757527828 0.6673841252923 0.22018013522029 -1.1385520100594 -2.575139939785 -1.349796526134 0.89752669632435 0.050032071769238 0.38582582771778 -1.4353604614735 
2.021428912878 0.91177268698812 -2.9236130267382 0.15078119188547 -0.065545659512281 -0.39060962945223 0.47942631691694 0.42474408820271 0.61820802092552 -1.4678231701255 1.9284694716334 -2.548041254282 -0.79515875503421 1.4433937966824 -1.0828826501966 -2.3158047944307 
-1.4871024638414 -2.436535358429 3.693899512291 0.67130480334163 -0.41100752726197 3.0009800344706 -0.4244020357728 -1.3938916623592 -0.50075556337833 0.7602419257164 -1.0805911868811 1.4714474007487 1.8309851586819 1.921355701983 0.33671990036964 1.1148110032082 
