16 16
1799072.5 -2758634 3313363 1383057.5 831707.625 1868783.5 -323398.3125 775720.9375 -2394990 -390673.375 -472341.1875 -1086968.75 935770.6875 -22515.46875 122902.1875 258617.34375 
-2600589.5 1604258.5 -1033355.5625 -548421.1875 -561400.5 -1026295.25 -1488500.5 -754589.625 -1895309 -1168314.75 -6821.875 -389631.25 1571724 -2011069 1985858.75 -86770.953125 
825408.8125 -2155418.5 -582576.6875 -1032136.875 -2525407.5 528227.0625 471585.375 2595655.5 -2118974.5 288251.03125 786458.25 -1505166 -859640.4375 -608639.3125 425687.8125 -604008 
-2440539.5 -340725.0625 -1649922.5 -204773.53125 -651816.6875 -284573.71875 176827 2064051.75 -2826739 -1956599.75 -499080.375 121920.625 1627876.5 -708280.125 -451196.25 1062899.5 
3188993.5 -1701081.75 2422785.5 1915140 2469546.5 141581.09375 1089003.5 326328.46875 3786715.5 726687.0625 219623.453125 665084.1875 -1656417 2062763 -2141730.5 43445.640625 
3203186.5 -2835478 2647316.5 -2159632 -950642.75 443900.375 811804.5625 2007268 873684.0625 1453483.5 -878787.125 -477786.0625 -3701141.5 1436945.75 769529.625 266032.1875 
1139750 1156947.75 -772824.375 1995429 463311.0625 1938892.5 1279833 -268728.3125 -850379.1875 704758.8125 186479.9375 200152.75 609760.25 448847.65625 -189908.03125 -442512.625 
706243.375 -1974214.75 -2160396.5 -502788.5625 -1369453 826864.9375 1004597.25 565788.5 -657520.5 -1152131 2447482.5 -692237.625 -931866.625 304821.1875 618432.625 801971.875 
862697.625 339425 -1813913 -1216282.25 -950986.1875 2059973.5 436502.6875 -816390.8125 -1299431 -422880.09375 1733208.75 -45405.796875 -148587.3125 -1257894 500565.8125 28980.375 
1188385.25 1121679.75 859694.75 -679122.4375 -899791.25 499120.21875 412410.625 -444021.25 1983306.5 637871.125 -465635.8125 -197837.9375 -267751 522743.4375 -811654.125 508405.25 
766700.3125 88677.609375 736612.875 -23082 420668.1875 1623073.75 1204649.25 2039827.25 -1525107.25 -351203.125 -1150659 892295.875 -1637072.75 823752.3125 1846610.75 1038871.9375 
658058.3125 -460838.8125 -911649.8125 1685080.25 645942.125 -68116.7265625 445707.875 -58136.84765625 -386433.90625 306289.53125 1658297 -645003.0625 -866042.75 -71780.140625 1946567.25 -1524545.25 
42152.71875 162557.59375 -158626.921875 248513.9375 403709.5625 -1305298 462908.15625 511619.1875 234154.015625 -1154584 -86430.6875 -1323529.5 237541.0625 -711992.375 -958385.625 -479726.5625 
884254.25 -408817.4375 951461.125 777811 -1002234.6875 381911.03125 -545425 643013.8125 -1892834 -630411.5 -395765.3125 -2550558 1990087.25 -665801 -1144406.75 67784.734375 
3164807 -1895277.5 2506419 -1092419.75 909003 1411588.75 356494.84375 542402.625 1086096 1102681 -776539.125 -531394.8125 -1757612 796154.4375 -858141.625 464496.875 
1539364 -268687.1875 -372456.875 3524384.5 495160.09375 1460888.5 1052165.5 918986.875 -1480123.25 -550653.125 949794.5625 -1143560 968091.6875 533116.9375 -66270 -38060.703125 
