16 16
64.13634967804 -32.56120967865 271.87297058105 -139.8532371521 -61.363370418549 241.11059188843 107.42760467529 144.8707485199 -89.45908164978 110.40292739868 268.4457244873 20.135190248489 134.46022796631 -92.772891044617 -94.242688179016 162.15423965454 
-56.207353591919 241.48110389709 203.50975799561 118.27848529816 -129.01352310181 -187.37022018433 192.69832038879 286.5004119873 25.587371349335 -195.58588981628 6.9961289763451 -160.86826705933 173.79707336426 46.71190071106 -58.420755386353 -195.7497253418 
60.598797798157 138.82754707336 122.28050136566 -102.15849876404 -42.526545524597 -164.12838554382 -72.328817367554 44.032074928284 12.8904504776 146.395362854 133.76957511902 -98.000675201416 79.032958984375 32.441112041473 -234.36706542969 72.57587146759 
-137.97783660889 220.1017742157 25.88161945343 33.306891441345 40.439898490906 -92.141815185547 -128.39612960815 -46.262897014618 -290.08821868896 82.963863372803 -46.78376865387 123.50863075256 -11.591176986694 -151.64022254944 -101.10697841644 -84.935638427734 
163.78260231018 -65.933844566345 180.35091400146 -21.393236637115 9.6230636835098 68.598543167114 -28.487589359283 -20.431565284729 -158.13380432129 5.8370668888092 38.218490123749 -65.897130966187 20.858838558197 16.782928943634 -259.12793731689 29.635670661926 
-27.438644886017 31.398114681244 -40.48609828949 -169.55614471436 -25.875872373581 -87.286124229431 -6.0353276729584 -297.46212768555 228.75860595703 114.47857093811 -97.674634933472 -43.758222103119 93.551708221436 59.372831344604 -41.150931835175 111.59571361542 
100.23331642151 154.22806930542 5.5486078262329 62.815010547638 -172.23750114441 124.69925785065 -285.77519226074 -294.43626403809 -75.343315124512 -280.55438232422 -109.29838275909 -92.16508769989 33.523454666138 28.545705795288 -5.5803263485432 18.483253002167 
-140.6248664856 166.80382347107 -65.630735397339 -7.9541719555855 -87.19794178009 170.60801887512 -157.84537124634 -202.25818252563 110.49539089203 -50.372932434082 28.312223672867 0.36998730897903 84.3968334198 -19.048657417297 58.635659694672 106.98769950867 
50.402348518372 -196.71211624146 -170.80068588257 152.17413330078 103.71887969971 -269.56377410889 71.341379165649 -11.978123009205 45.453898906708 -10.243082046509 -254.46533203125 -158.89211273193 -121.07339477539 213.83168983459 25.261038780212 -193.43012046814 
-32.829934120178 30.995815992355 -12.079730033875 170.90902709961 -153.52591323853 -49.551600456238 132.41835784912 182.61405181885 82.567496299744 210.54763221741 17.057315826416 -262.56211090088 115.69068241119 115.78993701935 -249.03073501587 -279.35876464844 
-212.28674316406 353.42336273193 137.28056335449 152.53210639954 -84.08899974823 -158.58588409424 153.45104980469 -28.374815940857 10.118187427521 -135.61277770996 -205.90709686279 6.5933473110199 290.59491729736 -92.927567481995 81.169738769531 -92.189695358276 
-44.205055713654 -5.1659718155861 159.13212776184 -31.853343963623 101.60714149475 21.860594272614 97.043399810791 -35.036055088043 70.277744293213 -98.415037155151 -204.1513004303 15.739929199219 52.95565700531 -106.75874519348 -32.501467704773 231.35206222534 
222.13716506958 -96.421173095703 -0.23093605041504 56.591404914856 33.773097991943 86.150720596313 -151.84868240356 44.460230827332 -36.136432647705 -173.04761886597 109.69379138947 88.013805389404 -84.51805305481 187.58852005005 -93.421113967896 -65.912418365479 
65.786425590515 -92.522992134094 -280.93216705322 212.7421131134 122.76891613007 38.91268825531 -129.94319915771 -88.711107254028 -27.147119998932 -95.17741394043 -2.8870394229889 148.94962692261 -216.13951873779 118.2593536377 74.359329223633 2.068412065506 
78.20756149292 -97.734746932983 -191.50839424133 80.128134727478 -9.9601213932037 151.37708473206 -6.9532070159912 1.0046933591366 162.63501739502 322.83906555176 174.60606575012 46.788977146149 109.91691589355 -13.408725738525 -221.80235671997 18.532781839371 
29.473337888718 -68.4516954422 -371.6911315918 17.685981988907 -56.523987770081 81.586247444153 -285.05039215088 -135.21601486206 -38.060676574707 -11.019443035126 -30.438024044037 194.46242332458 -167.15816879272 -28.946600437164 309.36995697021 -164.86149024963 
