16 16
-18613.92578125 -25765.1640625 25919.19921875 -17173.021484375 12033.518066406 14822.372558594 10796.819824219 18316.766601562 17187.1796875 -11788.965332031 -4230.2678222656 -8259.0092773438 6137.0490722656 8487.9594726562 7882.4765625 25449.64453125 
5851.306640625 -10401.123046875 10357.022460938 -6337.9868164062 7651.6477050781 4728.9279785156 1391.2833557129 -11013.342773438 22816.896484375 -1401.4575805664 7308.8740234375 9100.6401367188 15136.281738281 4587.0649414062 -1356.107421875 16565.688476562 
-13133.975585938 -3335.9453125 25952.640625 1243.376953125 4529.7548828125 -6531.3022460938 4711.7744140625 -989.91638183594 -3742.3657226562 -17999.296875 -2112.7152099609 -35280.2734375 4736.6684570312 6555.2197265625 7240.6772460938 1759.8413085938 
-1570.4689941406 -2236.104675293 6404.7451171875 -1885.0957641602 -11712.181152344 1694.028503418 17264.609375 18427.62109375 -793.87786865234 -1140.94140625 -20025.532226562 -27864.59765625 -4822.8020019531 4744.33984375 -5707.5900878906 11513.388671875 
4027.0688476562 -7617.814453125 -5065.1184082031 223.75561523438 14369.243164062 -8861.4741210938 3372.5329589844 10402.142089844 9327.8491210938 13142.113769531 19465.94140625 17176.677734375 7274.0903320312 -8415.888671875 -1551.423828125 16708.891601562 
12089.222167969 -6367.3173828125 -3794.2236328125 2225.2073974609 -22705.372070312 1088.2602233887 -6447.3444824219 -10818.062011719 -10193.262695312 -27669.006835938 -9312.5541992188 4904.0158691406 21581.879882812 -3507.7250366211 331.11047363281 -2562.6710205078 
-19379.014648438 12210.372558594 -15057.06640625 13981.10546875 -21135.495117188 -13678.923339844 -2182.7801513672 14459.240234375 -4408.1918945312 23141.768554688 -20762.603515625 -22324.233398438 -12631.910644531 18888.499023438 8118.4055175781 -6830.7573242188 
-21602.153320312 -19378.3671875 334.27581787109 13023.288574219 -12271.501464844 -447.38885498047 5974.9946289062 37430.5546875 -3591.7991333008 7174.7119140625 -23929.115234375 -21097.87109375 -12653.366210938 6562.9760742188 -2935.9185791016 5040.1245117188 
-18182.950195312 21047.799804688 6228.1662597656 -29116.591796875 10232.494140625 -1755.3391113281 -10916.3046875 -6654.2329101562 8839.4423828125 99.31982421875 4647.5434570312 4794.3359375 -17183.782226562 5419.4077148438 22617.759765625 -16751.044921875 
-5963.9914550781 15502.337890625 4753.1672363281 -24736.352539062 19757.731445312 10077.76953125 -15973.646484375 -6577.3684082031 -287.48516845703 -10153.873535156 8057.1748046875 8153.376953125 2469.3575439453 1051.8922119141 16938.151367188 -15836.255859375 
-6293.7658691406 17177.0078125 -9350.7451171875 -5045.7456054688 3611.5438232422 -3891.5755004883 -5335.1259765625 -282.18664550781 6149.8237304688 30248.063476562 -4734.5617675781 -12830.572265625 2608.2205810547 16980.749023438 19883.696289062 9074.5864257812 
-5336.3884277344 6302.6579589844 -13968.76953125 5475.5451660156 -14930.282714844 9093.001953125 -12334.049316406 -457.43502807617 -1780.0820922852 13349.693359375 -3851.0120849609 12969.287597656 12654.603515625 20461.85546875 2676.8914794922 8677.396484375 
15276.928710938 407.52545166016 -5325.0895996094 3123.3608398438 7786.755859375 -7386.3527832031 18633.2109375 -18979.666992188 22124.283203125 5055.3259277344 16940.985351562 19767.899414062 -14142.506347656 -6149.8422851562 -19360.486328125 -1871.0827941895 
288.021484375 -14931.435058594 -16258.348632812 8978.1118164062 -9415.2016601562 2752.6311035156 2365.5148925781 15058.801269531 6905.0708007812 7769.4609375 -5375.1303710938 24282.166015625 -13629.473144531 -11888.319335938 -20560.751953125 8413.1206054688 
-3174.626953125 7155.3227539062 -4677.9741210938 20751.705078125 7427.7294921875 3730.7795410156 -3897.5982666016 2605.1235351562 -9886.236328125 16701.639648438 -10277.654296875 -31986.392578125 -9763.056640625 13482.037597656 -9025.0756835938 -4189.6474609375 
8325.4072265625 4058.5140380859 5145.03515625 -15097.467773438 6387.0297851562 -11159.377929688 20514.565429688 5757.2836914062 8603.2377929688 -8551.3369140625 4114.5849609375 -7967.4392089844 -8714.9916992188 -11844.471191406 866.5597076416 -4840.7163085938 
