10 10
-0.61190143233278 0.68877122998351 -0.15976208680882 0.43369482328358 -0.58455496878784 -0.17347322648423 1.6545963806961 0.79678989498509 0.3561164628014 0.93495386729085 
0.25477686995313 1.4673994941069 1.5646754721465 -1.1837890112777 0.24631114897551 1.1746718364294 -0.26853847790529 -1.3106930213183 1.7057413474207 -0.77074570946503 
0.43884081506391 -1.1339050605966 -0.96843612744477 -0.89087019511158 -0.90567087413374 0.059224074577518 0.60153503261966 -0.62112102538848 -0.51491927782208 0.22989823750019 
-0.23215219158374 -0.014485055893765 0.7566417011966 -0.42412558831552 0.60227296086424 -0.29235111351967 -0.90652506349067 1.3226298561682 -1.3003222352247 0.47471830875467 
1.2889506317319 0.41639554689848 -0.29356381844466 -0.34270569890684 -0.45992976461784 1.0825567185159 0.32992972898696 2.7439509634639 1.1797682834249 -1.2299107317291 
-0.5930727271337 -0.046206287453632 0.58348417585903 0.095107720120725 0.70139369710487 -1.64196810965 -1.3140533966974 1.3826671781942 -0.78287238603598 -0.63836476208573 
-0.79977306154686 -0.1114097515591 1.1948919322132 -0.66768013897859 0.32652761718527 0.90359772837105 -0.6022733275543 -1.87782759021 -0.80774478538064 0.7697561822673 
-1.5441925227198 1.8818383689426 -0.23489825598995 1.3031873809321 -0.65223488882646 -1.7318542257514 0.96933928481551 1.540060432164 0.86357375047208 -0.53493342160262 
-0.28772870950647 -0.91324388665881 0.23190946622735 -0.40587293742048 -1.006267439643 0.60539236071274 -0.16533261370149 -2.7727207889523 -0.62666727315607 2.0714613294356 
-0.411263359371 0.11538106241765 -0.0064965571090406 -1.425020625361 -1.0437873920338 0.62696129217636 1.3412309309295 0.12107586930289 0.52562904035136 -0.81008465922611 
