16 16
0.46319477348493 -0.66925673486057 0.19129928149544 0.66354673943442 1.5672333900097 -0.83266184067895 0.22532858277773 0.41299725409375 -1.4051144417193 1.1354678024594 0.4937664629775 -1.2873767684745 -2.8295861273014 0.72300886012665 -1.6365842262329 2.2391740238022 
0.495836704376 -0.10864004073084 -0.08131956723818 -0.60037553553036 2.4397965018312 0.94596108994908 0.67691122129503 0.94365195072606 -1.5128004287407 0.3632710954328 -2.7884563631767 0.070877219062392 -0.581537783924 -2.8264415625245 1.1474105615896 -0.32626052620155 
-1.0527902129791 -0.55879684787983 -1.5103655104611 0.053380944210405 -0.85311248680392 -0.60834489402643 0.86798820339374 0.63787454191522 0.26076768990667 2.1294851469287 -0.73682601650836 -0.10536429624444 1.5055395453952 -0.08535261471575 -0.19667079033235 0.32731046382819 
0.57984887754297 -0.64031656080257 0.22522356826592 -0.060713140253494 0.13108572711585 -0.53277969030171 1.6077586843835 0.065916368789486 -1.8894422213036 -1.0212847089545 0.32506009366923 -0.056107450004517 0.07205372902708 -1.2222585558051 2.0201388498757 -1.2083178877124 
-2.6968214911516 0.2796494165101 -1.22684027897 -0.17598770252695 -1.991693822479 -1.995834197279 1.0747308079539 -1.01194050179 -1.7190250189093 1.8389598120465 0.47214886557687 -0.027955039467465 2.995650241025 0.8649115787369 2.6961601696587 0.6798592645425 
0.15487563963499 -0.83085007225016 -0.29801293431876 -0.54533950704237 1.309940425207 -0.47531539794721 -1.6175329292376 -0.096592120362398 -0.10902830594761 -1.5531698168336 0.36497615669997 -0.033942957368256 0.032136477705352 -0.62000334224924 -0.44535451700748 1.1235186853027 
0.83555014904238 -1.4935425238315 -1.5112167984989 -1.476557383049 2.9987226581814 -0.94112049944978 1.203085433063 -0.22535068352546 -0.45275054481917 -2.222333019537 1.8019584105802 0.17432404233482 -1.0597297004794 -2.9187210013932 1.8800149026928 -0.83531401878164 
-1.0724654419635 3.5247906166055 2.174125101523 -0.71550329548972 1.2450595121115 1.736908090684 0.50412821712237 -0.63118919360459 1.2586060015682 -1.8831991704016 -2.6432749839121 2.3104278781376 -0.30795426879365 -3.1405473795391 -0.9857730217087 -1.7277746285537 
-2.2938073969229 3.5941928365077 -0.034134757143039 -1.011298579512 0.51092672204043 0.83032536283392 0.64023935420964 0.63168540079195 1.8631986245752 2.11210756019 -0.67527935147079 1.0968800922232 -0.85502162833508 0.69845139556462 -1.8700155211793 0.78904889126939 
-1.2056198666372 -0.18713214887801 1.478594679041 -0.25525509829163 0.21663282447445 1.7711027018994 -1.2709682729951 1.6251874605045 2.6962705988798 -0.71045064982402 -0.17258563337111 -0.33487909905028 -0.35604765216607 1.853031400982 -1.6422424570784 0.77565913946682 
3.3548237372356 -3.0031867658849 -0.42995857774558 1.2675634741138 -0.21956702143505 -2.5748263689329 -1.4877062285092 -0.29654252782085 0.50875094432787 -1.3275682129289 1.4751626926435 -0.29986162121769 0.76142459050753 1.1549516136066 2.3784895541368 0.15980813311084 
-1.5241836672291 0.57034949236876 -1.9574205726957 -0.299717645423 0.26846270732156 0.059126217214733 0.12231858375987 -2.094783428223 -0.35339697652821 0.21034873056404 -0.7469141032709 -2.1627391529085 -0.9522388200745 -0.81392877535713 0.6907054451755 0.59658744705028 
2.2415472867067 -0.18568106060932 -0.53747627842488 1.1721724599512 0.591005734099 -3.1436087177777 -0.80388217443516 -2.9213120581509 -1.4222643708251 -0.91176072066378 0.31721292886108 0.07313325263073 0.057076937192097 -2.184525568584 1.5398433587411 -0.55862296448231 
1.1253466380549 0.72439659379414 1.5842526388317 -0.242563533357 1.569549814823 0.48782781601283 -0.7629907748997 -0.80324592639875 0.96788467080216 -1.5057873061987 3.3396866540854 0.5451339604662 -0.99372082282776 0.26950744752607 0.0018881303204807 -1.5091912426129 
0.21318206981697 -0.43066390392525 -0.43078101292612 0.84164397957129 0.37510417332411 -0.97396091715308 -1.2008290195094 -1.6063994888847 -1.4346645064542 -1.6297632961658 0.90557326358684 -0.55539379755364 -0.62208471278863 -1.5016899219156 -1.0976492360309 0.87615237632427 
0.50360003472776 0.13000214591175 0.24154056385559 -0.53950119304954 0.44329591466787 -0.6706507840615 0.59464027108037 0.85065610455021 -0.2012131535848 0.29210310797069 2.0121654464628 0.14704788492777 -1.4118127603322 1.4917766667318 -0.36859169005623 0.2983683188287 
