16 16
11250.959343693 -5785.0946231137 -12224.034092006 4433.5277887275 19145.768707121 -9590.1577794768 -6955.7180358483 6625.149460879 10641.984494011 13363.866318296 -15579.244380431 4291.0940430929 15303.1566427 -4313.196230393 -11577.97197194 18453.177084765 
-16257.009013604 -17350.324443229 9658.1792601048 5583.5330464388 16315.498547939 -10912.124380312 -4709.5383304126 -9441.299122793 -4809.9673004719 -8638.8393527472 17043.745072465 12416.271377909 3978.6249964642 5366.5827732563 16978.655672677 -2940.8605550342 
4692.6006145409 19442.428605565 -31578.306217252 -5277.0491310298 38407.883284808 27565.979013187 -20749.250849853 -5593.0000625157 10947.426604463 1311.2801482275 6092.1532691717 7529.6210739737 -6604.2041268526 -10045.305520032 10026.720730616 -17786.014078968 
34349.754255774 8796.2258461078 -14048.963392717 -9168.0721987771 10416.084634618 13915.665109027 -7141.8656437734 10109.048018982 3919.6006744293 -14227.703950158 -13711.673415512 -4957.7498060418 -5753.0361532696 -15440.420013748 22261.717040311 -10022.189371062 
135.14430907571 1707.4045218876 6425.1816509145 -1448.8055174541 -17270.705536911 26832.25641705 4267.8922751441 -10201.682410805 -17512.15465478 -16536.8810834 -3922.1676447867 -509.46772783344 -5399.9875403937 31493.597296454 -11038.68743668 -29259.317669189 
-18866.94507539 4683.3234617793 20173.08116426 -4875.4615716765 -34516.745635754 -3955.7715574188 2186.1886313311 -19123.286032692 -11907.323218573 -11905.504509401 24110.947421265 -7094.3769616243 -12698.652878389 15969.0862646 -12120.700464894 -22292.997255405 
14675.030998255 -2059.6573493514 -680.19739742287 7498.9883031024 -3070.882263902 2711.9042489334 16823.410693157 8918.2374210099 -2027.8414366701 3500.128095394 -4714.4402934039 -20559.343445761 23563.004987641 -13680.482488271 2942.3103318548 21120.973985741 
-4071.538080852 1175.4943452195 36304.382870052 7784.1892502476 -13635.205144575 -8500.7035354404 11530.57830633 -10657.571972279 -10797.756345199 -29891.169897155 15892.328244803 -19304.223314392 9164.256751673 7005.4253010562 8835.821315669 56.256048870122 
19606.112289644 -18979.675334184 -3932.1495812766 12884.0232382 10115.212812316 11314.823424118 -18188.472733171 -1084.8081433179 -4647.5263039895 5025.8233516576 -9581.9747971585 22476.542283368 -7310.4311219448 -3912.1520072935 -604.02454352868 2597.150967547 
24904.436088934 9620.7145687611 -7832.5378142609 -28.067762471893 17082.021180016 3455.4870927106 -6656.2228031871 16626.406519188 12596.471487495 -25125.330070779 -2511.837639235 1209.3170989672 16000.907619766 -20564.576416237 -6082.6615568715 18030.260188583 
13246.730184897 -13318.524738775 -3122.1283236291 8544.4677059718 6015.5216954979 20406.476727263 1660.5442358085 -17570.225981358 -4229.4404369319 15715.58646785 8190.5681946821 -15406.251137046 10749.133549896 -7062.4908104305 24845.094043095 -7678.9025531514 
-6670.3464431544 13365.688994616 17186.107782314 4442.3156769286 -10024.075834071 -2366.7043341729 3067.9144855666 -4245.374263198 5877.7503116792 -4732.3172883945 4695.4734416526 -587.32597317444 8944.100851146 -18868.253270961 -7406.3595403191 13022.482839734 
-15400.229100507 -13240.027469097 -1778.5281978627 -15262.660347989 -17954.534836087 -2909.7180233089 -5612.7964735512 -708.12291951626 8460.0622987872 19136.79671411 -3233.0545186493 10094.014433857 11767.212064763 4324.7134264846 -14551.861092946 868.2538406391 
17404.892480655 -3701.3058126304 -6985.1026671139 -3944.4223213381 -6134.3883712163 -3794.0283629579 -1920.2011483839 11504.677126697 10562.80504832 15548.80491123 -8613.4053815047 5777.9005370196 1538.8952829604 -29125.186225188 511.74117010185 25116.495614466 
-7470.0278034457 24495.039193484 -7894.9434245253 1744.5243111696 32889.000260352 -7563.4379355517 650.10701973925 19881.834354882 6209.0404946704 -6824.7529238419 14061.144588544 691.51921251304 -6192.0611731084 -12506.730309249 11546.364885584 1042.5210494951 
-107.22240699367 -15085.252506237 20.289124034244 -19865.638175501 9365.6098405122 -14286.438449032 -16290.165007234 -11187.191355767 6732.5527016974 11667.144941159 10152.501049184 8876.2740215901 20441.741175632 -24120.860418494 8098.9317268983 3775.7326715923 
