10 10
1235838.4202953 -407918.38567228 443844.32513228 1267519.3037438 -228052.07976148 474228.5433994 -1529203.5375467 -160954.53268616 -868670.68003029 404842.13885535 
527345.74069235 -329974.46427731 -144730.0943257 -720627.12969394 -1766341.5855713 -292797.04141595 -785788.25308406 -652626.83413942 -382175.8403613 -3164185.6024681 
1716217.9832491 981167.53714501 1116289.2198866 -158911.7008164 155376.39656485 411170.78450017 -818624.795891 336560.84754922 -1772686.1465127 -1117668.4202338 
-30891.052378532 -36704.245011151 3955.4898150511 731335.87663698 351073.16190124 -231533.9655912 1054422.9113786 501630.90634124 1789572.1747483 1023753.6593724 
351836.08973437 1763114.7200895 3529.2247998851 -800785.29848166 -584577.17763078 -48200.978598958 -239474.60321889 -47738.566212803 1329607.704076 -1555472.126457 
524306.36059178 532210.08068214 1235295.8039035 -880036.29745968 1446286.6719586 283460.489327 350182.96337754 2613880.6495328 1679181.2255217 1270154.3879898 
1856304.3814367 1433140.2573339 443058.30966764 -276136.34835122 -990263.42689849 496585.96012722 -1775258.3492077 271473.48984645 877508.09663927 -1876291.2758149 
-630687.92217524 -938614.35149369 -20726.350515128 152911.4078078 194505.62208485 -379226.23428288 1266299.6905022 -202553.30725432 754340.00759094 130724.95130558 
1835196.6893271 -637743.19843135 1055079.5820143 -154496.89072237 -669959.336329 314609.82217931 -970115.77912895 973457.5377127 1079062.8371189 -1592746.2154203 
391029.78347208 -274080.2747309 234867.73492797 -932042.08386974 141089.9320624 -837738.1051687 623737.48443594 386652.21650855 -200801.99935647 -845101.46747978 
