10 10
-10333.223915063 3861.4643976127 4790.9454031274 -13925.04831044 -5237.5504479917 -8679.0122155451 -1878.1935278418 -21212.065099881 -924.21944511785 117.42565742881 
1274.7302501838 11021.618643109 -12966.783554809 15722.145465318 13449.440799894 12676.876645105 1876.2944368422 10997.993087469 -18344.831504536 -3726.8963303677 
4352.0473006642 -10685.135909113 7448.5233961429 19646.109479036 -5839.3785591256 7140.1739648077 -4556.8454097206 -17539.653744425 -5671.4407731975 6171.6318027519 
-5315.9454663532 -11334.632129726 7283.1969959533 8083.1570813568 -9456.272296018 10594.390342622 15190.648185878 -71.964187700751 1663.701484007 11465.371162208 
-339.80111759525 -11366.103165861 16625.093073948 -10039.220024609 -27006.077227535 8588.9914710221 8838.6803682293 -11594.780124749 17987.826069587 697.85886376599 
8095.3406878083 2886.0016828623 7090.3263825452 3348.9646673666 -14615.131499496 -6041.5598519989 9009.0654521553 -8144.1589106967 8353.8424520869 9579.214303664 
-1714.6193456436 53.111896613987 665.48109862888 -9516.9593078601 3895.3486042967 573.32355705872 11704.849889765 21764.482150914 11287.513649091 1077.9618853917 
6408.9983558779 6826.834357418 -7933.0550028517 7031.302438421 11629.383787942 6191.5112204271 -7006.2241978078 437.46380127531 -16094.619935187 3904.3735851225 
8032.1009182731 4962.1189012597 700.79291881321 -8072.3497209954 -18247.59984848 -3616.3833716989 3293.1503269098 -3880.7770463705 2421.6546353935 -7797.4957544416 
-13141.155963396 -13536.764393702 12354.160249487 -19055.876865289 2724.2189364597 -3688.5363426089 14968.00180226 5754.2270484263 6588.8390679788 11020.614708155 
