16 16
12884173.617269 -209803460.69232 -223222139.00428 -46278627.049601 -103542775.09152 -208942921.48774 80095576.656927 219055202.83648 -38182369.605125 -105098806.24279 -77652070.443692 35940278.539958 -185957569.33595 -166192645.93385 113875949.01025 266135081.14477 
54907813.151041 -103524318.80228 208159661.51767 11843662.765024 65077175.950761 164916020.79607 -107378271.83257 -388767604.40415 -3174883.1140054 20361882.880949 -168479298.59847 -258887936.30244 186655043.56467 242692135.57929 -72194107.244446 -187664742.00714 
8577646.9579867 -60078167.447816 56991464.1415 -68677036.327022 -8521402.9745442 -152898972.71473 10554648.183374 -140229228.07445 -154928932.7665 66560807.209656 -45091735.63043 -4854893.1343392 -16573480.488116 7342127.3655558 -116158165.83543 -62956682.333673 
-184136573.25592 108724956.3857 -161681747.07367 -60735630.248265 45231822.883713 31517426.674179 -42217783.265857 146234849.76877 20949028.27571 187117318.13802 -188544233.24117 39914898.011134 199512128.5942 -100878478.17776 95156720.369958 -235146956.80021 
-210019054.90415 91967211.58445 -112801443.17292 -69796156.385479 -4769311.5652616 -254707089.5993 -265586097.369 105753646.35194 -202517625.52657 -16731336.533155 45093412.823268 266791482.71152 -198196197.43559 -46825869.607632 -112539897.25796 -149066736.30101 
-92680922.357764 -123355221.46603 146194573.38727 -169115495.03315 -32840132.325705 6811845.4418989 -330188785.83918 -227884490.25658 -113783001.01385 -141159007.25464 -240759943.21013 -63436051.23106 -143360354.93109 254046995.96535 172044260.86026 88305016.199697 
41428618.100708 46124787.482898 170520861.09705 15396722.515891 -55787737.875409 -31469495.256951 46581044.533208 -49134479.732263 -30634361.906152 -48890614.428373 248074336.91133 -75897677.573595 -74246763.654291 -3323698.2669095 -238971993.12284 -909185.05368823 
68203283.057688 101835441.26581 -205722843.86343 124763125.93691 -190045103.18881 -90510593.065531 -91362030.967618 117296449.07668 63829441.862879 -157660767.71068 42286704.295484 109694717.88856 -106242287.36652 -39665979.588412 -95355766.534658 15847009.627675 
-121349207.24497 142948395.01828 -236425549.56895 -92940399.402779 115926812.12953 26728289.543824 -133296177.1838 41192099.838187 -73195170.268026 217497532.31902 -159459814.36568 145488493.4853 305794866.428 -114531366.84021 102024909.19714 -323239927.15168 
-218944342.85781 812662.7553953 98601764.971994 77643626.113602 -132300661.57262 143243529.30585 -201760568.00218 184403977.80281 213823092.58395 -129166160.77389 -2256813.9390391 1199204.7805847 -22898904.553047 114497551.80677 91768884.067421 -130813491.32171 
-132763020.19425 115382621.69978 235796163.35817 49117208.371696 -53528836.010727 30568763.763787 54965771.441004 26904915.326803 45897742.116413 24078692.632736 -104842474.86692 -147398183.92576 -104965605.42309 43951593.300727 121541026.08714 4574364.3655785 
-23634331.424672 443681553.26791 89631255.815849 -120106793.92411 -44420908.444436 71985516.423147 12517911.099954 -43482818.542643 62595119.613363 -182088648.02695 65199498.828057 107842137.54056 -54184005.479255 128536956.32208 -84690257.424665 186538765.12753 
-224643067.45695 -63448301.102152 83563475.709034 -17099576.621634 -61857643.446645 117978207.46984 -168731484.63269 125038862.09042 38231887.10592 -70610724.850437 35042158.099221 -128195979.08639 -158628875.19881 138167397.37473 -143633963.73957 99973790.227323 
-40810708.209493 -16050477.277946 46952444.031809 135908701.88278 -230881873.24288 -19556566.207191 7099903.5532988 98212723.132381 42495365.141338 -34639666.069213 7531521.6650878 -174764796.22864 -104529953.8615 -11180997.353708 4078446.8653468 80433574.924361 
251085133.97848 28572225.017676 -2859593.2648777 63672658.165975 53057778.774554 -16562854.5273 74613333.05717 -161101027.86966 86631745.54585 -347776840.9081 168222392.78351 -143553321.74399 58421216.083712 -39776176.293754 -77708732.034088 50360847.2364 
229409676.1838 -30202909.872008 12173794.416856 40658413.522195 -121550826.481 16681713.572281 136568410.34369 85921278.788282 35429460.370421 -223888189.71604 -86629155.060772 -51135381.707604 -189676803.10083 -18339958.729046 63422882.603288 309883592.91736 
