10 10
-101.60849902223 -154.3088348412 -111.33299796607 -15.377743837747 -10.920450829817 119.25215452629 158.08167184183 45.187978316898 109.32243931275 183.38162146507 
-143.48350733692 -70.535048966232 157.10299973618 35.072285278938 93.756150450737 54.719012148863 2.206637639654 -45.884959134758 18.658006276664 -44.852736927112 
56.594017660547 42.165201186893 -56.490545961544 -36.047172812397 -123.11884364841 -13.87858470681 -58.721873573764 27.120801513094 -10.901315799964 124.5830113326 
42.519326333823 -48.296165036402 26.370801513326 -74.137803167407 -128.06380242848 -4.6117192024444 -9.5559392531112 -68.674381996401 13.796943949274 1.4345518512731 
80.645630360563 -37.885037913347 75.599297797965 34.838422198317 -213.14222132597 84.333672094161 -41.833046285289 -70.068423557521 91.390918309821 21.483998804502 
-103.89290749724 -239.13062954368 -105.26059428899 -122.37937845703 101.51454336554 60.163119804825 94.97608666649 36.199659851271 -91.355297614357 117.14111814777 
34.262517115586 -146.41026460245 -104.55434643038 -50.437547463184 -87.561180033585 -60.936190882698 89.522420150237 12.710489682298 124.94203775222 130.70808459472 
-98.949669415955 173.50514186412 110.021178799 -8.8018411122254 -16.193243663678 39.089196993973 -50.627444216917 -76.12523354082 53.94732269374 -45.841372880229 
47.412542497256 6.5260660930749 -76.972631002671 21.806152497931 -85.7657789003 57.003964077255 37.401468819378 -14.874442489535 60.630264851217 76.033771157741 
-174.72095830621 -122.93003366207 12.277757944588 15.253674720227 105.00903576926 45.624378343803 165.09660995243 16.844092781764 129.984408111 17.604525131442 
