10 10
1.0950757922375 -1.1790482202721 1.3528759826491 0.59436027868459 -0.06009459773509 -0.61719763907162 -0.18781082602365 -0.47597340388162 1.379144603085 -0.55923537311841 
-0.50110920151295 0.42054569614757 -0.080226691248413 -0.20419301722536 -1.3272243137912 0.053738606747116 -0.11253133924461 0.71904067451389 0.05888309028872 -0.20937251368424 
0.73778235158759 1.1569657135016 -1.693466996167 0.53717923313949 1.2309313515683 -1.6067116023674 -1.0692741135942 0.46941701121401 -0.52117337308075 1.3521146453591 
0.44278319716121 0.15940816638914 1.0274242848843 0.60605965475021 0.60196793045713 -0.22106995965432 -1.625407647062 -0.93476508765095 0.42213293955701 -1.8527989777866 
-1.1019473994283 -1.0492968595504 0.30558219393561 0.067415864856677 -0.945720514703 0.88063411030859 1.2870137514217 2.0633766056697 -0.49305634557585 0.31944678938899 
1.754954796383 -1.2635941325773 1.6370286188216 0.98503579198596 1.2867132016112 -0.60341752217329 -1.8611460078041 -1.2161809807215 1.1879830891871 -1.161665756023 
0.66556582972824 0.26090772070299 -0.41264430430697 0.48778175605616 0.25589269512283 -0.45086821150804 -2.0563947554316 -0.34467418397185 -0.51855517159292 -0.39376931812713 
-0.46592113776761 0.69925129208228 -0.29603578748232 0.62452525989368 -0.72551458740512 0.61841037754173 -0.36969488030115 -0.59818208525256 -1.819341801788 -0.78338941920709 
-0.53951321935847 0.23203151969334 -1.0262749087206 -0.67679854027614 0.41820034537231 -0.23453926188511 1.1521515395044 -0.41517898381152 1.3474120685207 0.96271271442929 
-0.45122720030735 0.179772765994 0.41810679438996 -1.1264271699759 -0.72002543232335 0.15656081123867 -0.7221932199039 0.042203478834183 0.34984772446351 -0.84897080903523 
