16 16
3011477.0259509 -4100693.9357512 -144967.86483941 936030.39514434 -200487.01970129 -671776.06646243 -497797.63408821 1008565.0553108 -449133.55229092 1091481.7382576 -418562.93753929 -145101.61684806 1565991.512228 83215.784224899 -1081796.4735047 -1418430.9427978 
853691.77391148 191640.6593409 273527.47229657 -12590.826464565 19366.737474835 626480.92407129 -1125330.0333582 -1050514.8384743 -162823.16659764 -1807846.7730305 -997590.72498611 -2464241.3070722 -1275298.624461 273573.32669329 -732326.70307657 -461556.96273359 
-972370.26824463 -379200.92602813 -1839012.6403718 23251.773495795 387015.19070691 -1673181.957871 -344592.52129887 -1776367.9013254 -302251.13438578 468657.31409289 2548720.9121346 -1534856.5123978 568892.23356644 -676502.62452758 -1061057.2858303 -1314426.2621498 
1564697.7320967 -2336958.3080212 -1498385.9484087 2195019.7578266 453319.10768994 3300719.2164346 34756.132402288 1838096.8423231 -389647.37937515 1529383.1538121 225472.15031977 -495370.36578744 441901.67652907 1286722.4634458 -1795225.2103697 -2296159.5563946 
625513.29012807 1167119.8512017 -290543.92733231 -1428422.4586296 -843829.77594678 1165049.0288253 1082256.4385013 -54992.158896578 566180.68867537 -1154018.4268711 936357.22483245 -407037.9498798 -1386914.3861977 -606131.64458872 -530582.10795588 1720465.3848972 
799379.49620562 -1850535.1097682 -508077.87091999 920258.16622491 440308.80538863 1034364.0109238 2338721.1687054 2517870.0416498 -355830.76719281 921436.13001532 395304.77699294 -1625243.0188633 -835945.53460935 -476010.02818272 739956.81443126 -2676238.0163804 
1376123.2243595 673563.4085815 186538.28477564 1469840.0882096 -416078.92068434 1696496.4320334 1399840.8968218 1104556.5978037 -375417.76730625 365209.3869214 -185772.59144433 196401.87674135 -1538047.2420967 -478380.14224475 -734311.29135137 -1310856.1662596 
1495291.7691291 834398.08399661 -385487.38405414 1015378.9110862 -1258294.8633616 -471431.63018239 -1619509.5484002 354103.5912194 -1529873.1696162 -2287194.2484502 -2378174.0449226 -1241237.7248468 -1960317.0575405 789836.89728726 -120432.2895618 -962493.1939985 
-2499837.9459691 737787.82479767 -2988081.2297805 1079917.2768131 473673.40854502 -1224824.2150176 1451503.46116 889629.10747776 -796797.75010218 609627.45905276 3069076.2605774 -1483823.8283105 208635.90999894 -1398805.6411556 227296.83631118 -2078661.1752161 
804462.76113439 1371804.8695787 264461.43944937 692540.66166774 -435808.02674145 -1799326.8041254 492703.6552642 602106.90920268 -862806.73284587 243820.79452312 1154015.4342667 1543139.4908827 1573953.1014502 -2814310.0956794 1199081.3784493 -370472.0357033 
-562000.94449067 1433790.6174751 827105.55285564 65956.528398866 -1384783.9602793 -2209877.6434885 -1345445.658173 -1519254.4181632 -1104072.3051407 -1403685.3481216 1007806.3303821 -862709.11892242 795267.69205648 417817.24326428 952419.80416154 1962682.3317633 
-394697.30426934 -590303.13176372 -449989.70299163 -1239486.9045885 1668928.1913588 1619820.2597931 720515.50188016 -279081.29114265 3023757.6520487 786334.45593016 -672954.67710403 -713799.96144028 -3258565.486463 12373.835044159 -2160090.1993406 306944.2400236 
465830.58758314 868553.97353122 1704865.8264569 -1921888.386139 -1130749.4583716 -648041.42975845 -418567.32170806 246655.39170897 227397.81282315 124211.86930869 1410106.8965172 411555.84805627 -827272.45666206 -1652121.461037 633294.2625387 -1552632.1770063 
-2558713.5038896 2810803.2014918 706322.00048122 -686167.91711965 -373938.04739096 -2731327.3045627 -949671.83126832 -2434847.7515589 683310.53233772 -1653434.2142334 587034.84059015 342556.50028103 169461.65205696 -140358.41467812 551750.83541604 1964556.1887005 
-1066309.777158 513717.51921169 -637529.97912297 -1543372.5860687 1052033.239507 38352.180332232 2113110.7445028 -690274.28252236 1119771.2339395 -76587.387984671 -167301.60968796 -218167.84238023 -1963539.0863606 -1321056.3632512 -138049.13982044 289734.28453591 
1438630.1902283 -3498753.4140704 89979.598670428 834290.04634795 -409973.55755984 -92531.149109903 -659995.0875889 1050901.012535 -1413476.1932741 1378818.9990896 457519.29883545 86636.831786015 2259290.6835064 415809.9477445 369904.17293855 -1540929.9050056 
