10 10
99.232758755367 -121.84694064209 16.542445631466 -146.26857411936 87.791555831928 -79.28403527864 109.97158290661 -111.14635598227 -122.11942231217 -8.4650288130695 
-55.211592234558 38.2846225051 -39.015359342715 -111.43275369187 -132.1023876813 -21.096482859074 -23.902269954264 19.731648112602 13.879062337656 -102.49549785002 
11.844430442016 -188.48578912182 -92.233456812685 70.006269886947 191.86750541017 49.273640431016 -125.38941459303 29.520839014713 96.501345527658 -83.088909374167 
36.349901988549 -18.832504845801 -130.25479563564 109.26393775463 116.89127378739 -37.661486368365 -91.069380915289 34.190073151418 -0.47138215253869 -150.19201775833 
-66.577708542942 -152.84489506809 -157.1698488564 -55.118135345242 66.518665643084 97.367580938206 90.884931788251 57.020923815406 14.137772180239 134.08121264665 
-150.63138734023 -86.611717848577 -127.65903783652 146.22183025264 172.69856840539 -88.216225870838 -10.43779912315 124.56210520795 96.900610979694 -134.9619580558 
52.665676218128 -56.525380406839 44.828892355266 -82.241286293334 -93.595564650489 102.30976941073 59.506258836465 82.705611877726 -88.930340701107 -75.344002611723 
-46.018812868868 -162.2655174256 -99.021564663499 26.325712189478 187.39058169328 -2.060637660076 25.785970419353 120.95131080982 2.9680262774049 -120.65219873474 
-1.1651027990548 -26.043531296409 -99.537916159024 11.393805380575 244.1565303035 -218.81923145889 -2.7038118270361 -32.235359675291 -55.429579355985 -146.00549440684 
-134.20816809782 112.01807515048 -12.124641814218 40.668484335158 -55.321314827998 29.894912172619 -71.181392738073 81.111752061868 41.466641737942 86.561162693742 
