16 16
-1.6943114600104 -2.5720628366355 0.69485061247968 1.2271170032925 0.99566810163616 -1.1112276991263 2.4737651965601 2.0911865947691 1.6436290991843 -2.5646897769846 0.93353927653051 -1.1623536611297 -2.0325725506284 -0.27102531957621 -1.3744701809607 1.5316741086117 
0.072222892480062 0.27455063827831 0.80309090898197 -0.041127533203707 -0.37962479592055 -0.31172323342806 -0.3423355140572 -0.92520063286206 -0.13371264109813 -1.1727587408371 -1.2759890156485 0.43897263882877 0.904471124581 0.24357522986602 -0.95050334909721 -0.7439466658366 
0.29082261843903 -0.72988992349476 0.074321982231936 1.2648084394307 2.4367231786525 -0.084709487684519 0.88366258517606 0.85955500357394 0.4374567608847 -0.055859628916955 -0.70842550913639 -0.48394643050865 0.26111387980156 0.087854545054377 0.0010504154433724 1.2779009888317 
-0.2529503911872 1.7436368859447 -0.063415152097137 0.10399682267914 -0.81388969074559 0.51648639744897 -0.44624524113052 -1.5735487551084 -1.6379930313843 1.5088693676244 -0.51214077517033 -1.5928037425346 0.081704969968699 0.72377749750854 -0.24397191557097 2.2185797930479 
-1.3399093955685 -0.52536786523482 1.281008992287 -1.8273317421214 0.62141796442772 -1.2591206851437 -0.34631318782147 -0.3350056385848 -0.034471888871995 -0.9483827618697 -0.33117871267521 1.6786524220844 -0.74865957913211 -0.69283071933129 -0.070916049366245 -0.25130859947706 
-2.8778181971965 -0.84978109517929 0.9718686972606 -0.97012547913606 -1.2655341384902 -0.020094216144072 0.091896864327958 0.56792547011245 0.2359064696737 -0.36180831179876 2.7371682106338 -0.75479516565967 0.59801265938963 -2.0500499760757 0.79969338464406 -0.75318426963523 
0.020707354351536 0.3220591009376 0.29294879501456 1.290549472259 -0.13307065426229 -0.60464831342834 0.17533450724504 -0.81811301649168 -1.4603660196781 -0.44940708930564 -1.1651255996432 1.2663564603764 0.04432894903096 0.96241017725901 -2.5771445092557 -0.73205600372038 
3.4372429307387 -0.86144654137464 -0.71341618634591 0.70583437679132 0.53446411756702 1.3171941347541 0.35885181648899 0.72441882156742 -0.96646344958362 -0.34684557289305 -0.34680232722979 -0.66272346012132 -3.0836856253978 2.6126104043021 -1.77002914511 0.09265569959197 
-1.2840060510049 -1.3443204024545 0.012570802761311 0.23836964715097 -0.70115531529654 -2.0084878738662 -0.10163156251344 -0.43266460687069 -1.2679968029129 1.056831462033 1.1801446441601 -1.9480515134669 0.4001191256136 -0.80944757891315 -1.1347949173031 -0.42822895654802 
-1.053741492227 0.76861975486363 -1.519269487163 1.1076697387621 0.0036382592216856 -0.76137521721605 0.061251123768298 -1.6186339586789 -1.1113588010013 1.2100260706394 -1.3318411915509 0.92467142077096 0.45545066865458 -0.69903010632953 0.88351014189765 0.47573187083365 
1.4196533621955 -1.3658553297213 -1.4403008381718 -0.06144898287245 0.43007750197993 0.23422415444994 -0.028787957731669 -0.68820344385255 -1.8157545310503 0.74701543803136 0.26947128050074 -1.0077601921614 -1.7224940977593 0.39341134404455 -1.1153155657376 -0.82029252151321 
-0.033468141867479 0.16424669956352 0.77946861147597 -0.6826597647105 0.7834310362528 0.80189057722095 -0.07065997806183 -0.45893132694495 -1.5579718518209 -1.406925007554 -1.348352833184 0.45046191857609 1.3143107679076 0.29175355145615 0.04924897941768 0.084018499988078 
-1.3462301897226 -0.52728422445183 -0.36258881108025 -0.25683387639534 1.8745369930758 -0.57379621949006 1.6440622723225 -0.065075166505052 1.2880817557522 -3.1315646843907 -1.980595107082 -0.22516400513371 0.3882129204409 -0.81695139694177 0.39889681510334 1.982154451098 
0.81060040460983 2.2232209668402 2.2024767149664 -0.34803031600644 0.39271555719774 1.4275613536094 -1.0220149891697 -1.4461736772707 -0.18800944058164 0.60022407021736 -0.7245477618401 -0.37917555533694 1.647877563594 0.15678884680941 -2.4919657277318 1.5697790684753 
1.2533265934909 -2.5452373313583 -2.2054409817799 -0.61437735327727 1.0343658090156 -0.44386503137269 0.95108750592006 -1.9977996091724 -0.68717136797265 -0.88517347193719 -1.7740254191576 -1.1294395438943 -1.2295786205402 0.20966125098768 -0.12825671046052 -0.72442327619051 
1.0842432724674 -2.0847814593303 -1.0061834474107 2.4437154528784 1.3492022138038 0.51942144818963 1.1877172685391 -1.622616404001 0.97678568607846 0.15076105617108 -2.0367489576251 -1.1364955006905 0.89995233473998 0.30154532263806 0.62146708349251 0.025760104605009 
