10 10
-0.35562812283023 0.45434962585723 -1.6355250767523 -0.63091149575263 0.3559632849781 -1.5426681083332 -0.50181038508826 -0.94075139540933 -0.33012909214194 -2.2817981699992 
-1.2361461063691 -0.07572273659821 -1.7841724507503 -0.79958871252711 -0.050840253561666 1.4207043191824 -1.1604838789497 -1.8818665390107 0.41852639940136 -0.36930839262004 
0.051409563786637 1.0049535587784 0.21677394974492 -0.60133081971884 -0.97998840787603 0.29498447421419 1.5482718960547 0.2756013882105 -0.21707031870688 1.1634201969401 
-1.8842919100923 0.398157735224 -0.93723040970286 0.52807763155574 -0.15410727204957 0.33661273225206 -0.18390832032446 -2.0085430038148 0.22456814579015 0.67258871389642 
-0.70280645252446 -0.58429974625147 1.3488077790579 0.50941959078491 1.2893364381257 3.0114055939929 -0.37230846994818 0.10105768715266 -0.78769305621921 1.2521852066351 
0.62073144021854 0.41932961118457 0.41620610463636 1.0431374622405 1.1236693171041 0.40708395360066 -0.54875100000237 0.63070509810152 1.790448697006 -0.13643410046522 
-0.45018939872391 0.76021251669445 0.31032027697093 1.3048860769664 1.8070679094986 1.4917012188889 0.27779128941965 -0.11011149449732 -0.060464540081818 -0.1338778596419 
0.0030569136905026 -2.1831093260955 -1.7611744428341 -1.1883142844762 -0.19244892488761 2.1417583412918 -1.3802672729169 -2.3646542338617 -0.26545171392159 -0.40116066014865 
-0.15303123885791 -0.7290339498723 1.1311184553374 0.66112685162686 1.0705118667139 0.20175714768458 0.36918180157764 0.82199225788597 -1.9103045370581 -0.24462528541709 
0.033178508063559 -0.48414427310291 -1.0245176448489 -0.55579815221352 1.4694567038697 -0.11599865054163 -1.3758404425425 -1.2238027514327 -0.61696469199725 -2.2909753737518 
