10 10
-22.999235573784 -86.713195179266 106.03777907034 84.571745787305 -34.769931195106 188.1628604913 51.459689288856 149.21175397356 109.78279865006 -163.25532148438 
-17.393354350892 160.80957487356 29.973204269128 36.565893924765 62.499444773778 -159.68895039583 3.1482692060434 -56.710549346021 -71.423299092873 139.89389660371 
110.28427310426 -54.260730331227 -87.139869716478 -23.295742778837 -24.122592424876 150.73750400427 29.400881761721 65.109601201422 107.95272989368 -153.44763346197 
53.125694143989 76.383500190061 -58.607561077021 108.8034581848 55.149257631765 -71.479829052996 12.66686160911 -69.64365423413 89.597446969431 -94.396409540494 
-111.58403030843 -60.560600244286 188.20254739724 -33.064824983199 -11.360450050537 126.86794008795 102.27714404944 147.03852448384 60.116445703234 14.791033318099 
-51.30642174391 -120.3958332268 21.47450431217 -2.7527264528564 -9.7567040298039 26.369417133186 32.698167232985 -33.498801032346 140.45791743662 -261.67896235979 
74.269167486975 102.25874312545 -137.49301523017 110.25855775263 129.105593191 15.326053279105 4.0562702803277 -14.512243314731 -32.760624069556 -52.452879204478 
-5.4224531016399 48.612368696477 20.064545116937 16.726902877476 -6.1694688574122 -221.14572545385 -116.4544205238 -150.07119793912 -5.4874626044829 130.74523643123 
-13.094149170793 128.65395745911 -140.38490426869 97.429450638399 39.79330462288 -142.8057005123 -186.64621904287 -136.16838657811 -36.891551817317 120.21192433207 
169.33478738335 138.00631668837 -58.788810848659 121.47471768305 22.93768381685 63.201133390861 -92.197041153638 70.677357451403 176.43380107937 -40.758712892989 
