10 10
94.532348166894 141.26248135229 2.9938710590959 13.55955876165 52.38008365079 -104.861113068 212.71258039896 31.210581319399 -37.035574166523 65.268604938001 
-84.621453198703 66.543059645737 -31.579764802615 32.157332238237 -139.16146365373 87.558611746918 20.696112247762 51.770227305307 26.43103407225 17.222113288074 
-124.85596041858 165.31663582912 -138.61013746677 11.166567612915 -93.654596873517 247.50798776956 126.6182669204 -30.257166771902 141.17842903573 111.45726061771 
-16.826962607684 85.061718873891 -8.8887561489461 51.221302409186 -12.204044768843 80.102205636037 76.780817286038 66.924456681211 -290.6645703591 60.4252364292 
-22.664708652427 60.799788786511 61.066360846924 13.642197223512 149.73203795155 -128.39058658898 -49.85943543402 112.77188598278 73.418771734633 15.397893293769 
-208.58797930409 76.368633453411 119.25152795358 113.46933177927 -262.27609694817 47.001856757352 -277.23126338587 -182.03981924755 67.15312667405 39.235533220585 
-170.82598935373 67.495925163731 7.4808710597492 44.203184605788 -133.24213921664 110.54106420202 -79.418715922798 48.308355140119 -30.302003382051 50.303057627112 
86.357502412642 83.053185891749 26.022480733081 34.487174726438 234.84974967607 -188.89160128766 193.37866077642 65.222630312985 -27.075362760946 53.130547049141 
111.67219136393 -135.88249604416 -33.885160443171 8.2953799509069 173.36342908119 -170.40573648872 150.32775611676 -101.69346769356 -0.14823915894102 -39.093455089146 
-8.7214839150456 95.868536642994 77.674325929185 5.8680238862858 -159.63228994769 18.724451046426 18.079576936517 -198.91182840029 -20.895636014124 77.985087009102 
