10 10
54.892099118309 89.00651760021 3.4983825410312 44.999072404038 -46.001400640369 105.34188511605 78.223575970177 -52.851394291909 -80.230135375354 -95.459976488814 
99.99865516252 120.07003468686 -7.854822522892 -5.6385119801278 -4.799043333434 -26.901875406335 99.596644047528 -40.794249439965 -117.62389633757 75.380470132095 
-103.99905604994 -81.449398636001 -16.568477090187 -51.948915029342 146.07184700111 -129.0808728686 39.369500200857 -95.249341336215 72.913733384671 168.44573303328 
-16.519676616838 -49.239516199331 -158.21544173591 20.784843115812 118.72184046977 -21.030145080274 166.45698577305 -42.097136754747 58.752095462375 32.485718278058 
64.015159288041 202.76866514422 72.600564162954 48.473693303839 -94.619791389262 10.957494994963 40.461179621981 -24.1065164174 -29.968874301525 -33.862268097766 
-151.7665936389 -37.192711416198 -25.598721679547 30.201214519383 -40.890421435073 -34.852229334138 -1.6583555195304 10.437997391077 148.03850263368 -76.075192573502 
-298.77577863783 -143.23399937229 -13.723174168363 23.509579172901 68.506294249147 179.32921725488 -27.271717478056 -52.268392111587 103.77442856527 21.225317907358 
28.221716902162 -6.7435910824419 68.029213928544 -158.67290347395 -115.22927294173 76.123390374285 -17.146661707747 136.8258561391 -39.647062984928 18.971454875087 
129.14474749837 2.5393640979554 -15.127703548491 62.725587259963 112.65072694282 18.38507790231 22.904080093209 36.64783598514 40.584162588784 -9.4450164010537 
-151.63535824578 -138.14469925661 -128.97724631132 101.91558930211 192.37896222462 -32.52235640808 92.413802784925 -31.00432915785 143.94454923242 50.008365794278 
