16 16
-17389.832145469 -7127.3824675859 3957.1170760597 -19615.061998206 8183.3177168248 -3915.6464337683 6991.1153163315 709.33856249419 2520.0709895373 -611.504069583 10346.049264909 -13818.603425074 -8847.4924341819 4310.1613095403 -3435.6329466274 -1312.6885388841 
5481.2963978182 -3113.5726639785 12751.835464546 4141.4159138309 -16968.240469548 30186.64117874 -9854.1500217194 10055.193362368 4622.0541281729 -13585.382312194 -6557.8219329199 -3380.644751373 12946.77847937 14946.612004798 -37995.256483908 5472.063725973 
-14460.390014832 9742.7440744495 -8400.1693887301 -5067.668773002 35127.439219153 -432.53289262678 250.76586188422 790.02056721102 1588.0024306349 7783.2900660917 -9357.6461908942 -4190.8324945605 -14408.405418524 33027.520174842 9774.2962741947 -6405.1648314788 
-8688.2010762012 14294.781356538 3283.6049989171 146.44183444501 21827.317329395 4338.8858988264 -12117.110886807 -1996.127512349 -1734.2770247018 11347.786600776 -17565.412880098 7783.54961532 -13043.605628653 177.13236190342 10046.246964607 2982.5843638117 
-23429.042878935 4846.5958339694 8580.5487305408 -11445.240903728 -5797.2170016071 2851.2832929248 7837.6718411613 11831.22181505 -8359.1082310652 15131.401634917 16608.628079394 -1165.9854793572 -17304.849219131 31679.842647329 -6459.3454994791 -5502.599650492 
8292.8958487035 -9391.2161048927 17587.837056756 6358.5228538748 -25731.6778474 7176.5756972876 21394.173821195 -1585.4433339597 -20376.82091794 17070.429772282 11632.256698853 9709.0471963462 -7038.7399135834 3690.5947721781 -22570.942279349 13372.870352446 
-5327.723678923 -12145.022720028 25186.92611372 -22091.739321069 -871.86747128787 -23902.345410294 -1626.7924058633 -3376.8912116747 8537.5923866082 25589.966966496 14948.883449927 -22339.375898377 661.5156003151 -8816.7381203135 22696.15142007 2193.670056259 
-2805.1716008791 -843.19713822968 -14629.264443356 -3452.6112079305 5016.2255243004 -7841.5864075044 11123.219642746 -14053.143549138 -14749.099955617 2936.4407533312 2394.7890344491 -2013.101809371 -8977.8224870016 19073.007898991 15104.896105667 -12544.929089587 
8938.1133371021 -19654.057324438 17384.344420593 -10972.757328911 6044.9055199973 16837.40539497 13703.717498037 1897.895236576 -8826.5323802508 -782.31908780533 12462.260619628 2094.7832557815 3465.1831218408 -3496.2282876151 -13785.227768736 11779.792793066 
21766.219034745 14838.390532789 -14768.296216183 27784.909838867 -21256.033418944 12469.272953599 7107.5781985897 16101.364994396 -4020.857368579 -6125.29366521 14109.936836486 5037.0070496873 10070.897334228 -8118.1431273013 -22231.276795398 17069.444050301 
-6700.4623570167 -18134.273507692 24181.530247696 -10152.515465319 4046.8147570067 13897.947737781 -9866.7532049573 -817.30233289647 -15356.793973208 -7612.6597333112 4.833443354008 -789.98758059917 -9244.5205168902 -6202.0605583242 -9377.795120467 -16279.717703719 
19858.996655953 21685.68051099 -28456.322434225 19586.46283175 17546.182542745 -30091.51003187 5539.8155426771 -9760.2647218397 10944.521095806 9574.7331683848 -13356.094790177 8829.1318971413 7493.5898794592 -9306.3937715626 27274.122620421 28788.449521061 
-5270.5023705545 -11663.618028945 -7218.8500447809 -21030.032689421 691.9246521353 3193.776605503 34524.905652331 -3885.2959677993 35293.423301681 -3451.5980555193 5597.3325861978 -232.87912172676 3440.5760958027 6626.1977396269 -1287.56681735 1895.2419354907 
-18111.65807126 -3457.5175610939 -13846.13525987 -15917.573874506 14111.95152968 -13404.222643416 22245.40999909 -26290.692897318 -5874.664261782 9435.783398774 -3632.9616345005 17022.777659079 -18455.457130835 6321.5385853915 38605.184690916 -2635.7816026345 
-8131.6220210531 4738.1307080054 5316.4420562033 15803.340378788 8897.6051632254 20174.512741828 -27035.85916877 10036.592754068 6874.6302766447 -9684.6873638531 -11965.962307485 10141.209413959 -406.06583349119 15311.610246497 11073.908322992 -22646.629635026 
-12288.783567707 13886.429752644 -4846.3482095269 -9666.9593657898 10460.370181515 -7515.6068753901 4473.0237981562 -11496.385719232 -21303.962036862 -1231.2162995653 -3760.9998787651 3475.2203932947 -29033.179066557 -10830.895030814 4207.1506415834 -2252.8344934918 
