16 16
-114254328.21607 90363405.372708 -106009592.7258 -136247174.04345 144557224.33685 7517412.1604206 80572467.90074 145733658.45544 -103983655.15038 9954248.7193491 -92501060.714612 -16920866.859745 -202102684.74204 -50955746.258159 7677687.4640758 -129592991.8866 
-88955899.766029 164514510.2986 16208142.738574 -39497569.900618 -49610044.649684 168005771.57409 45744657.475656 90055143.231719 39113236.631281 53908485.263129 176087774.83371 -166786321.04295 -129147015.31121 128278869.69803 118470085.71717 232823903.71658 
-86477738.813672 -134399642.5006 -227662408.23264 75838568.306004 76988992.277465 69121767.0195 -124168900.26872 185899182.59704 -46926252.680361 -143955158.30479 -14578961.929713 -113240527.04869 90510543.615837 -33598752.350338 -21864766.836189 71695624.776162 
217414869.9928 -243943070.53171 181283092.88973 -170183412.31994 -133708980.32545 -5586583.0501046 55158599.324522 -172567189.63979 117917190.53731 -22932486.786647 2618874.2739972 10326575.876116 -35316391.330243 -100518926.60152 34607655.712331 -104108143.08244 
35438128.013485 38969179.738968 -198341948.04548 23613737.927481 -125279273.99347 65986703.905114 -74451682.390413 -138621045.73488 -101132122.84575 49198199.426203 21973535.324237 16847960.727235 -110262546.15063 66753808.352685 12541158.493902 45053976.864029 
178128102.5686 -236162482.58992 71297436.434742 -60236769.535001 -131975334.66745 -49311925.028125 51168442.720665 -162350161.11718 189799656.90739 44194611.447772 -146838227.83137 -137142877.79305 107381825.10933 11529797.265697 -120532487.24421 -214479837.62508 
25727836.191414 -92666761.611023 82224103.465585 10720245.814578 80141313.393089 -120771852.11685 2787603.2510635 -73377766.755243 -126725218.05303 -5199969.3900224 -7816000.7012155 28876540.406081 283623.18953971 -443324293.35303 -42805337.163592 40562291.312889 
-154121893.20275 92402285.424348 -81682676.918529 -72537274.841644 -147546519.94573 -77552246.601178 34279450.455068 13737676.513207 175628703.66352 -35468272.5538 -217298635.43169 8091061.4367401 -141145418.86408 193599034.47774 -157063563.54492 -220453825.64332 
-181048909.79789 40921704.515971 -85937409.800422 9013908.0622582 -26077460.222535 98938558.299813 -8162273.7021487 386767816.69554 234014217.95792 -131138556.8503 -38152621.876994 -142273058.63207 95295350.925709 333143857.12704 -37774630.138693 132607640.52736 
-73122880.573954 -168061070.7993 -37050342.575262 -141527849.81107 -8002248.9626355 -17671369.031992 184330019.40267 243173225.7918 140496007.42455 -54015741.894236 -49644999.814256 3482556.2099472 81720739.504343 75913165.326258 -24718290.177317 -148408443.56372 
-190422026.95353 15599512.43695 -33450499.451742 -108032243.6192 93843891.151237 129041213.65453 -36942389.527816 224233906.20644 -183407002.07684 -132189051.62546 38775746.585011 -16771519.490802 -95735334.698761 56362446.117358 87166963.023629 -125415008.59648 
-141492079.96026 182073029.15131 40646621.395072 271498887.91817 -13646100.826155 49226583.418449 -24124949.379896 69911754.253569 25120322.737292 -9965880.9836457 -23294514.551451 75112192.743378 108574680.22369 -64562539.130668 -15157777.144171 41443500.050224 
-182560558.57037 259385996.61893 -276574062.42078 198241967.46701 278108401.57645 -91923090.787926 -41182704.358807 128523270.15113 -116391701.86167 -143236580.23188 -206935410.32688 -157183029.77323 96279446.211292 237574338.3491 -138492361.83953 -140580323.27077 
70317154.06045 -85632338.781902 22064046.084214 196728526.11369 61994039.699552 -151084778.45822 5806494.9120401 -230722458.43603 -11588901.535434 -102167967.08472 26083594.48789 218046570.10011 236557466.17047 16783534.91433 -5872161.3342174 -187360336.57747 
155062949.76456 100023209.90427 185788001.93289 234704150.0912 -14440072.610434 -74060028.820166 -21435308.282669 -108160755.84188 84169765.284106 83928314.00352 -31519650.412782 -38560754.724976 278893271.87128 51612815.50514 -115646232.71635 165408539.42504 
21198954.380923 75427436.368107 142836235.57851 111234632.59715 45405718.610991 70601628.657697 -169845402.05631 19677879.398773 -250201527.93352 -33308718.275824 16787175.511277 -156861799.64437 47756756.179917 -352639790.34304 -13133748.239802 249002865.80032 
