16 16
-302071.67493988 85522.450680325 -1441168.8231324 -413086.44554144 719534.50680031 23402.109891633 1532662.8065068 -1431933.4145287 1128314.4075907 -751353.48916537 2023375.9574475 -1133952.1810161 -2126928.8072824 336100.32594255 -204290.7909431 -202295.73154449 
-892131.78477693 -1576863.7201971 -205366.11169669 2106566.4471388 1094063.7485006 1923662.2903767 462950.00538895 2120917.9966521 -3481349.1547645 -272340.55599612 1519171.2828967 893945.78032406 453730.06980067 3929571.8030892 2057888.1759298 1475706.4362711 
-465142.87985263 -406030.83605297 476615.38310537 -291366.73693841 -1130355.3819954 -2068140.6161006 -782470.1973937 10211.107520501 1044464.089367 -1492339.2854978 638554.12329263 -1455210.3841305 989874.53094483 -696401.72384587 -743706.74072357 -1346440.6438582 
-1301402.7683223 -1235290.2334859 -1171518.1741014 711152.5444764 -1148383.6660078 -805253.22134417 383382.735774 2114712.3534672 806851.29373853 -813236.38782035 1118647.8487971 840713.09571709 60323.794692734 430571.64926537 -181296.51406129 202987.34819495 
610149.20807544 847690.97081125 -1202408.3719913 733727.0637201 362788.43377396 1023728.8604235 1947379.6582228 2438281.3338294 -371395.78632738 -1308976.969304 439135.98396619 -69174.723648967 316435.80296356 1603585.2055495 -1399960.1158211 599987.98255 
-343934.88816172 1691125.6138227 -631763.74348348 -1479411.2528872 1709528.2608016 1706472.622617 -361340.90320341 -1374656.8858657 264742.2158837 1426416.6958991 -78873.116033023 -469840.4551358 117000.81589997 61538.653240173 -635898.73223312 1381793.9871386 
1033202.9227811 1483275.7656225 262674.78448663 1314003.1868728 379000.89409207 2311712.1915462 -503936.45193023 1709677.9526859 -1291655.9970001 672850.26907809 -419651.92181585 -740740.01898281 1697499.9766371 2039226.422105 3362974.6168526 -1047380.3470565 
-2359623.8913207 -555830.42024047 585768.92417848 -243912.12604131 253560.90583579 -1845548.2088552 -597868.414227 -927584.50607826 -922559.58333495 -1112359.6724895 -134665.73351326 624633.29171644 -792332.6678979 -2155462.6994325 -1995923.3802787 183785.28428493 
128364.65117586 2503196.5188167 295194.89196776 -1784242.544319 798342.86377716 -1720897.5222588 -1544731.7081152 -2534348.8129114 3249799.6530254 239240.45432856 -555398.71483824 -1319627.2698906 -1732905.53389 -3862745.6273957 517545.68963273 1475355.8949094 
-354409.28772965 -1021690.4569765 103880.56033647 908820.57734015 -203150.88973245 -919888.93105885 1591761.6411095 -1490929.7429564 -946098.94443476 -1164642.22214 -599052.5464986 14979.502069706 47743.230143562 -1580163.2843022 -1201009.9321637 -494407.5247188 
589106.13221159 1215746.1933947 1114817.9425809 -654693.95504363 1098183.0220279 1342227.1516796 -715367.85502638 -238843.55111532 -661744.10382665 2296016.2154889 -425834.11818678 739746.38951958 -17834.858665268 1351208.2188178 -447823.6798381 1046788.3314291 
-3086235.9037284 1366467.418151 -680059.27254208 -460243.97319022 -872728.19302467 -926693.58202599 -1471679.4057753 -578479.47558064 2221828.8379169 2625975.4318155 1202759.2308096 1681637.4844501 -114850.51081294 714960.65428584 -1318820.9045153 -2785248.8879293 
-672926.93999001 -238246.48504504 -42821.261556029 969964.99938582 977677.12066903 876385.10937654 1554436.4283498 -590475.81030887 -1270443.2867673 1403460.5539446 726456.25242173 828219.29240377 -511323.55437752 1441125.2111838 -580305.16304451 -659599.46359835 
911786.52609793 781328.69916569 181537.19957921 -374424.63402594 2516805.1925529 1271912.9760351 1711038.6177378 -2483434.7223374 -2747042.1726726 -1296746.2123794 1309494.8535591 -2491603.6960487 -1282245.0560865 -218495.33912377 593717.67932513 471379.88185995 
3912782.1820098 1453444.4619395 -515348.28381596 676980.69361056 188905.35012314 2246418.3831101 3080534.1862006 196848.38618867 -2628839.8663232 -490924.90292191 -1690428.7060131 -1169909.5051986 838194.44073361 1193235.3917028 191479.71660802 -748309.76594478 
822774.5713597 -1757474.9404741 1301834.3710807 1934895.8257205 1258766.4131266 -618021.64928314 -1263209.1658798 -1394027.3402903 968582.49398299 -2363611.7557774 325258.14865605 -330961.67485229 6830.2705803009 -540746.22951842 4294609.1356107 596948.46264842 
