10 10
-14.827219832099 55.476400126117 -5.32555878502 82.960162502322 7.4713465387144 -27.716926235018 -68.096621353059 -106.57657786641 -78.656715651181 24.078761857073 
-33.902543910383 6.4475514486375 8.2559579764826 82.943376986973 39.430838181694 -14.314090658665 4.9024027768148 85.570949999242 67.974992454094 55.700660631359 
-78.435176081463 -27.059422153878 -23.117262820895 108.80899860901 212.75837390925 -43.545763920141 69.729265457144 -222.49334067654 -44.741996402472 -227.25448098242 
5.207962796879 -4.5025814304863 -16.033227599483 63.104168153459 -14.598135571777 -186.98793777698 57.614196033933 16.158821509169 -145.17832059606 -98.673375991079 
-29.905503254193 -52.834183416052 -1.5557010731536 117.19672725047 -7.2332408498475 -107.54560530558 113.69270574591 26.824236729826 -119.49118636664 -145.15299827954 
-44.105708168511 116.71612915756 35.683189396392 -26.652965163926 -20.482796066653 -42.837956732029 -50.250171452112 -43.046188910215 -20.051996277821 46.808761238946 
16.328950378677 -39.259120859814 -65.654807811744 87.269093592858 179.97612615877 -82.482916573886 -69.79402646821 -193.64789421735 -21.175369868034 -84.870457648018 
9.1959130300239 92.316943115629 -119.12927870808 -48.963258037344 28.16365370474 170.47630225617 14.54074308937 -11.095413086986 39.494607868584 130.00759358231 
67.393409141416 -18.750224123034 -29.338073114834 37.364205156119 24.577693714397 86.06679482058 -212.13219155863 -161.37521481968 208.43680047057 276.43088647074 
-102.37463534584 -109.76213438816 201.32487385125 17.09414322016 28.754535023651 113.84259130655 -1.4220159301274 63.133900742196 -52.2838494721 -48.599953869314 
