16 16
-37309215.849137 -104165518.15465 -41549741.274012 -55789627.289709 132226009.65275 -72625682.114068 -15161101.478042 -6532945.6063495 -79322578.658698 166901517.50261 -69252316.854418 10904325.604539 68428939.687126 -14952249.546408 -7507954.092989 103508944.63939 
51316486.57617 165549039.03148 3460767.4046559 -335608825.03813 -468296662.27501 -15966164.359119 -127657785.30249 49570375.348531 18751932.016267 36814850.6609 -120948020.85308 -174410773.50021 205693702.12401 147086441.14049 -37849601.847378 -5718635.8244102 
63349059.600071 -339614080.30633 -165672905.89744 103916882.08315 238320160.85728 139316605.46696 143011624.81863 -215314783.77813 -208081048.13355 216514111.19958 139071141.72685 171534589.69467 53983288.473228 -91198132.099169 378696940.48908 54475132.174639 
-231271433.65213 -7155028.0989872 -45380304.190989 124310954.36517 181543882.13505 104831799.52184 5433379.8053278 -335758140.20646 -302566180.54056 120014806.94543 208274201.41897 109060771.48748 -89674792.92124 -69773407.496715 163218059.10395 68753883.620854 
-39734692.645893 -134393438.72249 -37955467.240492 -33596355.579051 274290324.48369 45640502.911764 -42563593.735743 60229339.287412 -148029969.90378 -24899056.197762 110712718.24493 -100732974.87828 89491025.067296 -64705682.744967 90934397.617802 -54833976.902468 
-262138954.98627 -77837278.097415 154187444.02334 90196280.713601 8796442.8166819 -85101666.66824 208289671.87529 29800461.41193 -118440895.42193 -75196528.974949 -57073006.539086 -10086079.191549 -16429695.817252 28607843.51517 33037035.363058 210496107.97135 
151110878.01661 -218995702.10846 25094622.287417 -97448426.166319 71321793.490591 -141973886.15145 184805418.73625 -73530776.494789 -61151404.330239 150184140.25775 6925846.6862665 126295148.95299 102635936.24986 168935582.52243 133584718.06023 66508188.88361 
-110618511.36658 -306574101.0164 25661545.048973 -15663315.427507 338280052.58086 -165368339.53139 39962499.67706 -60063164.039301 96567165.635573 -117386149.89658 34962400.895066 -35706561.044715 -23838768.298233 -115832899.66444 168951129.16153 36938015.427021 
-86034707.553358 -235610741.42441 163941505.1831 -32327852.083296 170333375.06895 -218867967.86271 184465248.56085 125420142.30417 -236568274.49341 117342867.3763 -37530935.010647 166306575.88978 220184719.50959 181790080.05204 91397006.584843 169261718.6945 
53532066.495438 -80448578.892832 -106344554.11537 121881365.27609 -42881390.934842 -59046521.88397 -119836322.40886 -60138258.856229 -82414566.902973 290845449.31494 -129021355.73529 156504149.6466 198577572.27655 126831427.61841 -4159739.1883802 13904857.992067 
-225226267.81374 -52451045.871809 77875789.040598 47553117.364682 156016983.10212 -139582205.02285 42999437.128888 -36251634.191032 -31468340.704012 25112659.838005 -37017977.674331 -39467436.172462 -102473851.72109 -94228046.398008 -66161718.703387 77483316.340417 
78472934.107816 6048860.8462438 -277085506.10084 45713728.100076 -174509084.78237 -8206170.612063 48212621.678835 63283463.094996 133096080.32436 16876483.100776 25762395.687872 -166042714.22089 -130981553.66764 -126154603.064 -45879173.838215 -161334873.2087 
-33307069.406099 41303035.401342 -31446646.346388 95266716.44861 -34923656.660422 82579948.371059 -15511335.779554 122827976.97639 -214303173.27942 116544646.642 35434316.01583 -18617546.635608 69983458.836076 -85221718.84787 8590302.3516428 -22453251.685726 
78054060.347101 37094556.681123 105088509.83753 -117168986.9652 91669575.281461 258783908.76592 -74621140.656947 -135794820.42977 -106063458.16114 75560571.437352 95140031.408238 195278030.53065 85614705.64626 37127902.234705 109249046.2937 26819468.410186 
135046224.49611 -67903450.430315 92477887.075494 -49341906.094212 29244722.55134 172883075.13764 -40537667.165817 128064580.85439 -150102327.72025 259173677.13084 -142060183.14801 106700068.65387 132594591.73148 -35370573.539504 47863272.48833 167852776.89994 
-24153435.174358 90493309.754773 79370109.325186 -33867326.376619 29423223.542257 -6677032.0484079 82086594.428691 120885727.54661 -115954835.8975 -154476829.4413 71825274.771566 -174430569.68522 -10817239.447952 34106777.397085 -10938342.072088 -142342073.20656 
