16 16
6.8932628267666 -51.39389012118 5.7583331049103 -220.00315190312 48.181623481683 42.629673112416 -156.30366631753 160.87958561758 16.829646391636 -20.483706496111 -183.30615051734 -122.59598957007 -164.15402820987 -219.38168511619 -90.96325046527 17.453055506993 
-199.30442694162 -78.403404854867 11.515384096935 20.276889715322 61.360769895638 188.55998585606 -112.44194924637 97.290426502887 166.44484653839 -70.021285323036 -22.348763746263 -29.189708516975 -153.20395197453 -9.3647170358913 -123.13444581984 -82.005570314413 
0.31465809157002 -26.488125776895 81.391385239559 -21.034945012979 21.186801464208 -27.493461810619 -162.2772816745 -46.684981497094 194.11205239507 -23.515714151116 61.438221092018 29.746497065662 26.271535523485 -212.32120557737 2.652362133616 200.50593078727 
-152.28683643775 123.75089490116 -108.20564325751 -32.407555593384 -123.16682752736 307.64239001027 115.40689535238 -12.015317609111 182.28483395351 -202.41759775986 137.2739517176 71.356269213027 46.94015191739 110.26712707725 -273.22497905008 94.22462400742 
-73.102953368475 -160.00291243709 -180.92023092406 282.35478442414 28.836510447141 -63.983114267131 258.31529462381 35.812771365731 174.20024599506 -95.242841435018 21.60757161817 -55.995435436902 -105.62552888951 188.90945588026 -13.55041982244 7.1578465084604 
-142.34467533904 -24.122859669775 214.17935723964 64.967407507582 212.60691298237 51.165577415254 -64.691068103809 -15.151515589857 135.92950103788 154.55486054011 154.01223071851 44.357722774944 129.55987687501 -3.2169060463732 -32.46032721633 21.538974846385 
217.80610059399 40.849127253569 121.81377596259 58.528344567074 -10.730987771452 -436.43644501487 46.628930448632 -91.979547168888 -178.9212683683 54.199930833504 -58.07540711855 71.896687061286 11.734679113495 -129.36481688292 222.06835346543 -74.704784784331 
24.947551568204 41.773309583765 33.023591256993 -42.689906936524 112.71213444591 -95.195709153463 -13.030708837934 180.16332354899 -12.931722275256 221.05691673587 -59.837779444136 -138.35002514627 -34.489508842701 25.523441513618 -93.105644873004 -82.103190141462 
27.172187826404 -190.26373447012 140.56052326533 231.37970039795 284.93331284631 -164.23080335136 26.641288529278 62.330003252512 -143.65430215412 109.06046840942 119.46995180143 25.160590547643 -148.94333358299 55.436098380536 252.36373146434 26.947094295626 
191.02243806275 200.62185053541 -184.53222634473 -218.18481542704 -158.17221742198 224.37519077715 115.64806687661 -6.6164049971047 -322.7770748452 -197.05900010407 38.208136542777 163.20993812466 11.784994328515 10.78175610046 35.561029167961 31.27963184766 
121.91891198492 336.51374347747 116.85032718088 -166.17133218355 68.668684152695 -77.499629793092 180.91427407673 68.218065326069 -215.36687197676 31.988745789448 -97.85480682006 146.65622101608 5.2537647494666 -295.38441074322 -15.44709344465 -38.307191554439 
180.59837782895 26.65557613648 6.5736180254116 106.05121965135 43.1074764227 -289.64139353249 208.66669509045 -32.120670063969 -238.88103691182 85.891556450387 -55.646960928245 52.304399483872 46.23036262114 26.725322697396 126.94690021783 11.652073656017 
-12.104054681956 -54.84905609165 16.72715138812 112.97168756787 -29.429638901308 -113.03698945065 60.076776414142 -133.31324571229 100.67357049436 48.935498408297 58.378506525462 38.340668747854 -9.9376258766967 -74.69819862369 224.54892784337 83.670584898957 
70.009923678487 82.100053772767 116.91270332946 32.750975707379 211.59691670308 72.629040594722 -94.357770878352 60.238303776194 -78.110018501401 328.6861501178 10.556362616069 -41.246298766018 194.48680375795 -65.213491959367 112.68730769619 -144.67150089505 
145.70035275787 -34.528751410452 -115.81374803789 207.51475663288 157.91919311466 -160.52170875477 217.86245479901 163.80531725493 -0.5406995584555 5.9963289478955 -140.86355710814 -0.74951847364049 -146.12689218571 -111.23062316518 -144.35912447997 -21.994507431469 
46.673739890921 302.53446667728 -2.4426371663922 -19.843541191923 -136.3528983875 -102.18886002328 -1.7587049239077 -324.29959167647 78.243172289454 -145.39825261593 -90.726218871035 -42.085925663065 72.821266464009 117.1675521769 117.65071781367 -95.591888419527 
