10 10
-2879.1030135034 -12977.536075499 12249.337194557 9831.104131284 15535.447779318 14332.772309604 15620.522886613 -3330.7344964554 -13478.293837121 8761.2193773586 
-2333.7082729176 -7754.89628737 17105.967051572 38868.643756892 -1283.7747359858 -1633.3705011823 -7441.9273440032 -13762.770744611 -7193.6845095973 -1882.8107946415 
10141.125375613 20199.114234107 -3932.8583672395 -4653.8109282142 -5385.7044165061 -12298.473863731 1326.0542413999 13980.227211191 9376.4327621511 118.47979764611 
-3159.8331037233 -21021.191674583 -18615.274391143 -2044.0262538173 2482.0165245822 8634.9444865056 -7290.3892897402 -24911.667755496 9939.2949368677 -4752.9388969201 
-3630.0761769358 11635.681058353 7048.6630521461 -1690.9529469082 -17870.521362056 -7821.4790889095 -5272.9300424024 6908.5030153237 2577.86062503 -15833.350956869 
9510.5847116215 -5864.3116383966 8255.6468129766 25898.943758949 -6210.6279037569 -1212.026258935 4394.5988515174 -1876.249547634 3754.495498014 -3228.8529158193 
2190.4213358395 -17161.219174257 3116.0075918893 21353.853021966 9397.1426647736 -14945.695064181 -4937.5218027989 -31.018222475706 -1310.4800281565 2684.0858899143 
6268.3625274171 7831.0504116841 -8179.2516121542 -10366.771685093 9089.7554136137 -13239.283744104 -7779.3455245808 12461.354497795 -4573.0193429377 3949.7210658032 
-1272.1615350382 -10076.852769507 3152.9810129611 -2167.2497541712 897.10422765764 19286.430133876 15605.204597821 -7362.5921350791 3611.2915584094 10474.752775278 
24599.971387722 6362.8031656297 -4792.3000958277 -5386.8842873396 -3783.0310934154 5229.9168341993 6129.594339263 6142.7611761504 369.88457661675 -10658.560999006 
