10 10
-159753.93996959 806662.7095834 -54928.693472898 -309701.0635089 -227467.8137935 -80409.175863473 -1705058.0342895 18661.712338267 1794019.4300735 -428686.66857647 
1389166.1241305 -1056703.0577993 183082.46636475 717644.55215703 -257156.4838561 75299.050124975 -284257.82211511 1243275.4519692 1486566.2831077 -1435715.595141 
-346876.55464736 -651545.47538556 391159.79985764 96392.092871577 335741.63204254 -1662866.4303377 524985.00623357 -2734276.3192473 -1110186.7380388 467277.67687694 
-954878.02663335 2470334.6561873 -652840.38152344 168692.31228618 789425.55169878 897057.94550006 -2621149.2679818 -116778.97271634 2706758.7631071 758474.6079835 
-265031.00586216 466787.70738671 425176.71019763 -508283.26250607 -626207.35297048 681093.18153825 -2346720.1665157 -64777.888426875 1627813.9776242 -1000368.9150638 
-1215525.0480153 3191363.6889103 -1366214.8958009 723002.75915802 2472571.2581305 -58323.46309083 -327493.13879086 -374890.92949681 2254820.5406166 1595928.3230742 
-1440921.9067227 678305.6490892 139667.40020894 -1234534.1335267 -303768.79587279 852899.00776226 -2088776.9491296 -1346635.516764 754837.76342529 -424443.65132025 
172113.01631215 235793.80757106 -805298.6722925 1464128.9638097 989275.68690205 -1450321.8953174 -232192.48265868 -771030.897251 -1655952.8219989 2792701.7737523 
522809.77491152 -2013071.1442908 247259.97957386 -298969.58484695 -1258297.407657 1630443.1981939 699964.44960081 413073.7442523 -2575191.9345825 -159870.60844215 
623501.70304154 -687077.67330057 484718.18575377 127929.65189413 -17555.685834143 -1386579.6756426 445337.52577095 91340.37973355 -1103461.1682447 291546.06479061 
