10 10
0.85753852612972 -1.6726141014946 1.3012917319233 -0.66410148696738 -0.065359918500105 -1.0674227912295 0.83540901577442 0.26054757737017 0.066372268674362 1.0212396125151 
-0.30149444907194 1.3947097540071 0.034271042583182 2.6099871802644 -1.5769132659648 -0.13402606081009 0.16535279103503 -1.7069711160883 1.4459203562133 1.5553117769199 
-1.0041090817297 1.5754671466935 -1.800368428893 0.42727239488988 0.8356809476679 0.37867899192555 -0.062499072278904 0.77883145644268 -0.47078122038718 0.016391255559493 
-2.561166035962 0.26554834195175 0.93553391003238 1.2105219208987 -0.71048713767945 0.46741336825349 -0.66389430268632 0.20758638180492 -2.5149263716192 -0.78711508131856 
1.7257215740828 2.2778083478441 -0.0073383716341414 2.0419534171451 0.3669255765619 1.1481949352779 -2.4032723452236 -1.4347897908977 1.6578830441627 -0.76356207253976 
1.2619546160106 -1.2111112507873 1.0343183878448 -0.72807670477159 0.83377657235599 -0.17974573230948 -0.015811289208447 -0.69549879184748 0.81146550975371 -1.8581549342383 
1.8316528023049 0.14565636202206 0.32992525303784 -0.31900557203672 0.90430380770563 -1.5450607918908 -0.039328689016289 0.21710727232991 1.028653947629 -0.56726854777174 
0.20436191165187 0.57181371267975 0.43972481909412 1.2256520787394 -0.09677651686926 -1.0815671480789 -0.33008380122693 0.68863274851986 -0.87654387120757 -0.019488662803829 
-0.55341014257645 2.3471732737265 -0.94742247474623 3.3284129509351 -1.6992946661461 0.30144968410826 0.16885136387718 -1.4677421932307 1.8199409651325 2.5908056810629 
-0.038318272487191 -1.4913322941116 -0.79159116702078 -1.9868898919695 0.28084900032333 -1.3696095115014 2.1803568326873 1.0585832011587 0.24695041117154 1.5247055965785 
