16 16
-90929094.199278 -161265538.88594 95736181.255418 133874192.13785 22480416.502409 -52574843.505161 -39145174.996222 -133561063.224 -40341683.090446 -63257711.265173 101317711.99488 -80284364.080854 -146596805.26134 42605631.722679 6134743.4480818 65830774.756117 
52607820.377028 -83402547.848119 37197127.461721 -179513662.52546 -147148857.61538 -110703713.71831 303983285.30673 331369445.63058 187642040.16324 -83303007.684867 -159439122.44743 91359259.8277 74573670.532167 -97284209.279277 -85427466.177931 162082248.83743 
-244648754.15593 67149629.034753 34004223.790468 62172910.959826 -138107728.36457 -17372001.152225 -178477209.47828 -171724515.84016 -128460977.56219 -32680887.948293 86217832.04786 -77426238.884173 46311561.541707 -76186659.446674 7539465.610547 -303283187.61185 
-215258315.89769 36304335.196218 192269937.31652 -47964667.856819 81958493.046273 291647089.99722 138700969.13134 -212327747.96407 -41984287.575733 157574608.31232 -45909743.010687 -104335902.59442 20402277.199307 98038492.528146 165390258.2431 -32517459.714486 
77913844.552724 -120143438.36214 -125680735.67907 -30530475.249694 100900936.222 -128642815.9791 -213757291.63769 117463687.684 -25108241.648633 -111291348.52815 280500912.94194 -201391712.30328 -263472598.61449 138908733.18611 122446620.03065 9659511.7119947 
-176677396.92087 11485893.368202 -118637339.15204 -61010858.428368 -255096232.48747 35580331.604438 -106650618.55641 -76590502.781117 68009284.261309 -141988036.73384 -62779838.748704 238099305.49354 3508347.2486779 53591192.127955 263101288.17055 -265666086.07102 
40485045.195235 -1605069.2394089 -71233120.327854 -35973618.647614 -356374102.0533 206473650.33279 45311776.67662 46131317.398141 199130989.75242 -238118469.46192 -90054966.878899 23171715.173056 -107673091.2901 140064933.62082 10836005.724763 47281778.571826 
-32313126.302411 -6270233.5421114 116715556.73176 -21377027.960871 -121273765.7487 168189231.95186 122543256.95249 67368417.722221 -66337575.156634 -74315451.024978 19603496.239846 58094075.825214 -189753121.16145 -105362359.33483 274058966.73749 -104383906.92024 
-107653828.95159 125632926.30169 185201879.94972 -78063009.842739 366093511.38812 180382989.50703 340960915.23669 -776347.94232241 -127623007.91488 392403758.18637 -34356814.535717 -72137190.259578 79994244.296006 48526143.111452 -115054303.4615 175757812.81298 
122965720.71649 -34728992.825739 -258413229.0907 -63563863.795247 -65584386.369841 -61551809.477875 -233556240.50658 -39240512.240126 98505266.62462 -169196039.28505 -5841270.5488119 49563144.067792 -2956868.1280329 -106719741.56028 220615120.45998 -174332758.77524 
-62456941.526823 58655487.940806 36457054.012175 -10814569.254091 -65319803.145753 119906999.23017 -156852500.05494 -73411362.890031 11328956.231082 -4622049.6396062 50107718.769253 51887579.101745 -56329442.338519 51867733.297063 113126220.75882 22638707.458694 
-43334538.377206 -188860387.44273 96004616.959326 91348706.389155 32282063.204253 119540388.88186 20133999.120685 -117637039.44876 -50216130.645991 -15095532.248396 -36988619.072226 36858123.530683 91990688.590377 -158615568.41839 33377480.585501 11485801.785787 
36696239.676132 -65972330.410803 -2175111.4094607 -29258406.197395 170099615.31355 -9373155.516192 54364150.255268 72824647.160899 50694561.40815 47909260.267984 -133408764.00046 11291498.971533 93564414.072939 -408743.18159446 313231099.77051 -52297666.439104 
160748158.56159 32127215.137809 21280261.575984 28208805.069551 -1637033.7662616 -72855104.452935 -40366533.706979 -11972483.895327 -142349857.74613 42655017.433729 13570304.255196 -166894468.01676 -217279640.6431 477429182.5652 -39187485.853644 133541641.69231 
-63352227.211128 -158338835.02905 -35157718.616088 179347934.10267 -184110485.45964 158890298.70933 157149733.21826 -68993836.162219 -100459588.55463 -104066914.30852 71591700.559499 -244100511.41342 -255038456.46156 39562439.741117 -275559616.31344 79272266.170665 
-93271456.459809 75883397.986283 76905184.700779 36608322.448846 -69605371.866054 24366448.291362 234934771.22669 198325939.00353 147948449.37685 12453222.595597 -220256377.07153 -31584578.713245 142580574.92372 29571421.868529 25306514.347422 -46367783.90075 
