10 10
7701.9934791266 -1228.5108568781 2103.2720225126 -8506.0789144051 -11567.024546321 -17401.911464989 -3799.2303891953 -798.2555459512 -14518.076298413 -8179.6121267914 
-11998.052960921 -11134.998629356 13761.705563767 -17139.387764327 14575.939975893 -2055.9541547995 -590.18919518305 -10403.127130117 20488.811763857 4861.3506621861 
818.12994389692 -13070.91923216 -2540.8038928642 6745.9249047219 -13075.946818324 -4532.4551775347 -1278.3625969948 -9802.2200501011 -8999.4422453406 10903.788000639 
-6314.0767311589 -10273.092650163 6096.7013894416 10138.485028627 6000.9159249637 -3500.4260279521 -6154.9106935485 -11359.133493753 -14091.112267628 -6347.3999286432 
-13234.446422229 -32695.081036088 13576.009717383 1389.1093485407 11227.871398276 -3607.4736815886 3581.177407259 -13721.063525849 -7039.0079743873 12227.794674794 
5322.9106369505 -11253.873655845 16282.570829869 -11372.03581941 3690.393640936 -6380.7335844505 9669.7484442268 -15984.582521534 8861.5811139652 8983.9739744394 
-7428.8662784265 10897.270844545 2642.3379123995 1956.4288104766 10067.266639382 7209.5001589307 -7691.0959297653 -4118.0559900099 -4474.4798183251 667.3968009263 
3309.3436998007 5392.3917609326 6566.8882395878 -11211.804305449 3799.6412207523 493.95716818391 -5743.0913537379 -2046.4430624578 9163.0132933977 -9730.4729190015 
2389.0939787676 5245.8580839428 5653.7833336057 -11651.554661167 -2922.165988229 497.99359371848 -5859.1815651586 -3639.0167127602 -1020.3575948055 5621.382221476 
-27817.138209614 7068.814777816 -12933.500658891 22062.064914767 9466.6710250772 9181.9502375815 -2803.8293363653 5009.1422999936 -6635.7834174501 1074.0196446562 
