16 16
-9102.8141133387 27976.616135228 2507.9389817134 26038.171242534 -26403.465304297 463.28067106863 -1583.364567047 -18173.040288744 17800.359717581 -10587.686097962 11124.049031096 10202.977597337 6561.9834461049 -5848.0881978194 -8219.2619475226 -2688.8103831383 
-7935.1296616275 9487.6773337714 9632.2928898586 -12724.135226471 376.73233808544 17701.86575127 -12567.637140667 21431.066660939 -4138.1145345015 -186.08920893242 -8379.0470124302 -17033.037572987 -11290.357952358 -1739.9350429351 6976.4834603819 22062.175606243 
13369.519005212 3851.9604900826 -375.41344585383 1336.1799932795 6288.6679279091 -10687.15931848 -7835.2176078829 -786.67801765947 25132.335080973 730.06475441604 17480.619745507 -4511.2482963869 18686.607918272 12235.403217049 -9305.0189889021 24287.303713243 
-3028.2682313207 25925.590035493 -27548.466383208 30175.865110948 3182.0570278768 16469.921389008 1493.2007514431 -20997.855614954 -10902.080399802 -12594.649782043 -28251.060434586 -2998.0164209019 -10790.668109656 4047.0194901497 -13817.271096761 7980.5536660506 
-7612.0450036517 -3534.2038559308 23308.995663312 -21508.032572076 -18069.676546712 -14312.314825899 442.22900844549 9399.7553072933 8824.4320033934 5451.6985024118 27451.559513878 -3658.4840863007 18716.281161717 -8397.0932036464 10609.381001138 -8388.1519274546 
1282.3189436455 -971.11239144598 -7083.3822724059 -10169.971760158 -11635.246141665 -13013.478269483 12012.726696777 2816.4199292917 -880.7121406342 -25075.367852292 4331.0896437245 7876.2441749529 14164.34827678 -7203.9612741618 -6334.0104883392 -10396.655624743 
8992.7657600811 6576.3105182125 -12763.594825233 7209.855285379 3542.3976067171 -3021.4017849699 34554.507950373 6277.7125964899 -4830.4932919164 -6129.8087331116 23115.654449696 -21158.102833631 -16250.473696861 -3260.094933759 407.35188893905 11460.086355075 
11452.094815875 10272.498152222 -36478.345276766 -9680.9914297152 6335.8753440057 8363.5864565612 -3325.3619864528 3492.5241589221 -6343.0757354972 1038.4896841727 -14664.834648885 8232.9813921574 13170.719252969 32418.8227674 -11067.480716254 8576.5924550388 
-3980.896191394 10453.766509747 5422.4449670044 4428.0339914226 21660.594091535 18497.919261758 963.89549499018 -736.43035365811 -17156.42384115 13763.319262106 -6339.2800877607 6775.3734989906 -21924.999873669 5944.7834179211 4658.4463368296 8600.4423415688 
2978.2920404564 -4919.8629382036 -18212.396172719 3860.3122556384 10880.942333717 2888.3516012123 -4673.8869689197 17200.646841102 24861.401925161 -1109.3926042277 -6669.3084822036 -25710.305115135 -21080.488065285 -5035.7903237501 8552.8365446739 37523.843507265 
-9956.164264444 25014.241126897 13899.081641852 10115.557795735 -17873.867147031 27277.405989534 -5510.8297140393 -3417.1655075924 5894.2740781446 5101.1506931621 16508.963313305 -19376.476219809 -13682.434390269 2691.3510995675 31835.451501838 22147.503040144 
3233.0776469632 20458.594652973 20990.526399836 -20606.070061607 7372.7506743561 12208.614784202 689.36925991885 -198.12493146848 -35526.099701406 10433.211237519 -3172.7936781552 11213.683811441 -7445.4606946347 1698.2947206212 7526.1081226506 20633.337241276 
-5892.3747100768 5014.6026765333 4173.4120713857 -13457.881477984 -6859.2510280906 -3927.0228153219 15570.210413563 -17820.342002137 -16015.278243266 11927.353278997 23472.40283686 25514.426284008 6244.6624479858 1570.1572696588 4428.4901358094 -42745.678381591 
-25124.358874153 29970.247100078 21146.216091751 8534.8215722619 -12466.616805157 17419.939631704 3484.3821669302 12999.492424289 -6817.6970834243 -13196.537023384 18966.237881081 10589.886071553 856.8688395579 16315.14496919 14089.155087595 22024.181018728 
14196.676746893 1617.7805976059 3603.7132639548 -6835.5260787593 1479.7334440875 -928.22181679509 -3184.4597359849 -15793.692417121 -20991.415272615 7096.5194933051 -21641.150663669 -5410.3952033005 9928.419427041 -9662.412693119 -10899.927018513 -16259.385626922 
-18051.654615001 -10054.578549575 -13241.266656679 2525.31780123 -8524.120585944 -15059.133466444 21375.671684144 6626.0592014204 3615.4947367671 -15680.017102466 15773.164283178 864.81242316904 -13329.258487053 -21932.548524919 2504.2975801652 -12562.339100717 
