10 10
501964.55655825 -1757139.3125102 211374.94473367 -988738.14795504 -132774.91737245 1240407.8026479 2837093.146692 -1830306.6443624 1017742.2989088 -858959.73627327 
-1246422.8824735 -583818.65126375 -899571.54950867 -483086.37840711 -748450.75167994 -89866.965214576 587276.49048174 -1391189.7029949 522980.39700786 -1400725.3929498 
2226719.0750291 483497.32673783 -919107.53521427 -1944865.8087042 -146654.9545232 -550421.17211499 701281.21685534 862799.28420555 -2410836.3149697 -648980.14169878 
144303.80442292 -510438.99462416 1478791.70386 439247.27866065 1669469.9812819 -257384.49320572 427378.98142815 -81809.988543006 873833.88022995 135.30253518099 
839273.12045107 214490.86756287 -879500.98947468 -1121254.9307427 -1911893.5309847 1861162.4921498 1622101.6213844 415901.59978072 -648931.16684323 389300.38875007 
382907.6752655 -720082.13655382 900757.53579059 3508846.7586199 -510085.87395685 1371915.2056534 48691.247578596 617588.25487895 2017520.9100917 1202990.546261 
-183814.410885 976858.66651843 593619.27077229 53551.671198087 -785375.29649685 552423.95761851 614931.93020933 1100150.1563331 -594796.22757911 891591.77568395 
-1666686.4691868 -583098.35907571 -1193120.5660776 1298733.3460534 960988.28192667 -1173609.3396096 -358806.77952391 355723.11273862 1582795.5755207 -551150.03795898 
159470.85340682 -524051.28129082 2855275.5111234 -157625.18499465 1806320.1526523 1203323.3137186 938939.39508401 -1168171.4408438 1991226.6235733 269702.98162173 
2029661.9297967 -1552375.8591252 -706040.6866219 1232066.4301743 -701027.61689787 556790.25318743 -409632.00659166 -722503.16673539 -468626.04855469 -76163.438843009 
