16 16
124.20453553034 137.48842475893 -124.83992780479 -234.87134443326 -71.991378418269 57.893154959346 17.476644475474 88.15228520915 48.610954520815 -41.299574104026 46.52626154892 33.034632709417 67.898320481008 98.771854924013 -5.9662389466851 259.25683495855 
187.7577562359 247.28298508901 126.8283624097 80.010688516878 -6.2550856928277 -12.782120141642 -122.05823362831 165.87528576592 97.645691214857 -7.388462682606 119.80285238552 199.15910429615 -150.3696246557 0.60553581047652 12.564932284049 203.24383093425 
-29.606883419815 136.46206724343 121.18144105969 157.41741355609 80.465996254475 102.21652684991 -98.865173794956 -59.301950546515 -217.2523100778 138.76212566734 -77.327438716605 166.41140101549 -192.09167335315 -114.31924731116 -86.734799980097 66.397380916038 
-151.33941204945 -92.648731584836 215.79853923244 -55.818076241492 127.04927270757 102.15707863269 40.455708003315 -196.55147562531 -35.211315883168 124.29773232199 -75.080774930169 -73.755871346978 -17.033362277607 -12.839731338236 189.89167645243 105.78253332794 
-25.440280667322 -65.79288864182 37.311285401115 92.820690892898 13.457380535431 36.501975215169 135.48975094008 204.33212194855 -134.13165572212 70.471711876187 -61.402433648133 20.091923955021 164.63848841715 -103.45033036707 -96.17069345293 204.86067918378 
125.70364698333 -144.25938177448 175.77922690511 359.03313396828 69.801319726551 -267.4591578867 131.41475196162 61.80732014542 60.08738475042 102.9135587982 143.08109863085 -142.44241317336 95.69992669417 -115.60448566434 -16.019618911228 -280.57153447281 
13.703995435146 145.41051706816 -58.349013330488 -227.59137458354 -142.15540391677 5.0746621848941 172.08981678776 6.1158137638638 -3.4181403770886 -76.153380490732 -163.29031532429 86.016189897693 9.6000519213062 -56.569887560761 22.790238249 257.88752369166 
-191.8126125052 -140.31919103399 -8.14383568979 123.09705819188 15.297491574209 169.53265033368 136.82224033254 -74.080941792391 -128.38506619924 -95.486038819783 -50.373581043329 267.03480910907 95.697506929816 137.6247846116 54.473260277009 64.266310658352 
-3.9351231928607 24.178454564296 183.10682284839 205.52884149051 71.423314219106 28.068059078825 103.79192135597 125.1851083167 -26.632772297637 1.2615283290294 115.18310738981 -119.76459930723 227.80242471871 -199.27355015867 -207.05985711504 49.968452083998 
59.135092241424 -9.6492109117847 151.27275604466 143.12311158082 112.71489536056 61.954563882048 -73.050933406105 -51.574351392198 60.039780078283 -151.10910763024 -308.46702117862 252.91769036938 16.521712959228 57.751724094402 -113.11773780415 76.728073745424 
13.83654656243 85.107413885634 37.292932648113 -151.90967214383 136.56283617223 89.514252444536 -144.5733222417 9.005612638274 67.119317756178 207.57391636427 -105.00124315219 -178.75169512383 -125.38995426873 86.073859891095 -85.780496124394 157.20267456531 
-59.404691820345 142.8591308473 62.310144548879 -27.430596564207 21.1822152535 135.06049986627 156.58766518684 -295.83604447033 -130.25565863272 83.619337219036 35.488365675181 10.231860436805 153.59101575001 -88.068593523488 -76.296654471462 -19.559108741102 
-12.192201200706 87.684563822679 11.881954846898 -184.47060240388 120.82147383291 6.1234767247012 -239.26605204203 -140.74124179131 162.5323435837 8.2133651639702 34.053481141579 -194.20568192334 -162.11589556697 -25.890478147776 -100.8868323056 64.144031536061 
125.39200115116 64.654140187102 26.982160778345 -211.91913589712 58.321715773203 83.806758642101 63.249521084806 87.271803244324 -32.625272225472 143.76907920439 -101.64815525133 -89.763584888875 196.05429134941 -11.461559952184 61.9930065364 186.04872103817 
182.35003469537 113.71560369135 -165.8839215797 -121.57315070905 97.503769961269 23.604099234468 -267.42592731634 99.296709068745 -2.24985604801 48.453832405927 -145.0743598177 -78.060568984268 -5.0778876569727 -24.514126505962 -293.68350766647 26.54712381848 
94.504825575227 -21.903711400821 -26.682538417545 146.85820448566 137.94425173665 -20.167145393632 -80.059179132011 -215.39520911391 -61.388423192151 37.652093954502 -46.359007024848 62.099958816863 37.985481225483 16.901832606583 -191.76980761142 -187.43650335746 
