10 10
-704736.04310425 187576.07423692 -1221055.5624018 -1069749.7764022 -675243.76107276 710388.29983601 205872.05241548 -2067868.9598683 1011147.2728827 -600257.34614446 
1092477.4520451 -607407.02228986 640534.38209032 -333251.40672592 -651234.86627893 2601338.507234 -365414.60492085 563533.14506377 1516167.9709192 -247094.00787184 
-690521.64184683 -237958.28667038 82189.539009646 950066.6082791 666680.84744452 1344112.4275688 829609.98307084 139628.71854902 -334945.26299874 184322.05968498 
-2041586.6104995 302285.37442135 865691.56245691 -266721.2297846 -876766.6033706 -461050.85121287 72585.572535474 1303701.2535303 -707283.02053512 -1022911.7412561 
573177.58324679 -139556.75436702 -318629.74801433 -1055784.9055744 -430349.71222159 390098.14775727 816018.61753436 -981786.78926789 916063.64965787 2244170.3644649 
-2258826.2690986 364124.35368511 228199.9259106 -475627.34858288 -114503.37931527 249164.65586789 -2163305.6403861 616350.03635395 -859765.81263914 -2891890.0548897 
-129462.88893667 -1060504.91488 840877.00193895 -337683.96837268 -1746875.4201446 -2051018.0202442 1678674.2032533 1695033.4459006 311686.28423778 45768.109368583 
893116.59843812 -83774.452065216 143871.96315209 271413.75026372 1296828.7017993 -50346.414444788 -944956.75930513 -592997.71642796 -470934.06359577 830101.36388103 
-352340.97972349 250185.01795624 728686.20969826 724738.445969 8759.9199290714 -786915.13812808 963620.25116 -347675.32124471 -552839.42193266 791312.1984129 
1022346.628077 105937.42702767 -531629.01846972 750225.02681564 527241.86591712 1020600.657765 -640833.92127927 -1738589.551707 148955.21841487 766510.59520953 
