16 16
-136248526.1089 188278407.63661 52237801.971442 68973865.383181 -18563231.070238 -195812734.25875 -135821431.85183 -23034197.746025 -153311236.28379 -214908851.51504 183477670.47897 -78142564.17127 170076554.03834 251185.5529459 -301251410.41998 49123645.551356 
-223848095.3978 85188494.182236 65270911.48462 -170576108.43626 -21901202.127669 -130796296.93636 54028445.348063 -155733654.22596 167020163.01592 -163072049.8265 20522248.839351 34408500.503726 243803120.55097 -162993156.11518 -67809852.364311 -101849115.07217 
-302504543.48922 -334171601.95678 28701763.807718 26690496.616701 -22619359.722833 95042980.184529 -40856892.863894 -44860510.692833 -124002166.16211 265980652.8844 -100816466.93575 -45395503.139878 93768771.48892 103598263.45696 10307834.73906 206736778.42849 
183001284.18383 -149954250.74725 -246362140.5185 222116347.97244 97398725.281596 -50013224.490131 110016775.20548 54605322.580852 45965673.509835 -28325106.812855 -41161050.460263 -77685451.291252 -288548901.7504 -139982862.26898 15602631.222138 36546543.490161 
176157747.68143 88392448.552018 182196621.83629 118775336.98616 260491946.56481 101122245.85945 116517037.9915 -20679356.729687 125058559.19489 34462706.511543 -5076687.7826528 191123112.15775 -247705123.97729 -93040959.625711 -11490654.543512 -12187603.536241 
-197313856.45824 -312853406.57013 -56483147.079735 16507313.67686 -193365044.36687 -163923452.35528 -252684394.72544 -164896951.1321 46446235.038717 -3322170.3530349 308184634.6984 -106712672.25475 -21102012.609138 -196061017.32525 58755635.441536 79341164.901136 
-59737436.132572 125603498.04087 72750847.52302 164992852.63218 -169411671.76142 -152669548.98761 -158648051.44924 -43665539.584497 -67061786.202879 -99940446.539865 219539936.31388 26751720.968668 120818481.03093 -104079205.21478 -105989725.67353 -4649416.9161496 
113573794.12256 -13031238.945278 -112068175.49886 -32736493.034921 -118819266.50411 -87755420.513558 77376785.458903 40210766.935916 -30215202.863168 -73237820.526281 -119128056.37565 66456746.451531 -166973336.25002 -14004781.042466 97755668.711929 -150639998.73463 
-55719398.957956 157342665.05357 64208297.409959 29728804.104144 149214720.32894 91720617.820142 110967938.79126 -25408483.577426 131807497.942 160600251.77451 32520656.050008 115889561.84547 65037357.390965 69740306.655921 -93434975.861788 166339916.57279 
-326712235.00902 -310926503.09505 42901593.202327 99500825.648989 -63574901.809367 118755356.22645 -136225805.52237 -202676026.74006 -131724696.21609 248544465.4316 220251293.55297 20950440.962035 272970319.27443 -90585677.03493 -10727185.663373 332732733.55118 
-121014986.28807 -123277033.3082 60395853.566158 27635086.777045 -83394483.311416 44469965.822965 -50664843.320645 -68018818.966872 11697153.228702 111968808.77604 127355935.71703 216379900.68072 37635379.004747 82841332.156551 36064600.971562 -98451.60974503 
33438570.149309 -249510791.29854 -86150490.266322 141418268.30317 233118096.9189 129879047.75902 14470121.688754 -118075324.36925 71597654.96034 231307157.24298 53499160.640411 -12669031.97262 -273158347.12845 -296180447.17839 40511488.915134 48784111.517827 
-142046140.21265 -97093224.215407 -155483980.87291 -211628929.31484 48795195.484248 134609598.27478 -170072632.68621 21535932.241741 115027259.02168 -44140689.817106 -213592519.27436 -194395505.4705 164705897.60337 -5958846.9629382 -23516434.295113 -42386419.935584 
209074848.64196 185623509.12263 -62175009.042081 104982587.16627 61214939.634363 154776773.02047 112695701.33024 262061811.68794 85556857.83294 30769701.134844 -38251051.462037 54224864.804207 97018633.757494 -18354562.997969 6302188.4849698 71111687.502882 
53885552.13099 -94635842.763018 -113692908.58286 127430329.95412 -47486374.729357 124651418.58535 -167998879.4756 139084782.93972 266589515.43032 91489210.587639 105761174.52875 71625391.807937 -70898329.953042 -163570552.27637 134917379.77509 -155349402.70968 
-143283266.27629 -153307443.75798 121726067.45486 45794180.365832 -127668605.57804 -116492496.07786 -81340096.411566 -102795103.16333 -242938410.89301 1574560.0814661 -32079314.563526 -31026189.14799 98821777.773434 129744954.84798 26367565.680866 189578306.00655 
