10 10
-0.6829833898238 0.44425028761896 -0.67893381450487 -1.6673524290507 -0.29506640097267 1.3705493121702 0.81427541810208 0.66772814014582 -0.40211699945925 0.65941477096755 
0.71287176202786 -1.376520730781 -0.4402375251886 0.85159337184364 0.49037551416552 -0.05873969390028 -1.1131390973266 -1.1641696927634 0.14927113985487 0.5005857224019 
-0.26378958766621 -0.77233500835618 -1.1891691894838 -0.14563649674051 -1.090095693269 0.85154095350766 0.18379322101529 0.67019495540416 1.475259874551 -0.89343513094025 
0.17200818292425 -0.75329988763167 -0.038273283556714 1.2946863506304 0.091471819114533 -1.3471233541584 -0.70958069679155 -0.83574689957053 1.8999561024422 -1.4120276689474 
-1.166434562641 -0.98244077028236 -0.10319618831092 1.0924976794721 1.99971436702 -0.9643402102327 0.71170253649352 0.48241528196437 -0.0085909140369863 -0.10008621576696 
1.1838691380239 -0.24273946194749 0.45908535178696 0.35890889150971 0.64111196525219 2.6327622092507 1.5103675715044 0.04098729324 -1.5865361832437 1.6165990117396 
-0.084355510521332 -1.5291491014089 -0.16161796809349 0.41560559140009 -0.48717146634944 -0.064237177860684 -0.18939195399509 0.90547665115548 -0.035182158962366 0.4561930667497 
-0.66242482256771 -0.12324602682855 -1.2840971028721 0.16055043027702 3.4761939332296 -0.93533716230881 -1.4417486921612 -1.8506182994009 -1.358505311625 1.0207320005263 
-0.73925013566995 -0.45396024197065 -0.14205420596155 0.43401941643311 -0.79013391399138 -1.1716261966757 -0.16911695235845 -0.81693320824725 0.76023830008133 -1.2802513788273 
-0.17530382203698 0.18396534597389 1.3797689262342 0.29272396013202 0.79187896125517 -1.4536558163326 -0.86447912591135 -1.4306139346384 -1.4077828482435 0.41448162303778 
