16 16
18220747.621101 -166121769.63568 -23310771.220354 25020387.023963 255091038.47147 -244149809.55179 -89390976.145093 -355985166.17517 -143121480.65502 48619329.629668 257831262.05666 43876075.169123 -26144441.455179 62802168.874125 97674643.607481 179939557.25617 
181956534.63259 -226089129.24867 -23583529.249759 -225967007.60084 -31736020.299325 -137304182.21883 6593068.8367885 76746853.046005 6889355.7785353 114283174.81038 -200137259.05836 207067657.02475 69564103.030518 164756173.64111 235714810.97495 180011411.71904 
188360034.62645 -72099721.881855 180144898.83852 -177304933.09702 68142953.172065 -50377392.612996 -3014234.4435805 5083381.5706023 -49177612.850954 181798111.57516 99309614.172192 226638321.78317 163191079.22654 287480631.29046 229313675.1383 -52606825.859124 
-211349610.64696 18521892.622238 20327022.04429 147307585.83283 -92360866.200325 148233893.49227 -193979048.62624 136081454.3131 -159282056.43485 217676043.44915 -24214110.015735 33992467.198429 -204317380.25279 -142851651.40105 -143469550.70001 -165575691.88516 
84032201.144603 148947861.19552 -171249899.837 -153731816.11838 61243934.138763 -36131003.980422 133163583.87293 94104927.973691 77543146.155431 114231258.33885 1000433.9566484 161733406.18367 -9505740.0179257 29714308.925572 -26163575.917057 106342759.25264 
-100390863.93373 104402343.53121 -268478601.24512 -2571061.9907268 -29395461.927647 63959446.791374 111183716.18239 73812209.816143 59077309.321987 -149421916.72284 -61866474.692087 -3344097.7162814 -160705685.80278 -249210842.88817 -236033575.00322 -31183601.022117 
-107137445.04206 150851606.45987 61893648.704474 22951105.394231 -173181997.7689 163818292.69132 96657261.602749 -98659312.760412 206941655.8174 -108157906.32191 24430042.39397 -84821305.980185 138391935.29099 18697687.427035 16251123.119492 -106381242.31556 
136549693.05572 39716561.767822 15842705.574417 -11799449.322764 -6725383.5166225 85013367.720578 60816627.476298 -20830510.48646 157024247.95799 50520840.080018 108064958.58925 14715900.463116 6082575.6528456 102893084.74205 -92285057.418367 -83918207.767642 
-187632786.83609 153658994.07749 -142932228.67674 113810444.27013 90235698.195672 -48294206.577953 -208942954.28524 160951621.347 -178686858.58768 -7147774.3724653 -95900413.805972 -21346236.916892 37744161.258697 -9392286.4818671 -13307992.886809 -115401813.46418 
125275807.58096 -110847694.85275 -108162796.57234 150183093.85619 -284161526.11777 270869475.25991 -31248535.481926 162824464.22336 58641280.812914 96466945.360004 -112127117.23865 24324420.724004 -291038752.57881 -26946484.03268 -207701002.71193 47563611.932092 
253955422.17702 -195235015.74139 257479193.12603 4752087.9069488 10631647.323831 181513702.03178 35731570.819284 -19728577.17505 295270737.46507 5569700.6773405 17952366.566986 -150880227.22131 -48193795.028344 85066246.156457 22168026.090448 62101935.000131 
151870584.21809 -83304158.58417 126277661.20312 -239695397.57143 -23606652.750258 271558357.24626 71433601.816142 255635294.44253 195446615.99706 7483229.0432517 -146572585.60776 -97918623.013572 -63720319.493307 13823215.928528 -89818085.026765 50480855.746213 
109506317.32588 -42618543.786779 290552818.88025 -88293963.593899 -87037587.717345 185515300.29507 -30995421.460706 115244124.54575 -95451643.157264 -21839770.072377 -27160568.405153 82298141.601612 64236251.442506 59471788.675971 78236072.573327 -49919650.430239 
15759012.803915 100788046.29964 -79313145.781454 -116214334.41372 71620051.718977 -279539378.35162 123760382.80022 -274443488.10723 11667371.308626 -167266389.13994 138390455.1851 -8756302.5877845 181722458.82762 41983000.910802 46309502.983316 10793420.607975 
-93175246.58938 -30771906.002057 77646785.263923 169087831.31774 -202703061.59883 -35837249.742731 -41680498.695414 -234010103.09233 -147591938.38198 -268085520.15699 138066133.18345 -259076695.21146 101125472.29016 -85817493.887261 -7094106.4590289 -120375780.5267 
203094480.34109 -158937809.03838 -87039414.693353 -20731727.103297 -58811016.623763 60953772.239818 -19035507.34997 -14695777.047228 258054076.03977 30810514.366509 -79303179.200056 79171255.131179 -204438076.06055 22163209.005092 40046542.22369 249403435.18615 
