16 16
100624618.77528 94678119.622269 -8503247.0883739 21221605.968243 -48873711.81037 123514439.12881 37550004.49783 641858.96632919 152641230.97138 -148179696.79906 -24976101.06674 132481028.76331 -10911910.696378 -58743784.911613 38373996.974828 -241170124.69714 
228454283.60928 118684495.77904 177372984.14835 -44079330.539623 89394758.747516 162928174.11738 -2809516.1101238 99902934.652099 91880806.423754 -182923613.85119 -86125492.784244 100640726.18937 -11895714.653662 71597447.927301 19365605.001167 -326006089.56702 
-140650669.5078 10267991.017927 -42634287.031352 233898428.15296 71953361.157968 -137239857.37542 90387937.158228 -20228971.001056 27456099.202361 21457835.063599 -108512061.21537 161305078.75188 13677284.526349 -24441167.363707 -13895646.789002 235919354.10509 
83311854.243529 38013952.85017 -69128055.469624 -22637830.919178 -16027064.968823 192492654.85729 153884337.66252 -8977579.4488361 -41818190.935706 34068992.406744 47104603.760012 -81544589.050497 -152865435.75506 106424283.71044 -222459303.58059 163035556.56935 
22308077.564613 42771007.57667 -65247912.769172 102469928.11276 44866562.197583 -70307315.266663 -37156602.004607 -103791678.27557 -57517731.755158 167082457.76963 -10453288.848729 61050491.797698 -36948486.924601 310342202.87211 103466914.12674 211381591.94848 
302797719.31399 67339752.343036 48413989.839822 210590043.40636 37827892.759934 -28153165.976866 -58177952.556482 -81120805.634341 -86131803.863981 -254847795.12553 153709906.34645 123339546.15341 -211730775.14516 39674518.34112 79492804.481019 -175980680.79493 
50990618.765249 -120440445.94124 -1663316.9725272 -39427424.575992 87653249.385979 103636448.24127 128003620.64171 -50473691.770787 -71081561.442753 -105997522.01537 146914290.16321 11536192.963324 -100896003.65061 73804909.695836 -141160186.04183 153773634.03763 
-111863212.10678 -63375672.449843 18931594.855623 268343833.30811 76622116.518543 -106939880.25087 -50419674.878588 -241940666.59565 -94122407.166612 41334585.052801 171423439.74616 17742960.847958 -45260921.627896 34696530.031064 203750840.66375 129018406.69235 
-63354423.323667 -192170238.15 -80867510.085629 -152661028.18797 -144887390.50842 207696650.82317 -15691742.024992 71336732.420972 157940237.39247 183959442.23812 -111916597.53295 22122820.464921 205468843.52394 83418477.543054 -65859664.042819 230133546.66341 
-185989940.11724 -139769686.32505 -7802605.2017603 -231828472.50498 -159258538.58217 71923834.235656 215502747.44522 79811732.135552 187364966.47919 124378553.55659 -143867590.95309 -144017829.94207 207479927.68933 25992378.590227 -211861910.80001 157243031.7218 
-22252476.81091 114409801.90825 195873208.04782 -6604419.3645696 188607595.20715 25446766.42245 110085916.60936 -21385542.471529 -22775991.718265 -8634797.1111651 -152774164.44209 6085041.0808262 -42119960.08427 99283235.741487 -76961469.38502 -168686508.51794 
198238371.46209 -165928559.50736 3876140.4679822 5337600.1340672 -12145799.886979 72310673.248623 -85969872.38083 58131494.471884 156813530.52005 508883.17930753 -5950860.9845743 139158485.24122 112549181.13956 59650637.177122 44942302.122855 -219090118.92669 
-177055953.58387 -155814375.18264 -104157176.59635 -52858592.256854 -98634126.396697 -20051199.404192 30054434.298617 133687310.10118 93906177.53586 164949490.73333 -126922862.24329 67197493.849637 200734210.93023 -60535130.744953 -108938609.9969 223625893.48759 
182341265.03395 -22099519.54135 -136038587.97263 -44839315.418944 60693744.759605 108938185.02477 -87523233.746007 119400189.95163 -53873928.443112 110285557.91372 2709419.6661566 -80477978.623867 -5889771.0794019 66184243.122735 62573965.754375 -17624709.201369 
-10072506.144092 98311732.631953 -160607769.90554 -125817424.69436 -163739730.72817 77612852.229514 149863340.46964 -36967420.485263 244512716.46878 200511263.43065 -56657759.426339 -12632265.121602 70091445.159414 -16746076.105481 -124884013.6888 7877353.8483825 
-194819274.42425 -39101084.309563 -77425681.945501 -18855415.882731 58198460.023876 -160921085.29996 107315732.4196 85650701.680463 41754007.533045 86243094.805745 -152987596.31522 5188583.2654771 64523065.407816 -187739015.00784 -82424703.577498 34464131.395811 
