10 10
-459980.03593535 979469.59164578 735307.08015667 152661.64734762 208463.90206675 -680144.94613518 1041926.0322438 -431594.69297953 626934.93943741 1120542.5038019 
-74785.271987285 -426361.80271097 198990.91049813 1098076.0299041 -500471.94554526 224403.15996979 -1270937.7376473 194246.91500357 -1197895.1299565 -153258.39099855 
-815146.60779711 653414.39333492 790548.54227986 731836.25676692 -2241882.1159034 -1327858.3826595 117009.77830934 481019.98525851 106799.40982459 -34095.214214681 
-344065.27694413 -1172369.397024 841556.53390296 -674824.00361412 780051.64048676 2080876.7905742 -396890.3104535 -181053.52795584 475203.82003161 -1725891.7650581 
421709.6770322 -1191936.8131648 42884.749983157 -225024.87629359 592960.83849378 473979.41834768 -391463.17548918 -1143724.2993937 -889047.0712431 1466831.6374481 
387577.51744374 219748.6141211 -1316753.3414803 335417.57125257 704113.6513405 37783.124903996 -1864318.9791846 63303.746343606 -372990.88332723 960203.80498488 
-1297077.941743 379533.72332971 1372950.8164051 -752320.75785256 366252.22736292 2025903.7090219 -657768.89220212 -231141.73839114 1428949.4562145 -309910.97880471 
-936643.51366301 2796680.3441787 453937.31103797 353462.74253075 -851341.93004289 -2111391.1175444 1544775.8280702 1230576.7683507 1512896.3789705 -1112622.8197357 
-908948.37414094 924100.52017017 -13555.395285659 1471916.788414 138054.38757149 161720.32618964 -819484.91498855 837185.07687238 -217628.250431 -36582.141628477 
555168.45464694 -910172.19735213 -166729.77756501 -1781770.7945691 1623192.9086825 2148019.6831021 -662911.77829125 -1304238.2372943 -123723.01251873 1151002.4355546 
