16 16
-155588.30277563 1304447.1497311 -93574.961534017 -1293286.4653558 1807188.8981632 360471.57283277 2005671.8168414 -665855.31060482 -926780.00619797 -224574.41229876 -2060632.4630904 529177.92410237 -1465267.1136897 445962.30088574 -926297.91855061 -560384.3392469 
-2344680.0783478 2036398.3467274 1626303.2634861 603632.35715565 385435.15013016 -86787.59433472 -246134.19303698 -3198285.5125458 986285.86470543 -1800610.1973767 -170841.84427107 -583974.54598445 3163679.7777636 1818579.723446 605337.86752403 -850040.06814148 
761246.44587873 -578263.02178364 -1941040.7927633 1810394.9138405 -1815658.2431977 1033648.4591409 -2030667.1200583 -1711361.9392325 4313598.3005443 230413.82472999 1528966.9942428 -2268832.5441215 -917360.67954718 -2223123.4273971 -1033303.3748018 -848053.72782263 
147068.19621475 -2653786.0556086 808645.70695116 -1266802.0070635 -586017.64313079 -2323091.6148955 847841.63307429 1405152.6227578 1431872.8192294 -818272.69727552 1682542.3378067 728853.95483204 1106624.9466925 -1546211.5436181 -219569.34977068 1255426.6858646 
2135655.1683941 -1782463.2375344 -1378126.4764997 1130801.3922658 -3125182.2250891 1405689.2338285 1832928.9646012 1493952.1163554 1252872.1009857 -1314996.4700995 1300479.5740347 -1270331.2247129 -1815889.6544768 -1501386.6920348 240314.90588106 1983993.9106473 
116376.04970695 -914755.36066548 -748736.71816672 592884.5259251 -833686.33821359 344542.91602619 1773519.4134795 1611053.0879566 -1208020.2420203 -1001720.9424865 613825.17963566 562315.37085988 -1186137.3006275 -11027.121591703 414562.62598547 -1143212.0298618 
613914.0017138 670465.0232303 -1516123.8746507 110561.27795523 -817222.64305498 158419.56974777 -1286307.8724759 574573.6005391 2280605.1898316 -201695.4872575 1569247.6213287 -1821546.613745 -1845010.3547223 344356.47583509 113872.70934449 1575639.2753889 
-54315.712678081 -227958.29713589 -1284519.2426379 -1117796.392621 -604951.68976026 486039.59961933 1337615.9356122 1038439.7411559 2570565.2598061 -2184367.1275535 -341902.66576021 335827.8481001 -504546.56734057 231173.57839448 -243796.6181257 47040.626427974 
158970.96016291 -370440.23522302 -54885.685123353 393552.72166783 235492.57040164 30378.813383686 -400205.04860083 591748.33525709 -1458467.8652453 269245.36814422 -965218.4999763 496054.02998697 -1052271.8577474 -178014.77687626 -161739.78836857 242979.22038351 
907259.78430398 -437463.30665313 -1141768.2728133 381816.6566164 -1781308.9218726 489503.95257899 1792125.3250914 1307845.8795383 -735594.78650361 -932779.4828186 -1185419.377809 402786.90678332 85392.473514517 -125944.23980003 611548.08659089 -464395.82681751 
-127717.4768311 -1138719.7758862 2279263.2635394 -2609703.2201374 2052207.7663081 -1764103.6940333 -146015.13529341 2443290.0333254 -488183.6199714 476660.79493645 895862.24113424 1720696.5734614 968831.81417676 412432.51216269 245149.43652463 2728412.827624 
-1002632.19707 -1326726.9758038 2158842.7328622 -1482403.456032 -157598.52934258 355229.47195218 1381548.3688646 -2840311.1383118 2254709.9315541 -3669941.7618778 -1367362.2837252 -675216.43814185 1751776.5701819 2078875.9569393 -144714.18564251 2193018.3515955 
-494923.7630897 -562837.83155971 1985864.992655 -394098.58124807 848937.60394753 -734454.41994606 363991.19628351 -875860.75417607 202224.61862068 -3148488.2673687 910653.94139724 -96209.707439682 1072781.4926119 439416.214437 -2017020.5058358 153121.07697318 
811509.99709773 -1221912.7813466 -346247.77618752 -772480.8927047 -478587.49358043 977696.58922901 691628.16228967 1618019.8956859 191439.14663655 1740818.3336297 -600728.0703871 452303.22926636 -298804.45224736 -1046651.5035309 -557799.28491249 441389.57399712 
-805373.34350626 1512254.0493053 -121129.77535237 -1574882.7431193 -55122.139561847 -190614.09482442 1127363.7773722 1064499.4284744 1270889.9885996 -518571.98882266 877064.41668804 676613.76163156 -458154.32396034 -718336.06254863 1033806.6543603 401816.24218857 
-3116652.5456545 2193758.86879 3492905.09564 842870.43604304 3388767.6648862 -1115932.4740465 -2138399.4041028 -2636453.8932894 468702.83483379 -1669710.7922836 238275.13321504 791383.98664064 3345759.3512528 1431099.1738833 109436.19696166 -373416.40920949 
