10 10
16.252547622134 -123.27053644183 -55.773351689033 26.758980902132 -226.4112924212 147.63451201658 53.103112691811 50.639349415453 -168.56962843118 164.21965053167 
2.1883205693364 -11.541105685386 -216.84224330445 162.99957113029 -164.24977683595 37.614472946699 -118.1446661499 -56.27558605803 -54.460419689304 39.464764826983 
33.011124428795 -20.017860552422 43.126394377151 -161.69316627664 119.48717884752 -29.369581297657 46.42471177092 64.832122133434 210.25117303636 -133.98067787913 
-41.898069623651 -83.183190354292 121.25401846954 14.507530906981 8.7534498548372 -113.24441080151 13.493967514076 -126.68144688996 -133.78250890685 48.686587656481 
81.573702543461 26.657082549448 -3.3247329358808 255.69735685094 -158.34276082831 -127.74643886049 141.94704329375 24.860106902959 -12.406050969619 -117.71536675862 
73.328918202462 -126.9345334924 124.08975028598 53.4804142875 -69.46549726721 58.598171703374 49.313961403764 197.05969739555 -29.966696210957 -42.667086897845 
28.312733575433 -115.69556238838 0.30728959116802 -42.392114712997 44.346253596645 44.369192764475 21.996157037071 119.92999466737 107.95790879921 -145.3038359462 
-57.530277670839 -56.697525088459 70.315831454521 -80.370570752926 62.563173782775 126.27584612465 -7.6919354821544 123.86716669759 54.128667934214 15.60061049772 
32.809225486429 2.1275626991387 -7.1006557576611 13.860837973728 -1.0594158688874 106.87356832338 -93.428834976161 41.597185921835 -57.541133583888 56.922430995157 
84.700976961276 -75.47477252994 -12.679317996605 97.03604791134 -160.35419974038 83.493692512467 87.793444222072 129.29511745667 -166.28921884914 81.115993672356 
