10 10
-132.14712082058 190.92347104317 -145.85825416759 224.65147965978 -106.47799367688 -88.530915960424 -23.858683284242 13.095397299485 -97.83484596203 -48.477063238112 
112.59517035659 39.050245710099 -26.542946431918 29.724116083562 -40.93162934082 105.99902148212 56.187514009609 -1.326368734638 -155.22726546929 -125.44609108588 
140.25020609253 -114.86006729507 -18.987096680017 -19.956428021923 95.128152867059 72.356319990047 -40.126627420675 2.4158324716629 -98.6777024837 74.555797902537 
-42.143254804142 200.68649652221 121.88693849189 92.456208849319 223.38024287815 99.899976031159 -23.395228447741 -16.656666269084 -206.44209127503 -20.370326382327 
23.3780855276 -16.509027641166 6.6811346162921 46.307515990962 88.454528196913 -15.356465515353 21.008416449783 23.975193838417 -17.245582733811 -61.973241227245 
-147.91871128914 39.204313466588 34.722670157944 78.431581533986 39.039366011309 16.989615692515 165.9602734207 47.652536050627 -29.217280620772 -114.42083669297 
96.736457405985 23.947486005699 -4.1499284705728 -149.39538229942 -27.619542459418 -49.754630252228 -135.8167775621 128.88073506381 164.08633675975 86.186720967496 
71.352296745165 -55.05205163085 -60.197810140472 -63.749787382449 -164.22810989507 -8.8681525354746 -24.377171148217 44.924982844724 61.930604575694 16.019718393991 
-40.586478289648 29.284871195815 68.113117786718 -57.119159290373 48.432205683749 -16.598845375516 -103.73134354878 29.485576520224 100.10098859523 111.29919961626 
-24.501955546679 86.525052463713 53.855199418003 26.097757569972 -78.520027525576 -23.014290460054 145.81112403362 -130.4196106012 0.21918693909699 -216.29879981005 
