10 10
10.808740490761 11.69816773404 128.95956664956 -2.7425929565893 7.6541700747685 -122.8841777779 -159.95555327099 -50.5438622014 -23.191839385508 -30.355310812355 
-84.589955915125 -119.07857301745 15.320854223667 10.242584319316 -25.618098825328 35.363590169649 -125.99006414505 17.764392383223 -51.724374789066 -138.41352898868 
100.62928454687 -86.892085147844 123.42091744418 58.714123980482 -38.44438870877 181.23017276678 125.50231532551 137.11237431218 111.52617987926 -113.75285245468 
41.259251327286 51.633114212733 -75.519182082739 50.791790605376 -51.951411117461 54.206761978134 140.08706580325 137.46913978242 145.3698029801 -61.347047023345 
28.010294073626 50.331799096878 4.1345348151079 90.035105857142 -6.2106031728576 68.583832165263 102.44031056993 40.409296038436 -27.395072293184 -29.109969003601 
11.663524485342 -54.451733165689 54.927040383728 -31.972335892558 33.018243916861 -46.42774184916 -137.77850103696 -99.523421173752 -111.00284182731 -26.816977106071 
120.9776271596 -71.63625316181 -24.599122012482 -36.034429590683 116.16108386264 -102.11702801639 -85.048962527996 -153.4323828211 16.025741774592 -149.58274078571 
86.952832676594 -38.879438788098 31.621437984167 22.869515274175 64.481771074513 -15.595648436076 81.149891090466 -75.303246120577 80.913156617202 -152.07022685291 
-125.4867534774 -49.169168790979 48.779585350332 -23.251318708277 -10.396793130565 85.839163394805 108.95326206509 50.904942169653 61.908326246282 28.0549889445 
-8.6322358278172 -11.451787321212 30.872205863096 -39.55790975487 148.15877913573 -67.986587014471 -159.20282381313 -94.133341874056 13.487715840631 -27.850543896841 
