16 16
0.36131216112275 2.9360931764269 0.24653460832895 -0.28917610877223 1.4712353706651 -1.9773713783661 0.078586521251285 -0.3305647938052 2.0543527395599 -0.82252860303353 -3.1983698551467 1.0460526039561 1.3730167482879 -0.042880468760814 0.7914558591454 1.2327745795473 
-0.40774859405632 -0.78729725128607 0.44040193101664 1.6997726192056 0.074181019119766 0.43426193056431 0.65924484280573 0.56985427752311 0.20549921387101 -0.59941652235254 1.0173684611877 1.3619550162705 -0.63809910675668 -1.4947834854724 0.81484106446376 -0.73341428775867 
2.611960193589 -0.28693610233231 -0.43520821576219 -1.2704535995905 -1.2156603138257 0.55099699566879 -0.65901688324891 0.23518531031644 -1.2878067102875 0.10575894280087 0.5737431769917 -0.35787943166376 -0.48131508088533 2.2518503398343 -0.86012492407715 -1.1026575796118 
-0.72283323340495 0.038462743965112 -0.62007231290215 0.50532381218212 2.7557314834534 -1.324741419712 0.15846951190256 0.48463957858607 0.57711915150924 0.99261188434214 -0.27284759107884 1.3747354466482 -1.7209406017234 -2.1980927955958 0.3573424640224 0.84371328434737 
0.98662075720921 0.81092246745305 1.7094635978009 -0.1399460397437 -1.3770022406832 -0.56900047517927 -0.18795839675699 -1.4336941902422 1.4407620847804 -1.045276870623 0.31554205934249 0.29399750896681 1.8461487005588 0.77854684112373 -0.84739554178896 0.0031212823247918 
0.1626222348486 1.7371661188931 1.4565374330588 1.4941194459504 -1.9196657276735 0.2059719614043 -2.7822574161209 0.191498978968 1.3256678416366 -1.0989701267917 -0.39050541919671 -0.24512571600129 0.058845565926595 0.039207261673116 -1.7816537091239 -0.51871068060185 
1.4758988639442 1.0957306877144 1.4743638846685 0.67866114139451 1.105056240028 -1.0557335825 0.74640676706618 -0.84724780051615 1.009371691116 0.32059236940296 -0.85265725304405 1.827955093333 -0.21598057654673 -0.24065693388148 1.1202969877417 -0.36435565800315 
-0.85623305351154 -0.99690973608219 -0.62098675987574 0.69268897865008 4.5664361299467 -0.59675336510011 1.9950281939306 1.088810933063 -0.55932221690276 2.9427312346134 -0.63237714263175 0.367725814344 -0.37881287946152 -1.3305502670963 1.3377969581458 -0.1649157507675 
0.20612017057099 1.7097872232737 -0.22850341637933 -0.33289416845573 0.069508255333207 0.11427480515081 -1.2441879096745 -0.96308096977277 1.116087789945 -1.337993575454 -1.2386155363365 0.3109222513031 -0.34072744142723 0.80889810884587 1.1624606294331 0.57818473223883 
-0.89211969463298 -2.0846179398002 -1.5475108095035 -1.5292529560852 -2.659070659124 0.94153658767647 0.23927175956426 0.43750842921609 -2.1041596383745 -0.93097182971617 0.75941096226792 -1.1256509277853 -1.1400652616002 1.8390146530314 -1.2944435385374 0.70706984399573 
-1.1603524473651 -0.04036391721906 -1.639193371548 -0.27650722499632 0.13446599613148 1.2357378343024 -1.4681011994548 -0.30889617980928 -0.94601393486855 0.27129098419101 0.60342605921409 -0.75597456566268 -1.6060976995096 -0.12148768190617 -1.2774883892108 1.7623877587748 
0.9247973223774 -0.56636679586933 1.579190469712 -0.51503812212543 -0.15268948882129 -1.5494140367342 1.2080538942535 1.4762236661499 -2.3450557860188 1.6292868225433 -0.13695017315781 2.3437304435486 1.3994941684303 -1.0572223757562 -1.5121317933927 -2.870202839344 
-3.2696023808795 -0.30774372490538 0.76108159828284 -2.4412707256446 1.0108044479063 1.1809300498139 0.92328630277204 -0.81661762533999 -1.4577245666845 0.24584771972243 -2.0844122358415 -1.1900355442941 0.11102929559266 -0.54655032029838 2.7636895734964 -1.9125646016242 
-2.0930971575549 -0.56935497306377 1.0274445144338 -2.7755361840648 1.4645231824468 2.3316983346172 2.4764827274266 -1.6486065648248 -1.2701279276073 0.098524457535935 -0.26020890373515 -1.3668511490563 0.75295941250762 2.449442878768 1.9176111382426 -1.4828124623105 
-0.85614713799154 -0.55857815851423 0.22469510558735 0.16721774074826 -1.8361320687271 1.265090200872 -1.3674080014022 0.79922618898048 -0.03066986933621 -0.90273184103786 0.15312321309739 -2.042150286414 -0.58016985694239 -0.069766873482544 0.47588861724689 -1.2424966554423 
1.3241941081974 -0.61371386584938 -1.3271587889207 1.9229276076597 -0.57313723257648 -1.2343961065981 -2.4721177006685 -0.16412092948652 0.79911321772025 0.85237741332479 2.5641710990482 0.28232335766637 -0.28855773031672 -1.4452117073386 -1.0564050990909 2.8009368041536 
