10 10
-406701.36537875 -1200417.5717805 1381548.8140228 1753782.798676 16811.293826188 -235880.7631649 118619.24944254 -146073.92267391 -1247762.1817795 -1096938.1112448 
-1249834.2297586 -634676.97629259 -1031110.8929657 -731550.47300616 -689769.82316574 1066709.0583589 -1375349.2281092 1536057.1620299 -1321095.7068928 219392.22667295 
-1450512.715486 794410.63051934 137535.3005287 -889309.23736428 -2319727.3309727 810424.31530983 -391659.68842314 612040.91133977 -10487.371680651 830415.27200564 
-1996010.6929822 2052689.1455063 -455462.16437832 -1345470.3942051 -698068.14558109 1184371.9915211 727415.46946112 1293052.9549565 1194762.716444 -1247475.7024196 
-1184369.2129183 877934.39439293 -101566.2541794 -194852.34681599 122286.87369328 -220.88553606818 513708.44418115 -781894.57876106 -453592.00599905 -1467020.620344 
-296733.30722497 -346026.46663808 147235.70436433 -613569.4108064 -539077.62935437 -241010.04298152 -895404.54672909 550876.81397325 -352287.323969 520212.04705125 
1033279.3944302 443944.61297797 393005.63002036 255849.68470153 -1532905.4625928 -754035.10511943 -607343.16931744 833988.53878293 1666463.6024893 1131054.657037 
559054.13461723 -1312524.070445 55425.613300664 1985402.1900995 1734905.1025855 502954.96967728 1455730.788737 -556183.94873032 -1750590.6852957 -311454.36745047 
1230846.878038 -694480.22068527 1073694.8569163 332039.28500555 1497935.5929818 -1562325.334974 -59719.774152024 -871165.39638493 914734.79402233 -804698.89938584 
1029072.6833911 -433659.64353238 -167788.61812916 645558.12929276 549753.68257422 354548.18934493 1090106.6974228 -713371.17879514 -956562.74049614 1738944.1287159 
