16 16
43.047844235979 -199.93914571356 -27.026081953037 -234.16835975512 -7.6738650573087 -92.254995426638 191.75005557779 43.098501890715 -92.228728189581 142.23713139799 -23.062554254611 48.021676067147 -127.91213476054 147.83347331727 -104.60466417229 322.94769378202 
64.813949681861 82.615546195584 -215.93616376878 -130.99173450544 115.38529457449 -1.6821040555146 -103.39311387227 131.86904390333 216.44253978598 -50.261968635282 -32.342730670431 -85.185854276056 9.3047410282905 12.943815367678 92.821859611159 -259.08673206076 
169.06189569291 117.26478870456 -27.877294369846 -152.21574008954 192.69239721986 22.157101163615 -18.601839322334 213.51972195839 -96.281662206815 9.2300184641645 -20.363336867619 -56.266405110404 203.42633183544 122.09753929123 -131.67201338417 -36.883997654901 
108.63258053353 -16.756017264364 -47.304696239049 61.295292771805 -141.88231172343 93.39106649033 76.032357797059 148.46190073432 -100.48095597029 -155.99981442962 -279.5947121482 -44.942398886257 57.424450096349 -52.773959129061 33.807293663834 154.11230941872 
-203.59737727024 73.823399862132 163.09106644775 -16.024143774697 -89.384079772088 -32.945742298087 -16.19379457501 -44.611504215899 -97.31612693297 -95.084454363268 28.467771637621 -39.996105048144 -89.848082660594 54.698567567472 -87.449082380572 -1.6614185412499 
-96.408060826492 52.132410929187 163.32512332422 -173.65215280778 -199.36248576096 -35.50781119323 72.57384949295 80.323248981568 -88.079215902299 -168.33851314221 29.888114859034 -95.067680221811 -79.021695812461 125.43422753956 -203.12789880247 -30.089100229075 
49.508156076171 -97.413409394541 -3.8615633053209 200.23494889099 284.80972846844 70.91157746549 7.4527655544214 29.743487537473 37.947402269936 -9.1015053628744 -42.415320466371 185.13517208488 159.04665130633 44.373803018053 60.769825526967 -2.7365608573417 
-116.67614490406 -48.133050484017 34.363239436294 81.647922975456 92.249289936084 47.356686223191 120.8640991548 136.30165600437 -212.08613048371 -76.031749036152 -76.248165122619 14.457230306337 7.5888063251065 149.84477024771 -145.90722504742 141.35620809922 
-183.04059594838 -103.51682914777 -273.38035128702 36.501438959058 60.600763157322 42.669956154653 -164.95511103536 32.592546155086 122.77387336923 -93.683447216714 104.60797048397 226.91974274321 147.88843078334 -80.217724957102 128.72106252282 -161.1288324185 
50.434709937918 -141.10777517813 -51.252264442477 -25.016418255939 53.693598069606 -0.39587975411018 4.6553273556601 24.591498178314 72.458046761864 132.50045177787 -47.409664465605 -28.387989259856 -93.162541023767 76.773738418464 -30.470697586871 2.3933710303901 
-30.085966130257 205.5627298334 193.73159764371 72.149881076786 112.11973463095 -237.10599415196 297.74253516806 -325.7271894261 187.06191340566 187.31817484674 -5.5764001101835 35.071644399167 -234.03848596547 -8.8972556158031 151.56104569036 40.848174076617 
29.061507347838 16.757044776648 -301.68607009715 -35.220498490174 -98.385581678621 -77.29506513369 -261.74935682755 -53.675039196889 244.02397933119 65.51952582786 -148.92440141459 -84.792669678079 26.992791792135 -57.001337311492 198.4317496771 69.006256951301 
-132.72746745635 55.73594931448 -124.84585532631 99.776914492335 167.27769755654 82.800286456679 158.06928470501 -178.31671047039 227.44744228346 -122.94322499849 104.09176314725 95.699430561672 9.9257776849979 6.9322799256333 137.23367823331 -213.58650124213 
-41.453291715656 -140.44807285805 -149.70537671339 64.048319799042 -41.831930174193 110.34309494069 117.83301510092 -21.848070134205 56.933034359847 50.255112065185 132.06888290099 35.395660673004 -100.55976028014 -75.395768150536 88.271422583623 84.826527441087 
-14.918974551918 -58.664546911317 -58.896523425387 36.740917543761 -277.07967024583 173.53061466091 57.079232157329 122.85263834249 -384.23025163489 41.394027596493 184.57796017577 -196.68444578591 38.095862857972 -120.50197256956 -159.73758246838 22.582595980245 
-13.07788188616 -40.016726325904 128.81855160979 52.511285090297 143.95161062021 123.75659271689 -88.14142422147 133.83164050165 31.926335857974 -258.77284073605 -63.822358409858 86.139339748565 47.542031433971 243.33831609771 -102.72624098191 67.480799491261 
