16 16
508182.28792031 2031313.4966292 -180699.48367791 3544329.0302355 -1125435.6107549 -720212.53611443 -473783.35704316 931182.31795257 -1771119.464971 -371622.60996736 -2274034.042827 -2535486.400031 -1194450.4837562 455352.29448262 -924736.12645758 -510022.28483249 
1178310.2537608 653899.54686253 3217145.1492315 282652.90706722 -927574.77194096 -300439.41711508 1350899.8892963 -25185.39353966 -146737.64057493 -3302511.1732742 651485.3317953 1206635.2026091 -2766794.1143778 -301184.68993908 -174033.28357935 677478.65368243 
2070151.8851239 -2923552.4310025 1269073.6019947 -2215628.9553279 -680830.49583919 462995.39925393 -394685.89651317 -807794.86049771 -185146.94785009 1036457.7549108 2381365.706807 2052786.8524062 -363844.5958888 -1900203.5947105 683999.92857674 2766781.9964883 
2531204.2000686 -2055073.5096548 932726.92974022 -1843129.7128647 -901075.21734722 -1650370.0654381 905067.01216137 -2010645.904238 -810764.28927269 2390696.4277125 1149048.3792087 959863.32209825 -112675.8808775 -614474.17318979 -625005.78950616 -1421153.9657437 
1406811.1247929 -368927.44928523 -349371.97818818 -958237.01631955 -1775826.9580819 893748.74735916 1996635.9157206 -980583.23893093 1155566.5853762 -408445.49949703 -882755.62280466 1723265.5434502 271085.2011086 -977064.45561785 -211030.17098927 -1103336.0730933 
-812127.30282148 -167138.0207742 1316797.4226542 -2086097.9205427 2230979.3094339 607040.64013932 708104.67519029 107390.94181883 1519284.6500084 349506.30560589 524323.95990579 802926.26506461 1820515.6260836 275584.54962696 783722.89758436 487481.31280981 
-1404407.9048015 -1196035.795341 1075592.5184626 -2032950.7877172 1542667.7708313 -888653.50157076 -1262717.9344562 -2457091.6989505 -41063.115382984 1357544.5912872 548277.68566252 2531813.6862001 1521695.1642436 -1630766.8427937 662524.56973338 -496276.68253764 
-224959.33318959 -624865.33204815 2681440.7531306 -1781293.0532804 221466.38437624 -24052.683996631 -1954431.9081923 -2780806.5510887 -893914.92960058 -1160527.2657551 -34167.560801684 -188365.77161338 45942.943967016 -828286.01110738 973031.31846655 952560.2374538 
268174.60144018 -1293660.6285291 450626.59621708 -558515.64150406 418513.83419034 -205493.52547556 588080.16941046 -199303.01002107 -975034.40156613 1111077.1074839 894919.01269135 -178349.49211673 555489.55241308 -956218.72089433 393586.54705914 -335959.95546777 
-963779.39975932 -914960.21998272 -2529183.0044856 -1742827.7632425 103564.73973361 1470703.2536103 -931586.73699507 -538686.94091187 994564.55879781 1058237.2491361 271069.44737956 -219017.08195672 1747945.143657 -1039.3120064526 400484.19752624 1065541.3783409 
-116568.66804969 836531.00893607 -90200.388681517 500523.82940476 1322660.4610687 2278191.8837686 1477263.6385444 1464662.3772544 2503936.9570842 -1206809.683739 95138.585167452 802520.43522719 1475452.3608375 2478277.2486044 1727915.6838778 -1196089.0148521 
145117.79655135 -1633799.3430534 358102.54762993 -493399.59719782 -176849.00136288 49327.721252828 -1439696.4588608 -1491342.3543376 -637103.26025393 313328.32955651 186564.20981959 938823.73080397 203214.52754315 -864435.46045971 1241522.2725698 794284.17876236 
200835.55190321 78609.401085897 -719351.60618918 -874723.27249321 463323.34401385 761851.20539864 155524.74543926 531187.72389629 1236939.5095336 -489017.14232156 -613139.40713428 -636683.40559622 -367040.08036462 -64492.023995294 123172.46438221 1024650.9810466 
1240483.2785187 -977977.23764501 2015599.8459984 -1216900.5571235 -2881158.9976653 458660.903027 -650142.36520653 -2263611.7854198 -459220.78151636 499184.22124965 1003197.9223231 1717965.797141 -170152.41360843 -2502810.8826114 -606861.83594397 2103407.5722991 
-900310.74298187 1326856.9005781 -100203.02388916 -234486.93169738 -1618268.7799673 -1173821.3896269 3459078.1142878 2436329.3366308 -117427.72792017 -1632731.9814865 -506849.40553068 -473776.28068153 478991.62017387 -1616108.6782643 761268.04726013 -1066133.25131 
-1047687.956452 -1432595.7421931 -764550.41481689 -254684.02857558 -387836.06125971 2664526.40327 614745.30548372 -1164175.7120713 997551.768402 307799.96848217 502216.01865147 -1332327.7271566 656033.41608305 -868614.89590516 -391296.43104432 -975440.63126044 
