10 10
0.22768222735325 -0.72398960626541 0.29829315878714 1.008051698753 1.3942183839509 0.34279087551722 2.5257241602047 -0.44772544806884 -3.0194326971445 0.79508560092149 
1.2764564513775 -0.57792461860674 0.6090838588165 -1.2596047852851 -1.0441145210371 0.9963374063349 0.26042071083754 -0.37460151815025 -0.47974264648688 -1.033739695245 
1.6064197504693 2.0249651408939 -1.8053308142431 -0.83004012226414 -0.28038397706331 -0.19564622551713 -0.29719329138605 1.0484418807114 0.13757088013196 -1.9083004643663 
-0.5371970266859 1.5232703812454 -1.4541290333717 0.76205786376883 0.29064773438987 -0.25950288255005 0.42440878647046 1.9971286132608 -0.16473619405332 -2.3642769460143 
-0.89341589344243 1.1786275121204 -1.0110351556669 -0.025128817330852 0.99071192511099 0.044071460419633 0.24991782680994 -0.94571734094448 -2.398309279918 0.044388970127947 
0.10809983369665 1.1563983656597 -1.4530424253216 0.71605278092564 0.47482127692498 -1.9681630671196 0.65727400072417 -0.087625728407799 -2.4530460553799 0.44054891431256 
-2.8785329895219 -1.0863760527162 1.3602415827674 1.4920419442719 0.76498113973107 1.0226930991307 0.16585659782813 -0.60216386315442 -0.085004995319543 0.70524943942632 
-2.1159351332924 0.38966429729163 0.14993560790067 1.6795898350366 0.26045427708036 0.67735248908539 -0.3930261421507 0.26678838820735 1.1669672848704 0.91506571050072 
1.8743723013044 0.35009305717792 0.51621076120692 -1.1795924659135 -2.1654730116072 2.0128453064288 0.45685068223002 -0.57979631871322 2.2889323633728 2.3093280963935 
0.71977749507841 1.899514432759 -1.6084849652944 -2.0487744169036 -0.55461852486866 -2.1517452779453 -2.3475446848051 -0.95413632450897 0.87051294314563 -0.005635991385683 
