16 16
167037409.84493 -22754700.030202 101734416.64766 249567905.69403 -23701711.413887 26371098.387694 52767705.778028 97323087.809063 270766934.58079 -168062386.09007 -215373596.73312 -184783501.75219 205837661.26475 182864406.25551 -195570049.03167 193576991.42715 
-59840892.104697 56769123.987189 -291273356.90414 69032076.266632 -142645429.4482 177877762.06262 -141424250.85675 40213610.614119 -296920015.39334 165481530.2246 302539191.76882 153609965.32796 26878433.546896 -319505674.14922 -107511973.42273 -103709607.65063 
21912769.263023 -29932478.629743 45453224.092533 -44187121.257629 225185957.12058 37147385.254377 51413355.321294 -141250046.09474 -116673629.84665 -120623133.34419 -26109294.826244 81613029.426502 126652221.51827 164837719.55443 -174473750.10524 39992862.391475 
76448550.453107 83049645.782682 -25167021.389338 -123185884.67697 203408089.73 -36975995.591517 8288914.5287733 52206932.377375 47900756.374915 -77994571.46563 -160133748.48732 -135671339.7683 -188625456.28575 -37528642.226455 129232713.00516 1002723.0591359 
237145831.49674 -11364071.930875 131199129.79223 98354604.469915 -29891891.224929 44229980.165926 -132987959.86333 -141758371.65272 28685451.343572 -422592263.16839 150081464.13901 -269750798.60326 -129873886.36753 26567990.218831 164885956.50345 -175831719.37002 
-35868368.062383 -65267555.135256 -238357250.37155 -93956749.925753 163901408.4586 -84075706.197265 -869357.38529015 -25673944.640331 61366613.289797 31074990.11595 179208519.80635 38871138.903237 -159629812.65015 30488042.145694 112746637.47672 -137945317.40969 
1375174.6914883 134804210.35999 -48389607.913713 -175342267.37143 -142931618.89617 -35998569.108243 -205738005.12527 -108268144.11805 -84050771.188193 -37960230.285679 -42571408.31354 3058353.3234942 -294799.08576527 211767658.97582 -10019721.826755 120127279.60426 
69514834.215234 185083586.21863 -25982410.832599 35644707.498005 33814722.196604 243616996.52308 30221473.049139 -45100245.669244 -10411725.671149 159248753.05902 209048558.66775 -63917054.327007 -43541596.252832 -116113959.49789 -221999395.78969 138741629.06342 
-127136646.35448 -113165307.15109 -60140854.143638 -165844356.37493 90232339.752795 -20266658.865007 -72510578.827313 148075162.21488 -113993748.86454 310057892.54179 -27061877.779619 111035285.84837 -5761030.6012676 -93118527.249358 37505660.318231 -276144076.20675 
-71066703.040891 -242821996.58835 -302042194.02181 -97862387.015297 -225712765.75172 149788279.9525 -37689632.553718 180057462.00136 -158373586.08991 221293236.28079 -69159342.336667 -186634255.42438 325242586.84952 109457937.30131 -91503139.170773 33200203.868266 
3053542.1872212 -78137617.70531 123277398.14489 234573356.41614 -76457656.125073 39289271.25599 190214691.05216 -11480788.594785 145512828.46726 76833784.629265 66329982.912253 76466404.031942 29641120.236783 -54374297.268488 3403668.8002753 -6255731.406815 
54830952.52582 -1600171.6744943 84403635.223792 -62647455.34251 175886069.48921 146011864.23672 18112544.015905 93937404.210783 33449806.95035 146070629.43431 -168361736.9046 -334435211.67214 3603095.9725925 63943570.254785 -133557302.98286 64143286.528847 
154653126.09688 -27046536.778043 -162523422.28432 63425414.501981 -67512021.030645 -190809587.93278 -60547280.062005 218983770.53736 70421456.294976 -6131992.1709564 -50606867.028905 42912253.367559 -150658391.05423 -101558485.99118 78942933.192767 -73181593.40895 
-88746144.137621 -21579532.526837 64874470.522528 29985759.090646 123554012.92333 78854063.969849 269450884.36184 273275512.4209 -206842731.0068 206548702.92473 -106297880.36208 42708817.583163 -33543740.384879 -398774967.55399 -148261530.84306 13721605.89527 
-320571395.27337 -289992419.87448 -136163420.44369 -149206341.6666 -36194945.118446 68518675.329894 30807674.673826 48238974.678279 -106111880.38135 253506536.03319 -34605093.544175 -77364410.421076 -4573567.8749303 -240526976.94679 113787516.6694 -123517594.26103 
-84419844.888379 -91080539.818017 -177558226.43969 -146547891.61148 -360228246.07506 -100351787.21159 -246818371.92212 26856989.28247 179417294.56991 -42953898.120242 208991095.65815 -1182515.1106863 -59396920.676769 113503707.10696 134893171.84199 -23305044.038814 
