16 16
-0.85685266619349 -1.1886016535511 -3.0168099315546 -1.7709699822636 2.7107293753698 0.4222813141075 -0.69848385452252 1.2681158319563 0.66062137543636 -1.8793134788451 1.5304367112262 0.4775683316721 0.17340582103523 1.3644281568078 -1.0945265603247 1.1543591311604 
-0.11290556753815 -2.1980705125198 -1.5653056166943 -0.042832376368721 0.44920775576747 1.9674638596945 0.81853999754801 -0.64415823465517 0.95544683029672 0.41271928653511 1.5732709603288 0.30845543203937 -0.17702405397491 -1.5953380032015 -0.99000476984029 0.1036032761562 
-0.63406372311379 -2.6749304444611 -2.889603052088 -0.25491942889106 0.4430749487669 -0.93982167267153 -0.3515055008289 -0.41001142214133 0.27539139438953 -0.5934214506833 2.6262799298897 1.5850960274475 0.19890786133037 -1.0388121897052 -0.14803706506751 -0.11108248124859 
0.56634901255197 -0.90880209864717 -0.3463428476691 0.66982491332359 -0.79753717173767 1.1451367722273 0.93660864796867 -1.2837117949582 -1.4405403928774 -1.387291943366 1.5291726196323 -0.39588741201188 -0.4655256854856 1.9136955861896 0.21103684574551 -0.35450467340553 
-1.1587247427312 -0.86820268729334 -0.092562544672795 -0.50728977727832 0.12878843499643 1.1503936231247 -0.33662239078461 -0.51930322404099 0.60405887438624 -2.0845140487839 1.8593484996814 -0.25884742938175 -1.5813515414804 0.29649443777368 1.0580817819064 -3.1055852092431 
-0.90998177687831 -2.8752599810818 -1.5693720553358 -0.13163351728694 -0.0021061022605018 -2.158564964762 0.72313940005006 -1.4281326515222 -1.4468653494999 -1.6443256437624 1.3392739509837 -0.83698984534019 1.4505176871466 1.8266512287262 -1.2868321393427 2.1653462059381 
1.3959714812675 -0.10799682824135 0.91314385082104 3.709166161995 -0.17611083497717 1.0741510710282 3.3029495845388 0.66767964776502 -0.024418971122989 0.60437259302531 0.40797093553792 -1.5031313372684 -0.6426450173691 -1.5059346277992 0.43957407545304 -0.30827295236357 
0.25412460686574 1.1899640537013 0.59682599676855 0.31581119900897 -0.040059540513504 -0.094904472910829 0.089670435965735 1.6672618103576 0.085488658535493 -0.34379541312201 0.2379616163628 1.2208428104801 -0.74520666547084 0.42112478026415 1.6757481019701 -0.78515640173191 
0.23898516123109 -1.2386827253596 -0.3837261934995 -2.2225201719797 0.010462514167342 -0.33979809677454 -1.6393018516187 -1.1528809118638 -1.2616476082833 -1.7551156741826 0.89201613960669 0.14653324487505 1.0378854672644 1.8294177882572 -1.1944826636034 -0.64588331261257 
-0.70644381084829 0.92882126518644 1.0735065610783 -0.42800531896308 -1.0642912364418 -1.8708044923609 -0.72018743466912 -2.2286297769756 -1.117913065912 1.7380105101425 -1.6328794421077 -0.57618951117918 -0.23453085826266 1.1467345063087 -0.92227592718367 0.46176771658053 
0.27811164587905 -0.56737822943111 0.67836478865758 -1.6515119242989 0.6430497307782 1.2604844061407 -1.7763484881933 -0.51406591377055 0.012469910193096 -1.3167940024035 0.049738128037353 1.027245225019 0.15593222520819 -1.2481924099439 -1.185116005928 -0.77926044511113 
3.3505728373352 1.7178211753596 0.79814864253177 0.8994744725014 -0.54566954207623 -0.63398731902235 0.84939423210274 1.1620790957012 -1.2018026505114 1.0839250694417 -1.0267341272353 -2.3245900603634 0.91019970804728 0.94773806318221 -0.48796775405554 -0.48803453617245 
2.1224554483894 0.77262416574066 0.38647348262041 1.4588095663336 -0.57881285512739 2.171115954101 0.44289659218205 -0.66973333431936 -0.87523813504057 -0.56389820763379 -0.61787395909793 -0.92076652873451 -0.54962167180143 -2.2622609727117 0.12633594298453 -0.83439611245104 
1.110395761769 -1.3609985684098 0.38581517232466 0.60420478202259 0.89281897177316 -0.32069836855538 0.36420372106092 -0.24721908083893 0.50174774798285 0.066355415489505 -0.022473468832446 -0.066840106516836 1.4005369151161 -0.91460952206893 -2.0413843377909 0.26521718848413 
-0.72218421331215 -1.6460700242577 -0.47443272796494 -0.78557862339256 -3.0867002911432 -2.2673443554083 -0.73574793326826 -0.69377144092212 0.87935308319954 -1.0583852532666 -0.031312412370676 1.0506758972987 1.0033619924202 -2.4508012151218 -0.87724459040064 1.1913579877424 
-1.9089543160537 -1.4595285078114 0.44336486005106 -2.2210247957485 0.89675278416812 -0.93067256511018 -1.5085534705443 0.49683087385795 0.13543067402827 -0.31981794615555 1.3092157895434 0.42712266201015 1.214467017806 1.3560284263945 0.88045298674018 0.2002145091057 
