16 16
-26360492.155307 15711680.743722 -109267752.55471 -36547295.007916 12238033.491357 -87446773.897395 -29066799.762583 78142008.672622 15311405.626685 -131177816.33446 -64449353.796818 43456887.406929 -58701996.511212 8048826.6802426 -96746840.366266 -121255099.25348 
197159760.8135 -159438738.58088 152533555.96428 31994892.647759 80450504.79299 61537711.048096 114204570.8948 -75983863.832182 222625620.87842 -5436350.6320516 228509592.7257 61785634.205293 -77604054.957077 -73645825.099725 -289539229.81601 109717414.94732 
-33063413.080062 -75664146.558955 -69791214.641687 -70850016.918976 -23004748.985906 156592477.22231 159768598.90195 79145546.106686 -257884868.99629 459230.8518094 89009292.506811 164257172.17225 -211092726.41145 187024983.034 110243862.54898 22649721.749598 
53041632.102303 5250178.898963 208192028.5743 -238706925.01907 -72632863.599877 -83896794.260729 119505393.39221 166603868.14603 -253478145.34926 -78576123.843499 -52861705.478923 171116342.79968 6172493.9818699 47338331.513511 68954802.053962 -317608791.57021 
-343076622.94221 -28929877.133301 98411616.941488 -103332502.38832 -85479696.73018 -38331544.623344 302878748.79584 9622075.0514503 -191150653.51693 -96900741.913478 -28507990.675397 288563214.89053 -257370277.62881 -57196333.314332 55491265.959012 -86447805.942589 
188817409.04874 12382348.495625 -159078221.01914 268861989.2631 58462985.192234 153975516.56474 -200555211.90461 -51716634.117129 91945570.032016 82461078.630433 113733015.08459 -215286513.97252 -57102290.842095 147587007.93798 -42226046.315748 143255890.13279 
144700841.75548 -83336551.005718 -112394068.98294 -26128402.438628 -18460984.502201 -4074173.3882996 -62112994.936402 51934713.754287 -47725401.432791 57532289.733892 -89023654.824274 -16696985.659277 113946246.29797 -205514186.6841 -208514178.22269 17536131.43161 
-70240990.653836 -53482457.214084 -258117758.8492 373540187.90374 187693803.25007 -34623746.242607 -252405442.5997 50337334.562038 -30874689.115534 110431446.39482 52938605.628176 -135216763.42116 155277999.78722 117457554.09417 1466195.916019 169577473.02113 
104665119.28903 -52093336.007282 1954854.5475029 -154621305.50771 -52214473.156259 58683100.15788 11984347.418017 -9467782.8973341 224.07631884515 -21171834.519808 -100641487.47608 -29451103.924183 24047264.039741 2698430.4085688 -246005887.60108 -154570693.79989 
78919452.81011 -20875192.855202 -84800435.366601 -166290356.02355 -36992096.367349 -26925017.251862 5859553.7845265 8536510.2587811 42015993.315083 -89168418.374158 -30215897.080599 -121190524.77329 60554214.969629 -177350333.46966 25341452.093189 74544225.124051 
252681566.36699 -67387110.150882 15675670.953178 -156211937.033 -341300051.8443 -198901220.45457 31251925.382885 1319743.7408751 94832489.959546 67545552.926802 5814129.7430444 50715155.105553 144979749.21445 37954204.818257 22283977.883769 -171136425.56535 
104847058.29978 266465592.98098 -126132382.87373 88482624.631081 2721299.1453516 8629100.4014929 -117625541.28269 103291985.88596 163547761.50667 -135185065.591 -232339862.82753 -172895401.56767 203623184.97011 -121241285.95362 123987651.83355 162811165.17292 
-46235678.034666 180846531.22685 109917213.21138 53180520.821369 -80561698.693658 115848245.60447 -6215544.6904606 132243876.07559 -224371853.67144 -61326554.41416 72758140.188711 200700184.31027 -376981924.58186 231461301.36226 218141734.374 19083416.836068 
78493444.945195 -85533056.992177 -66394798.660444 65513529.379496 -78931985.330384 -79479640.244818 -85113444.761367 7971029.8896246 16081778.606218 -28917267.112178 194936182.8804 -232207115.35641 -237641579.83999 31938522.879246 161730186.38156 44199552.766924 
49786010.91133 15094910.599573 -215917674.72652 -221986205.28279 -86874977.315001 -30942649.121509 -122848008.67565 -22084156.515689 124249277.14952 -131758896.0023 -167041244.5881 -235840848.06481 21853287.615767 -188375297.12934 -84216182.070249 -42661002.655679 
-21423245.496226 -58085923.345217 -153099513.77418 -149077489.9129 -45857091.988725 18549853.190238 129052387.46412 121063745.6646 -129993106.07519 -183173945.21685 -130263084.66329 16605511.168132 -192750064.69968 -88200998.734275 -87289225.916698 -110577788.52845 
