16 16
-0.53122205862167 2.1772366855785 0.31055886784203 2.0797467007 -0.97172046438448 0.37553355353747 -0.77055075839331 -2.6356510370074 2.013744228115 0.69395094978055 0.48315625091538 -1.0736637636398 0.27035705772866 -0.52262516341507 1.0338194895439 0.12491112364672 
0.94448905829432 -0.61732761710913 -0.81903851470762 0.098644642942351 -0.71689530725366 0.20020083366481 -2.6672881926588 -0.16621521468953 -0.22886074146946 -0.60049857828495 2.2855820973249 -0.43190522745833 -1.1457706094746 1.1999401568904 0.22220648643924 -0.55589962665459 
-0.96347911392209 -1.0813579612308 1.2694361048273 0.42389635580126 -2.7389562803144 0.64660741492097 2.5815060461588 1.5111110306062 1.1864304535548 0.84107819019414 -2.9392632911202 1.778318206557 2.0789331865479 -0.041721182462996 -0.41946209086451 0.92064082285833 
0.078379261917116 -3.1121262018045 -2.4051665967279 1.0940929677515 0.8311726088871 0.26340162075905 -1.9354321171944 -1.5034326968754 -2.4071409722633 -0.15736596981224 0.43824936230005 -0.40410067028261 -1.0950416236117 0.36620307801288 -1.2048412848779 -1.0416459465808 
-0.63867135823983 -1.9160633850759 1.857036803054 0.78649550568164 -2.0286396397301 -0.43578267291893 3.9924588970497 0.39054474322321 1.2314231722578 -1.8114546288846 -2.0525783007932 2.4084178913554 1.9395838506715 -1.2302105186956 -2.1390129072863 -0.4094266178607 
0.88393359939395 0.36704662678434 0.95619429334211 0.84796773090291 -4.4727086108301 1.1026711765994 1.0573019714586 0.53588940417475 -0.20837134096016 0.58257049539889 1.6164332635425 0.43893395698275 1.8900564676668 -2.2459768275789 0.051227940579678 1.9489212981088 
0.47770208297994 1.47505068492 -1.6039400723815 1.1833611850309 -0.24721975669537 1.6285464059539 -2.4779744779515 -1.4566062943566 0.77436347321366 0.96175888025689 0.15040668012138 -2.0553234841725 2.0529433126613 -0.60164224654732 -0.33502265993515 0.99273219807399 
-0.33977195405143 0.15630793990829 0.42096920180839 1.336666663274 -0.6460792928966 -0.51291773431162 1.2060958537142 -1.8276999704558 -1.2580065428051 0.19565987123436 0.69191276754801 -0.22928629287055 1.1372558923792 -1.2221875173312 -1.3736926640709 -0.94390515624383 
0.77459845700188 0.993464500136 -1.5330501441017 0.73810648490564 -0.11105598985464 0.087576281367583 0.05637917001381 0.92786079950217 -0.36416456378504 2.9645955641588 -0.69263648450103 0.54162200269794 -0.54324331337858 0.63761333841751 -0.51035557789481 -1.1009453057227 
-0.078828284912836 0.63771619433968 1.0741605799625 -0.95169855633191 2.3650593585318 0.79552562039712 0.14618011747823 0.10739371496059 0.83171241177498 -1.0747609859218 -0.28025736513448 -0.57889212436865 2.8449462907969 2.6541760027356 0.97290805936785 -0.085450216916151 
0.56470775437474 0.45123861487967 -2.3362796681391 0.60391697534765 0.4690220377605 1.9650518454226 2.6366031571187 -0.89211718296004 0.10872944051825 1.5373731625981 1.9495195578842 3.0440093330848 -2.0987684328267 -2.3574372487502 3.165024379809 -0.19930331454037 
0.67638902439868 -0.51166070840319 2.9760139931529 -1.2445399836006 -0.7628235005566 -2.2831792586343 1.6670522017327 1.7637984899135 1.170215974294 -0.23154919563183 -2.2673707745328 1.383826256221 0.51592664354442 -0.01213150320659 -2.0317600702924 -1.3113153707339 
-0.21056488791128 -0.246142265004 2.3738029541456 -0.53647340493603 -1.8819789098819 0.029313313697089 0.27868660658287 2.3144788998158 0.50643155771767 -0.78740214714629 -1.5957463700515 -1.1157546378318 3.1477054453184 0.8932842747845 -2.3427780516946 0.52134936799703 
2.0123019401595 -3.0031061481866 -3.3682032570231 2.0317394159665 -0.66386971020856 0.75406017016123 -2.3502199392318 -1.484881350643 -2.3408712929267 -0.90101720713447 0.90366773197777 1.8827649043069 0.63352491396349 2.2617494566323 -1.8824976387448 0.41885509411959 
0.80019414134663 -1.0463019501702 -0.3509238473425 1.4957101475935 -2.8673999192278 1.7908935170445 -0.41233058048985 -0.51520821387709 -2.3353627770811 0.97936919310792 2.1817380195811 -0.68208141531625 0.87561149899488 -1.683101994867 -0.29002539613432 2.0345412245853 
1.019281422017 0.63814842379927 -1.010736640008 0.89945801568354 1.5005623626883 0.92419990009452 0.15716545752668 1.823927016792 -0.72049669445566 2.0363429083899 -0.95104121404802 -0.29915262480053 0.3017914793041 3.034407556106 -1.2360245491099 -3.184717215752 
