10 10
13776.522549463 3858.7737565846 8527.2263478774 11292.632104604 123.36171841259 2881.9004650358 -3210.0346168836 -1191.2851838439 10353.475797695 -669.40425976028 
-5555.61453543 -8092.3116772623 -10797.669146943 2293.7029349032 -7076.0273253663 -17608.867823036 145.00756103365 -5134.1618540341 8740.9465978557 8428.6190429514 
-14604.696921911 12376.605919327 -4083.8090975099 -1664.7323112281 18555.885682709 9568.8295081719 2873.6363659968 -2318.212568648 -21599.999604578 9816.6987117602 
-11572.863499206 8277.4758423222 -8604.3094519865 12551.988834861 380.7262838568 17926.619636362 11744.120315264 -17088.827221696 7745.9651246921 1749.4802116224 
121.46819065256 3557.9461220685 44.261277410299 7780.65336804 3958.9380549045 19886.873541973 13858.453954581 8486.476528533 -5840.8602367806 2170.4652455552 
12627.880304936 4805.1147257693 2087.6052508561 32170.916078345 -2169.3438658108 1793.1114853628 4073.8657113979 -14115.230629996 -5380.3268180305 -4421.5053067462 
3669.0864876784 -1991.7199853418 -7372.9856267244 26276.301017488 -2659.0986289434 -6758.6402184788 8212.5965711186 -7186.2345242756 -7625.8555850658 -9097.9183795709 
22091.616440936 3362.4701592767 12615.688962041 28731.763329687 -9344.6026667201 -295.59483282433 -5429.93589057 -3073.365271989 1268.5543652622 -9003.8363928299 
236.53695385454 -641.81460572099 799.37798382323 -12577.7027599 1663.6405283337 -1943.0311592107 -1889.823804984 -7319.2539771506 15435.783087776 964.22890108722 
-7047.2239997847 8908.1917716251 -4786.0510755466 18702.94245177 3126.0626337212 6779.4242644702 6253.1679817349 -7477.90460175 -3636.5784445168 5481.0269112783 
