10 10
-19.464468289618 9.8412187334963 -115.78213578706 56.871517784232 -58.655689261635 40.658322257706 84.671057278645 46.727159321668 26.082927406938 122.50136360029 
23.587126588788 -2.6151537812539 -10.067570058432 46.648058337954 53.683808147432 115.8056502254 -37.286185664205 126.16957165883 -0.37307131415943 42.554607374977 
17.751594584076 -96.328135481442 73.348318086009 -67.068129676378 97.076528871257 -72.54094576115 29.533810603989 -59.690563917944 -54.095241751106 -125.95078924764 
-33.632517262037 36.876085219499 17.95472531924 57.586857231059 75.509006258267 -77.613063963811 3.1868957751703 -92.131815725179 39.466388406355 -134.66901107199 
-62.234080817363 125.74246537187 -41.256676814288 35.048481525955 136.21195270204 -47.869347214504 -11.348770203842 -56.002522217458 -10.227119273045 -43.372979463617 
-28.200697692535 -1.6337015423945 -6.8361133702173 -28.821682623205 112.60064719204 37.796016722626 89.881411633064 61.79685461818 -16.498798408724 39.570321305154 
78.275903432446 -108.94318138378 57.531554189856 38.576923056398 234.06591726695 69.914343862455 100.20650366048 -0.72182392717296 -66.777687459591 -87.375875878776 
-222.47685879003 -62.107240606811 -133.616700718 78.062240966919 -189.61796638221 -46.096222358478 246.80837386032 -49.654504081329 -114.00910983982 110.64860141817 
119.50516619393 -102.47441083974 77.110603047759 50.309688956365 164.89202828119 44.260463375357 -11.01553564193 -27.56642675196 -49.723430910955 -134.16449163799 
18.614306389204 -72.709794516033 -142.1354823107 159.35103374201 84.746458551671 45.176985468895 51.41131182513 -8.1281127253197 -160.10481182718 4.3349744676505 
