10 10
9241.469222083 6925.6094426055 10231.641599574 -3302.3134861173 6563.8059464321 8112.0182116023 5513.9896142926 1033.2388674928 13682.23557921 11202.633368621 
1861.012453075 -7489.4173785772 -12212.106726053 14087.637020238 12688.70512868 -9273.3918662405 -7563.7341748752 -7634.9997162495 -3806.5045662237 -3016.3691167372 
-3120.5238361391 580.95290035374 20675.425659827 -4829.0489524567 -3226.4002395823 4648.5751546546 -1437.9923028492 -5906.321039259 -4631.7750554757 -21461.12773668 
3799.0661695824 -5221.777373598 9693.579372756 6500.3824198896 2766.0359777267 -474.20786690084 -1703.0409342344 11818.354806648 -15707.938958357 -11542.335682178 
1414.6788800347 10605.432450766 -2362.5170053962 3279.7100042468 -15111.229545027 -5475.2822254121 -4826.4272758832 -12303.407861835 -93.94527522377 -993.24122051053 
5334.3997822065 -12271.170241078 -14093.227074158 -5528.729586536 19028.045242122 3176.0699986813 2189.6117795575 -19757.355717357 19672.830522504 5879.2076103662 
-9781.9127105463 5065.1805929853 3024.3074967765 6780.9020030173 4209.5973021452 -5344.0243641823 -13528.474162375 -619.42302356595 5905.4085949342 -8793.8018588931 
-5053.3181999914 -2790.5456421498 8467.8109345227 994.45491825295 13982.017487056 10927.855231748 14332.615564146 22652.923093425 2298.9069913841 8109.7850366045 
9871.5447095535 768.147006948 3876.5045675912 10771.933996397 -6695.7676568159 -11832.715758219 4953.652194102 18375.810171275 -33710.128767116 -5627.2921773076 
-12203.076696443 -5053.5843497039 9459.7474773795 -7783.8057417331 -12928.113627971 2114.3091517498 -13139.573754618 6866.4226435589 -12822.597907308 -14439.412064333 
