16 16
-128.56714424264 157.81725415937 -39.967364036336 196.19595501633 63.602648973072 137.65773208188 276.46143948285 63.427839625261 271.40309640246 -7.1701250752628 -21.25963745951 -85.710419888835 70.262708420179 56.276451719119 -133.50218231063 -202.02262632879 
-148.51851672764 21.404089224821 15.773321624761 46.816408803672 -33.689519662208 -61.195412806934 137.19467667654 33.831612274225 83.449850076102 -210.05149676728 -169.09458298147 -190.87608187763 66.987008413584 40.106782961023 -26.50300744164 -121.86740215413 
145.09807713546 26.313906853203 -251.41056913461 60.900447433948 1.3521373005538 -16.822391108231 -80.069480186407 -163.6927599214 -48.611740777782 47.611181705934 -21.604725008759 53.306758184272 -82.935499914919 123.94846365294 -60.859466351685 112.07244478619 
14.936668107442 141.27957430354 121.9286429826 92.000913443881 220.23301499772 -32.022867736901 170.99340407398 -222.82376563903 43.123415556776 -74.911441099548 158.21031880084 -11.728975287841 113.71608369318 1.9639369456131 -138.96128105269 150.76420075599 
138.09542444237 -133.75045587335 -374.64768140087 -0.69209718452707 135.14767845728 123.84020428409 -264.61739093795 -69.387863269366 -98.563391124351 115.19110859486 110.64114222185 108.98376525355 -239.10377164509 -1.8339906257263 -30.883159570915 -31.520085256281 
-70.331892243581 -185.70781726276 -21.942132766176 36.403550621453 146.99118636269 74.357378785288 111.99015337887 -10.347821254787 258.27450017342 3.0143919894889 28.613417973726 168.93299489229 3.1531682280685 17.809447113532 31.493969844657 16.023296206187 
94.594629079868 70.419815996702 144.65526863619 4.9004848983163 -54.579876250595 -152.33334263923 -4.1958864481067 -164.28098038813 -133.23516025988 71.70910868547 113.03501990661 -217.37274602612 129.85871473166 -138.67547359132 14.396446907452 -76.394902986448 
-106.68913230577 152.89833467795 -4.028591874713 269.17820916487 312.27692199075 233.38212421439 110.28000289489 -59.229070586108 200.87940075973 -61.883468138125 309.11551578992 55.450495571854 78.538883527303 -11.373311165191 -150.29233277623 122.2315750394 
-104.7142785264 -192.82055757089 -133.09883309142 -177.03578933929 10.342531762487 90.14771798693 -106.36127011099 194.49566709737 20.062815450924 -4.2393871563495 -94.112172291789 217.77955472932 -117.65295452161 104.67464643394 117.46878897592 -1.2117537006822 
-90.002517361948 163.67752064841 308.74056621605 -191.06254869663 4.1602071905328 -45.678259462785 -121.18932042701 -15.90738568437 -242.61111743921 -19.397135475485 -150.54701280801 -188.9272944076 -70.929052877125 -36.559221240089 48.810214306681 17.762415579699 
-86.407699962146 169.44097600742 -4.9523569822463 183.44932247723 23.854636070457 23.537140502692 214.75009271586 -106.73471341506 211.06776398466 -226.16221921046 10.928130255771 -20.731680135353 -20.351683071485 5.8900237241307 -34.471570560038 65.530887476663 
105.80444450008 -231.95680311846 -204.51617046432 95.747033017306 82.591029372684 60.366924681983 -227.33215062427 -95.188372832238 -3.9432834189118 94.189300001731 341.51154096614 195.6693960035 -120.4365759337 -143.38682362961 20.999940574154 30.296393699463 
-51.760844697527 160.63788349796 102.08525089831 290.0430812362 145.42913797882 55.759466608861 109.93141676573 -38.104572341828 70.959769801967 -115.14659517616 -60.799063807754 -287.6123898872 21.711700806048 71.001687013514 -314.09697322669 -45.87761517543 
-81.921161139289 16.202290544555 101.82744695382 -52.180103265199 248.68480772633 -5.9649925272213 -129.42510099157 -260.37413800567 -122.58363303224 -131.32454064132 25.806938187148 -122.56276987289 20.627359097528 -121.23918764498 -43.979093547287 58.379014244917 
-148.76516638814 -25.120318300969 -274.06471856809 160.35107185804 159.02649265721 91.561330187247 197.4644088195 -16.467664287169 177.62237328265 -223.18728621748 26.959652053226 9.779913148473 -4.2021707692067 271.17590958512 -106.76519041653 63.83059716006 
-121.1269107534 -158.29794230778 88.338491465547 30.361528735189 286.99855870151 122.95942409325 -97.203270061427 22.104391919754 68.356543639424 -153.39337466944 17.472034886733 0.54153066935551 10.916000839428 -70.473842857359 -93.749840219117 -21.204214070843 
