10 10
11439.008638634 13493.099491736 593.62493986186 -8402.5410040258 -9811.1413979224 3961.8735815033 -10764.602105047 14277.721886366 -16757.68662634 -18922.252296549 
17.049372652607 7355.9505140125 9016.0276537028 -1139.285378466 11216.013052397 -2548.1820240933 17174.557022023 -4925.502266301 4227.1545506837 16217.277140889 
389.89435499024 1524.1467334408 7855.6929678673 28835.397013671 6498.3311992661 -7606.7772722191 -15451.646540341 9118.552763368 6712.0306122132 -10867.318589485 
7474.5370128176 2386.3446811834 8753.6627632412 -8349.3132076431 -5777.9072346202 -10848.736588335 5062.4435329818 4539.1623984 -2548.9690028184 10688.935034627 
-12806.3477251 -19434.349070438 -5864.6691775457 24692.016663746 6103.5349037555 4238.9893390561 1622.7694534068 -29194.029233533 5331.505949571 11806.326315414 
8669.100144405 -2961.2650528295 3557.0416693284 -18656.122252779 -12810.391755757 784.42994012774 8248.6054794901 10285.323147379 -5098.5732630007 -399.31065498576 
1960.6266603285 -7140.7111816181 -5688.3945963628 27023.039154921 3620.894504282 -1836.28137037 -19974.409689387 -13181.201423037 6905.1189483479 -1849.9648164232 
18324.246851687 -1858.3798298275 -14131.335553262 -10058.533439356 -16662.454220136 44.874105439354 -12239.354167877 14734.84631923 -7023.7415715775 -1546.2431127863 
13162.615648851 -5047.0361919475 -5514.9411430948 3087.2399970668 -10383.156999482 -2684.7977162888 -24326.203341327 17639.371698544 4682.8341195793 -14384.927222802 
10217.366255591 8018.8898345243 -20831.263099265 77.020964375672 4188.485111185 15474.044566803 -496.0948442206 -12420.484660242 -7186.7446260424 631.88121827396 
