16 16
1033356.8963285 -1887685.737085 -420749.68791048 -1758464.020899 101239.60553 -2007250.5224211 667433.26355689 -1204392.8162068 2151854.3511662 41075.372485235 -2158023.9192994 2102750.3652486 1701771.6389672 -1466415.7736116 1404089.4764072 -783411.79349982 
-279571.45948256 986874.4834067 479504.05795606 -1644498.781457 1097511.0941624 1525898.8959939 325571.45813288 -561524.64311526 32127.089541056 -995385.2726186 -2431632.2819255 1641410.8876665 934749.74920428 546615.19445385 2248956.9663574 1072654.3435869 
-100453.21698197 -255528.12476048 950082.80936659 1301360.3532768 563493.21617515 -892848.5571701 785293.22811394 -327386.06176542 351885.81034082 1657507.524515 -74434.461640107 -777516.49134176 -2290675.970418 -1104556.031492 829191.00544574 576340.75363208 
1570614.0256669 -510488.07770936 -998640.29069102 -1428163.4341725 -243846.58923824 -1735355.3304548 378276.53413053 -908038.89489877 -1388952.5371594 -102046.27714662 1604726.1197805 -248088.91697491 1034607.8429525 -1005849.5089046 -2231995.6096642 -425432.72206113 
571843.22475645 -867671.69991023 -188177.19795388 -2359714.7871264 594640.88733568 -1333140.0899363 -759273.90586619 -2143235.3119085 -944470.49923284 -841147.72464136 1488797.419686 -352707.26948318 72171.011674011 -450856.28987018 -387150.07400191 922289.24832125 
1646323.9105579 564509.76823898 1203815.0895998 -1892744.3099777 753621.80522436 1249235.2142149 2103795.6255293 -601167.01562139 -2437910.6299011 720618.12036064 391843.07063189 -988971.0531714 213332.83313362 -1047875.6885728 1147808.0156668 1510889.2534396 
-978734.1463084 -231573.28122106 -552902.82268083 921415.51178722 -603987.80550228 -1376773.8310197 -797867.35282668 -2081708.2934814 -1512646.5269284 527248.20086459 2074630.7082969 -192789.64310067 -800291.96709304 -796111.86774065 -428986.57468328 1302808.6488161 
-2339126.0126022 -518914.69580532 282110.07906528 -478823.03392656 -2910509.0270699 -1354972.0009925 -393923.26877515 -1990697.5609256 979403.57074442 -2010078.4738048 839202.06936727 2228711.1187474 144924.99164293 -995663.88217722 663639.77002549 301059.9797839 
1069188.6166523 334596.85846574 -644718.54395153 1715079.692636 -1417133.379662 -975616.60079241 -461652.80068098 828433.45407845 2092674.3681332 1875680.7001352 -2455478.1084517 -867447.23620565 -451284.0874155 -275359.57923063 -564488.61579354 1018109.1910731 
211055.007513 287852.57545824 -543862.46147385 -732792.81213387 155712.61228123 -15528.496594987 37644.81347755 4285.5148538141 -1229289.6771467 -1086670.8020345 2961448.0990128 -110026.9527416 83457.026045688 -883509.15785803 -2389232.187695 -1516011.9494106 
85556.239110064 150647.77894603 942980.09726433 -2076803.940719 589434.01933838 2337461.5845349 625830.87416788 1078994.1566734 -261778.82929597 -1282348.797597 -1493247.0203835 1056224.4192726 113952.21833908 225291.00528283 1411800.9214283 -3108588.1056733 
203798.35033107 -1065088.2186482 2107834.6856726 -5019549.6654143 1274315.0885214 -120884.15765195 788956.3512074 -2914670.9933218 -1919216.9086676 -2092235.7930787 1649819.6091659 426798.59001959 -631940.60059894 -1264819.6150973 1437810.3567448 266854.3718758 
-364612.67923628 -2000681.9240419 722712.81304174 487105.87306413 -683566.13813291 -910118.18336933 -1735151.1690188 150046.3952464 -149861.69301595 -306602.12858925 -1287112.0796398 -125881.98623575 -2240678.2216399 818355.91856529 311762.14930649 -1701626.7693999 
647292.1164929 -602611.59096094 469925.22636564 2219999.6036769 -729884.74453525 -1370653.1448759 1404343.805299 1873244.6421605 327052.07368593 1150422.5852223 1093953.133235 -745113.84032975 -1110560.1262798 -610975.02231071 -379803.24878694 720066.2005269 
-467445.69552553 675648.61547199 909455.905321 517998.54204653 83550.124331846 -2631.9821432584 463325.56442122 419328.40213625 2143590.55876 -87652.544035582 -220302.5133843 -632062.59905121 -2230260.4121699 -1310485.5441021 -1321238.1962199 229335.44061572 
-3135425.2347729 1041322.5107405 1139262.4331163 56248.470403059 -2917597.9281862 431637.9327098 -1983338.3959942 -3485569.2352816 -560958.0542272 -943326.07716551 739264.46740279 1096871.4640048 -2997233.4312421 -1581191.3236549 2708534.6316116 589995.54468358 
