16 16
-158.8273453507 28.785621114539 -24.531401752176 85.120828276265 -50.846807464642 -53.438425439168 233.34249958879 69.847556670729 28.571649542366 111.29684270811 -37.976006304193 -159.48429319751 186.84452741376 -110.16603954008 -224.61839142925 224.30779009362 
-45.342436179958 18.95868586144 174.55057054124 300.56149226313 -125.87096102826 -32.671374058788 -61.277538201788 -109.33254992302 -267.88763081211 59.793763532793 127.02177276574 -26.591307212138 -64.298169449175 -31.054306842835 -82.987277942228 263.36341571227 
54.278284529294 133.81535646863 -71.723161480005 -24.763996666314 94.305657417804 232.75565162396 55.460781488037 -152.85621443625 22.799496082953 283.01780997939 31.452573645535 -285.09827233586 108.59285758799 -103.49853902872 6.0100296361793 148.49690256143 
-186.19557215988 129.54528299427 161.00244725819 158.84243931551 -59.969585559697 11.834354184399 -108.15903158298 28.151071971739 -194.58876769038 -193.45936246703 -140.51016973599 39.111886850945 115.42641297795 178.74205777727 -260.17774666281 -24.940493918509 
-47.142474639179 131.38614779894 27.760733238837 -44.202869879303 146.54910676149 -301.38781202772 243.13571766589 230.85081439325 129.49381423452 86.674508149651 -203.05666586795 24.560009147706 145.42935191885 -7.027373543384 -17.849059091381 -124.3434086435 
70.898307559143 135.20391682395 8.6000294794813 79.232447961087 -62.042339249209 -90.33091261491 27.857879582491 -44.339754043972 124.22236433003 -28.236266754156 30.815770952066 -250.42346442255 54.655295937649 81.780385039401 -126.45888130505 20.820250222272 
-123.13275296278 -226.10892400178 -47.302300443272 -173.7375701136 -37.566729502528 151.52767330708 -23.910257836089 -116.98495073263 -36.65262767602 -104.53835297682 75.244142512193 205.33435064902 -267.24039144847 -56.062156170332 250.53603022411 -50.568662386913 
86.640005996307 49.957731409162 227.20120648398 68.730754810656 -76.786214293645 -70.343420603099 -74.896610014419 72.832904133173 55.337660424391 221.43191274701 -7.6598167934091 -224.49594482365 -6.5848194147698 -86.439834064624 -144.48502265039 -172.66053312463 
-180.3562516465 185.1158217409 37.476275605655 173.52418859895 -13.988668733187 -110.9597624299 111.31425748361 440.34081257868 -359.11311503131 97.899462591418 -57.298369428756 36.145687106977 262.4793698498 -104.64013609814 -418.05466347964 74.191095885426 
-102.09618906015 202.56858404734 -85.915921013179 -25.193553318247 69.504954860542 -335.40156118543 135.28871965082 159.54087930898 -249.91092457643 114.05538463549 -152.31879994533 172.83981169269 259.23328831163 98.139192667426 -10.53034876645 42.660368935009 
61.317856350716 -109.13934687858 -2.279852791331 61.897640305269 -24.553555442191 -46.621921203283 -110.4792163592 -161.28391120162 185.69924909918 70.52420590637 -84.768228975658 29.120835819364 -8.8415093705135 97.185318567536 385.08365619066 14.662864143257 
-120.63251918285 -42.464710240208 184.59753691898 107.03933193854 -36.399356817347 143.06448717502 -141.51579017166 -147.39904534583 -281.20718294037 -137.32935724323 48.807785880444 -19.656513178127 -115.89222730646 212.27411114276 66.09582398789 134.31420847038 
-36.669387814965 -87.797888631907 -115.67613396805 109.26915210821 -196.73314702769 213.43601740526 -180.69347989498 95.492968211842 -141.667836823 160.0421644639 227.79336677792 -126.63913295984 36.956746470394 -148.02070606787 -183.92332705914 -12.385144891939 
-180.95898129151 0.49025280976865 -128.81433834722 -181.33646172371 104.19714166768 -3.1023841337917 25.490140620084 -129.02203313962 -76.07723292859 169.5591403446 -52.258522694782 69.087216803109 -5.2709535528259 36.146359358237 265.61108789459 36.998736204643 
-121.70764742448 -131.05698898962 50.113027642131 79.57019572603 -84.253692999142 -100.88207706289 -122.21025906964 51.608046897802 -16.245938812834 -201.07643033981 -94.884583537532 291.81410956388 0.75444799286588 40.49546106801 -50.849968978481 -20.644282019534 
-86.586680062318 -144.09701062266 -139.4523358311 -33.827206473335 -186.41759599998 -8.9925711150268 97.618393520888 23.845860584243 -216.51640922643 -78.657725148059 271.48324026677 11.675112050766 -132.95016160016 -86.362067747867 -53.196600416988 -59.359841730452 
