10 10
523397.58245977 -649208.94906552 913945.67160731 1493399.0184229 -1596284.297111 756069.41738262 852141.82471153 1141557.1360318 -1271980.4923421 -293001.21056221 
180768.65252977 1530568.0922749 -415809.19342742 -441238.22451155 -93365.003270998 -865253.48678639 -33910.574639702 568199.51999057 -830269.12584465 1712663.1253867 
-29571.387118085 625.00699584035 1652256.2996584 -241762.17650681 -854864.8306695 387843.66956806 393722.55674379 -501557.02138909 360097.34273663 601151.92045407 
1631.8459471559 -236511.98507979 -488759.65210788 -142135.17252816 875147.08934047 -395786.57694742 -94687.681681809 -863881.20495847 757587.42646185 -784985.74136492 
-697266.85379734 1521312.5574185 738217.00787692 110259.48141344 432259.58623939 33534.886699054 473311.68584493 -781399.20822506 -84290.465555368 1259654.7897459 
1128012.4352201 -1471736.440042 846092.34639568 241711.76146329 -1377338.3375149 422780.38504155 -1884639.8688115 672618.1109301 155249.23169605 917492.38024887 
-619906.85306802 1194048.199468 -782753.28711991 1528027.2451354 -485132.55130945 -274532.41451258 375890.7844307 1556652.0041359 -848557.00693806 537102.56924654 
273248.32573564 -397030.73411968 254697.41174226 -1290270.6915061 -978870.17408493 371274.18581917 153583.97363745 1252629.5071852 142552.85047723 -173468.4941919 
578391.08493749 -584182.4009867 1756803.1556029 164945.65933337 -2424153.2098167 -200344.28927339 1078101.4326869 82085.942911348 -802038.1863062 -99354.485921572 
-955633.9019544 -24512.19144203 149159.39496774 -553302.65440314 -138816.06086419 150453.77759385 186925.36702769 -711674.28798836 2083142.3082425 -1459393.2723944 
