10 10
-1.3084647063643 0.55355492286276 0.75922848847147 -0.24534770122465 0.031900393678811 -0.17994529010423 -1.1512467754728 0.7798336625184 0.27159582506713 -0.073078858585952 
2.0464375719569 -0.90934728994991 -0.29713981553965 0.38770755821298 -1.0242508330728 0.43891893165969 0.8844922026361 -1.9250668482962 0.27242058789066 -0.92267687423188 
-1.8989479260534 0.79282964603658 0.90091679653816 -0.13713137623845 1.5624596980954 0.032474301821121 -0.87177774482537 0.3934716291977 -1.1945999786699 -0.89683325354207 
-1.442676513831 2.4173837089059 -0.60260617187326 0.27226856174351 1.4810164308018 -0.44766515125771 2.1797932836597 -1.2843167297862 -2.1828923562083 -1.0428329441663 
0.18589676603151 -0.54984128567993 1.1829716736725 -0.15510868733635 -0.59195646123276 1.1303556120248 -1.9925182217424 0.5296760707386 0.61728551410083 -1.8789569965778 
-0.46703315481666 1.3585244838245 -1.2914847419332 0.79128563642857 0.091288819873759 0.60570070056894 0.96172321644296 -1.0397558622425 -1.0933802659674 -2.0941223584543 
0.98004527906362 0.4610468021008 -1.3121242501686 0.16614947241228 -0.51631673905526 0.41917484345018 0.59272435963288 -0.59391942756306 -0.76382667235887 0.39379231765393 
1.1442772391293 -0.20935476660785 -1.8275234346377 1.229159217246 -0.043960617726924 0.35349557727842 1.0110903964982 1.3291885988402 0.58657190032981 2.9318999107461 
0.56484446713272 0.74814293830096 -1.0200379452074 -1.1020121832679 -1.6072686968983 -1.3120240864426 1.5673189387468 0.38128370039192 0.8921346236209 0.2760868413194 
-0.56683278549104 -0.52117935921433 -0.070976873991904 -0.72958091729473 -0.14786821578691 0.051731949285473 -0.83203600171715 -1.0766168473798 -0.64263171121504 -0.28264629488734 
