10 10
-37.355441608417 -85.841510787568 51.171062733573 -1.3315055834408 55.541230071329 245.41193294393 131.80950727554 -57.777761194924 73.541781112117 -76.249368517303 
70.398973708517 89.573707012108 -114.28391270803 147.97012043838 67.610779084692 -216.07735965351 -37.143995560753 167.08412760275 -79.83015186895 90.99645797322 
-55.491826436735 -95.004984414282 69.460393254778 87.583716126545 48.697449271542 -26.157691132511 -6.2893081573802 -19.521722219167 7.1425748407071 17.798886996185 
-131.44283013857 -32.978046517369 165.24627960083 -114.22453854074 -142.48857501286 7.3534266611192 -87.993399296129 -216.68599531783 -123.63236405783 -119.80413407836 
119.4325022329 40.118164313015 -113.44082157704 -125.57285547027 -69.97433694802 -85.979143189058 -67.976215653366 -175.45451765484 132.41016693345 -116.1196210714 
35.167739103719 -14.752694283475 -206.99370273351 -1.2233384167358 -68.423215311818 85.925719688031 59.287715690307 63.905683516018 158.78912786074 68.267717999785 
4.334520073682 -10.916672645548 22.930823473314 -32.053414663306 -115.00214755544 16.673151622523 -1.8691778049537 -28.16839801813 -170.73400478552 2.7170227832839 
28.3555882708 112.14652818602 12.552343646534 99.441833912539 74.207944252444 100.90233211616 189.58224543539 37.883907866176 -37.61619946373 -58.45412982867 
147.95846014511 46.470242377081 -14.610683191966 43.825325308891 83.257124217953 -203.59467783071 -15.921837464808 8.1610446753588 88.02010586014 29.778309630467 
-189.62631111544 -21.03751935886 103.68428853927 85.224882628121 105.44671550438 235.30321561768 132.06307563696 178.04367872183 -100.78507233285 16.81101105436 
