10 10
-378.04672521328 5671.591621444 -1172.6801534469 19666.612936424 14230.246902686 -551.08750291362 6015.8454260368 1713.2752055541 20447.303706085 4157.7589636927 
16649.802228443 2639.9490466338 12950.038134319 -3878.9582517926 9508.3944881846 -4940.1064528882 -11166.502240854 3686.8947022926 -10195.210172801 -3967.5703500191 
-13904.416242264 -8768.7111133127 -14817.962853455 -4450.1903292836 -3044.8572975233 -16453.205168713 -1152.0720741149 1860.0705765496 1964.7656419522 18040.65908741 
-8888.8233373917 2283.0243188181 -7945.823182266 -16367.434263975 -6228.7140410284 763.05847512779 -10061.947688976 -4773.0499799037 3660.8480465978 17065.146677898 
-1814.5442631849 -1084.1244537083 -605.22924272128 15155.750648787 -8288.7448064097 -8499.3985878017 -5823.0108365175 4644.4357317104 -5123.9075454019 9662.8654472361 
7871.1442179458 -26111.018074705 4819.9106075625 10558.004038769 760.94387993487 -18484.450948546 -2734.1209840838 18119.155817037 -10542.718861964 -7866.1424432335 
11432.569083795 -18430.2085597 -4563.3444400824 -9988.4716198728 10432.364243455 -9206.7758502141 13781.408104604 -2344.1408648501 -4400.2613184945 -16730.692919673 
13335.341085801 -1452.3904034203 -12872.570595402 -4434.7338680532 20381.692528441 -4985.4413534535 -3141.7954716176 3199.3767032937 -22006.008444659 16225.708428384 
11927.644179513 3349.7901627728 18850.072109043 9647.4019088948 -1052.7528160477 4949.7810406866 -3257.7192670261 -209.89393367809 -8426.3898638252 -16349.369767091 
11798.413977578 8403.4517247908 8663.1989847614 6022.4040678697 -4704.2380591993 -6787.587381393 10268.999111825 -3782.3921814983 -7953.6376220647 -20842.509857482 
