10 10
210953.03631637 260416.01405553 498909.12090527 -1692847.9813352 683030.13538383 1063827.0649301 -928109.15260073 652923.15090219 237797.70826077 262365.18320463 
-1539095.5004765 -1195660.7076258 -385880.19522627 -908608.58827225 -43427.041007459 629184.88119444 -906645.41273818 836777.66803665 27934.422300285 268973.74433935 
842668.47405554 1901037.11386 1474285.7017292 -84479.956720994 30099.146702382 441654.75553929 1281938.4886552 -555616.81188675 1304544.4288613 91072.62903823 
-396414.38529718 534962.22860522 1664953.2044311 428750.94888104 1199006.623779 -399161.9941831 942718.62357519 -49762.44789143 1013777.628481 370530.33061228 
-317552.02996328 -79410.927011322 170363.52592147 77032.380400208 349479.13195354 189865.35917674 -219968.93145668 379457.56796497 -1828318.0841831 -1492918.7933249 
-1139859.7754298 -2025082.0937221 -14975.885868239 -600359.99905351 1831945.030041 -31710.980418031 -1887564.5593058 520362.88788419 -463417.10612016 -111458.15484178 
91453.97749394 530861.0346609 -1137349.949598 -226577.4951094 -1241877.0920148 741312.898143 242900.54225405 550083.20248909 -1072041.1870412 -1129720.9960486 
-754705.27019499 -332417.14861367 668735.11390305 154941.59095777 -768963.56781142 -1239452.25962 1294945.743133 223555.87517441 227610.58638293 492532.09944255 
662899.44553879 469299.2008937 742021.22881796 -2205607.671696 -32875.340600838 1349580.9001849 -927384.04438742 330464.57217172 -888238.69188058 -1000744.8252566 
27626.586200188 -325501.39220618 1248974.1111803 271326.96729712 105884.79943858 -1293213.7624391 617323.05051979 192117.04527946 -495239.62343314 -197019.72501843 
