10 10
661019.2338522 964382.88824447 -2652851.6964258 -2079793.83559 -1618521.7142833 1185262.696727 1677967.2587547 556694.65641972 949446.14055749 -1975811.0465957 
-340133.73195883 -401890.32479138 -506522.23490097 298994.31864196 256755.86772698 6821.2901019902 -590434.1049248 989432.82512272 -161405.25928045 -341700.55312528 
3572.8615732009 252129.11436715 -1430275.95641 -572086.64280778 -1215687.3746446 186424.99439009 1325310.8979657 39295.612213682 371718.97922689 -438974.94940494 
529477.13405982 -63739.078968565 1182921.0637481 -796164.22584664 127383.23944386 260466.48033161 -612655.8035945 -1586267.5838227 605219.47625273 -251988.87816338 
305489.2299883 -196379.31976504 -1198232.4777052 433755.08445199 2406357.5374767 -2001461.0006196 264401.56226859 1810453.339986 -782954.63397836 -828154.6289608 
-1147748.2388724 1192485.6596756 355786.0541893 -654873.13422392 -1448737.8486194 477598.90771156 1015534.6816304 -245573.98935867 -275559.81145349 -296472.07389431 
2076735.2845209 -2169876.4245219 -712181.90152296 2931627.8445526 1703368.6075882 -2340843.3957009 288513.72770773 -1139534.119074 975611.29613857 799573.90276679 
39779.284175333 1592667.9158172 -681409.19311109 -650839.58302627 -192437.35853901 397505.37482255 1747288.3927436 -722884.08810191 900355.56299814 -990761.48245384 
-1658020.9143989 1729387.3698836 1124861.3960691 1071541.6779769 1295098.8417309 -326733.367201 356381.44412269 573499.01347811 -49237.154118146 -62835.048476613 
-451372.7573025 380279.89625827 476367.95294738 -418683.28672066 364465.96579372 -149184.70580982 -412317.68874348 1032486.0146786 -878874.74861018 -530260.11377233 
