10 10
-3003.9048705277 -13397.433307466 9148.0235429581 719.60336592545 -3801.0022419981 5381.7506655345 -13890.072843485 -7497.7060762999 243.65025819455 4510.4505219663 
1958.0727455236 -10630.90250837 -21692.583201718 -15845.27505152 -7573.0001595766 -11143.822528516 13142.455704522 -9935.3985460998 2252.8033819218 -14003.850599968 
5079.1369684244 -4235.9239567565 -7364.2291739488 -13356.94754065 -15006.681635387 14198.226101699 -3618.928739744 2169.8939336753 9677.3157369903 -12156.743177839 
-16352.295447899 3389.3657200598 -6181.3894484955 23007.235353939 212.67472319432 -15244.988101973 -11587.743438841 -961.30989654215 -7259.1852576484 2346.4397833768 
-153.94953753429 -5989.3957453353 -17605.730543593 -11280.296053375 947.74754161985 -75.621835445655 -3538.6080585493 11167.81169687 1055.9736965096 -21417.444999923 
12496.689081152 -8275.2118045692 11096.929903822 -6979.9281061527 434.29325226687 -10751.451820977 -6283.8604508992 -6194.5395199221 8918.4646544879 9572.0175860912 
-7029.8227663647 921.2689896813 -17687.302235056 -14704.454896188 3913.696835175 10209.249651545 19113.64216211 5266.8643490549 -3016.0371924251 -13469.709223799 
9234.4272769884 -5157.9604679038 10034.913637487 4274.9576398555 14095.119380473 -7299.5832614961 -14005.407650396 7764.1077795584 -5541.0384712017 3070.7224474243 
9533.8507668497 -9293.6506156921 -5778.4316303086 -15392.247196429 4486.8853915636 1183.2794608491 -871.75485600338 -9025.2616895248 -5055.1241905696 -7255.4391187151 
-3648.444556273 7869.3550356177 -3950.6423522684 -9963.8996242081 14369.004370687 -1172.4659447322 25867.687990334 -9005.0461396937 -7099.2063542328 10830.080205364 
