10 10
-658193.68640918 -706010.73180167 639996.0677732 1579925.6083237 -656766.35409346 56125.812865761 776441.82926086 364869.79380139 -2431045.582898 755669.63609012 
-370551.61262565 -503841.38923404 -1448058.9974747 -1030468.1715222 396803.49545825 1567951.3810013 -970881.09965075 -998556.01113375 134818.40929109 387556.12374446 
268084.04209137 457597.35647776 -46992.849079672 1140338.5782507 -620497.89221598 -2033511.5679869 1674403.9209056 797238.51390684 -683857.49723459 -1691402.9666702 
95436.399186949 -331791.63364249 814413.37705586 335856.67025669 -857092.14373468 -866399.41136842 -27730.00730701 402212.84283182 -1189644.8374838 -689331.38774287 
-528919.05667188 -723011.59425176 1141785.1893669 -881424.36998253 -734145.24165832 1480954.4982933 -472485.6313144 488900.36184984 -1214013.2479797 1322966.6120173 
-118428.4566076 -15094.506619328 -887358.95599327 1240812.7962636 1318750.4072783 41378.260343639 162205.02330721 -1180877.1199292 305324.95160272 164086.16010435 
106637.4715669 446321.94827021 -281274.29136199 830209.43803597 -812820.63695252 -865943.46086728 -109518.47617885 522910.08479925 37704.193235013 -400834.20512375 
468929.94390391 -501362.05971427 -767229.2386618 231536.15971347 -886233.35872244 500031.77365619 -948458.77665738 451029.00407961 284974.69792736 735321.76626582 
-493585.54707287 181280.40265373 302147.66821413 -550621.02131361 564288.80339851 453392.05474136 564506.8556803 -880602.27455679 133766.35022511 650346.28436289 
368676.41333713 328862.70220895 -1337984.4640444 -1177202.6194243 15087.712160732 1465386.6205489 -845243.04184521 287234.21563253 1455172.8105432 1033050.9596182 
