10 10
3256.9571472054 -5406.650745493 -6176.8298998477 -17822.875549946 -8576.9984669328 13233.937669686 5508.3796832982 21305.375812255 9504.0770110818 6037.2950983724 
-17449.042938258 1860.9818557832 17196.33584162 5793.0338491118 -5682.7886871303 -7997.9226229216 -12772.510607978 25468.342528958 -8259.1764799359 -5221.0972519123 
-419.20512553313 8015.3061054458 -3588.1280095388 -3984.5542318966 8313.6688713193 1766.4814472534 -6120.6280777184 5199.3717268195 -1521.466128465 10126.704218953 
1672.9560680287 451.77467907303 1211.4963961908 12680.511421317 -6808.1107578322 12630.685213625 -3078.84883373 -948.43665141232 -11788.081074046 1123.9679549833 
-2601.8137157543 -10100.063428446 -5598.6184089834 -12745.929152236 5485.7700269436 5645.2965904502 7753.2496209106 10896.092507105 -9268.5296777036 -3875.8543117408 
-9346.3366988078 -12050.821358281 -22723.297550134 -4142.0713387235 3172.0428497653 13451.877897508 7199.2966988417 6027.9992683624 -7944.7302861048 2771.2058847838 
-7337.1502345157 9781.1648343569 -5982.8006338634 -5356.5921412441 25.903698780937 -810.69722485128 -1120.3118382186 14306.000372613 -9010.4171870744 928.66410502028 
-10456.350630382 223.71515050573 -12781.800822285 3444.5807529938 -1087.7942775708 5625.7803955906 6636.2262145698 12272.977058624 -6185.2294263925 -5284.5663835854 
5687.9879434382 15068.272036593 -8589.8101246788 -5424.39662342 -12918.872482681 -2394.4251585627 11904.955263833 9739.6534058167 13180.67834194 -3075.3139252334 
6239.8336857393 509.83981816307 18370.21496742 -5134.5445820119 8513.2042616975 -19988.957919757 -9133.2121081253 -9595.8266585949 -14773.459423277 2254.9553461784 
