16 16
47828454.520734 -165297062.22182 -62402442.409294 192195491.83118 70200597.213716 57857500.096229 190230793.97429 148410264.04168 83573106.145799 -78922468.844237 -134170726.03311 -329366159.49604 64104678.765909 -89801163.292206 -169696105.12307 -15511604.42118 
93878007.119902 144351987.93366 292130211.51832 -358911430.52559 -144568528.65477 193554183.40437 -118426132.84855 -63677592.100479 -139134079.95585 -23568896.77045 50456164.407565 -106525830.65113 -175998965.65373 40082568.42601 -24150715.643307 -93401573.899159 
67473205.579924 86864724.002675 44741438.523878 -301397128.44874 -48015352.005591 78572729.81482 -189515990.403 -203602329.4542 -169849410.46113 418726385.43928 217823156.10312 228850417.1571 -79844618.088574 -2832905.6370755 70482064.48273 -166590865.90774 
52149780.228609 -102366401.56593 -107511430.80133 326658846.02632 73881588.817669 -150250449.70333 260367810.93748 185355165.82072 -127111479.59942 -411191821.98639 -2723224.7980666 -4860476.6065229 72342594.320976 21832664.367632 10059101.557777 109432414.44779 
-51295119.776398 130407995.30632 129245640.28566 16029284.989146 108071801.58848 111284083.67659 -128724129.18481 105882502.09711 145621275.19422 8227060.7441517 -250462214.68041 -53293057.614171 250575373.50923 80411970.062084 -55656410.933008 82253513.008206 
-132637338.85849 173627597.20633 143788142.61696 -169027697.65939 -56564108.767496 234892167.09119 -48647935.76565 95964601.196856 -98146373.267029 -21529078.947181 -128982073.18091 -40977254.215605 97092391.20058 -83412945.274627 -110741233.19335 132757280.93504 
9906095.7447172 -255316594.95927 -26048324.122146 18758050.196746 242937122.20509 96416291.693397 43450129.832077 147440770.09059 54144298.860544 116931023.42049 56595439.617491 -403186907.79442 19199005.849131 -249684850.35749 -147596555.30663 41571466.185205 
181376701.50775 76861678.125985 -18757305.417667 -20545014.965677 31863240.586745 291867940.68925 43955457.447064 -17558816.313216 -49452607.389567 54011753.159182 -34739661.750974 -181125176.66272 -37021360.665598 -69418868.886349 -62268956.82398 -130042172.28627 
-73093076.341752 -79794903.510022 -234218948.47736 -71777936.62984 -9456651.1281012 -233211962.38398 -102510966.49442 -21056485.857013 210649405.88754 303902128.93761 172130239.03389 6879703.7583148 24357830.143795 -156434724.01463 -81491377.356975 -81472928.258267 
-61885655.518956 -279925.6669213 -179245627.62766 -23217352.128479 -96316833.427497 -77103047.764296 -143093425.67302 -16040639.175658 183304791.38949 285432060.81094 42986914.665708 -119271008.5506 75008327.765856 -147641587.73678 -66040534.878086 -9150834.3944311 
-98262947.091725 96938003.958285 -270219066.26011 113617421.94901 -50811306.396181 43537617.049603 78018431.080389 -96666497.984747 113567636.22457 105341278.69782 -157632724.20439 137056282.05161 -40244432.621825 81760985.921273 73361564.435233 -1936888.3485417 
58820868.593457 -86773499.973882 -314602364.3374 101331189.64898 16071293.046906 -229972438.49358 60967183.079184 -125339292.72726 196103610.58485 155885874.91789 146439779.17767 50133874.748954 -138431809.90721 -52481044.32939 -15455115.459508 -175091903.7437 
-59751794.718842 -135235170.70156 378992222.79136 -339665394.76398 10142691.297302 142849168.64442 -337514432.33037 116334094.81459 -117128551.28704 228523061.12 -1222177.77273 -65673342.248482 198684186.41948 233780817.5996 -111847756.09362 -30591467.15731 
-213337995.76095 -18181161.540398 -122712380.49694 112198209.1274 110006224.24815 106202650.08551 -22860324.387693 112639369.7733 140993204.04482 -11698810.381023 -140414276.04804 -151842018.52243 84751509.029481 -57961709.1464 -89303912.247904 231092464.17494 
-86086631.297807 -35668156.003075 49333366.526266 123835930.80309 32911651.310519 -81735385.160505 83993973.397711 165540860.48616 82317180.741974 -246644643.76099 76497178.477487 13229971.936155 125258376.00024 17718547.817866 -53544710.49466 93001332.742079 
-162412658.40594 -98662572.046573 -155897138.7599 -16660897.030327 -46919653.9133 -148417394.77748 56287041.010313 219757811.82269 79085283.570368 71103493.966369 77442724.387948 -29774506.080566 213627120.55066 -72077925.329427 -123919822.69347 27519649.933273 
