16 16
13553.286378624 -2399.0197837826 17057.488180239 -7558.4740046376 15606.89406478 20145.868951221 6438.8678124746 -15108.954661491 -5405.2205528113 -4042.5267172904 -10960.611982784 -23868.883135337 7415.7915825073 11182.393509621 31761.043703028 12108.177332837 
23419.205090913 1959.3775791988 -6670.929505915 -6833.6193529578 15679.204746221 7133.647046858 21083.55755501 -19171.319039068 -26997.247607578 -8861.8087744481 -1750.6147803048 -2613.6588978679 -11435.02083852 -24313.64315971 -15595.896321102 10931.629342193 
21435.822970847 -8535.9623960579 23945.495361266 -15090.166950384 13949.619022715 -8877.9857930292 6935.7033108551 -26083.201381128 -21030.022717943 -2313.4300355258 -3066.5976497046 -24791.288787664 10491.440941676 369.64578641293 11574.675605579 -11911.568611804 
-6757.0176578803 -16836.23328241 7061.6514149253 8741.1173492026 28356.317625389 14301.619454575 -4258.695690095 -26727.922165378 -3244.1996361464 -8219.5137641272 -17380.026178274 -9441.5241184549 21073.784277831 -10760.491411212 -30150.960128512 3210.1070306104 
-24016.074647466 -21177.306972064 18367.594152785 490.37126053674 -1925.0064214055 -1374.1663142159 -1938.2550857644 10920.078951757 -21158.57142102 4141.3882152136 12516.173639438 -16826.304483995 -5661.7714998048 15481.047663861 2348.0648127089 -7404.0063509725 
-2089.5730143404 7709.8993554397 17331.906049967 6117.0862637094 5657.456281163 15920.94187759 -13426.173809025 659.39888311589 19384.162786434 -4190.4323165292 -39712.257821071 -12142.6134529 6845.277647693 12845.158940145 11632.005392022 -8529.5558060956 
-13164.596662923 -9969.032365637 23443.696145312 11701.477577378 -3176.1630694674 -7286.106557951 -758.72247829003 -7912.438979927 -18291.998713784 10345.514865732 19941.954968962 -6169.956707724 12074.943375229 33195.240168774 16489.920971407 -1795.5612237344 
-13251.633601878 -938.04808659404 -9687.1662435897 6125.360862696 -25455.677528893 -2427.7926727577 -11354.427130265 -4197.8451868772 9025.7768233888 6455.3301533415 -13502.103596137 9732.3724926448 -1771.9694498199 -15168.463794801 -15689.310805508 12195.903937353 
12647.402589458 -13493.390733137 10847.56953735 6280.7426999288 31751.955382446 -3230.8958861748 -6751.9358006326 -21564.626162476 -19882.119173115 4425.1982749636 413.99866999214 -11978.2734807 20058.500436689 -2778.7081188962 -16448.517501187 -11695.313673326 
-16373.693737615 21292.768922354 -18114.800752169 3502.6580058727 -16218.178654876 22766.330610518 -9011.1893335878 7204.8179008267 11716.620914988 -21050.089153392 20101.488218194 11438.842924242 -12063.226628121 9888.0070340602 -8011.8983827488 3896.5956569621 
1381.3393297651 13565.350774873 -19302.215940717 1536.3515761 -5008.2549581533 5917.2863787305 9121.8197993498 6787.8535584423 12115.07859066 -12134.44440316 12078.357893638 13638.070617359 -9395.7482318271 -7781.2328971962 -10085.74215971 13685.937354551 
8618.8491987394 2076.6690795719 3881.4441355738 9844.7858643879 -14218.28097059 -1752.8256750961 -6045.7685657788 -10906.41759537 -7484.5068915849 79.729457598177 -7965.7642899787 1275.2811717179 -10069.808195539 -9043.5770912626 -4132.7984205264 -3782.2124130123 
12571.873450046 4228.3967615204 -3120.08367468 -9442.2076110976 12358.634482735 -8474.6339715882 -882.66076035174 -2432.5743881827 5720.8887371458 7824.2971784778 19272.825799876 -938.57864766987 -11496.741659171 -22989.227827845 -12217.381330382 3879.5449615799 
13306.138095641 1954.9112093058 -2911.3439669291 -18213.320619278 16802.773874041 3760.7321554251 -7231.9436911008 -13583.312850762 -21413.456804571 -24075.029099397 -11491.626165785 -16101.90214641 16203.882468551 -439.4640708539 -9804.3045714072 -10790.307482981 
21738.394177347 19933.334152122 -12028.54143647 6282.5521918778 2913.556374947 -791.38832589894 -5970.9170073242 13150.280117342 8510.5347597063 -9352.8811308629 -10958.589560579 4147.5590820652 1207.8349741314 9828.4210847004 16002.849911952 -13242.33803194 
7128.6981650113 28702.442605412 -2158.1115471132 7011.3655336954 -20437.373219063 9345.9075554934 -9451.0460502181 -2846.3287640969 -7166.7758388912 -878.2291696352 16143.321567337 15874.608170353 -27308.403258682 -3728.1797046689 -6249.2420094636 17244.882574165 
