10 10
-0.37743363409477 -0.33071008430178 -0.99658350312383 -0.47265655005393 0.74572493308258 -0.18145250686767 -0.40131478641109 1.4432470640627 -1.3025740566594 0.33800386866132 
1.4584641001449 -1.476249124099 -0.25564977695791 -0.74206975373291 0.48488283491537 -0.34622613140783 -0.4846770744637 -1.8715814489773 0.97365989692067 0.70385476980398 
-0.78016418162869 -1.1913765808142 -0.3021533276264 -0.36760606705971 -0.030481612430799 -0.042235739430177 -0.92407370832501 3.7752184993929 -1.8306290365395 -1.5831742935095 
-0.72570344825163 -1.5222612704358 0.16993304318586 -0.86081704888217 0.042333416042711 -0.54876416606989 0.72822227385159 0.59240519891732 0.35826791468346 0.48743347632608 
-0.42819669049413 2.0776577484277 1.7494949224146 -0.98923761627562 -0.51436693388301 -0.52942272455774 1.7611602411865 -2.7210126732452 3.1550527527212 1.6311121206948 
-1.750991938729 -1.0119099993218 0.5137336616399 -1.7927464022253 0.35585873719235 0.25804493521182 0.1945419057036 -0.22085220933938 0.55196559727634 0.68079102592872 
0.47745132475589 -1.0254119895701 -0.7763932140664 0.74634733584882 1.7497215730971 1.6475417804264 -0.92507495295352 0.75589228758182 -1.1866123397717 0.14620101029247 
-0.20974900153077 -2.184799263534 -0.38277194520299 0.69138120426857 -1.0656823453202 -0.46353265501545 -0.98641896418013 1.5079556199112 -1.0758412306267 -2.2474992672705 
1.6170191279831 0.052314118042263 1.4337950731085 -1.0731346489287 0.61207143402191 -1.8098473531887 1.4429026440768 -2.8007926359332 3.1869620178442 1.4152470373245 
-0.18818329165369 -0.018088395825199 -0.10721088101247 -0.57642988938428 -0.11540845731374 -1.172159854546 0.89045448254406 -0.45767022380088 -0.1082664814258 0.66439131359992 
