10 10
-49.444889353071 -84.874616264567 144.63020652998 -43.476446190892 280.17755186283 195.7037739982 -414.30462694573 86.472520413496 -69.745457925043 210.43506343051 
-102.76919018711 17.921919346687 -64.692031013368 98.081002609855 6.3136348070701 220.19718061132 -97.919884598006 79.558182791229 -206.23763495182 14.831645071842 
-93.480592289439 -52.45049200242 67.593003934505 83.216327144952 1.2442664456905 -1.0724891392456 80.213123466954 144.08090365166 -7.1169423380297 -45.715632829628 
91.782855040651 -23.647608564549 129.72564378722 119.08180509145 5.7774243663032 -265.74285196543 92.895338656959 111.70522088711 22.675065796693 -46.972952703022 
122.6427876833 201.8840389629 -88.71318255695 76.622437087665 -138.97404895949 42.445190086365 10.761256136914 -157.95939448784 -80.278961894583 -37.92305798435 
-84.075771984175 -2.5440950197143 -62.124873315952 99.498527190981 -79.771797165415 162.15673975703 -14.42819453612 -136.47381981715 -18.261688197999 -107.67750609097 
66.917041763254 2.9132077706672 -80.111860808017 -178.24939400246 -212.65780181508 92.368991290544 155.07811133908 -23.917829942372 -74.985181819922 -102.75624146497 
-0.88999588568415 -37.491101326693 -144.64907647401 6.5155754414449 -84.107673172077 19.241389253626 241.07516943179 59.897256950367 -116.6811639908 -319.27546959023 
-39.478801438698 -21.552446370284 88.997884606072 44.441525253246 214.27946290556 56.907713528111 -252.64090722211 48.226783319 12.093897500456 163.01139548932 
141.10426872935 78.099323604299 -61.170330240632 -31.73276800336 -228.23735682921 -103.07892390942 184.39191218926 -23.749036601646 -116.86282777233 -128.52947066739 
