16 16
10753280.956942 206146363.98272 13683482.418794 4628588.1332428 -19126928.382057 -329711434.64594 -27901718.993575 -272368947.82181 -127811115.56251 241382703.61304 -116468205.59079 37663733.523559 -7700313.9877951 37890489.572721 -207773894.82102 -117968581.72929 
77534943.692462 9132026.8671129 51354599.618517 -11287473.768286 -2523995.8059274 -237866228.22887 -275990813.33732 -119452643.51589 -79946108.145532 98595566.295929 -181160191.91308 -4505008.0385049 -245616519.40917 -50738021.984087 87337453.037407 -46793691.323836 
223719527.627 18858008.510478 89937547.838602 19613141.986833 275005389.33391 32774394.681091 57258992.198362 -38342375.889215 111251881.19735 43093760.36177 -110686244.41491 29716189.9176 -101768779.62181 176794934.18079 -122890931.16592 -87237895.5923 
78882806.308189 56984454.56683 32365161.386299 144095151.68921 354740596.48087 26922456.226726 -81038615.817444 248625457.56527 39830122.166725 -113871018.55375 -92265153.867259 153863152.47026 -56954900.099788 196265841.00109 36135353.272759 105678599.39026 
132491454.55341 61585960.318415 -84463659.632032 134010105.70187 269691971.44691 1949200.9168624 124713901.85633 357761106.51541 -38651225.387887 20461603.046642 -71104317.545037 177219589.20912 16480284.257788 229322815.56265 -41819899.639597 105471746.67189 
-78005357.499225 201899855.26807 -95635545.077499 35790388.091373 -21038490.204764 102928198.76456 -10516050.663471 188792984.14058 -200130035.57722 80510441.053158 -18813773.295775 6459762.3695754 148804480.06778 -55695369.703533 226855169.38459 37307926.391993 
-86452062.72675 -41280321.213244 165289418.61424 -4048795.9158564 115285785.05393 -215135777.65763 -278030802.69605 -244391556.02018 -102195089.70832 -130329750.79963 -94111097.786748 -12511397.534212 -19263795.329784 -112042665.78112 18886693.20163 67819937.092676 
-2154454.1812793 150988637.62452 59208694.208839 200103998.60834 212488308.04508 -53550558.169913 -190490064.11542 95498312.432387 79147980.924434 -114523012.0707 -81944643.412267 -7865643.2354362 58792806.557009 -87772976.612608 54311597.695195 78665058.160623 
211488037.95818 -9367498.0962416 21040179.68804 35107273.343985 94184882.663868 229869226.36514 -46352975.449206 77025380.64056 115907342.78248 -131029160.96255 14552713.735481 45882177.929964 35608980.768151 9162704.5877381 117821866.70818 42494823.922663 
124507449.8318 -255519126.26671 27467794.184978 -44700958.415944 52167852.638862 86672628.076055 29766120.342705 68743454.66421 261236570.93515 -22273747.62398 48996500.874237 -201612873.42959 -5407301.0173955 -83436236.542478 -207562369.67573 -29710196.929838 
108621891.75953 -131485173.74868 103411389.06408 -25627885.953168 196386521.01061 -8049895.9293899 -83237596.398944 -266206688.11655 122322480.50754 -86250775.020866 -34954753.761469 -41443375.846171 62121537.808342 11358910.402096 -179270833.31292 -21899359.406331 
-42900412.485776 -197708450.85576 21810093.668899 53011244.187503 78887137.648566 110627190.07007 -87579277.311456 -92314027.415892 48487924.781527 -230540752.59338 64530089.97035 -34501961.651762 71067697.457133 18827360.816449 -73837813.364501 46662434.48826 
-149018523.5724 99220025.039229 126253802.32717 -29475280.349486 141029692.38426 -65606626.546701 -44513154.088297 157644087.67262 -18707923.669647 -20290682.129224 -36486032.262384 -205130903.32038 2118458.3537237 -96158792.201325 103644201.09918 -124342389.90431 
129048602.03405 186569403.93685 -96485914.251236 39121153.967586 -197859782.24204 -35535555.565515 124116857.00357 -25777373.983366 -224030739.35305 75186190.565423 99616280.64521 123906746.27729 275376266.42668 -80869660.958796 -111127959.39382 138525770.18299 
122733136.4226 -12385563.483041 112012574.30247 156753565.31345 168112245.21663 -96794724.726355 -377157801.73073 -124207559.92138 -129428527.94295 -86253473.400665 -119364959.4976 79508136.300542 -173857460.11877 -34152813.853626 16133450.874471 119694164.32469 
-84719150.136793 28798098.333727 4971792.0181801 -108730975.07415 91962197.566208 -103881602.48479 156583833.72184 5409370.9289158 93839829.047262 100208291.66519 37359184.514527 31667318.546398 73279927.180947 71132704.133386 -102160863.49705 -58230540.855103 
