10 10
3379.376589854 5572.9275655632 -20300.380844724 17022.48793646 1599.5751270714 -2764.9749047049 8298.4610811342 -7484.0064419728 -19877.645819521 7672.9829565684 
-11838.886398777 5382.8100106415 2392.1226360874 7666.4811763618 -52.844039663779 -1581.5022302651 14374.218791154 -13005.499375593 17306.028029914 -7090.4030669281 
8783.1193976136 8479.4433179588 7010.8933852258 -9028.2674073666 4480.2158203907 14005.064024333 -11334.026974493 6978.1295144883 4560.3282841932 -1071.7826031614 
3187.3749988054 2147.2086231077 1027.1952807029 -5197.1397628706 1020.4383882065 -7.0105014906267 6759.2288694573 -9686.7851853806 5884.0709218237 -5866.0590392678 
-13810.804201154 1285.252914437 -8846.5988330133 6090.3473515114 -14548.333466491 12766.677886579 11115.625888103 -15875.205206051 2932.5985397004 2731.8349765717 
16971.201647919 -9791.2152856863 5407.3242103162 -15857.30109782 -944.82591145216 -8733.2824437077 6013.8802576729 1327.9757006066 2275.6671489471 -18297.464972855 
-2842.0180903534 1360.0901383085 4875.4390887174 -10230.164301667 -10226.73340535 12657.52446909 -10091.261355848 -807.25470447314 6406.9119823475 2945.8337132189 
-15741.71775102 -3390.1178368678 -8374.0203138202 -2307.7331351026 -7591.043589131 -14168.751143335 -18033.425381212 -1468.8916812123 -19124.135032326 7754.7377103469 
-9578.4425847677 10595.312928825 2825.3831554601 16830.816049431 -12470.483072142 -9778.4045132034 6722.4108816553 8907.2647697369 -2928.7269317419 9002.9678676847 
-18504.389084193 -10998.965449715 -144.29802394259 -6268.1505374566 -21614.027019094 3226.269057298 10485.837902664 -13751.944050573 3248.9439188742 12467.836915346 
