10 10
-9199.2318705379 4504.6872867523 -3879.2877185391 745.721070404 -2947.1592080391 -24744.412908278 738.50323495182 -20358.456036706 -2795.4550740822 -7857.3618671149 
145.32740329332 1954.3801346134 -464.26427784659 -5668.3824355077 -14839.944776397 -15321.088924854 5027.6817314609 -5259.5545741065 4775.4042427084 -3270.7579080758 
12974.98648589 5971.5861681981 18539.784840739 -24738.633243938 -15031.630947944 7644.3362504465 -1365.1175518748 -263.68676513205 -8823.9154788823 -7887.7393672346 
1031.6380440895 -3112.0369082024 9658.658398756 5934.5113975316 6022.4620310925 19572.081038341 -3584.2703033662 8227.2502723806 10074.96862854 1453.0806212423 
-4354.1284952822 10.225284143581 -6631.4167021791 17724.334214143 22901.407737254 -4553.0025043545 -16943.556043683 1354.1974395083 -5563.8902794649 6683.4286108265 
9381.5537518929 17044.128820233 20949.168906244 -14558.261161629 -1484.7822357546 2803.7752342167 -5682.0569113668 -1687.2379946264 -8872.3686707581 -17484.040852613 
2100.5046155756 1331.1967978346 -9370.2839068508 8071.6507338437 9795.2549763603 17957.354343565 1201.0314436142 22391.501376769 -404.75181542509 12193.945114615 
1508.2399537457 4669.1737191362 -2171.8936763781 5453.3312798781 -13491.494105479 -993.15229114103 15537.393709424 9618.6567868703 -4250.8741244751 6343.6932038128 
3486.5629058757 -7205.0406863471 11260.608871273 8399.3678547462 7454.2407671484 20313.909213682 -1625.6261837842 16024.577160157 5108.3305626111 12188.675615528 
-4772.2973339446 -10946.68029139 5134.7748693556 18117.552260737 15217.296491973 3736.065066617 -6779.4539595401 2035.9094298716 -183.59469322713 16767.553849379 
