10 10
197.95226046586 -29.322143770317 -32.292762287137 -150.80682720169 -64.000284010924 -16.209061844899 74.609637841087 83.936642302172 201.08939929336 -59.452861279166 
42.697275289882 102.89783621486 -17.837246286747 87.098140532985 82.9354812435 -96.300666654946 -67.459775309986 59.512455533859 -142.94306486151 61.294529289107 
67.124229087876 -29.417634712396 113.10064714618 123.02509462173 -51.853574180756 -244.63481299588 21.293730070069 -53.63964798993 -7.5019603475901 53.725982485259 
116.75909190239 164.49589980859 -129.81144240509 -81.68543147823 -9.1084169242099 93.384868164611 106.76232665837 59.12101786829 171.67846402929 -100.11364363466 
56.851303935158 45.995488625622 0.57766547231569 -70.2795975608 42.211979151822 124.1238476742 23.649575785606 -105.12543217532 -50.373929501318 -66.948559215533 
-121.65497435439 -115.58937188512 -19.504405745446 159.80818503311 -24.002484033183 70.337572011954 -30.366551119433 -93.098834442303 -149.90036808817 0.22146817714134 
-136.68269556402 103.57276143824 61.513629287199 23.84809140803 0.60945518389478 -84.600001741821 25.785411793435 33.446336100269 -46.924728927813 52.222957120634 
-35.575308518177 -150.88209601817 53.127465602861 10.199496509902 -58.762144568625 -31.948228706964 -33.502703430395 24.396987144908 37.733812805207 11.076366566025 
-20.57085681287 -18.675229691255 -18.738180201959 -75.785305003553 117.96239014038 93.362367826649 -110.4277299692 78.216952830243 10.075117470546 12.701518441786 
-79.544450452345 -159.13543298263 40.927316681348 -32.286991226861 -56.920044014927 13.52071430537 -148.3800571125 6.2922400856281 -92.977727200215 139.66910840921 
