16 16
0.29848229539855 0.72979228425138 -3.169714856119 -0.72047337395412 2.9554548113222 -0.89573548489281 1.5466315037417 -1.4576454511101 0.95582561169464 1.8966094904457 -1.0255671015804 -0.14485047092554 -0.3579161031638 1.0965818475683 0.59104862949518 -3.351877408865 
0.52183289592959 -1.74778979557 0.73121309367616 1.254471474192 -2.0270723313703 0.92824928310245 -0.16472706961653 -1.6810001000392 0.61728220040978 -2.0759447162333 1.7307562566953 0.9744787566492 0.21921634494644 -0.17327875568108 1.5942647827514 -0.38472994004822 
0.5543978657668 -0.99809199981446 1.9637603158097 2.0793407749834 0.024462219610461 -0.66259566242094 1.0275605889832 -1.9667567052991 -0.90632331462343 0.1676614751258 -1.9247708193647 -1.0972096846817 -1.0641043348638 0.088062639737415 2.4728471917298 0.91613786646025 
-0.16487825361178 0.2710615080732 -2.0566538181074 -0.84716425754855 -1.0837217062386 -2.3097550370571 -1.4877673935237 1.0015453734299 -1.0649458330968 -0.4634464602625 1.5188585892765 1.8657359360212 -0.13980352375249 0.70056185168038 0.032498855497252 -1.0324285855219 
-0.33889853314201 0.92384650968436 0.28553260305884 2.8826051173309 -0.73985348446335 -1.7344196008935 -0.96897895902286 -1.493944173619 -2.4437962911728 0.35929697761612 -2.3750755396806 -0.60036503523336 -0.60982406391758 1.5818849669112 1.5819534640149 0.17555061544387 
0.072557025068255 0.19112509938757 0.0031720028555156 -0.74514734023265 -3.0286901028709 -0.25092161288687 -0.23685958796022 1.4955937585729 -0.49471948226433 -1.4314742422668 1.1817014769671 0.85098396405404 1.26219588898 1.1899150289336 -2.8276051146153 -0.8522184932932 
-0.37313457579647 1.4733769948954 -1.3087103802288 1.447493208662 1.4053862491675 1.4001303108989 0.98980400154159 0.10788641537106 1.3439716733716 0.74211116462015 0.34146249978306 -0.79641975678862 0.11409721781688 1.3405089013884 0.83468620216018 -0.62187809991043 
-0.44208204385334 -0.79471400725635 -0.50328849303081 -1.3890078855603 -0.750706660269 -1.23426139997 -2.0647503394244 1.760949434234 0.99058323420742 -0.12536160053421 1.1494843233852 0.78335956917633 1.1991194350193 1.4141540011705 -1.5730943900929 0.91501226312539 
-0.82187840974599 0.65589904706313 2.3948240215319 1.8701727953705 0.33387597761885 2.0296913250286 2.1370895747062 1.5896894531897 -1.6189394944036 -0.74899491258846 1.0781556982893 -0.78474308943201 -0.60298220482891 0.80540171398366 -0.53811227566522 -0.56623621857697 
1.3710156600508 -2.375963714153 2.1456091399598 -0.89755464758605 -0.24414636568493 -0.11171950822555 0.99484857563147 -1.2242440571166 -0.72892968203999 -0.24835573593324 -1.6618355696234 -0.54156656973644 0.44672390158506 -3.5918925366569 -0.23195065309277 0.070977400430882 
0.31444463560351 -1.2664981139208 -0.49923822962206 -0.34573422363126 -0.47984179294395 0.35545109884123 2.7531408830918 -0.5618702081131 0.83491348675914 0.31193407562426 -0.81159023222028 -0.41434419927205 1.6196926174733 0.286269856241 -1.7678855725487 -0.058053883261141 
-0.4657992248147 -0.61584891279808 -0.82187473525321 0.011049902856118 -0.13034156340893 0.5407250982832 1.599988868123 -0.10074626314585 0.86097152334658 -0.32067995376171 -1.1489188268142 -0.32541760962376 0.61082567506944 -0.78621853871037 1.402888208302 -1.2779071463915 
-0.74529361043498 -1.6115129429176 1.7988305739796 1.5714845135024 -3.9899158621529 1.3162589934274 1.0150039690092 -1.2006267929479 0.19569539010773 -1.9215951300927 0.076461954668319 -0.71847995165309 1.5217823406324 2.1534782993547 -0.086887116754933 2.4932169556852 
-0.55107246090628 0.33843176929254 0.16261867032351 2.0879121984551 -1.9035524253794 -1.150877900205 -0.13035047449174 3.589854592881 1.9488607303034 0.73336561976345 -0.064596322958341 1.2834478512852 1.7816221125997 1.1645154505258 0.95886117443869 1.8419220238224 
-0.72728565375187 2.3778250081038 0.065791003068579 2.1778352919732 -1.2234263940133 0.76565560360657 1.723230130082 1.5721951902335 -1.7271480036018 -1.5515639364972 0.72867689420244 1.0421900128291 -2.271127235791 1.3282411096477 2.7982847841333 -2.5348355812619 
-2.0773733536794 0.71868495190095 -0.1254797842605 1.1238687487915 2.5942210156338 0.84007962141505 -2.4914854131567 -1.6581071801547 -0.68741341964151 0.67893497213716 0.33753347824221 -0.71637664642289 -1.4302672470558 0.96146865447978 1.2679822583572 3.4950570009933 
