16 16
537255.37693387 -484918.15640983 1556635.7293871 -156733.24678568 -3060214.9345176 1140954.4232252 708451.78651456 440282.82448624 -845635.68418658 957669.56816705 1029449.2917212 -2998144.4020229 1675736.2519094 -55638.134906154 -1006268.7570925 1446764.9381671 
-532068.73078898 845650.75414103 1717800.127484 123666.08223499 -372040.92208568 140922.01765046 -142444.94266262 -814528.3282014 677462.85799939 -1841642.904511 -741962.69804506 733113.4651372 -703932.76652858 2043683.0728651 -402647.21490391 -517201.39269866 
-1675156.2899185 86572.823377436 1385755.5363513 2553975.7485417 642494.54915987 -609370.76186443 1631800.0308871 1069649.5914058 -255326.25862958 -1246265.5930079 -521281.12919388 -1393151.3254833 -555623.3013468 394797.96397356 1068524.2510842 -1731419.9502874 
534386.2003419 -1253869.1432222 -2679984.6266088 -1722253.4746073 1045543.2945994 -466720.66787077 269956.22154501 1587776.7557647 -1413890.851743 1533627.3972689 -80635.04042362 1292324.8508666 286111.49542431 -1072798.2928449 989982.19628446 982389.07989203 
178892.3260978 -41285.065365359 -624438.66184113 -1438783.8813891 2019697.6660896 -2784670.6357201 -800488.44338327 1344871.3389737 123979.17515179 191596.87000161 -227936.86546012 1158103.2925533 -1279698.3449479 612271.17459521 -757811.82541361 -99571.93432952 
429789.10114411 -232933.6974593 -1626989.1560757 -1791634.10779 266535.67741184 957480.56019788 -930840.21681895 -241345.58638248 -1878511.2198741 559866.82329675 1511729.2124411 -161658.33929935 -127359.61057952 -26995.198144597 618551.34439106 2323493.7558429 
-128054.03468389 918518.06398542 1144210.0251856 704216.13718927 -1868891.7403027 306995.33866783 139300.84562359 121203.00674166 166875.30720424 88696.672241436 2367533.7700238 -1676118.4859582 -633225.56464183 274275.22153844 295318.29709587 -246623.2419549 
-2077494.8392932 -866932.34495686 3183347.9232804 633723.1936646 -1887725.0555828 148502.58478433 351746.07338158 449882.67809594 -1644973.1755706 425930.22002071 42693.334219559 -1324724.111132 2026021.3727407 607752.82651349 -1458004.1146613 1434080.854874 
1561040.0259889 -672112.70529717 -4778.9425600645 1355434.4607931 -2669245.1359517 2359247.0274649 1181752.1047049 -478946.87131602 69948.441727157 704217.48182194 313950.43679446 -725812.48670665 1314795.5078946 -2938590.7534017 -721501.6039094 -1961905.4483324 
501080.78313583 459235.54031578 841410.66537594 -766729.55407349 -311116.81212529 90053.345412928 -921597.39757971 1811901.7797756 632891.95910101 1578413.4267299 811499.66442114 -1575389.5605012 339992.01091172 -365875.66492007 -1539032.0574499 -506035.84864381 
-922426.00148923 -575826.45929868 648933.7241403 -1027326.7551569 -110857.06332244 150786.30999993 850490.62997283 1070484.6512594 -1555273.3202573 18888.158293377 -6188.3840421059 424085.66746627 872230.33578308 389669.63396179 -1529204.2838511 831966.64849828 
246045.45987761 907913.0991697 -2415966.6940372 -1097900.452882 1732112.6441096 -2093221.7216982 1706619.830483 -1422708.4308601 298155.83646006 -1566431.1788336 -2410679.1463349 942613.86598792 -249674.34685535 1381588.4739065 639296.61012532 2837.8645219872 
2171120.3520625 -1166648.9446166 290165.12435429 8839.6455426003 -2254518.6201977 -1947920.0489357 988925.20128647 993050.59306272 613093.13055949 141370.50681896 27203.636430962 -1083239.1279934 452708.78044468 -115500.7681162 1090681.0933309 179979.96566035 
1651162.2345537 708961.86327852 -209550.94835038 -1587951.3506942 -161902.3447952 -1186121.0711803 217626.80768742 203812.81002781 1304011.1490425 -51519.559235986 29707.38229209 75937.904885122 -1722461.3240078 2130963.285525 -132016.05873738 1166059.4747017 
-48926.782891846 1086419.5792507 -1728100.28541 -1595888.2741439 635223.22696371 1154938.4692175 -1654516.3975384 514643.18231869 -788363.35375156 1959384.6700646 1985899.6322768 -2243264.8227525 -1307112.80607 -373597.37136207 -911960.78544844 1263283.5736256 
463447.98902746 -761098.58322259 -1939133.6366443 -683062.20459693 -287063.73844856 1152359.0858131 -281447.86367148 303969.52839095 -1488076.2564547 668799.62413402 460378.07985349 -1051341.6380871 268138.51987588 -1368991.0594864 508345.58742484 880146.97418027 
