10 10
0.27792181221028 0.35197349854295 -0.032299293140242 -0.85101407142605 0.1822010700337 2.2930622225448 -2.4260541424972 -0.39595385746754 1.7013899938077 -1.8711393357563 
0.32883495018402 -2.9960622087558 -1.3452156563102 1.2832497917931 -0.55166937958866 -1.6506400442692 -0.32874255858154 0.21438338117623 -1.0111656904555 0.44768114036377 
-1.0178921643296 -0.71116693342153 -1.7337710733251 0.77288339249059 0.017912024405424 0.25701610132635 -0.11227809563295 0.21545497718936 0.59261199124597 -0.11675619474826 
-1.2137272995315 -3.3615142749898 -0.30285028870652 2.6295782485407 -0.6828112917581 -3.9524043463742 1.5157850377701 0.97903144760612 -1.3761844399329 1.1541392095107 
0.84296391607623 1.1982783100791 -1.753437266429 -0.94643502906911 0.20892962371533 2.1302607906814 -1.5538831782159 0.66503692470444 1.2354607168397 -1.4019203291883 
-0.83489001593657 0.48329862670032 1.3532321776671 -0.12254530342851 0.82485608640406 0.37201394367377 -0.65310841049249 -0.5092028739884 1.1500137637093 -0.7714374449565 
-0.3273752557407 -0.80663376662134 0.25490660491426 0.72441480965046 0.25380980099012 -1.2550948541832 1.8064396765073 -0.00029044143778438 -1.5015510401708 1.7376852682379 
0.016089546987538 0.66021643889142 0.041999571318901 -1.4223944371556 -1.8705958409622 -0.7200914035352 -0.17838496638549 -1.5153929942141 0.61783035902793 -0.81749322519968 
1.2489195034344 1.7774889397338 -1.0444167401443 -0.99079412930698 0.51795265450244 1.7832021863816 -0.21529589648069 0.53027505402716 0.015439041290668 0.15793915976965 
-0.71640860923739 -0.40987172644513 -1.445186607671 -0.20544113572462 1.1942658368678 -0.037399691674246 -0.97936642603502 -0.7180767733151 1.1717702389639 -1.3015193423853 
