10 10
-127.00438027402 21.357702450331 -95.688612531389 -52.008925222927 -186.84447453664 -1.2475659727787 -34.377003952355 -112.4255203991 -217.43341054873 -28.407337903262 
18.420851910359 35.5353874852 -55.875204809543 62.959923550358 -45.455895538396 -106.27967766988 -90.945697929474 31.675539773671 122.42398303982 24.021826542819 
28.032570246779 207.11201967615 110.24037682424 24.736565916846 -131.56148992952 22.496024659031 -169.68642099878 125.18027693332 97.557029647429 -100.36808401187 
-68.605899512007 82.961931642915 192.9497658199 35.226409255519 72.779207294218 143.78242032379 84.537088716505 58.586254896257 202.82436884015 -110.40458014536 
93.794753516911 33.291842308051 -52.857762101918 43.204769709776 -116.14383084342 -118.18736330456 -220.33476366727 53.32826774849 -36.764604638106 13.085219019686 
-23.734751068793 -53.490784261968 24.124500995637 26.767996784839 174.83392470558 83.220769346837 87.903311217738 -35.807331978461 -29.850038165536 -38.594330277046 
-98.318260627913 -20.16009148557 195.36159534388 -128.45576764038 13.193077086163 243.8614694194 52.678428422402 26.030335260894 102.60423513305 -36.822567034257 
-203.59970944438 149.26048971246 64.597914488377 -29.162679588827 -117.88473487345 141.37745417344 -21.315195820054 -26.012440993233 -21.208170291285 -138.78656514434 
-38.21499191491 60.015842059603 -258.9751013507 -37.005465683058 42.487158602144 -76.700697339901 -42.649300697597 -39.340813664763 -138.34573267389 12.080597201293 
-225.63346027413 9.8773075606547 -231.60817890949 -109.28939233782 -122.4768767507 -10.389884632394 -83.206898584673 -67.436324090771 77.597266658729 29.221169614954 
