16 16
473567.72438177 -506331.79976785 -5442.5154209042 -733320.96509547 1760880.807289 587548.14867597 298147.38110619 1313992.4392629 2807449.1886904 -208934.72883918 -1674348.4686815 1636480.9791765 2659791.4222414 -1443492.2350782 -90227.715206535 -1086995.629939 
-844052.54068826 -849629.53577392 -530097.9663257 -990622.72257005 -832545.87181683 427285.51812836 -122916.84361252 45396.38353705 -1996865.8079316 -436117.38161398 447937.05051048 736697.23003505 -165866.4101366 1847332.1309722 -2402999.6609896 -123175.64525731 
3025250.2998666 196207.80232104 -883458.13571126 -839150.90695678 -759716.03432477 1278345.9878012 778562.40939345 557567.17375966 -918223.5216452 -474386.19143178 -254925.77666116 611598.00222825 226072.62747797 -203451.23064314 562224.00447611 792796.20575787 
1623280.7521594 -690200.86720932 1956935.8624365 -854471.60189082 49282.177768629 2091035.072421 713154.14960866 135820.43711608 574656.619587 703850.17427678 -1452065.7668521 869579.3182174 -399254.68659582 -1119767.544673 1683981.8731219 -420196.53118067 
-1036599.7983697 900261.44880562 456806.06046098 577411.6070951 168589.01161478 -3741377.0425212 1028885.2259195 452851.10679924 428677.4351086 -478921.62886309 396934.06840126 -330063.50072317 902093.53399223 16226.787863668 -809152.13054843 -828588.61044905 
-2734703.2060724 1546304.7742679 -287727.09034494 635240.99909976 -532381.52992599 -2755384.8823245 -826499.16516228 119788.19818824 -1681548.9004456 -1137429.7158583 696639.36244127 -2062681.7081199 -626730.69134097 31456.904616637 741938.32938747 -1793056.6665615 
-121493.60661093 2059282.4627297 -794376.95227807 -1368227.5661647 230535.89583096 -2192346.5347503 -589943.71453411 -1362632.9654089 -16133.348524721 -331491.12077835 1672427.828836 -222277.73161043 1523150.0073182 -1620164.6270923 1647444.9731941 -1204846.9820139 
-2141952.3013518 -1575758.8432637 153055.35939608 -733838.83604688 -2825609.7672622 -1206399.7674648 -4034512.4986514 -204185.50144088 -1436967.8297537 1731090.6088905 1207366.653795 917855.35773011 -363482.7894803 1423755.6900302 479492.10886645 3326199.3568089 
-973501.40392997 526678.99868591 1636990.6292867 785905.97363319 1043323.104573 -1543368.8761473 125511.73514468 -1638423.7326206 901760.81868483 344120.49592815 -260317.43359732 -17281.353434525 -1028092.702381 -1545948.2090083 441489.26538139 -1360218.5644919 
1200589.5279254 -48064.111876078 2504513.704146 -949860.49285612 548055.9766356 1178986.472688 619162.89775911 87148.774310385 1612610.8772454 -405364.37865203 -563385.01848707 -724273.32464455 -572904.33687691 1452311.616866 322659.09035516 626545.57187654 
750971.49231676 -412128.32582934 915944.96760776 -1534308.7189977 1511408.0760914 2816784.843385 -1193125.8974154 -213422.3885663 2866994.6025838 -1425548.9365257 -1109464.6439234 -621010.11592472 -240071.08472256 187909.97836958 1196975.5271679 275630.09592987 
-1089839.4947165 -569128.75169728 -238404.04891853 1291821.0733822 40204.295774326 997900.42863135 17481.661987285 -666069.05080322 358193.81462034 1873001.6007111 -1407651.0223737 -771146.86546645 86582.347841052 -2461722.1387662 748157.08949827 1470716.2125246 
1939480.8183921 -686481.4705344 -423434.78666719 -698159.40249616 989173.18231037 2763617.1603334 1791090.0268753 230524.46768906 -203236.8095626 -1359129.3910019 -746224.06019761 -858817.4666683 223231.19371139 733931.36554892 -1597715.6148099 -452048.53419451 
-2062818.7160722 650205.56524281 -203240.36150368 1313141.2963708 2028141.2090714 -1363346.5247614 -2584183.3323382 -744860.94934442 3870629.6101345 1616322.5240983 1024874.9071648 1296765.1285796 1714199.7892307 -599193.93673236 -2208755.4845952 620878.64213728 
482772.58654105 416247.69682155 1060311.1686104 -45781.408925256 -1346844.2288501 -1095082.93192 -772290.57596438 -822829.23119605 -579022.79365105 1336587.5764596 1743945.5064721 598418.55680638 -910652.50132313 -15666.478824795 2194886.1963938 2220789.711833 
80674.93672427 385453.84991182 -692576.93792052 -872994.53650153 58677.062823119 1347452.8203595 -358364.56092391 -990967.1642361 485303.47411774 -558212.58038183 517303.72168832 847387.47142591 -1234964.2198627 391988.96731476 554936.73825745 -74934.758355414 
