10 10
0.96662785779011 -0.60536063754336 -0.04547322614317 0.5530230212346 1.4651360661469 -0.22886220947816 -0.15387702084231 -0.00058127698561506 -0.72393651291036 -0.3199145774738 
0.53269424681945 -0.5965205342043 -1.4279042059677 -0.30495627259534 0.97468058283543 -0.53178589270306 -1.1231737637182 0.56543427111278 -0.26303157147842 -1.5165634537083 
1.6264695964735 -0.71598543401767 -0.28248414131927 -0.58237862490698 0.301170443336 1.0559991863326 -0.58254149499058 0.07131118963877 0.28196554133439 -0.84363049462114 
0.87763098703959 -0.39040296066406 -0.70541060176065 0.13643298429545 -0.08849592570044 0.20527878816408 -1.3986219839628 -0.49121614405176 -0.38321440819619 -1.1927787498041 
-1.006114845165 -0.10652541433924 -1.6902981128734 -0.83596644111127 0.40196374787452 -1.1830101276461 -0.45998583037766 0.011219960070506 0.58104269262609 -1.4740993189583 
0.77079172376215 1.0012650860774 0.28382818046204 -0.92433068979296 0.75383662568882 -0.86445142846392 -0.83828560564547 -0.59166836670855 0.4793958771331 -0.19629597301839 
1.3201019820659 0.9058733296254 -0.2851305065441 -1.5323703182373 -1.0072247436923 -1.2212765207537 -0.083073100307104 0.84400760400657 0.088561308512058 1.1487268078859 
0.32698246167689 0.68136639100102 1.2373100781997 -0.041594026258759 0.075084340337905 0.37292583076425 -0.60000794451877 -0.072838657884047 -0.071194620792768 0.64266279949721 
0.52555670361939 0.87943509169196 1.4814999084905 -1.929659647257 0.83544682793042 0.27724671928913 -0.10682524931127 0.63918303153048 0.93855977542162 0.31204325705203 
0.74731518934369 0.7250351530873 -0.31119449973878 1.1046299232796 -1.1738790956608 -0.048473958814047 1.2887676851366 0.4682280656391 -1.7998733714371 1.8796471101602 
