16 16
-0.74030207725261 1.774259653258 -0.79695591607206 -0.40410485931569 -1.2855723093601 1.5604149233688 1.0046134051125 1.9911122473421 -2.6018679063923 -1.66903690953 -2.8227952232294 -0.57394083361655 0.67007002498217 1.452001222184 0.61429865238791 0.88272255298184 
2.8193000067588 -0.76497791861226 -0.068381591485373 -3.0076180534083 0.13624533367878 -0.066821978202992 -0.63335807454842 -1.8076241971166 0.82288648103166 -0.66571964881657 -1.1875921601515 -0.15822452868384 0.41668982325324 0.46407916573211 -1.2422287626103 0.95358868468815 
-0.58182345536551 0.34586220889282 0.63884288867732 0.30150197035325 1.4595612808038 -1.9790862391343 -0.31070425408326 -0.90650605283882 0.66670035035776 1.3877259881768 -1.5765522260403 -0.8089036634215 -2.3213227317654 -0.47635312898215 -0.67518673653109 -0.34317963792879 
-2.1817251209454 2.6989130815445 2.6948257609541 2.1467305257631 0.62178198276648 -3.1535987711423 1.9765677491458 -1.5638215218736 -0.48853706677373 -0.78845841706665 -0.57859058400053 -1.9969555264665 -0.56248828626828 -0.86919697304315 1.9912774176166 0.48200991410863 
-0.93091976039326 1.7336775643576 -0.98215738340056 -2.3554383246117 -2.3512509370892 1.9252798390761 -2.3856057194337 1.3342102169993 -0.70602357067991 -1.6802055226246 -4.0078024537884 -2.4240221146895 -0.56828711841105 1.4908529310063 -0.78661881355633 2.0853514358331 
-1.0226827051834 2.9957513250529 0.60303533727405 -0.39090310314265 -1.4781393735297 1.2120473641289 0.73343024935588 -0.73043052172884 -2.3050575748026 -2.8194221372445 -2.4170004365431 -0.83373930155067 -0.081475521168399 0.35738557557002 0.18949335498971 2.2879455869261 
1.0065970502691 1.8585745773955 -1.234833766256 -1.0617069344191 0.63314181459785 0.25574470446116 0.17575120858451 0.11214806134723 0.77489567602491 -0.61199866811245 -0.80645667308102 0.90149028545964 -0.83341494775145 1.4858766772961 -2.6123348326549 -0.15367330523752 
-1.8877806596898 1.0951765840131 0.80541016213994 1.7600447075765 -1.5731339681536 0.40275575424233 0.53717369327048 -0.66985658086085 0.28770681731326 -0.9315895569979 1.5331862727599 -1.0913737623271 1.070193912559 -0.14573030655929 1.9908737127625 -0.96996548679427 
0.70473757460359 0.34102915218126 0.70328958424904 -1.0710625046988 -0.092421382269036 2.0604469491745 1.251483055576 -2.2703239505941 -1.6923230923241 -1.0134352049729 -1.3347697785485 0.71642791070448 -0.71289678190379 -0.34894582746737 0.73877279294631 0.42950788499369 
1.8411072749758 0.35609364963951 0.93408508002839 -0.63098543019806 2.6514267412691 -1.9190038261774 1.3119607653391 2.1357426105977 -0.27034156413653 1.3240964484995 2.2246301377916 0.96969184810271 0.4533688634793 -2.8190798935308 -0.28794160837874 1.7549185007707 
-0.2556143976514 -0.43673490948521 -0.24649468424693 -0.11970667811992 0.9826410030006 -0.9680994738795 1.3549737447688 1.7466202596591 0.013109384145847 1.1922398529848 0.85515823405355 2.3452459949499 0.16957298512287 -0.16383172769549 -0.96434185161712 0.52811126990909 
-2.2206009753629 -0.48508248249814 -0.16893784426007 -0.71751549601493 -1.7890913800637 -1.3669830580458 3.5806083988336 1.1051932265298 -0.21898381272598 0.82401163755428 -0.53913678577127 -1.9664819529537 0.66537739390103 -0.58598518640629 1.1486512786635 1.0465685928368 
0.12942135049594 1.2553824990915 -0.36915415438041 0.29737571314786 -0.79625849580208 0.13134633302903 1.2731619616273 0.54663397113035 -0.52098494003099 0.14240244364046 0.22470857125798 -0.78372129043437 0.74711235191062 -0.63176156535778 0.19552720329786 1.0690184425543 
-3.5215375867765 -1.4003121193917 -1.3385411070997 1.5338298163021 1.0259056175773 -1.6174768166645 3.6485788070528 0.34364669549557 -0.59244074794129 1.4557456099504 1.6452647271893 1.5229066755272 2.2291407873137 -0.39873162156274 0.80514237640831 -1.4281238558634 
-1.4548910147332 0.40207503030743 1.3552217476789 0.36983712604546 -2.0461495739599 -1.931638401326 1.8004237877767 2.306383427366 -1.4076021014782 -1.867280915038 -0.068538706677459 -2.3398686526717 1.9673073079231 -0.10675143842601 2.5543079419161 0.92783237925238 
-2.2679041299324 1.4360120532018 -1.5812887593217 2.061487093574 0.71935884407021 1.2950850311367 -0.9843392032911 2.2031316680458 -0.70853973132447 0.98051059886902 -0.53799626351677 0.81419587802686 0.31420126022643 1.2236905637641 0.41967264332259 -1.5053044485586 
