16 16
1351606.2454971 1359527.2543012 -384514.05428934 763563.47633239 -1127858.3049398 -534658.47902203 884840.41449517 -1667330.3754435 -202612.15572914 533371.28433059 154705.77323297 2240616.3087988 -433632.1937285 473694.25458091 -1042274.1550549 570874.29069039 
239294.7374695 473390.80131843 -454369.10808652 530684.62845493 2132108.1344922 960492.68314843 -429307.18166566 -591693.42020443 -739605.71684017 -681749.3363929 1595495.7280005 -877658.35493845 636596.38530544 -16283.170296841 254923.24705364 -1116775.5180073 
-677321.54922492 1113595.4459266 325217.42495722 -150153.36478687 1523236.9826779 419927.73847273 -1185931.0282863 -511367.629194 -727661.52453202 -2971779.6943977 -500886.72045928 -162618.08975619 -375005.64421952 140445.48657417 1219177.6467425 -13595.643204188 
-1068197.8343685 -2097580.9611128 -98906.263375344 -725623.30218518 95451.909547382 -1465265.4903427 1094181.1529789 -804755.66849105 -445787.99778873 34345.532144438 -2434106.4907786 943444.11491729 1592322.4853176 2505412.297103 -1128001.2751966 -926364.16275277 
807528.52494185 -838566.82140387 777007.3109652 -676545.33748747 739495.9419425 -1485443.2216227 30257.88470828 300137.18118482 639650.98933796 1132552.3213882 -978207.96763606 -1696393.7591918 25631.217039006 -892521.38469863 -1377874.9117623 232799.25453359 
1095224.754765 -384555.20390525 -235798.82258226 813923.7857695 1398916.5828786 -1970146.0599497 -317352.7794793 1353391.0245566 -348364.20187331 220109.51719162 -1149472.8179712 -1455402.3184936 -704587.03500833 -1264591.8618103 -1317016.6317035 -50854.091287661 
764190.11226148 185522.94066794 359248.34133605 -372734.6189002 -1135210.4332369 631516.33943103 1181041.3360734 -1040027.6028907 468553.81286464 495047.95453552 807208.4071158 591515.86401151 374177.69125277 1212676.1427619 156909.35527805 671827.76058083 
85120.54770154 281958.17059165 2327028.9420372 -326213.40950185 1811110.4014158 -283676.91846967 -913746.84275718 11867.453288277 -1506144.4167792 -2215926.7273682 -1363671.7252786 353460.90498245 80802.868055478 234488.59385964 613281.71134139 734808.73446793 
-383678.44808631 -791006.76106906 931775.38172887 768095.75792544 2113202.0786797 128938.68379927 970007.62852255 -1710250.5701922 -1125420.9637709 -622811.60987325 1151422.6850276 -833716.61714645 -413718.51473317 -446642.00807368 995466.38377081 -1237009.532423 
-1156798.8025701 -2108016.6093991 105470.59115247 -293264.50392158 443509.82624331 1466308.6471898 981347.35011556 -906364.82138107 -747820.26133003 99111.954974656 471573.25051629 -598687.99548854 1057532.9328896 403968.25571649 632873.19891054 -1322042.0999691 
1219458.7719617 41890.356172752 -1089444.8985154 2194328.4902212 578189.61487728 125760.00436913 -932190.38029548 -266026.97814584 -2128155.7627338 165226.41554308 -363709.02085517 1026808.020051 201829.65439615 -304315.56116086 661632.42302523 872318.7330455 
-134205.78280641 2017372.0476665 1093984.2715709 49241.313390685 -837808.53281297 -389588.32785603 397997.96347804 -389944.01480912 303014.71138325 -955684.97889468 -1654148.4561471 2264380.1421353 374931.20427655 1978503.3371571 -1386648.6140734 540753.11266217 
-682425.30659804 1077375.3675492 1708701.1643107 -679764.991571 -1847955.9481173 -1273631.2719566 -755830.96629122 335242.09157441 28165.243556396 -1835174.5538414 324680.4011839 2706715.1330057 -2280130.5253984 -2047044.4150605 -1193943.6345919 591330.30889407 
819158.78217723 828585.46429353 2269785.8593422 -406869.89867839 -263826.41946564 -2748284.6410048 -942365.94570136 1217015.0096633 723847.25273271 -1208276.1569934 -645990.479026 96774.38513373 -2092688.1231912 -1497346.4967881 -2064377.176364 -635080.77831365 
1618717.7122815 -1970390.7697857 2219294.3040384 1652727.9093651 -198134.1104395 -3012136.7174796 839832.94772899 1650806.3043076 -1138976.3382401 827508.66542843 -2033541.171773 1008271.7994859 571223.81959159 -1916624.4146705 -1580626.1456449 983109.54031727 
986212.96009379 316908.83267777 1291458.3444504 979779.51729882 -792162.52579238 887497.54166837 -91757.50224195 -239568.56243736 318884.95018049 1350316.0532593 -1477768.9227277 -324583.03777617 1718497.5975509 282120.25837737 -112319.09626451 1446413.3029199 
