10 10
-258026.46222562 842468.95135462 623196.52837416 1485207.5643225 -490534.65174857 1450674.5379905 -1487061.9085287 206369.53171862 116020.57171704 -481018.33788822 
-882525.42521148 -393668.45847846 -279509.67699787 430721.19874192 -2337.0043357931 -6929.6012210544 -1150010.6443238 266144.64319329 44764.913027157 -35201.598913761 
-168411.82621465 -2217545.2597391 8397.8269487231 -1379843.3728087 -494159.60819392 -1653866.3868373 655098.68814142 910929.81469867 595808.41456423 768931.18460509 
-719986.90498045 322001.98170017 323182.18982711 524876.15535418 -526026.76586858 -270273.19247663 687628.37086873 -280894.25277512 646453.95693298 88660.978565913 
426152.25698973 -2571010.0296092 -338249.80718252 -844250.67786426 8330.6104377758 -576106.37556405 -1292349.6970895 966060.41906991 -668542.73479484 -1904568.2527479 
-1025896.5364608 -212154.46449961 -403087.0974193 601378.39310844 -870085.73679259 -412624.23298756 27348.757116389 325096.37979122 -256708.27704102 -546789.07999566 
608688.0315807 -141830.99983162 -88422.919614663 490592.77476195 -1499230.8481008 -796462.04274657 523123.70190473 -363979.81771485 -493796.05457146 -2602645.0637994 
-1735005.3373196 -231417.91968172 850697.39866464 1311067.8322805 -703047.10859977 -1015641.7309617 604190.58294301 -525957.59328278 -1436462.6703667 -802335.32851068 
-3347.4169547598 -552856.97724267 -1036488.9752693 -762493.28129608 1169167.1862883 1158475.6276416 -1610301.3812514 1247128.5074245 -365336.64231658 775584.93018052 
-987991.0455792 -236768.61020969 -570491.17849369 300241.5911331 -163273.82695186 124715.15501226 -214953.09599947 -439366.59674905 -1021032.1660398 -687296.77809108 
