16 16
-58.595365015334 36.2850201954 -152.55756945724 -63.762299193871 72.638006956971 29.925228464383 -38.131584410427 74.875849464181 213.89202732343 -131.87354803106 -73.15581948882 -153.6802083174 -51.625728098922 -6.3071147921091 -186.2337480601 -35.880478446858 
90.085740953374 -9.0425818371261 143.6310528541 -84.992125907788 -97.336028470192 142.21963968975 -60.15568944904 -42.269619946847 -8.6257584101454 -74.505343182744 -54.231745990566 -75.225505416767 147.92432211362 196.46476591078 32.270576932754 279.03305290233 
-26.227564496667 -282.19058945026 275.50685717085 -74.872447215104 -101.0890460978 82.527368034555 -121.15223276903 68.439060779681 -31.765384023472 -27.40429338769 12.551030020156 51.251165337678 -33.062551283701 -103.29483061705 -113.35818841739 -26.084231701504 
94.532783422621 112.00615950835 -72.24746016599 -122.69572392914 -85.809466447445 -24.670748831733 -268.16614573962 180.38047798138 48.490880802094 -127.00966987069 -23.742272375777 -79.981569399531 201.34796034545 -46.556325623533 53.911352159133 7.8060938216787 
-244.23227359604 29.669598859401 91.91417351081 155.26580708745 69.40960724645 72.447052064142 -1.5362425680986 162.27836765358 -20.757439102442 -229.37306929883 -65.903908995985 -28.583829169129 3.3932542678588 278.91285887683 -113.9356698581 133.99308738103 
-136.27908186725 138.81474691452 -48.262039136799 -107.18528540815 -14.420197719315 132.75007510648 -199.93903086221 153.72799694892 84.609304835627 30.042808903942 -38.081939647199 29.519438920123 212.57219599641 90.517023737788 -154.85440526427 54.004452800754 
-118.15043354762 -26.229934268471 88.22514639971 145.76257018107 -131.30588808028 90.917123686585 236.19921722345 -144.6245350054 -9.4252497585946 128.27283505553 -45.013424413959 -55.759188804696 91.730761451567 213.22194493194 83.589259221136 153.05020395931 
-61.769389770005 50.355146022839 -66.789544866283 25.185096064116 229.53115297406 -175.79571187761 -60.682943605306 200.45169443653 -153.48026696932 -179.80499056536 75.213132594157 -70.010398916904 -152.02634555525 -6.0126416172265 21.745051516471 56.327364531192 
84.449455334167 6.9284885947688 39.673864242278 44.51895389101 -46.61847507633 19.643546434455 -122.31423290434 120.33134410031 -156.96569249271 64.006539334403 -56.438451700913 67.656868424898 98.149008217229 21.820505946093 37.960561421617 123.86898189327 
-20.867543014761 199.18842741115 55.338982542231 104.88616934435 197.5997451254 -119.67830026432 51.339438351409 53.022679463457 -67.377883279272 -44.482460151634 47.213685288064 146.58570703376 8.7683631651669 86.618005599944 -15.137920988913 -126.05464678756 
87.056553687271 -9.4538868086513 -235.65628748586 -115.42603076818 202.41634814757 -43.001905891516 50.266298884268 -7.1969114732724 67.479666884157 63.823129376465 -82.271254016856 -170.16436224015 -20.818347819573 -99.023453448202 -58.75158706065 138.78203339213 
188.82645507913 -70.832089032046 180.76572339139 -276.60183335262 -181.2655572195 181.60765928053 -157.30704911675 -140.53634967538 52.556486260895 151.91877534305 -20.788654056731 102.28087502759 185.17628700922 -201.91123548055 -45.481949704509 -73.653752870496 
197.06165004739 -205.79124178933 -179.14366706382 -65.246452143402 89.215778604959 102.85989922213 -32.554118537627 -171.30048106794 163.17814197979 419.50043412024 38.796097646165 -193.23432838406 236.80046359398 -44.71909773956 260.4070311717 191.07919862943 
-33.574758388727 343.18103231824 -140.21986583072 108.1409861048 9.5239943428614 -90.401243560529 130.38202267037 103.35841655703 -66.362274693208 28.982205587184 -40.910329114287 166.30094675248 -19.504423344305 14.408051026884 -44.497675731175 -289.6199361425 
-133.27901522465 120.43434712147 -13.948780825561 34.803633876562 33.848232786267 9.3419896231459 -134.8616391495 172.11217862963 -90.835511444562 -368.08814661478 -91.448025360849 -27.470846351019 90.952657514175 -153.78623531668 -173.37245534791 -73.094228984116 
-88.274770957531 -69.323574202423 210.37115439216 9.436250327407 -161.96658303515 -62.598806109498 -147.26205136906 57.073454899686 -72.206041363062 29.938930118104 18.360251884064 146.12745065365 -118.16666163414 -14.734337639648 14.756063964418 -30.779425352942 
