10 10
-2379.7311096093 3933.1549236944 6208.7935484916 -9263.3324439613 8567.478317876 3195.8765367216 -4788.9233652753 -195.76796743803 13137.948476717 12597.015372516 
2644.8548981389 25357.187274202 3058.8113412831 4834.1476403084 6560.9282582149 5007.8742686493 -11097.088397498 1904.641684732 6965.7322379954 17047.550300071 
5460.2500682535 -7744.940809006 2068.4924234589 -6611.2489330265 -7841.295226586 -3707.8887121995 5773.8161711143 -7418.2753623106 -8636.5873430557 -11371.999945614 
2291.8042064115 18244.559303594 -16918.114504665 -18745.479156079 9475.370278727 -6967.0011375279 2831.5590885706 857.55767172719 -2043.7081753536 6161.4590813239 
11357.894246397 8859.6004546429 5779.1154426235 5847.0348902826 -8277.0931201081 15768.1157745 15548.401461976 2663.1008396101 -4833.0435785018 -2895.9031963052 
-14923.851647194 -9016.4557345419 -8196.8880761311 5952.0595947799 14305.725844931 -13917.751238309 -11535.058080882 -7133.3588147362 11523.561381362 8124.2868135155 
4681.0483295542 13037.289417138 9501.4861654662 -9695.5940337535 -4830.3141795979 8479.9701225529 520.47940571954 16316.702943821 -12102.647417055 -9065.7408455558 
-6136.5834780414 8418.4302077279 -6208.1211764904 -8124.7177868006 -3479.7305872064 -2893.5650994133 5801.5995183955 -3555.7103233981 -8874.3737809649 -15063.745232582 
-142.8855469699 4000.3756217575 -14019.361446641 4922.3493729776 19771.043171269 -14035.517039332 -3496.0836541333 -9922.0993886686 2099.4897854579 17064.392501978 
-13726.57877027 -11490.079005584 -23070.029475706 -3274.5087449438 15980.298810104 -29049.585010044 -13805.430086763 -14554.899492055 -5889.5390104752 4597.953829842 
