16 16
100644.04044113 2786866.2107229 432673.78508761 -992837.81828751 -98541.75336371 911047.37294541 -147264.94996165 2346809.1633973 1150175.4373978 -102894.12671496 -413766.63665743 788041.55994723 981367.4275413 -2387538.4555268 442988.57552717 -544691.65356049 
895999.94853668 -721190.63933847 -707113.54201401 1736072.1498044 -371238.97547624 -3093469.1741169 999506.21421393 -650563.6443874 -1732096.5909069 660886.15123161 721157.99944227 -193911.18324087 -667635.22300422 1428255.6311657 -1809552.4560265 -1662611.6163846 
-106141.23507265 1305996.3005933 -1553922.3409853 949753.22081067 644717.94386183 61347.191100354 562051.5324421 -479270.4102701 233820.51869031 569070.39712223 -392028.45569152 -1256244.0982247 -1432885.3955882 380501.75122876 560530.41049528 -430275.81476705 
-1319245.8782066 1937077.7312046 -1810506.377624 -339496.32951236 -782155.08758987 -1111004.2652013 2017510.3641713 936999.87316269 879956.87777444 -2118131.6244633 -550855.96721134 1865231.9750665 -1054741.5368681 -107592.25420969 -3143476.0191548 352531.46638978 
-1483822.6224242 1729848.8000308 -474676.99308619 -934400.43797931 471430.57301429 -201856.62234651 1895815.757706 2017903.0001387 1523873.2407989 565840.50473952 -1586674.2390017 1453272.1180071 266783.06496452 -1698659.5471966 -1290387.1433933 -2106275.0169001 
169979.85855284 -277048.18421608 -932733.76628556 342064.80720728 -2289356.8870428 -976660.04568765 1214687.117118 -312131.95309846 90608.957717921 -857272.96859909 -590442.73967745 -1284457.1671595 -621312.67374793 1272167.9576161 -725145.72201628 475420.47627797 
2827131.3853549 -555587.60962836 651854.33110151 405487.67871604 212568.76287194 857736.59784687 420666.59908629 119580.36546569 -283721.93124663 399954.19568166 -1478336.6762799 69182.732446641 -261500.13806851 -1342243.7231368 1392939.5952361 644054.24566144 
-2628367.7138622 1244023.2567776 -1113132.8601223 1645034.539608 1153330.8180672 -1089263.2481472 2318252.4015757 1450684.995795 1112006.2325346 -272011.75776596 -1109680.6361152 2612620.0749501 -2870283.3274972 -1519110.3766897 -1332441.1502057 557131.12695601 
833734.14130558 -845589.66854762 362745.75501258 -1278914.5069452 -250694.0753906 710411.35463585 -1526875.9564587 -1384634.6696565 496031.45447582 -1060276.5167661 -966131.6857945 441609.73927555 1963913.0280836 2788672.9234109 -1436804.0224959 393229.15197707 
-187243.15803458 -1571977.6688498 -1128959.6905209 923312.98442472 1109984.4253262 1919591.3924715 -59885.911305414 -641392.23324594 1475319.1854265 1420633.2168792 414256.94209972 2455548.8909091 -115805.20908523 436196.14922922 -1575902.7424626 -230850.52534475 
806314.60113792 495917.54954425 -1559070.738845 898434.97579443 701157.09889107 -863375.18746217 1262224.7750107 -1138352.583243 -1384392.2988003 1528247.6383179 1124112.2608884 -1379435.9418557 -1808244.4974654 1673233.3146423 158079.45522803 -1021156.2312955 
-1779427.0829258 -1036339.2839705 -896325.26380341 88329.566559785 1979073.4224079 907964.61685516 1962745.1771421 -1254002.9266106 2434295.7460564 -344805.88541242 -1983950.7123149 320660.3669639 2649634.4337392 -646554.30467969 -1559049.1702856 306022.94943492 
340925.95183311 -718232.98036652 1513784.9825971 2108147.8163869 -1029077.1095648 -92096.232929781 -1638364.2666138 -772631.33730996 1171909.9565799 -1035910.7494117 -1358361.8938877 2074304.2448725 151807.52479063 -1550407.6858183 -61399.497185774 650186.46315893 
-499961.16344314 -1049355.0786075 477197.88692368 1064073.2967707 -1817699.7720937 111781.61258284 -450011.43677737 1780428.7083343 1033520.7885564 1454054.2623085 -1136670.4085195 1803040.6703916 -962377.98769002 -2095435.9379246 65930.212458782 -610769.83229278 
-746602.80615579 -1190383.938725 -1271236.7761944 -519791.46977866 2566314.0442408 1497246.4452557 -1571804.5334756 -1295702.6794728 104269.35803148 135404.55056119 321554.9247422 -688445.48776865 54617.269791501 1008823.9623691 -23240.711057644 -591863.86511416 
395347.43994598 -2418522.6029415 12633.449486808 444879.9694288 -87493.708143107 1982795.396284 2345634.7531474 -268992.23163912 1293102.7091399 693200.1121147 432768.72857145 -1423755.9520588 840111.03009734 218098.40766645 1157891.8600044 1076309.6217956 
