16 16
-19625746.432557 -86951999.034627 13291368.186515 169507943.76283 26302911.506049 -256229349.94265 -64895137.2733 -202909472.3341 143514218.74736 273133138.41317 -69818265.043798 69634425.942906 -83991120.685534 37311081.169642 94779951.757588 144232863.46945 
305688646.16832 203118477.48662 -36083356.085077 -193213653.10563 34147797.395218 9941732.5531596 258220690.06617 135088109.79517 -75322395.007718 83929616.689366 273131755.35396 -141421128.35953 28911525.909313 103537461.25908 46968723.816858 12705094.181822 
-13222373.488083 -26515251.108604 -77466626.906374 43908701.46232 -4842779.5723124 -117187026.46821 147090973.7818 159167220.86408 -56394895.39848 -1246199.6096787 68368620.066909 -243822958.63632 11743501.130838 1860423.4485669 -240489173.00124 -51003095.513363 
162962594.25327 9524215.2622104 18386693.991327 -2854707.779961 -2897457.3752905 -156649047.40539 22627171.514745 136110742.4664 22447497.935355 83299570.911557 202466440.96121 -117215800.31752 86972600.841421 -56156903.560772 45569752.303213 -52920095.512285 
90399305.328605 81839798.59727 -69844719.018981 58149148.873672 -79835052.50903 -16723248.689554 99785716.445665 63482705.06563 36077025.334412 179366801.12397 251244146.30985 -176704682.06209 -37338929.900545 -12620393.047407 174092904.75382 37665296.137405 
166209626.09964 -224858292.75313 -204640626.86187 58944516.156647 196250518.19737 -232014096.5765 -188184632.79646 32073378.953604 -32024036.195153 -102942248.42799 132122359.86676 -229936849.80363 164478018.31726 61854681.112017 59105670.496798 -39852744.055618 
170160830.83055 -3637128.7115538 -223239938.23637 51751749.640167 193604409.491 -71403383.338439 -39608212.675365 50216897.262743 -32289357.33028 21705770.856809 319559290.76218 41285449.197463 179763095.77149 6570831.9050569 197740448.35218 100697676.67756 
194579948.86184 -90997117.796511 118638517.94643 -89824628.530166 -19439875.013433 100513459.38586 -26599606.105717 131946836.68046 175931297.31181 3651524.3517924 186115582.36323 -14126443.823716 61136619.580943 -55782529.954377 119100560.05553 30300240.723291 
-54356071.930002 -113398433.72941 -8361166.9207953 85711411.584096 94161744.588572 -117823530.68904 -127057883.3344 -240440547.95136 192950731.70356 164772999.88034 -70083643.324447 87071668.079907 -97335128.546187 63298109.34855 115444413.23879 105855002.4374 
-32376337.520371 -87367444.482706 -100874326.767 91102252.922234 -10382300.594647 -66200065.82576 -488216.22315423 60307665.896112 -14886486.457197 -73401402.097767 57072635.655658 -101587960.09318 217204011.53675 3628715.7554925 27953976.313239 38141687.181054 
237014560.02124 -250969103.28649 146295833.36288 -72240231.305156 136275790.61407 -68371791.22206 -114590088.32137 35243166.08084 220878304.98111 -24711750.186353 24334402.962321 -225491148.19311 -27160218.071811 5134036.2129687 101461644.56579 63609861.261467 
152268965.58972 -54332517.949188 -15797867.566121 4815565.7622325 76598069.529576 -431730840.49498 -16801376.851678 12009078.974331 -133010991.32341 167106968.34974 110395694.47282 -186468454.79495 76944152.437789 -67506706.589585 -67792097.073143 -68337787.993773 
210259461.62939 -79238277.216468 -124831368.55382 45953684.013976 144851668.29267 -291386246.92684 -169783640.98651 -63972734.636952 -11748149.500863 36026243.64806 79966142.313244 115132429.3205 159663073.53589 46650595.286694 -67605055.189208 3036110.5066931 
251046596.44124 42839128.395406 -37265256.33767 -203766957.66261 182890329.20727 135718257.87967 45834613.003045 -87433757.138062 -99725014.56854 -54192412.853051 135829240.6885 -52471540.011975 58173020.323284 4272309.3258071 -15288568.529408 42550393.668303 
169821880.42605 -106910473.98971 -71712631.829167 6877455.8966769 -6260321.5795861 -13627341.48023 41650412.159445 160265424.79517 -199664581.92429 13750003.732807 3006276.1621037 -58202840.968853 125181282.28516 46339433.202622 -27014960.293648 102715851.22311 
-15645570.198054 69932114.687986 -63301431.005378 145764820.12829 -59704405.944195 -64115348.930055 121107287.97098 53815393.400825 -11959596.938326 260861288.87811 169892163.45049 -35789034.828889 -69129448.029329 35746552.614535 -112864081.5226 -139385631.86275 
