10 10
-482133.57516073 -1388692.7843406 64293.415993879 1083677.5680324 178491.91690155 -44843.705618504 84399.84842105 998227.64044099 -84574.771055279 -785291.10738329 
-644197.807587 770364.62684747 -716228.14105413 589361.6286221 -1048123.5821199 33227.931550403 49081.420683126 284786.15165277 -1254432.5677033 -492614.57803513 
154399.15887423 54533.642560493 728402.27510559 -924363.34328973 -415625.09704939 -159989.73589277 -414976.83587339 -140505.9470868 -23904.149780649 88689.151880696 
423731.42583346 560579.91296832 1867525.5019744 -1735605.9566151 3048028.0346839 1540600.0352119 -46968.999009654 -322311.30692719 -365213.40089282 -239791.20491491 
-144460.00177103 -2579839.4826544 -300151.93896999 510935.55062835 -1603331.6621501 -710772.88850931 835056.36731877 -461335.41369057 -299035.61577477 -647732.7224898 
895557.77924447 -51603.474632611 -43461.119198486 1091529.4978621 -145153.79266535 -752847.33692539 42346.109703768 -2093921.5443205 -659421.16308707 558686.27892596 
111621.15911839 -1382524.7337876 456165.74239297 120168.91559569 -1331455.7736272 -851206.61903744 259584.86078524 -912066.41185556 -713911.10457922 340515.76169157 
-67294.104228952 -283781.28603162 -55680.357701286 -581580.93459894 -700393.29742539 -99668.676984622 -88362.410553514 852074.95860772 824599.87684598 -108063.73077861 
896587.81626003 -968527.12755192 4152.7615707346 -1011618.1290107 -1080817.911739 -643325.70694655 -599976.4162555 552367.67540601 1625120.3377845 716671.13732306 
-205071.96950867 1486582.403803 -2282918.3491478 1689195.3820291 -1266778.566395 44842.782429924 -430779.83667813 1405451.9299756 806192.99105497 1110869.4195963 
