10 10
-58.444427627231 -66.860790600325 72.057202190379 28.562182065557 -112.71837869576 65.928596584151 -39.920119837956 -124.79954333557 -102.21185342734 -46.386268525393 
-31.751820171326 120.82268492853 -12.106309211963 43.526373051033 44.704805683919 -11.259712921817 36.923604146143 -196.08293611241 34.622609447783 -71.000835063071 
27.459459051686 181.94551589395 8.1694629391183 128.67789488467 24.316012046421 -112.48185539792 -204.78630783121 -42.393145111155 137.39476045672 -155.58785133387 
95.469366731704 -78.900526723761 50.147476746864 69.523359282772 -30.727246168418 71.200037329494 -278.80088151442 -13.876966325421 -20.391386962266 31.339917413346 
-64.25156514776 62.824412698634 45.131909691832 72.824322702137 -85.343602008412 33.159562956262 -205.48540191064 -236.64102984799 -111.26724579823 -76.45088092092 
-79.02922430249 -205.46787151832 -65.971201200982 74.13897682469 -80.671663655887 124.40316137884 30.986653152373 28.673461306646 -50.744214091784 60.877579196612 
191.92109184275 -56.554832584278 93.990679720477 -18.169327813516 83.297428066731 47.981284069297 132.70004771851 122.80859387052 -134.07237270014 -38.113268568636 
-177.11436862947 30.63384995923 -107.08716434607 -170.96938429698 -194.64236488846 30.59304637267 39.663122008371 -77.451099321733 -71.906520526429 80.104029800252 
-62.706574481802 164.99136002525 -28.962201356654 -10.709662159115 71.933907918664 -60.515226639901 70.718359436166 -302.00739509477 249.80735692731 -60.888628831306 
99.420078138118 -51.878791891643 55.450265317603 71.55427533871 -124.72395333572 142.48531035652 -341.71749002959 -63.666363401074 -292.20463197516 -34.554936398098 
