16 16
-109035578.41064 29705287.636743 -202284875.28797 30241167.903851 -21672305.350299 -49509792.804413 62006650.216019 12678596.325258 -160184851.26992 -179953666.98904 -50966160.383862 -37786666.13585 -114695109.89227 15625085.547128 30954635.953 -26174084.679988 
107202911.33796 167246262.08939 49689184.157674 106522533.66319 -64407588.328826 88001450.871377 -15146835.031112 77383361.160756 208896944.7658 -3109361.6178819 126337988.74688 164153713.92747 -187565410.93141 -164439644.75589 16288165.561639 37463945.362158 
-207817561.84825 109457929.87316 -42248196.857203 -120177509.84699 -116824353.4972 -141042367.5256 58219588.700667 -115864961.30579 -224012784.13478 53811943.56063 -274495825.61685 -6543350.8331115 -149247905.56878 105857197.62704 217853721.28333 33425739.238983 
-69285998.924871 -89201537.509921 112502165.98784 -112888823.35303 185290755.56788 -44302926.124472 34236925.532527 -174562876.89715 36266419.106258 108689369.22199 118076328.5163 -188601024.8635 107492100.16286 78383217.351513 -128149098.3209 -42487184.337129 
89112855.097891 1595775.2585783 78265827.633201 -13353260.733544 -108204855.22485 237007783.91427 29917696.986993 119372844.27063 62979982.274208 123086891.12572 -29423111.707033 125713086.26973 -123086747.69196 -169851077.73161 169438790.82716 194863829.45796 
85630634.307568 76534615.587627 -180770493.58892 91757430.148548 155552297.40289 166574609.05939 30109314.252101 128623097.06127 101673887.72979 -104889280.62779 217379181.85396 2338484.1279333 -309144239.56792 101884284.91783 123349547.8035 110866774.63787 
34715190.297674 -34737473.905694 -209112938.42949 69848941.223821 -5895720.0827324 -147429825.57136 -119913538.82358 6131466.2900143 -159449412.26686 -63489587.556615 149344833.69458 33669342.210019 -13721379.861045 121670131.98768 -134090305.70896 13385753.908164 
-66084425.655324 160752003.76484 -10367103.921102 -138916750.43609 -51869266.239308 17162618.621558 143087475.54973 90881898.096226 257624813.73514 82849122.322491 154013560.47182 -174193926.2276 -132359863.82459 -10639504.712912 190999889.98929 -262378136.70555 
44653717.895709 -5389668.7929242 168612381.93856 -130737042.40944 134825131.35961 -59535309.832644 122699830.99173 61919378.519582 109994099.86986 -38936131.573103 -36362753.148348 68691374.710082 -169947121.72606 -2267656.5376579 87524416.678811 163369227.11143 
155085667.72793 41228897.013407 9939755.7851836 -204051257.53689 -96607654.494035 -160164110.00882 -143901771.06231 69950116.198357 -96687090.049995 119226006.58624 129276163.55361 36706296.809751 17646032.283612 -68927387.654135 -345563619.05536 -64779033.818711 
37645622.31007 100287771.43183 -175516251.19181 57940466.32157 -72081018.492205 64666604.426322 -54900492.85413 69480671.00266 70338612.631122 13733587.258392 158271317.45006 -33912744.661401 -125067324.99085 -20101581.744977 118068208.84129 -145336763.01066 
-32955629.737347 -43286950.66571 196191827.64854 -71572505.011381 235557822.06874 -21999971.285207 207116722.24323 77588396.326135 208616850.83621 -128129932.15116 -79760936.748576 -92048855.557964 4801286.0297838 42124061.487245 62905756.669382 29833580.887825 
124641593.05924 120390077.41609 -31731548.238111 141611084.48377 2650253.3352444 208899725.65016 99515985.830596 177262994.24308 200746458.55919 184765209.65825 -28860889.997109 9791192.8269903 -113187246.1536 219458200.0583 175465524.48001 245811784.70019 
135018192.91969 12515437.756136 30932627.087562 135868182.6923 -17170359.928943 259711151.22813 11305944.335749 124422554.66172 145662635.56001 48204047.292892 201848371.6793 3609699.9086236 -73856311.237525 126138655.4543 33397178.049531 107747494.45579 
170799235.08079 -152887627.66347 -469101.30130989 -43737608.871388 -39231049.809468 -30624862.924529 49249024.022613 80837878.795492 -21717267.734932 2847885.8570835 99426456.686776 52409515.569781 63904541.855521 -22680769.313219 -73718819.915563 60304581.083738 
-6304457.0003716 -89966178.740764 5344616.9737906 -79778858.546355 107278798.7521 -97532493.049873 -41079505.173536 -118068409.44183 166133134.4918 -239344869.94427 230378756.00474 96428056.592164 -34143871.687777 -170473777.33077 55248696.517218 -210083466.12239 
