10 10
-699120.00764775 784937.05277373 -257802.06161614 698298.36359812 505053.37194068 1188561.4124385 -1431727.0531768 972804.10080393 941283.50818965 -509682.73099884 
-289918.97096604 -1670259.636912 -225592.43498347 -185754.23588681 -40037.36978692 362899.09226329 404128.28790306 1460939.4043421 483928.65831543 -554643.38472193 
861569.2289687 -1832125.2284553 557038.0801089 179278.82331938 -60647.196476631 1402165.655812 186379.07674903 -640043.36821171 580652.80247949 -1053390.4036616 
-274568.60993725 582139.83028021 -492325.20629338 465220.4653937 -227238.18199114 150374.43770926 -1282275.6388639 849937.87223744 794260.41017738 437261.32717431 
795867.9093494 -807596.99743366 488605.010404 -1526758.0745021 -1153097.50905 -1019125.4588541 1444679.8279219 -932799.42382329 -2418733.9053611 202874.15383275 
118000.9806958 90341.981039585 -976562.0759197 275103.78918206 1037207.5889668 219267.94889854 -1574750.2445655 -368873.18474178 1514135.0946714 1052990.5355835 
-107890.88835721 1501849.5452728 -704775.50699436 -511158.99998907 -1093962.8758792 -758126.66273429 533668.45084905 777750.79795348 861063.20478576 783492.59164443 
285624.68021489 -285698.53231403 -1018599.6420067 -90770.616573339 1339612.1258185 394080.708338 -2812410.4666319 122336.49092439 1123892.1767046 808216.70273706 
-430988.38584083 391718.48082137 -134052.21421716 628188.102083 608962.23037435 1086489.6034314 -1392104.2569822 35081.956246558 935194.86734591 -22070.651600887 
-914428.61535244 2712640.7885804 483982.12129347 1067058.8867615 478056.05881304 -663479.9943852 -1082762.3462558 1273520.5745516 838414.67425761 -140643.76358128 
