16 16
8187.522323265 12976.992522891 -21223.538953181 -18717.213596242 4965.7781935976 -3409.5476842567 -2299.645184479 -7597.6097313612 -32431.999266149 30394.752634831 -9839.3188386816 -13983.373527963 4136.9442237411 -1625.8238561045 22121.204691729 -28686.873648565 
-26522.417174061 -5356.0707415417 2774.4432707077 3131.13297088 -5582.6867597728 -2679.8597686685 923.36040141271 12321.193511053 15674.786591554 -18261.798308907 -1938.1381613438 6090.29652736 -16267.789105897 -6686.2550992943 -13259.821079357 16891.558221137 
6881.8143976829 16874.283209181 19772.701689221 2983.3670345993 -14545.087683463 16734.414116425 16787.908719996 -8064.0399262754 12322.088591272 -21433.431703208 -11010.764540106 -19515.394737153 11834.917737098 -11733.514577208 -10474.109782212 7417.4321922215 
13628.608561339 -6305.5206173599 -16484.596637111 1990.7445086956 -8648.9381829872 5363.891959228 -20537.729831165 20219.869522728 8254.4009261553 16958.250664287 15052.26032854 1186.9933262554 5291.4945372297 5119.4026055446 20014.302406372 -15970.230407132 
19249.040868745 6522.785454483 -12468.143830537 -14080.190510512 22687.833517473 -5862.9246334781 6317.4444649197 15167.82143632 -56.43156015475 1876.3908646179 10962.461515226 14972.410965933 -5941.2103955444 -2779.508933541 12738.652988107 -10803.968802453 
-9850.0953071614 -21290.860757844 13911.6799146 16537.694306039 -23663.85169879 24595.211191121 -12897.362380361 -3769.2742843139 22491.916746935 -28786.973823383 6589.1660747327 5720.2493729682 10470.775676306 11331.307654421 -5181.715635869 6355.798222247 
1886.0749787216 -20796.710457041 -777.81627545857 -21295.291602628 20196.629128713 5970.2195367549 -10214.751049088 30479.032555818 863.76057749365 -1717.9448893505 28386.664945786 10710.790570535 -4466.4623427779 -27242.385111557 -3594.3436622697 -22420.769725154 
-13577.119610205 -6703.3475897034 -9718.8737093596 -4634.5093877304 1279.5169738342 -6146.0165802541 9900.6026586838 -11363.642228497 8948.8767589289 8616.3078486366 8885.1736406972 785.52959620696 -12476.463074444 -3024.964422026 -21507.690670617 18314.196578493 
3824.0568635154 12274.428779969 -4800.6710926287 -5592.0730563375 -15717.91186688 5097.0453774279 -28755.754469491 -10811.445358147 3246.7900495394 -5065.9907250526 918.73217936984 -2779.076676139 16587.924500801 17848.682137651 9774.7817194803 1861.612596811 
5426.3337768666 2990.0161578496 27401.116249409 1568.3758346818 -21943.015592378 14956.422076514 1247.3311769005 -27872.917507596 3596.2706591545 -23431.933940479 -8245.4764616087 -7149.0339702805 25141.853881982 16171.532415427 -3968.9834139098 3150.6852855625 
-44792.805051584 -17084.692513737 14703.532102504 -10640.223937638 11972.799066263 -30105.532868262 -2406.5444457937 -3864.6237245088 4416.1541829856 -21810.108014357 6807.3831935253 16799.319441994 -16598.190830245 4317.1862851304 -20318.123841717 11667.162374338 
1886.9697278718 -10164.524615071 -6012.0439603057 16560.834606518 10599.719184908 13587.440645896 7754.5912714356 -4772.9892243645 21805.380250134 2893.2483952276 18945.123621912 6993.7447596585 -4557.1675890104 -15584.572114308 -35271.268996591 20885.495950136 
-15303.808177847 11405.079513969 20117.501371295 9519.4635620044 -5173.2986472775 -9062.4302841616 17111.881692952 -20213.10166515 22581.360042882 -6441.0545298238 -17619.422064829 8889.7059891033 14294.310854989 29056.705910973 -18370.493956376 23145.889787466 
30753.082623964 10757.937010298 26203.860751212 109.18705157445 9997.0380296482 -4184.9523445304 -768.10050058297 -2947.9358070331 -16978.834665874 -461.75128215901 233.80744811801 -19050.013703162 12777.19322308 -10587.193765245 -18.539835447795 -16822.045557721 
-11040.067410638 311.72766524274 13062.415315229 2863.0424831025 2783.786970491 -10257.736752902 24963.882293855 -1948.3688518893 -913.40192313777 -10590.124370682 -8145.5194799847 15030.785896113 8901.0827307094 8590.3003475508 -11691.390788009 8560.6135480815 
355.68934857222 15679.698609925 19027.487765398 -8760.4449455622 -12015.78467308 -3861.0245171948 11885.180947828 -24094.793307232 -10306.000289756 2790.2043870749 -18122.805785504 -19186.527448572 8935.3162389972 6311.4818818055 -4619.2269269174 -4730.9864635526 
