10 10
4506.6961217707 -3792.3049330488 -2107.1078560792 464.55748739658 -7520.8419771964 -11422.261768385 4893.8263108641 -1307.6344496134 -19011.41150467 4906.3492798752 
-10993.697135989 -2314.9983445335 -13919.99474526 21912.403962882 12300.480106423 9158.3780544543 -8307.1248919383 -14369.913477984 -10297.916915649 -1805.8579390859 
-27883.993323216 -2096.4879028087 15387.337338767 12833.873014229 11387.397387022 -3967.1467785684 20981.679134971 -5143.9141903572 -19084.478915782 -15794.913362715 
2455.2212353839 -1066.4140142854 5372.2369907743 -239.82928158977 883.45741448419 18595.75496015 -3268.4893653549 -7106.444207689 5196.8142616017 2298.0499602386 
-712.23826115765 -6882.2374499211 -673.30200677257 19584.783665191 -3735.2152955934 798.87193499204 -1189.5891162084 -73.541349682754 -17085.111886324 3204.8966089548 
-9054.9667984665 -756.75170132794 11824.307803172 11619.261783423 3879.6314100781 5850.2174705052 6511.6341218313 -1459.5813311918 11915.802789465 -9818.4162831506 
619.23687453532 -5673.4531990389 21239.180561497 -7571.763872785 -3989.7253634082 3036.0463414645 19595.766589439 -1801.9672197012 -7607.6814962182 -8593.0432045507 
9693.2956469719 -10108.279620198 3460.2674929666 -5940.2196464062 14232.801317996 -9480.9986004519 13021.089092671 6654.3389291787 -3110.5577106237 -29994.708028732 
5339.4339640151 9868.1554869136 -6170.369240209 -4830.663724861 17744.227890746 6915.4375831955 -3917.2383783998 11117.273521694 -721.17291494446 -5882.5793291027 
-15157.46729692 -834.73569301458 6323.4888085057 15932.617184493 -9778.2026974084 9110.7602668052 -1519.6555921264 -9640.5522940561 -6856.9213617708 14269.217107143 
