16 16
0.31528959274761 0.68723143329279 -1.1584711536803 -0.4365802588979 -0.056014046527362 -1.0925919846862 -1.46815383496 0.15415486920436 0.50932597541966 0.52058303767826 -1.1021993559343 -0.19867299460886 0.087407962130449 3.4166681701165 -2.4125666678842 2.4167895025801 
-1.2890823323979 -0.67779640188116 1.611464742202 0.58276871214841 3.4368645268298 2.0561383569807 -1.3914317202194 -0.15833326469106 -0.021050405608293 -0.1741799172879 -0.70455646872146 1.0320649736618 -0.43064833704049 -0.50831321841419 2.1068945367531 -2.6226588808172 
-1.1025531985944 1.8401783853098 2.1483451701593 3.6487191712328 2.5529365122956 2.2513613861219 1.7374566289608 -0.28390146289155 0.68798259911321 0.59463407257932 0.23050417072079 -1.3044916965874 1.0347059924361 -1.0741004035616 -0.92116620340202 -1.8616151536102 
0.45608983063446 0.41299613415865 -0.44081568451548 2.3826012782266 1.0022594234537 1.7729656819613 0.24287343342925 1.7168243673949 1.6275550971654 1.0197100133249 -0.11583159051842 0.39138374592107 1.1753365225687 0.81227107914873 1.2545824262779 1.1744836925117 
-3.8243483757118 -1.3216864852337 0.97947391078137 -0.67545044865234 1.7931057875397 -0.83635751708351 0.19252866028266 1.2340807095777 0.8739335282822 -1.526344256765 0.87656288632687 0.66598265694926 -1.1871343777341 -0.38562404885162 0.80838218925695 1.6485480315705 
0.5569803041979 2.5532538686724 -2.2340490733661 0.38566839284259 -1.1078262757155 0.85093776208102 0.69139150544646 0.9190779773185 2.5923473797223 0.49095668751068 0.97212199017323 1.1599708521266 1.8655290767494 2.6921991377308 0.0089252426007322 2.0438726658242 
2.7411417630692 -0.12120596188407 0.91624188075055 1.3288214881919 -0.40144855296394 -0.17537960140653 -1.4288816553961 1.9308653019595 -0.70002104241091 2.7217518270126 0.4579588629789 -0.76267612450195 0.86297526652188 -1.6461602262867 2.2236201390884 2.5260076121418 
-1.2412182000001 -0.3398097002975 0.82807366572504 0.90326879550826 1.219207357754 1.0123615313827 0.43585281801981 1.2389342003497 0.47241037563364 -0.17851440188761 -2.0565437989408 2.6440718755522 1.5591190511521 0.31076397027088 0.4062069418101 0.10000264552155 
1.8591971856959 0.30558946212624 -0.76467072167307 -0.74911937605282 -1.6784418269589 -0.62373970870729 -1.0589764545107 0.95440866580494 0.64854214587862 0.2103735602158 1.7983735292516 0.62773367213226 0.073217345761761 -0.95741571013004 2.265303445892 1.1608945821294 
0.31611421615407 0.45288142703068 -1.1225608583985 0.0022447766111969 0.63007739548138 1.6050269548867 -0.36455609178469 0.17765429595007 -0.18013460417853 0.44189956902847 -0.20385819436947 -0.31369858130323 0.84944331345066 2.3703919570202 1.4103164442618 -0.20176421606423 
-0.16964035103031 -0.022141474239247 0.24940124719199 -1.1988771329484 -1.0422560743982 0.32729131247242 -2.4042947906845 -0.97698539773001 -0.95586182216729 0.57696940287276 -0.0564960408755 -0.80145184191074 -0.57527994891929 1.3133980798414 1.6135379272888 -0.37041978863955 
1.4557354567969 -1.643495928258 0.99101307683124 2.1727673645375 -2.3984557370732 -0.47858151241085 0.13580222985048 1.4685915440278 -0.96591719403434 1.3491495669912 -3.5917701237638 -0.36132916632268 1.7893544304099 -0.57487669030525 0.19063063163062 0.52125470281226 
1.2386811433937 1.3591498689156 -1.6973865561893 -1.0682491588179 -1.7872420260022 -1.6037709925225 0.22995033627676 0.38388884898592 0.57821642731813 0.2920507754742 0.56951447423838 -0.15724121921607 0.70324140682392 0.88896465447508 -0.68972232134627 1.3230734569608 
0.99404525488462 2.0165551549538 1.4853940049272 0.0041604233027331 -1.2303803839308 0.50582997888822 -3.1800193423874 -0.7093682853498 -1.5218410234433 1.6555957864287 0.83135741397335 -2.9024036651765 0.57953561696585 1.0568799460349 -0.57359931143482 0.55177607057935 
0.69451168959258 0.66778058358606 1.7750526001971 1.6246738568312 1.7466654699116 0.71527830192277 0.43657391638351 0.48461006150995 0.5305739390216 0.52871670166478 0.78399643181818 -0.0088108933057113 0.86149728782004 -1.145153772567 0.46384554122166 0.19093072877382 
2.0683663033973 0.75649036676783 -0.57021686730675 2.3798663245046 -1.3188514321201 0.64355519974422 2.713480770379 -0.52169146960198 0.48021156920727 0.020433236886327 -0.92506401777699 -0.0056936204731336 1.0876170149062 -0.98659182963638 -1.4737099859976 -1.0018377455059 
