16 16
-884410.76461559 -3262172.1285729 1309265.1833593 -883773.41695079 -1758655.4608146 -1904190.2798583 -1560581.4672194 258400.90351963 -1545644.9022273 1355664.073669 333710.02512899 948721.37555326 932116.54187552 -141293.23627459 1860739.3543333 -2146599.1742666 
262910.78948117 729678.25109904 -1641299.8953512 -119411.44704156 19012.708674605 -555316.8770187 -1010246.5193475 343071.62016095 986495.48368755 239521.09091112 457232.17174328 862244.04839888 367301.42005105 -229903.46710587 -734533.26123376 -1394800.8812231 
1250275.428132 -2099432.6770855 2398927.2368295 278481.0314468 -11161.593525361 -1776699.7349918 592875.28709739 -730860.21701632 -207850.29310978 887549.46197141 -938423.32087545 725569.89164431 -1013642.1302769 368.17668653722 1638661.3778951 1506175.2322843 
-2428087.7667233 -1184205.454739 1782760.7481734 -856746.15510383 -777107.73331779 960029.54616672 976042.82305531 -2075238.8410931 171210.45615492 -636510.61395312 -1686680.256011 1425882.651888 -1107488.5734503 -454596.26345495 -2256723.8292644 -521124.81505662 
201257.23465717 594682.45273392 -2247031.7582521 1933663.0869983 1614473.6013485 2920518.576727 -934259.38295188 -126158.99612546 598307.5551821 -1003046.3394521 -2596206.427481 -640966.81141058 -241092.87663954 -356629.69303055 -549546.35870297 -1695857.2878772 
-468123.045366 2663949.367402 1491977.3236855 1932817.7963511 120663.5841418 1100280.2049768 3108354.2586059 782247.04178102 1362070.970734 -2625150.8804462 -642266.18822917 -1634175.8925915 140687.65586978 900841.32048514 -2069866.3467741 194589.74489264 
-1078343.4144425 1837387.7003426 -1030368.3842206 -2115052.4943995 -1010352.260981 -2987073.0333786 2500494.9950935 -547349.38288636 -202920.00126898 -177721.57040306 -622994.20193949 1738504.4551851 -1159948.7088479 1272249.4486602 -535984.2092416 416157.16172949 
567354.35868151 3055519.9784403 552878.03743104 836754.28743891 595888.3390974 898229.8690875 1950519.4306704 185708.67958784 1270011.652878 -1396460.2447497 734656.86854881 -1396246.8795828 1842493.6878095 -647415.20242513 -2252395.1175966 -682285.14585799 
-259246.27592298 2457402.8608901 1405152.7595843 6240.1802492849 -1161.5179946852 -625761.68990806 -1418803.6482097 1307507.1414268 792070.02394291 2069093.3476911 2294208.2261988 -144862.81055127 -1639616.4918967 -91965.16258341 1043179.3324317 1326939.3484239 
-534623.23665263 -2614721.7138649 1249468.4706552 1087663.7444162 1228883.2715816 1136975.9755657 323118.17122731 177227.29804614 -2609148.1765765 -571230.41618542 -2119356.0766958 826320.39381754 -1266586.9177924 134704.86538962 895216.84615394 -663402.98602151 
584675.51794611 561782.75791793 -1881843.6450678 767062.27006111 559763.35420301 651609.3399279 1588121.9912881 -1327202.4929427 2026732.8135821 -1778070.415307 -2362243.7658585 590575.43444504 550959.29406201 -1198407.022272 -1208586.5931709 -1476400.9681986 
-434238.62708736 1251014.5927534 585798.51035183 1416031.4055655 -868690.85924438 1854594.2741179 2331999.5995599 1682944.6455225 196974.12317828 -1890448.2855415 1123646.3828458 -91858.980603251 -805482.25959749 -378143.51183826 -1925151.147944 698283.82419178 
-334674.24428997 1448187.1537822 -2309852.7213879 -671829.34282925 -279118.15954169 -508145.96785226 1480588.6101571 527220.12020347 578049.32228599 -1994851.9245496 -1924118.7526776 -1079120.8620753 124915.02678843 1372898.4709944 -1290205.7158713 896706.35671928 
1829243.5944549 922730.89490182 961195.00932319 1734287.9923779 -29014.397337683 -1192251.2637071 784891.40362312 -837106.89555205 1444976.1012122 -175003.39081069 -346324.46285876 -1378414.9639977 -744479.82411111 1434007.8728651 80717.079892782 1495209.7726951 
965587.68497299 1772367.6158226 -359695.43313337 186419.43970089 806123.738927 2258093.1812766 -70754.055818746 -1673153.2526354 1198136.8784404 727227.99692876 867087.53467363 613816.67686347 -125798.97171355 -1802257.5196021 -2093196.7362449 738285.7482075 
-1845453.6568561 753374.20718777 587280.69783775 -462035.31101144 -268952.27903448 143833.11414913 154065.99578273 628267.54056301 -1517832.7170873 911333.3209192 1036990.3571722 2380361.2994235 -1919845.3669975 207230.40522785 18446.911466119 4359.7882473314 
