10 10
-51.815425118521 240.10651613405 -59.023633780973 104.59100626071 242.03386307994 -52.945142272424 110.79659899787 -58.886465486951 -11.167616500613 -56.222090927247 
1.0856462258335 -29.373467797476 -70.554513865194 25.46938504125 14.990324973124 171.1424864414 -26.435464648048 14.94871706603 -97.348882183255 -25.867146314413 
41.610196819293 116.19583152945 -131.19033118842 42.471995878216 -81.689896742264 -5.3701646038273 2.1080885164018 89.380810582226 -34.914718788013 22.615831556551 
10.378291143867 183.97064010371 -88.51086909997 118.56206471332 141.03583253585 -37.373562036817 189.03739510299 16.934647129107 -71.018038663128 120.20825698424 
-121.33506744455 -70.82439559936 15.744390541411 74.02107996205 -8.1561518189401 24.432764355076 -50.824486712185 -124.34346837441 -30.449151607919 -0.40359437168833 
-43.889765462491 -172.62923478908 16.943948101394 -73.055549047151 -41.119281006386 5.832456146585 21.871921916251 -112.34648087722 18.939534913635 110.63352637842 
-90.207463965489 -12.550036535309 34.394441590744 -26.711136644838 -166.31983256785 -178.39431214972 -70.153753266869 -92.995752839607 16.877682751269 109.67404211901 
187.80647308824 39.163266138882 -83.460832066753 -59.157253825996 77.258085641719 70.333940566947 -90.45050239766 32.844200349008 -98.727689306406 -204.99053784676 
-51.839553460678 -76.784932307434 172.53135077656 -36.883383033022 131.64546418947 151.97236004904 4.8540014149012 -56.813753466187 42.870998278277 -73.123941916029 
149.22737636947 26.706500707225 1.7807480803981 40.302803821217 40.333831118899 -37.246696463449 119.42837664072 177.64370159643 8.7920441029995 23.096320203904 
