10 10
-0.8934707856751 -0.24384024073258 -0.22833586703386 -1.2623667520416 0.1120649912509 0.013395726128871 -1.6916763614674 -0.2742845542636 0.32487700752852 -1.3765102689707 
-0.45427088267335 0.28822561789886 -2.4577022521412 0.63923771557003 -1.1321083842229 -0.10926257934183 -0.26653110716962 0.25020975811978 1.2355254097515 -1.777847509292 
-0.46810669499581 -0.82285377282965 -0.87898875904104 -1.5751680450632 -2.4645303587126 0.83987770631578 -0.35196425976922 0.27938354423692 1.649717253972 -1.9464333730829 
0.097365089154555 -2.0811994212309 0.11862943840241 -0.024316246404336 -0.86851163663679 0.50182745140352 -1.5344880107356 -0.79611309314229 -0.46605616092264 -1.3298722929338 
1.233587710687 1.6275135294081 -0.074017646339681 0.85163062053019 0.62953708440267 -0.57743749769034 -0.69925794947526 0.14021118543915 -0.48348375263248 1.6069058013988 
-0.64424064551687 -0.9060691813037 0.014593531586198 1.233336553073 0.81853466748838 -1.001736790441 -0.17393275942451 -0.34071144144388 -0.43882007734755 0.71728812866882 
1.4225983433594 -0.19534334637153 -0.71795302811705 -0.94076257643637 -0.95008392245734 0.25374902018429 -1.9964421636756 0.91256723449777 -0.12241375606395 -0.53124564882615 
-2.1049300718691 -1.0984546842617 -0.63806326085557 0.043711270591755 0.4349321935826 -0.63081915079954 -1.3109163994006 -1.6937900464853 1.0760502173514 -2.0528146261531 
-1.674275888042 1.902238352316 -1.2513861391271 0.37091313085717 0.32000754491108 -0.79519575466657 0.21137348052607 -1.1526523194832 1.1520860257096 -0.39573250974699 
0.16699433618844 -1.3078939751379 -0.79124924834903 0.91892280707103 -0.74649116236524 0.03727693920893 0.10248771887957 0.80638043121669 0.48857874808111 -0.41998449834155 
