16 16
-892797.45028362 -765952.38169308 -2933790.8534998 1063493.2726362 -38731.18432171 884630.15218677 -83478.424311234 1832897.9108299 668020.71059892 1025604.2603217 2204553.9573468 -1674632.2087352 -1772662.9018401 475349.897189 -822984.00012292 439765.88706324 
-148974.95264556 1132279.2250176 -1687175.8135257 -1072772.0366307 -1485585.1489576 119454.68496879 264791.68753942 -562732.31598158 -420360.45722758 1644352.4004137 1244806.0180496 524354.83495005 -701968.10429795 -1085949.0193304 1050870.6416159 1721974.3939862 
562815.94453542 -170541.34442826 576346.08088879 -2289595.161059 742023.50434679 -507811.90388574 1760395.483842 1445613.1997392 -290122.69018635 1043354.6026251 2917316.2435261 349497.4930671 -1025744.3660032 740106.05239998 676078.15360441 1607752.1581281 
-1044941.5683967 50345.120778477 -3012006.7878666 705615.50350106 -123303.85967583 -1066448.5883637 440229.36994745 -2311669.1185052 -54401.659717316 1000070.3526172 -1074928.025538 572732.77285738 -642236.8253534 636875.37097471 -1079093.7460837 1549419.9964181 
475170.98610437 -1104273.5094281 421271.66380495 879400.25815577 -2267850.0487684 -580305.6517568 -2049397.9907405 -2277357.6175951 71968.832764002 1706273.5125932 -877877.2549638 713394.46899816 428664.23007468 -779230.7510221 -985299.0069271 -519030.42914982 
-1233429.648578 -85983.896779576 -816887.0787085 -973600.65003536 -1043027.7941061 133058.93663531 889506.92028148 -2229078.3438365 1375594.5762115 1953439.8881994 542185.88799491 461984.54075575 -1957256.3800571 -2049117.7982512 752608.05939809 -295063.62981435 
-341088.54399334 -998937.8856966 861425.75964744 1973554.0971204 -390405.58214657 -473840.91538646 -1699075.911369 -1682320.9284502 -230401.95550186 1558409.7180669 688869.2561313 1212692.1850581 47711.470016938 663910.74149545 -513333.8145703 -726994.04784084 
1585727.7525898 602060.46311312 2323756.3337135 474729.35913645 1009881.1898679 242060.92476718 -62532.315628364 2732056.1419688 -427626.52613539 -293930.25726865 -825006.62483207 -922669.58640745 -13983.403054768 1165736.3837271 -1032547.7752279 -1834375.7568226 
-2796620.6249747 529445.5222314 -288686.13701082 -1497393.5023888 323539.5268566 1489749.2123493 -1107769.0913722 2159632.0857423 1338310.9584853 900769.27429592 744609.11731154 -860242.92035827 -348904.67119911 1136580.2415163 729587.38790672 -969172.18781486 
2765571.4203144 -193622.2921494 271580.7406679 687248.88380373 192127.27694354 -2140186.6849154 2011779.7356193 -653379.99748038 -818189.13404107 574538.04785417 526258.44063755 -284373.96439741 1001510.8036781 -455975.23304201 -885083.28029312 1090681.1407859 
930068.79381271 501520.66302315 -1929648.4549318 585954.07270515 1070244.8521658 -2694914.6294784 2033473.5464897 -1338008.9209218 142523.43325738 378398.91582158 -296446.12424254 -181726.48520018 -995605.43439535 -71215.138876372 -1078432.0296897 1608452.0649088 
853547.17795487 630029.30867855 -218525.11258131 -774.76625849548 -1037478.1151859 426000.30673552 -454522.18587669 531709.4848349 895149.44786843 437472.3583602 612996.95372323 987900.79267793 -597944.81157728 -1180366.2656046 3427799.5683027 -900491.44475246 
916502.43355289 -827100.89030004 642322.65628143 304245.24017662 -592762.43957957 -20876.289604006 -3035208.1959114 -1199106.434454 -1103315.8271367 -227478.07322735 396103.629862 16740.571642765 1668773.786581 -801543.1837419 -2828744.3185073 1362277.144075 
-207514.80610091 -2130925.6762929 4227464.743264 -2346358.9318996 1889879.8251632 -1114988.6380477 -646602.16491654 -1010793.6685451 1658472.6819241 -924668.09680944 1043555.8320208 573004.56184633 -111017.4564689 -96422.530716061 -714044.74407959 -655224.88818241 
-129942.03155981 926639.36534812 -2182407.6628209 662743.73987946 -512123.30944286 -159091.79954603 2545233.7742937 1485106.2307999 685397.40858429 -179914.37886695 -1027571.707595 -1806210.4972105 -1031171.9300981 -113072.37294682 676464.34747653 -493111.77601607 
-868310.9457833 -2168459.5416628 1342440.7703101 -1575559.9853945 -695289.16814657 573216.64923876 118292.38824408 164474.16134754 -1927271.447175 471943.26564712 -552265.84417836 1567983.3126612 -1485181.6924977 1772342.4886562 -2284044.2696969 -198296.9402594 
