10 10
-0.82347901061018 1.2705756113517 -0.32676178536302 -1.830727746404 0.90715141911839 0.40543469077384 -1.6981088535083 -1.0066343869161 -1.9166991845356 -1.5674184445218 
-0.58732212576291 0.98934794314415 1.1322104269749 -1.6600414060488 0.29069546999708 0.14386113183803 1.1344042483272 -0.67470895593572 -1.1117771090781 1.1651105591509 
0.50918699222893 1.9567492065857 -0.37055127475081 -2.0172637653195 -0.22656590194509 0.71952392275581 0.58675964144744 0.217346164267 -0.37733341743455 0.52384064329851 
0.97839745053921 0.29447192329492 -0.79167801482046 0.0088276344349806 1.4119883958874 -0.12352464448373 1.5352644505658 -0.14228149572091 -0.84577992190959 1.0452765671132 
-1.3239737943395 0.67615514761398 1.0899562475723 -0.47842883445202 -1.2644224978935 0.86552712908119 -0.30921766058327 -0.048090861824913 0.31422894290672 -0.20045006424316 
-0.20666525235126 0.80025105485561 0.75600813115291 -1.3739252636467 -0.97498996124533 -0.43390549505124 1.0045117230033 -2.2894749984245 0.52010121439858 1.233793474899 
-0.41407096286495 1.3866599542074 -0.45494756033137 -1.1452281873739 -0.43525975713003 0.91992843226711 0.16412564164224 0.16875247923566 -0.17688322954336 -0.52476051956838 
0.32888482797773 -0.13790231980994 0.075372319378857 0.037690006789445 -0.76458874736428 0.40454124797528 -0.15035542984257 1.6427849238866 1.2137507620812 0.25040393078714 
0.67301839556654 -0.64740855526181 -0.84093441710176 1.7935402700603 -0.30181916571448 0.13890843876405 1.4805166903016 -0.10685061058839 0.82050338886123 -0.45700867633218 
1.3370967177993 -0.76880164525796 -2.0336181285146 2.0139307531809 0.1679911389777 -0.21922551975148 1.3626286426456 0.71164713053473 1.0772744432379 -0.28785579096911 
