16 16
-31.601663372905 24.070585685819 -10.321949827145 -58.063049038583 36.743360381841 -186.55928219218 74.060026325397 245.38535431009 50.299421866201 -47.32338271026 -47.289655971351 95.349189881566 -94.512605842809 -201.67694784994 -161.10565672852 -68.074177239361 
95.463997278345 -201.82847947639 73.340099001269 40.364665801982 -73.868585749767 -52.23188292766 -144.73095060796 32.188973877818 -99.910156078682 265.48223149603 175.50842209562 -218.8972294253 -39.726724826686 90.672617918076 127.97283997515 -54.826531231545 
-192.26108808881 -43.806758290206 -79.602158057051 118.24231380605 31.102936172413 -120.88113008248 160.80820827885 42.444601146602 -299.027501498 170.66181074377 92.450042163816 -153.33129950964 -407.18629726898 -12.30624320751 -239.05739498061 -101.24441819348 
16.700343102376 63.95949008248 122.33781983687 81.423410746828 135.53497846653 -3.0548646022851 40.571321415411 119.9170077678 -56.601292578165 -169.9134636028 74.515637454594 -274.79037965226 -71.73720684456 33.293677359526 16.390269275725 -229.99872918564 
-86.04232891584 34.200381282317 -116.59537806709 -48.004409123122 194.11977089431 121.12623371076 -1.6570455507499 -84.496489530028 121.41792720071 38.460290043145 52.886828709784 103.23686117878 -17.379275500445 -112.07428659483 -53.177549244486 68.007176291199 
-203.95401178473 -156.2813369765 -270.57513352457 103.54596293126 115.91686177479 -127.78014612273 -23.69029534618 91.129308165088 -143.78545803726 78.152895570853 44.087410965807 28.329728463449 2.9819812798351 -174.22657009176 -246.66703892333 42.053655564353 
74.819771660781 -11.721969705229 154.81186685108 -126.13813364728 -17.199522627719 11.709706882802 -40.594261222865 155.52803814508 118.9165300264 18.927749492278 -0.77163773801566 80.8789073909 27.567939416799 -11.63359015091 -59.577900427231 -121.26206406898 
-54.745513473368 -189.08006091624 -53.210378932185 -98.672142044002 -80.494691509353 -45.957118917197 13.608955169382 133.69818896345 -8.3671897130984 16.923594655431 -84.529217788932 22.189159307654 -162.73404445603 -29.790464740664 76.072435385022 -118.5685883591 
51.029362734794 -172.809277194 -84.129107748253 88.919739722273 -38.416119374582 83.111329131862 -12.213841685745 -4.5717361180197 116.7905533713 14.651893434703 65.671167608951 -128.47894186596 20.926009403454 163.34610164376 247.34144264236 34.417665441698 
-266.64123872437 151.22570245638 -46.829492209466 82.553826220297 244.99640607183 47.015149129017 68.109654469101 10.745663569981 -18.577427472476 -69.438979739234 27.675506976844 66.050319965416 -215.32899617542 -170.9782240964 -321.76965437529 -256.46942507205 
-153.55949540527 -29.247951783952 114.48629287524 -235.87746471034 61.394815087781 -15.223313992653 -66.98067499447 -101.10717966849 136.04516540759 43.390437917982 -153.35225303926 79.137928114438 -7.7543787108006 -16.836779735593 -101.98488947107 -27.448476616838 
98.162354259948 -66.767811857192 174.08777856199 -144.28435381898 146.41170507025 -79.760475994884 68.298097148696 -63.645057597624 103.47598689342 -63.476590720296 -83.966542775633 284.02713615464 -2.6242062751636 -58.814103630128 45.412336720089 153.8306406224 
25.020613237923 -19.982072183394 -14.970251701814 -48.468627058905 -89.417362372505 189.02544396703 -104.43359698056 -212.94114370008 129.8256179994 124.50853740986 -94.695896167911 -50.043754208633 11.247997217124 -75.639760214181 288.2360873988 131.64237771943 
184.46828758143 -47.083195468393 -17.286193371123 -176.30139499514 -56.722548037757 167.37417971971 -187.84148670691 -105.28469962924 17.916572770361 -28.567407190652 143.57104119124 122.19936827489 211.54735511427 156.89204401651 -37.226066805138 26.643196137925 
-113.82373176369 -95.763413316303 -210.3076515956 216.73805385185 102.00325582054 39.261984887263 115.73489861523 61.038485620537 -91.002949103506 -90.259685656766 59.707021056025 108.13010012902 -182.06836729132 -98.111271261449 -89.339904978702 -46.296528751702 
174.91290205706 95.850420255876 59.360455682392 134.97273588518 61.769374901094 252.38469235859 88.583699860913 26.957143237436 -10.687042309383 -89.444310545212 173.90361301545 -320.79537341557 7.9196834583512 263.57791992006 40.26666375208 -126.51573979573 
