10 10
-5648.7330134701 23150.949966432 1253.5398098497 4428.0375914966 25602.040329461 -9082.1369390175 2576.8162509042 5523.9400318115 -13602.47625545 -4304.5057161227 
4522.6531320429 3326.1029354082 -6970.0200254323 5804.260256907 5492.4970843075 3654.5650181131 -4218.2215780538 20668.718343264 -3790.4935183478 -19737.466942106 
17.219955985116 -14718.431395796 -11407.195382174 -5778.368643231 -10039.247056564 16612.113444113 -14844.924040396 3269.3782380547 3557.017772913 560.342854487 
-20756.589266416 -958.22925600413 15968.10385863 404.88877151081 1899.7370770408 -5465.1000276085 -2203.7880322107 -15192.371464381 -2982.9259191064 4243.9312714212 
21708.69418182 11474.006979908 8343.1846780579 -5812.6202081158 -4647.2793505862 -12622.688983484 -8673.7629318632 6438.7475589626 9371.1089551487 -9670.734489991 
2009.1843035936 257.38019453541 -12420.108460895 3197.8940785207 10241.427782021 -1562.5839136236 11684.734809054 -6465.4269683268 -1398.0787488266 -9971.377206931 
4829.3953602862 -14803.279587085 3976.6729535083 -28228.849335393 -14417.146530881 8439.257272225 -9320.4974821196 -936.78193251196 3752.1392669323 -1128.0989301075 
2143.094939857 -18678.540594804 -15018.996831468 2857.2531987849 -12560.797510552 17497.278839825 -4981.7951935915 2776.0130232092 6448.8786924423 -991.10685750127 
-933.31956821996 27339.273487667 12750.575598096 11895.075050153 17334.145621819 -14065.058653303 8143.0400931735 2791.6393168183 -9318.0609616755 3371.0032644652 
9275.3302479535 18.459474689574 7359.4130564497 -3404.5108231149 -8215.6337029318 -11908.472906112 18602.827609126 -11847.431503429 7142.5959088614 11399.165249321 
