10 10
10751.898998372 -6846.8306541774 2882.6704477028 19041.417744325 4457.25303693 4059.3164640878 -18864.096302064 -12173.634083891 12484.923169614 -570.09677808402 
-3207.2107181515 -5443.2836315983 -1939.7271786924 7674.7992087365 -13168.689347077 5298.0614150759 -589.03446067008 -5664.819182015 9473.1378985972 2861.2812617854 
6564.4317466714 15126.330147503 18419.105045576 -7559.2307260371 -14734.975035531 -3482.7897276774 -23696.172351504 -13636.217790249 1417.8623226365 -23009.642567084 
-4465.2358233866 -225.6327037904 -19837.800176374 2110.579247592 12518.399328284 -6927.9064515238 23790.100380544 -14716.738383228 -392.11280013133 16970.800447596 
1498.8783359499 3691.3024992032 -6467.7253518384 -10259.747733322 11459.940227385 2615.0656244941 10302.186346206 11472.303664809 -10714.115382081 6502.3247055636 
277.4642783003 -3966.3734356785 -9083.74575919 -3185.0067723453 4925.5091124977 14924.317093187 -4398.7868183461 -11882.179881817 9363.8554358811 4380.8050038899 
-25104.061430755 -4863.9322827248 4085.253251981 -11491.109215473 24948.318409682 -15082.388952043 17198.777347957 10204.028930452 -14267.547417767 13326.425958179 
13330.196795623 7577.3137989084 -5473.1164896226 -2051.5892140179 -15274.554261979 12802.251325876 -19623.416710503 -6850.2995918257 18144.066397908 -7232.6440669598 
-15816.0920759 -15629.619761383 -11993.500334398 9057.0524763753 17737.917323038 6424.563477193 7966.4379068955 5903.9165444931 15478.534862873 2311.6304386151 
12498.298318942 8457.2578543975 11870.918748391 3200.2699993521 -8678.7546894158 -3859.6328495791 -13505.848714137 4033.2818697741 3038.9005047852 -9703.7379867223 
