16 16
-326193100.46666 92672754.294351 -86148093.07298 -128991788.45524 35773527.367396 86518455.956191 -208119556.51357 139710734.21946 -2422340.9329793 -192113194.89718 -169434086.20431 19456893.022092 -257137276.1802 671181.05162885 -175551658.21132 137082809.08448 
25248837.794891 -102533823.53438 -174979651.58562 140588083.49672 -199888935.29944 -165638194.83319 143980064.33124 61517697.523509 171957745.84356 35152698.021903 -170318137.17884 46115544.114921 1142544.5917447 54349433.846938 90399112.619324 -61596678.830644 
-182346322.85524 148962061.57737 200483464.02842 193832134.88485 92167514.535868 -7703752.4050231 -263449029.64232 -68669603.548231 200940326.15475 -81407554.936807 235229370.73778 -6964748.1360716 -48255067.350236 -101881168.43316 -109225739.89654 -59287380.043633 
10753583.711156 -5890995.5305371 -35622553.985497 59371773.284578 -144021914.64914 367680365.28259 -95956332.507364 104904210.64429 -43573390.764738 31646272.076483 -156068410.14674 320294714.40073 167720896.17987 -249515215.99641 -71558500.51913 214088821.52733 
209418713.23224 -189757904.28739 -99716655.062541 -160857268.61259 78124945.605221 66401165.617223 168178505.75927 -237123345.70788 -55506475.284641 62452983.600326 66454163.370532 -65243390.40483 -43132941.503825 171697979.57479 197431465.60021 62737165.258992 
-137763356.66825 -89472932.807575 241379011.84019 28614368.36431 4053630.0129214 -153951861.40671 -194501420.99003 31588131.822391 276605675.12236 19221957.840128 -157973578.01532 112848017.73964 -147998420.15029 -33094079.455904 -138980383.02057 -206929764.9447 
118200119.66066 -43588836.576434 56473272.17273 75194847.848656 -83287837.416832 -167289541.215 157044479.29164 17223301.930714 -85016968.840005 126200267.60917 78699566.42752 -311107839.35115 -20088173.865292 49470336.451805 111464540.08459 -33321376.782521 
-140117190.7925 59080488.040546 126470975.18884 -66874890.01583 -25892587.744139 100202474.66403 -121530138.10755 -104266104.37502 -46400515.562134 14545571.690861 147892605.34647 -30026283.014638 22730002.284257 -174113395.08248 -53202436.545768 28617573.000659 
112697542.18009 -138630412.02523 -61144418.070951 -112848999.34263 43321282.596477 246830618.62879 50999206.401256 67536305.969394 102929143.98815 -325701037.8971 -45917576.768291 424646962.38034 107666461.30545 -97538331.316986 30908802.796883 -130372986.89823 
183203381.24142 -55842651.7157 -145566638.69523 31567185.709799 39662804.952366 -161349409.70061 148237464.06732 -45985845.191118 -93134905.744453 -26218373.036424 136469090.7911 -218048296.84083 -28182793.271046 129685241.85831 103972146.5864 -64795971.083752 
219259749.74264 -142190966.87693 460246889.26603 112540280.53246 -169406456.46333 -19463984.060349 116310279.45725 -150136865.02954 82163160.107709 177565623.2839 180845816.27306 32992230.32697 155545357.24139 -84800905.634154 -160240092.00865 -277532795.11754 
-186517371.36408 84904198.083609 58933119.926 71281994.070636 136829353.31704 1551615.3971304 -240620604.6399 72639042.26995 190994167.19941 -106260543.99185 -73661541.316765 79141427.655647 -89769453.048537 29872402.643125 -41061745.822509 -13348961.226653 
-47518381.169913 11715741.34796 16590818.716333 -201523421.06024 388351954.69719 47940469.822041 -44560790.990356 -68054092.884354 138561228.92418 -95805650.633919 -122610271.53881 -69171398.375529 -199606864.21236 224733279.95289 422919364.82772 -64968017.740727 
15506873.033917 -216479606.68097 -103554092.26216 -281821177.45671 70178194.800799 37116616.230344 47160169.657565 75516218.133257 -168663391.91453 48966399.406294 -261216808.84629 26377408.241811 133785279.7528 -46190851.282649 244262747.26762 62020952.553758 
-148501008.42637 -71331985.80012 -303230378.80001 -182895144.85911 64024471.602652 -120643163.51084 -138335654.68225 175957907.37553 -32094269.933256 -155647392.41297 -284409169.47131 -15420141.633231 -244897639.9699 160521958.58976 -125003390.28314 80155654.345028 
49619027.389906 -113526206.53287 33415929.070713 -17452651.962834 -64760818.461129 58586811.626824 43480415.185018 64376220.203842 -8693497.9062882 187729808.38509 -244989257.9953 133316772.14576 27771402.119669 -48376453.731513 -23035632.673308 119174635.01113 
