16 16
-2.0552197459142 -0.27350214897984 -0.55690536588806 1.625821076787 -1.4076744648971 1.5227744160851 -1.3407028335065 -0.15020871202237 -0.94419173178529 -0.93449990894607 -1.7771225261193 3.3365080728128 -1.1399461432702 -0.42673500269682 0.69757099952731 0.18720955842324 
-2.9161525227472 1.0649930282408 -2.868684520715 2.6255783373868 -1.2450261774503 4.084856209132 1.0169360816153 0.33742920391073 -2.0393165720587 0.48872642964766 -1.1428118208926 3.144237380924 -0.66119885716798 -0.26080603984914 1.4207317028359 1.385692131356 
0.96675125173205 0.55047764905392 1.1270869043032 -1.1575148076837 1.2812263187101 -0.65198211212244 -0.83715905167883 -1.0007465846042 1.4918791129162 -0.75963480817237 1.342446608282 -0.79877181908351 0.74393278790625 2.5924035147509 -0.94891343351414 -0.81868098812508 
1.8362854806553 -0.71541650220233 -2.5587296755825 -2.1699782072117 -0.17706054557907 -0.78506311549433 -0.40648946328728 -0.89237580155525 -1.8361319137655 1.6604220718306 -1.2819756535731 1.8451073388254 -0.6935184174935 1.9562972330797 0.91362737182754 -0.1774742220946 
0.004833913465886 -0.71087317426616 0.10047311565344 -0.57881074657739 2.23218370013 1.5654326492362 -0.45320454881872 0.14343105179094 0.44204699969557 0.84967596257779 1.7458361342155 -0.33253020791301 -0.44114177545676 0.94991686888534 0.0093909637653846 -0.98404504093804 
0.35392386305932 0.67350720343657 0.053939039126773 0.87408377435445 0.78683912198173 1.3812852664175 0.42540902816886 -1.1103007163877 1.9396778886285 0.057227999910673 -0.032424598275847 -0.36418047553103 0.12309681103937 -0.66830324739419 -0.65551939980458 0.59273144854279 
3.0214576471926 0.50438595887566 0.17147314633397 -3.0051102904951 -0.034026644048306 -0.97917241370797 0.78001013249048 1.1942292337454 -1.9076296833703 0.73968680727406 -0.83907528712831 0.4966890394736 -2.7401254292819 0.8999276403947 -0.22330284314313 -2.8683580880687 
2.3000516209154 -0.49570131187532 -0.80267046067389 -2.4644539348649 1.8811086862893 -2.7787235852237 0.24645065895084 0.21347301640555 -0.58163442094345 0.9739843161278 4.2184080198478 -0.56660185034941 -0.54033264097989 0.66170023394171 -2.7968079603056 0.85325983334978 
-0.034799978862245 -0.041934771131931 1.2885085206559 0.6690027965857 -0.2651357825601 -2.1306225881973 -1.4228525656265 -1.0876690629459 1.0749791207264 -0.33515969776262 -2.0441467535977 -1.9479291544232 1.8102070066355 -1.2684999517453 -0.38956663037874 1.4209153776783 
1.8478422669423 -0.98958751874649 -0.97330004994405 -1.5690181457816 0.19090152408693 -2.0788328843715 1.5724384632312 2.4620831858922 -3.8310018409281 1.714674792147 0.33944218637674 -0.22697606397029 -1.4384272004345 -1.5776965231696 -0.85318521204826 -0.67101151807615 
-0.18455758815348 1.6226248588186 1.6195234850021 0.14199485811614 0.44486876319861 0.84215828949339 -0.82557044606352 -0.28494016575704 2.1625172231591 -2.594330606456 1.9631649662264 -0.32436046091987 -0.84475687682673 2.7918246394298 -2.0514748405903 -0.42285119101504 
-0.7647453467323 -1.7955382590596 0.47722514815601 0.79871967808865 0.38004384982327 0.34666769365812 -0.59753200960877 -0.69438702233343 0.48433432527853 -0.17772074729214 -0.064079820204458 0.41399917171447 1.5842129971639 0.30026268323389 -0.87118660740528 -0.32432413577223 
-2.5684641730651 -1.3136998469058 -0.70114127205602 1.5018077555622 0.10255320822141 -1.3394908676395 -0.94184188374372 0.34097380502198 0.96611095584349 -0.86676025223343 -0.91103816713165 1.3943058245609 0.81142731267001 -1.1051162210433 1.5654082324985 -0.63781843096955 
-0.14066147667147 0.25516933636711 0.16479048802695 -0.48308416577383 -0.24689081114957 -0.60033332523855 0.22966716900845 1.2183029550876 0.0020953316572392 0.17839058409496 -1.2055939188447 -1.5441314616871 0.87083271273716 0.90076764496744 0.84579955167125 -1.0839666928009 
1.8895444224034 0.22512773978892 -0.9736040102062 -0.25637826218813 -0.17432759800272 1.2716418882479 0.36583224175374 1.2052853369927 -1.7708659003261 0.77529981623742 1.6696385204917 1.1291759075771 -0.69076609731599 1.5828202460226 -1.2401755723688 1.3640841993979 
1.754454131486 1.6164209263775 0.30291368993272 -0.24916977197597 0.5296111956446 0.71566890529341 0.26050348735578 -0.53713228425589 -0.67018498958282 -0.77898261677266 1.5163333807848 0.48127245064061 -2.1312429308435 0.70440245256213 -0.066247249770705 1.0762920264546 
