16 16
-1.8834730402726 0.87367137346937 -1.1019209472826 -0.39028243860436 -0.29485274899551 1.6655369837351 -0.14687901135924 -0.11987123319932 0.93708438783395 -0.31141163959757 -0.44381155340754 -0.12635228492542 -1.1641181662686 0.29807637940795 1.5944429134853 -1.1882831356397 
2.1676165235047 -1.3321823470501 0.94321884463152 1.0532794194939 -0.73619211188742 -1.0994852218076 0.93465348563418 1.234247831497 0.44097182291457 1.5378841358123 -0.99341640306199 -1.7654310198205 0.18255970921892 -0.8474975562561 -1.8717776057922 1.2870327717534 
-0.14735508038459 1.2920551944451 2.6552265910509 1.0429986756831 0.33543545604944 -1.4189503639596 -0.65789768565696 0.68303064020742 -0.85149191623404 1.3402631009372 2.0065423842484 -0.17751624994239 0.55765546389537 0.4569091186532 1.2801999438447 -1.5009358151952 
0.15310502548913 1.0160036138524 1.0502858244175 1.6515226111865 0.52416569011422 0.29485306284718 -0.71242119518935 0.72681561042698 -0.86779976471771 0.25049517237283 1.8468348965292 1.0558311579878 1.1887145410026 0.053914793561717 0.11394892310355 -0.97590423243808 
-0.29171635511714 -0.90742169888825 3.026694240876 1.0204356378873 1.0442349452411 -1.2782320734223 0.094922089021323 0.95486948772283 -0.56186209756184 1.1962493447318 2.1568601248942 -2.1722511807764 0.73873185742771 -0.62187758563221 0.13008173538654 -0.78677674141534 
0.31642276287132 -1.4057663124468 1.3837310985436 0.36479199188939 1.1858441189348 2.2343606299233 0.91889578641212 -0.29013878716066 0.093417596740532 0.96847205711076 1.6107518358851 -0.3328041941487 1.4192888142361 -1.9987919510832 0.87526426791527 1.1846284751507 
0.52491750438493 1.016529690206 -2.4060911018381 -0.25299928470179 -0.70576240982454 -0.66616493738804 0.41073472118272 -1.1893753423283 -0.057027621103348 1.1459275500776 -1.7647348845032 -1.5792649234821 -0.99318591850363 1.1838768126459 -0.39367161233749 1.8553522088623 
1.368143889052 0.46594069110516 -2.1266170093795 -0.31333825445307 -0.00038053175441197 1.1832457856165 -0.26900266008184 -0.82196533822075 -0.47758964977126 0.54185305839693 0.38082480093958 -0.36847634775934 -0.68467951533373 1.8627460838619 1.0760326140093 2.2120216341819 
-1.0523763607612 -0.18577375948143 -2.5050821568549 -0.30608432608858 -1.7142643646674 -1.0227000261463 -0.12059179769366 0.67959648979327 0.076511207949123 -1.3612188614347 -0.34560560007643 1.508172458581 -1.4308793561592 0.87526628795972 -0.18385393758734 -0.0094658543454993 
0.41462184581622 -0.51720383224299 -0.69958111417508 -1.1440865347768 -1.1805606613681 0.75538622298667 0.68417956299836 0.41886194196379 1.8308605471018 -0.14430446083604 0.14934327686342 -0.38086815260256 0.32508177733046 0.20677386663338 -0.57631715240551 0.58890193631995 
-0.079426569457958 1.1603478723169 -2.3108490352067 -2.2502076486126 -1.1139931409135 -0.10219753368042 -0.85224360540305 -1.1590668655376 0.082563234171935 -2.2864097831816 -0.7196775804047 1.6828545359974 0.028178361367706 1.3987106058156 -1.7530499916738 1.0130300800656 
-1.9279571882883 -0.46233937274463 -0.13016468479242 0.31158761450555 -0.20883809481282 -2.894068803508 0.18754925293739 -0.63161485811606 -2.3591130272001 -1.6183625722559 -0.17203487525987 1.9734436506135 -0.72891092293146 1.1502693161355 -1.2301539955204 0.35478482582459 
-0.65377419480225 1.2916351878283 2.6636199716677 0.15454455343752 -1.5550066386 -1.4704033404731 0.022340575249714 -0.19686011901359 1.1199289718934 0.63616352945876 0.56868286674469 2.1775971141971 -0.41789281439029 -1.8689818975988 1.1069083950515 -1.4849952589692 
-0.27032629367155 -0.22875533153876 0.76344210234118 -2.5829236299339 0.69097466311841 0.58098188887302 -0.99454880467416 -1.4357313270643 0.8717796050583 -0.12072727769314 -0.27650472959664 -3.5067070777206 1.8092127444882 0.023314301483701 0.96720370288399 0.24581411500386 
0.87398012282206 -1.1658479915894 -2.3879714264243 0.10368572224498 -1.0678726623219 0.26411756981814 0.1940090112733 -0.15407059642912 -0.45827343274602 0.80925554813374 -1.384858131009 0.64951765867054 0.37379811293092 0.15638416682638 -1.637223093419 0.70862813832971 
-0.93649274923091 0.50632388713719 0.51211710787603 2.0601490383614 2.3083370853629 -0.92966160375768 -1.6370587709659 1.5398697789745 -0.29606021432214 -0.38279035876554 1.6770490496525 0.29049402720148 -0.20885320816913 1.329624594054 1.0932048191245 -1.6004057126213 
