16 16
32.951115214225 216.34044536591 60.556380095264 -185.09899026515 -64.146638308732 -177.92766322447 -1.8432202158545 -134.06640018228 99.906845159631 -166.73184042397 -182.47199512186 -99.210367784498 51.756243592196 -231.41839140247 133.81555925306 166.94494712283 
-58.231358803047 249.4921565982 -160.10706399124 -178.90432083168 -45.079743067459 -212.19349088666 -111.82304588768 16.941139854549 -77.759386857793 -81.210681921618 -50.383080734963 124.46784611693 278.50281570448 30.49395394787 78.208200901773 69.436439490194 
24.612709924237 -31.250137887303 -186.64666885022 -33.606386188026 33.596797783665 -50.146476317048 132.01240643804 -49.425639631691 32.61792514923 20.165053528005 52.438263765345 -48.188265214445 0.72482417864987 -66.476311098614 -122.37629555229 -217.67405414386 
-148.27642799033 119.3515489323 99.585299612491 30.528096293745 17.065605266573 -201.62505610654 -117.12162522912 -210.47871941859 69.959574227562 51.247145826301 200.57002961552 128.88266888204 126.42910523492 260.15476031587 61.680201785422 -132.80096205271 
-138.82858735855 -122.68911526742 34.648831911375 -165.99720474422 223.2741500697 20.823361943358 53.866825907066 -304.72367128478 259.96000074284 30.670894442631 291.99192641962 -72.593173980501 -188.04876664626 101.7043261749 129.89811329312 63.883334267987 
-79.544233985043 -13.575917173378 -9.6199840235165 3.4586171572901 -22.340369470446 142.09590074165 -71.273171312057 214.40443799662 -58.154398574447 49.649134854521 -32.754432114066 -170.43012927428 -300.17798178468 -6.9745615021023 -121.32782758737 -137.40697694564 
41.807050184352 -22.714829194046 119.03646373758 224.63708151786 46.656022306926 159.32481678046 -151.39540631882 125.60939398623 114.16304896387 -115.3770330587 59.901917037857 -74.601940845015 -108.98276307752 -104.55172896131 -14.888822225302 18.830524212199 
-222.76515611433 171.82267614558 -36.943941349959 -206.29478026636 -21.624611552065 -216.38351989763 113.5337163452 -69.255751650839 158.52719295884 13.030622309844 -9.5090262659605 -261.04397445758 -129.66713267006 17.45448436108 -59.526946908138 -168.41163972749 
-20.867904914562 -138.65463674051 -100.37623001338 -171.92436046491 -295.99505477173 -39.83983744394 -70.429516309654 126.11087305122 -27.115886842363 -65.256469714477 -51.893248716277 -69.91263734073 84.140360406049 -33.818985408666 -234.18222533704 -156.76835273017 
138.76760450966 181.36791321734 14.698076805823 242.75188435584 217.11877263023 166.40850742443 -241.14792442646 170.87193935764 26.22852276499 -95.15454186889 157.96236419153 108.70644092706 -113.21698797963 -75.880161307108 -75.414769677317 -169.135610987 
40.226865748012 130.35611589573 90.847243464443 -238.19198159753 14.96780586141 -50.816744035223 -123.2136666044 -241.64663907175 124.72335468875 -81.471209760164 45.417048925946 -26.320844953841 -140.02967823735 11.281205890605 133.66187852568 58.120016276666 
71.412083098946 -173.85365295354 -178.12669056971 -17.070052799702 2.248365137506 99.229876691278 -36.330110534673 44.570721599348 41.076650189285 -10.707988910704 75.648321213785 139.37726507321 -27.824514010645 -24.431404168753 28.492850112128 41.473728945128 
-47.973029514661 -170.75001825283 -19.742993134452 -0.91270138053498 158.87073892627 155.36930902783 -17.921780847672 109.3710154704 0.41737472592739 81.747975668903 68.71451416487 75.399094976128 -109.87000470592 30.864915600509 -126.14591194828 -118.13457565686 
-34.856656328094 141.18220557371 23.958126902155 103.16008200942 11.094210553787 -62.003317124379 -184.67495807829 168.20378656354 14.365476458219 -33.798356445677 23.354539493014 77.770618829481 -48.414228807437 35.348453225901 -50.242353164562 -36.184916593507 
-17.776817938249 -114.07464548126 64.294228204158 -135.87853017931 -235.615346381 136.5781001914 -209.15328164896 114.59687037526 3.0988937354563 -52.066644721384 25.905422346006 117.74665502987 194.84469256735 183.39660286759 -110.51188048182 -54.083035119513 
-20.705523102161 -29.931297356674 -43.379714981627 -143.26265226678 -74.622056921336 -62.334039167606 -25.603196771706 -6.640583690259 -100.21918223274 29.25312407668 -67.764112879923 -35.836320641952 -105.65695378694 -140.40105420406 -118.64467615236 -265.6730893927 
