16 16
176.33464745548 -147.60628024922 86.815994396231 15.167306424931 242.69309411992 94.913111754904 328.41673624014 318.30442875918 -127.88763927738 -266.65465296648 -112.96210336693 252.01008052545 -172.60765507146 -45.751428716007 -140.65072833236 -70.524790573901 
-284.14169524194 -96.330870270575 86.233190032342 63.582407130456 -207.10211097928 -199.72092427643 34.328188208839 22.584587593516 -33.170005181608 -92.81433619607 -135.51911184449 44.512733732477 99.829642780944 67.524586473403 25.194266564852 371.57340682463 
-40.906781519833 -12.198872153119 -152.59727431767 -140.34682330096 -30.321409240675 -78.740240411723 -155.36419529886 -208.5749705114 60.360325176283 9.2480358161188 58.611227148978 51.296123297568 131.72026928232 -139.29810671969 -102.84371086536 -76.359827347845 
-41.544308240822 -143.44700348487 85.377538602455 -11.018978080796 10.85535113506 -267.43671538513 92.46898664576 -62.986356654639 31.427598125052 64.136685450486 -42.877201176749 15.804792794685 89.035895398139 -23.776317396286 134.0981763187 50.674703604241 
-116.31486109807 -124.15209481332 86.135412384392 -495.01846853186 15.425619502238 73.928643723293 15.850388485637 -23.251799162963 209.45452494938 -197.10020383476 -2.699140910537 229.21672007918 44.743450937696 -406.32858618428 24.245945984068 -90.781123748563 
-60.670100778859 -174.76280990692 -209.58196546463 -44.4078101496 94.384867682146 -109.61752206805 150.10849338031 31.718634508253 -36.708980636974 -19.434801059771 -112.50431976418 48.520007590612 130.95072980827 104.99083362295 156.42748851406 162.61548306747 
-1.6273621631781 24.198050226971 -64.569889098852 -196.68787474056 -207.6590240594 93.524176240886 68.526175570798 -110.61805185736 -139.55318232869 209.63749173406 -126.98692079594 -61.613454804414 164.44191034603 -222.07026244308 77.989866515645 24.455637095171 
64.152280411808 -47.22719571464 -97.977102468667 -235.22685470513 -17.445936194265 81.737752243034 -99.143759101891 -26.778400913861 -125.59159255166 14.058894102566 332.02025550115 158.98518970928 250.31690595449 52.719871627894 -184.88757873877 -19.834496361309 
151.37483686231 108.73916862471 -21.717583371693 -105.63535256785 142.85185938234 -31.609170967758 114.56287221849 87.818637191163 -110.42242246745 -43.209584653493 -31.520542484613 50.706540678281 -37.505571520932 -0.20379367155584 26.638964511699 23.837622986103 
43.291059672021 -141.1835120447 22.795390799077 -194.36591591846 257.5297699577 405.20826846173 -5.8528659259571 223.50616737045 160.30045071337 -162.61070401302 198.60810874018 261.29621687487 -124.34202888762 -201.63825151086 -83.176902189158 -29.922482651971 
2.7016594682827 59.464452874286 104.57761573857 400.93321716977 31.381538672681 7.437005502715 95.703739240446 41.317311247962 12.099907757706 -67.459871524099 -176.44431494696 -52.429758080657 -291.06599960362 87.655199565313 5.4322797820101 59.687915770954 
-5.0068936612338 196.56843437802 -234.40250957952 120.86252098955 -278.96569918625 206.40109639673 -95.270089637054 -21.819469757271 -141.19488805697 218.96762093391 85.290682823876 -219.73602936502 -14.645133656239 25.460769084642 44.664476785116 -4.7602818299538 
140.92530326374 176.15969037751 127.34070454023 81.818827895063 -74.483617856641 -136.84682129397 -6.2475852066315 -328.13262969167 -61.824629629567 231.88228680048 -29.192948485967 -177.48384790929 45.74819068385 112.91100749201 79.370172341779 -44.538641692763 
-146.81784973205 -52.867162070211 42.694893576215 -163.42471078069 107.37252135773 -205.18253382246 -163.059382137 -22.386779477341 86.58948585088 66.797998762155 71.731080629576 201.04351135498 285.49067225351 -39.506464997834 44.390783549958 61.574604316123 
-70.340307388256 -218.23866374409 -159.72870099824 -98.010830904571 -104.85029120418 40.923406097495 175.01900497857 -13.278964446019 -101.80729046369 33.921527926781 -145.85105355056 -64.972137168768 186.27159170666 -36.727944385779 52.865235508557 63.828210909088 
-113.09807592298 -108.55593004444 -81.072591016086 -185.51948196773 -101.05950428424 58.454194532601 61.79679159413 -371.91875867126 -8.1305747248932 15.92117794277 26.071873925995 8.8053345230577 130.57502547844 8.2911160570443 187.90803523205 23.107844443481 
