10 10
-1228045.3526489 809060.10158098 -1037066.7230252 -666961.58852746 -123587.88649347 -162696.07455619 -1684586.3553811 375008.27065232 1088994.7693542 683680.06343972 
23465.071659625 -90439.075465758 -1657994.6026982 -1145362.0087887 893248.56006291 228729.42607256 399695.96126081 -46738.663259 -1306441.9094824 -216856.39832549 
1493948.2032092 -497706.15477776 1930913.2557248 154424.49861781 1903369.8555909 -181481.40021591 -26772.866271932 1526259.6526187 1987197.5779403 -3025806.5682853 
50548.351800384 255858.85912117 -1580798.8678559 -445926.13698949 -218676.86112815 432885.43651337 -276611.43314149 676730.02466969 109493.17244992 1304619.8394122 
-139155.07201124 1202968.8199249 -326516.85011222 104308.74056978 -844480.80883605 367502.8923522 744250.74331116 -2285383.176362 -2795596.8798198 1322546.8735508 
783964.22943796 33998.11417972 108790.40353278 1043501.2948351 132887.44261285 -151602.20696784 -1670822.612091 -307251.92631194 -78350.549955988 -752114.97850043 
152063.99768143 658477.71587471 147759.54473284 -1740402.8067839 -1392521.8673992 231460.67121974 761404.17838677 -1266936.3592118 -2324101.5122048 602780.87631823 
163146.33492929 190230.1997333 -586582.88407237 -782064.7384023 173156.02824639 -789079.2507309 -1644649.3754714 -691584.34077177 402012.35490188 453202.76051245 
-595971.51099414 -1364173.7278623 -300536.45643841 187775.44557147 -1303997.0131052 -681680.20405733 -369814.85257442 1525065.1565387 660349.68643169 -978355.22818176 
-712039.6933168 85985.574463878 -813107.18356548 484235.15347164 -445344.09689252 391544.03301643 -268348.35633443 -829240.48367035 -720233.47712966 1726961.6922329 
