16 16
4578.4498012794 14410.905031577 -15522.561445447 14327.877452732 9402.1869800163 12132.262366225 -2370.6270656658 -32930.967215521 -856.70566178429 -14190.227073314 -20278.704672915 17640.704874063 -121.74920270814 18827.679600822 10691.735668207 -21143.990598391 
-23541.434126105 -4623.7593986419 8815.0245313492 662.15796047762 6087.6129339766 429.73895262633 -9258.5550175718 416.45702189711 -10371.670614821 -6776.5434176761 10471.120489501 -10882.553606381 -15822.628997267 15182.632807023 -11123.446260792 -25108.194498042 
11356.727482283 -9094.7423952483 16264.455585983 -19929.639155084 9723.3683107779 4742.5036542871 -22617.074441793 13107.173244608 5481.671892719 13769.438501583 5863.031084059 -11468.422294541 2399.3977755766 13910.753743266 -3977.1954104202 -29813.705160352 
-20642.590185559 -12251.532465602 -443.73500668054 -522.01972020162 -15899.362850904 3261.857236965 245.40120659441 -6705.3150322168 9763.6255104903 12434.500906765 13408.023845532 -29210.951605814 -7531.3122081435 -6613.585838448 18181.14095855 1457.8421814348 
5831.3248876823 15042.470325819 32608.254968898 36542.194624635 9024.657740185 -8983.5665077932 22194.603665801 -6381.7215666159 -31668.128270143 8661.8680726986 23549.970966625 21275.213062234 16375.653133635 30010.672044297 17533.626570584 -17380.188007516 
6171.4254428376 4827.4322618149 13481.376393679 -17388.595127344 4192.9920105497 -948.65156602374 -29042.767456631 24713.603334827 -9102.8636065943 8755.4264077263 -1356.7406311109 6804.4845785739 -2573.6039668725 1876.1346042291 3413.3028114127 -8356.4598142989 
-18097.60722739 12616.694996644 -4831.2802174559 -12151.901648872 -29489.14063719 16108.945317817 -11764.88480905 -22822.567459907 -9582.2922494029 -593.68399972825 -34687.481118082 -23982.668749093 -30788.633684114 -2387.1171931049 -5785.5994233312 -14316.799247294 
4093.1047998676 -4496.3968889464 1901.1751664597 -14179.260047512 -1229.0026709138 -5166.6618681959 -11062.497039085 18758.388120025 11232.952628646 2348.8481361119 -3634.8879027855 -4515.110494716 8607.8237878145 -36032.988381465 7102.6187681216 15451.283044096 
-254.0933519145 -16263.479702783 -10996.083490493 -14834.709580107 -26163.305953906 -1136.5190527533 6516.1196379013 -3099.1157348447 2941.534426284 22355.425081293 -638.40841314103 219.34219421736 1516.8125533916 2757.0849015278 -12915.528500557 -2594.870006286 
-3280.7810120052 2000.8147280159 5318.0916413192 4130.6585762315 1423.8752039859 -7326.3381338802 16725.769292578 -1354.2587901227 -9259.5881771809 10846.975653558 1426.3375832674 16223.767717477 9189.4447825283 8160.2916891042 -902.98039216569 10542.293857762 
-5041.1766742161 7465.0598625096 -7533.4113885609 878.73677237144 9291.5797825634 -18081.794598118 13652.419022923 -11085.520277189 -2454.8829089106 4606.9120764269 2174.0585364181 -5889.3878767021 9967.2558159245 9686.7016496665 15600.108296634 7840.6036320131 
21538.702580118 7990.3762248712 766.25175721582 19862.104358284 10754.148355015 -4081.9009398099 12702.122626605 -2458.9329865648 2633.2932995446 -15709.21757552 8286.7252803698 10758.404658245 10448.286451423 -1507.7295491667 -5373.3051958597 5930.3470211302 
-2217.2733955477 -9851.351514268 -11138.317608744 -14100.850155602 -10746.132246067 6239.228717788 -11698.525842894 14764.611465193 9504.2144150446 726.69321194159 -71.116318833466 -9885.471847869 -11058.372517182 -26242.875879381 -8078.062647648 16263.980021827 
-11780.290763141 -11297.879830826 9783.5027444202 -11972.790636052 -26225.679894502 5044.1991961579 8634.4796902154 -2772.8566268683 -4467.9206484336 -3952.6628701159 -14239.780173121 -12404.210955672 -6955.8368087603 -12750.134095002 -20389.238274114 -7330.8216221947 
-28887.104751422 13928.677927794 6458.7909926957 266.13865961828 -24914.428118324 -1317.6425481899 3827.8811802724 -13652.342942204 -22883.7720854 12856.343801684 3297.8072354042 -27780.614143918 -20140.619732827 19858.442442239 19967.636127458 -1157.2453822062 
906.63788684915 -7321.3309266666 1315.9430394038 784.06117104543 9637.0654401042 -34632.963980268 5703.3830438602 17093.462155764 -6324.7870276716 7716.9998520045 19728.668321934 -8321.6154633787 12488.333963075 -18793.850453908 13785.961957597 14957.620644804 
