10 10
-93.055032128387 125.48544345165 -70.849866007113 245.97015864014 10.651201625272 -113.71314539792 -66.775608506171 -29.48749794352 -70.103515155139 66.38909475373 
-91.219031868401 -17.789167809424 -74.826860709901 111.54232628179 -13.415322412817 -86.902649846799 83.929246316316 1.6872316392226 -180.3546636183 117.54049375729 
43.13032240048 227.82933916095 -117.39431716546 105.57943290716 39.020055219816 4.7796761856312 -40.129236739313 -78.130577983134 -10.318916871475 57.067234199434 
219.45495250417 189.08421791933 -14.34707345651 30.043896317487 174.66042802508 69.174245678055 60.887462666907 -58.109224117722 185.14571513508 102.65953760863 
-124.30135812464 126.34784888006 -50.718070593117 146.39899942624 -192.17577774632 -58.583848430025 37.32138886099 38.170527246765 -93.881137100544 -2.4767193342734 
-207.88367797342 -17.891974859481 -46.117573288954 7.3189942707884 -146.89115308719 58.261551571824 76.072159530394 -79.24304322226 -294.878975545 -86.79377415315 
-155.38647454879 80.181683509016 -70.787152210611 54.199958591485 112.06317384186 -278.88635883202 187.48354760965 95.521227117373 33.817832488055 127.78589647268 
168.70489677318 99.131799590735 -64.713662538548 -52.696038900689 60.902253005286 222.62268509432 -114.54670991365 -125.49562522538 -136.09427586365 55.214454913899 
-70.015109980276 -19.581156991891 -72.943758217977 -141.34486721281 44.738650146863 51.521030264664 -78.287026702831 51.838402370776 -195.19597630326 46.792945576383 
-169.95579065392 -37.827768168694 -116.26069839229 -168.56105709401 -207.27121741609 111.94092877248 6.1263854496994 -20.113585530968 -257.94550544729 -144.24856708997 
