10 10
-276431.50489477 -577706.67882972 -1223649.871612 574812.21679068 976041.87214652 -585099.98544874 -124530.73612507 -647072.82334726 665194.29407148 299003.03057118 
-2436011.7726818 -349861.55997228 -747432.86436745 640239.45078525 -785179.39768924 -2439034.4034213 -452209.51429213 612901.19883524 22600.782480977 1217796.8467449 
1392204.1454811 -580779.18034875 2344698.9643518 -1247714.284519 491376.19026538 471802.46453195 -1234326.6726681 -119131.47845272 1094950.2638088 880873.5900315 
769810.87810164 -64268.813297667 901087.84720342 -1293327.5792181 1561547.3745042 -638695.72914167 -555469.29199693 965803.17409591 582739.07697532 483811.25134167 
1259593.4550315 -1664979.5110204 -262865.22803802 80415.808181127 -758125.46834098 719519.84134275 -1005201.6858173 1721219.0940277 381898.79865398 -530456.73659162 
1893.7216930753 498572.43388051 -524250.20278613 -746920.89330386 -123019.65757826 1180536.5059976 -371652.43350699 -396731.83623512 1030590.2493601 -233823.16173706 
1035006.4868526 464015.70525503 1639525.7148629 -80217.672169435 -759625.83697209 176677.25477794 -1045977.7463006 1925627.7062909 53077.279592858 -139551.47777814 
-238028.81143113 313083.76647568 -634595.84346285 250631.5550459 -172311.44384843 -158786.8852005 -698821.30283927 1262902.8206688 -98544.188043933 131160.00846676 
169529.25972021 613972.7387356 1019482.5196399 -1190016.3342008 991650.09602284 -41055.061602297 1691449.9121516 -872873.22193816 -323375.51846649 -1604577.168576 
-102722.87383355 1333925.48549 2208979.2206939 -1606809.3091317 2202083.8404673 -1369829.0611464 423106.81009565 -158879.19259528 -613770.07958168 1533145.1888777 
