10 10
-2.3596677190876 0.94406901725215 -0.28421624579871 0.21028804442289 1.7011147508897 -1.7136631674304 -0.4062948009915 -0.44631237112631 0.52924380816349 -1.190292407431 
0.71653605631897 1.9433795901655 -0.43199368126809 0.52890813790495 0.55075683275387 1.1418309944225 -0.10342032371658 -1.3356274753648 -0.46397334036943 0.90091987616481 
0.044060778770369 0.90014818563865 1.5282993034327 0.98515524375706 -0.7988894049693 -1.5233128317629 1.4138480665076 -2.0496597496597 -0.15309472344337 -1.9502110495355 
0.47211499226697 -0.79885155485817 -0.1070813685912 0.45658142679895 -0.29198926316608 0.32138793627014 0.59302279909858 2.0140853836184 -1.5382900483355 1.3605606668737 
-0.072977308391067 -1.9625866550753 1.0032581849515 0.078171743620798 -0.91084153122552 -1.0610657371757 1.7572707414315 0.1011856903168 -1.2481173762148 -2.1692315266602 
-1.3859696687663 -0.30302769862667 0.67013032228912 0.17779030214253 -0.34136745159965 0.30495047037698 1.3233056682532 -0.22473154074569 -1.9032844099904 -0.13064955237167 
0.22906408663955 0.82342444303476 -0.74890686902913 -1.4414842843617 0.23250831465402 -0.1077063971952 2.2136440999942 1.9022683844541 -2.1015780572367 -0.60164378934833 
-0.49799263743922 0.73401073588661 -0.13907463033193 -0.23830281277041 0.77175930277802 -1.2761076222927 0.19011770428586 0.57071051518146 0.57223956958714 0.37947609638762 
0.65745067995272 0.47357047155626 0.17937764167185 0.29708059736039 0.27549471356951 1.3767574398834 -0.54858303689721 -0.26951802244801 -0.89006883374706 2.2306330118919 
0.066761377270982 -0.46475739780434 0.76187386377901 -1.6451537231953 -0.56566795504049 0.88979549518859 0.86702894312595 0.22659375647342 -1.079626705653 0.073145083779056 
