16 16
-9335.9861024685 -23391.49472675 -4748.8052746432 9941.1690441246 8444.7283559211 8464.179281353 2126.8539571617 4435.0344535863 -1821.7099017812 15166.629459162 8152.3425948767 -14653.553620276 9770.4690635936 18479.470746158 16110.976843139 18208.140462942 
4670.9879645711 -34425.903423626 7194.2929460758 637.20470581275 14348.469960227 3079.8002746942 4068.1506281807 2639.3861205095 -5178.3297254263 18622.164107197 13369.858396801 7780.0631851215 2090.1692519576 9710.9376630046 -5534.5710032452 16689.355472699 
-4528.375101141 967.61959611567 9991.6138182514 14394.593875804 -5394.3284116442 6201.4762737846 10948.659976974 -21401.19920551 -275.6527271559 -4698.278906997 12936.670800946 2149.4395241054 14610.118644415 -4242.3767355496 -24523.742350691 6304.8052078935 
14991.055873952 17881.998144176 14980.712378724 18643.691363617 -88.976420145153 -24058.236759154 -1734.6896165884 -3661.0937624261 4206.4132769086 -37291.393594647 3931.149005297 -30193.163704357 -42937.521110424 -26625.957933774 4526.4247690902 -11399.137397711 
12371.609986433 12374.4952056 4429.1930466996 16516.762743376 35518.05116085 -19284.745067306 7768.7156976724 15507.91242794 8754.4788631723 -11123.918852569 -5097.4533432142 -5656.7062401643 -33397.455825425 -9523.9181587955 11376.949329512 -11267.950359477 
-1020.7874630625 -27784.120608058 -6538.3795295355 -736.461633384 -3124.1940583537 20779.031732755 -7082.8471992204 -5842.0857939103 1256.4387319134 35213.245907778 3123.7374461313 7827.7496661871 14431.715800201 -2707.3401641671 -9280.7685490697 17214.014471788 
-16863.469085034 -1090.4551747014 10397.146832642 -14873.624318699 -5143.2783968819 10380.333687272 7054.1140695359 -1945.648153632 -4302.84147893 5226.258308539 -6773.3068452486 12822.037813206 18247.092338062 -15405.834606572 -15601.946897374 -6605.8940023372 
4294.7761276192 -11958.965551644 5951.2219214302 12418.22117956 18816.512788533 9036.9044652217 -3228.9109061726 -9176.9893915963 -820.11560598101 11549.613018581 237.61300298801 -8.3864477494917 -21321.24129464 -7963.216852039 8769.553294704 21523.952490697 
3819.3566180924 -6729.1569423703 12950.33872447 -1699.9620381753 6851.4443421535 25693.20884127 -15769.303169721 -16077.138019359 1260.0390270898 29978.586113725 10379.745729509 12518.877345838 13065.671529436 15178.673007712 10670.93080617 17235.365204744 
-6550.8071326562 -5270.2215956327 -10802.683868671 12771.481156379 11120.650698974 20325.414602952 -20486.048608625 -4522.8446363957 -1492.1175283735 26220.3046677 -5511.3832006633 14139.968094432 505.65823262394 -12793.557628087 5558.9952652495 22604.523702981 
957.72731182878 -14454.048269527 -12438.421396586 39984.585343352 12810.198378719 -2484.5977500202 15545.049019391 -18559.151457811 30185.54664076 6137.7568157221 14981.60297387 -20494.575539544 -31328.045657683 -11347.778396642 14618.824622062 18703.57168261 
-15114.858287081 -2031.4460436036 -4933.811760394 -8592.4153899404 -576.54218288289 13650.206065992 -2983.9358780478 2063.8761550054 -1548.3710370218 9698.7146158795 2353.2933557346 -21661.887936998 12963.415713957 -4380.1799233362 11719.374516217 9260.691346196 
10584.031332345 13672.278995703 -9303.8209525285 8407.2740786178 -29657.209689524 9791.8865931166 -14173.654907882 -19503.093415039 20935.710599971 -12259.341746095 8925.0728972703 20193.083575014 14234.287832559 -2221.6785351045 -2350.8233479247 -7842.5475996775 
17989.293491091 -21124.781751919 -8498.0452725551 14158.588116521 4893.0777999019 -13754.825613728 2151.9746893627 12025.677432516 20979.62043098 -8410.7985000332 13135.522737079 -20376.798325996 -17565.153577167 11924.331119112 18501.779176907 -10456.067497945 
-439.25122166565 -12819.32577218 -5686.6080493703 32993.61177219 3528.0489803538 -19498.055170117 22789.230995464 -9119.1993338764 16291.913184387 5727.6928013294 9916.2126847982 394.3931398416 -13231.296018764 -15707.047564546 -8511.8141601536 13051.332793672 
-3131.0390384548 -4477.3868543696 -17491.141838174 21170.024981116 -7243.4775191116 9539.8654980033 -2661.8062588869 -16586.605563941 11259.484323918 3304.7918145372 1282.116643813 15968.979387318 -2114.6995870668 7446.864762688 11572.775760118 16848.203069748 
