16 16
-124842899.16434 75039034.598486 29985056.907949 -202319549.19581 -48275634.41721 -170003626.17949 17950168.626862 -143234254.05979 190774158.8489 -6876971.6172111 -145383990.18803 -205851468.84753 -4388811.4354273 35377026.691942 72887795.461946 -21292923.602286 
70004575.726994 143803501.26465 -132184160.51657 -153025084.69568 -73416396.355375 -13634605.480146 72402265.090918 -51081586.990619 183273697.41194 -58700500.546291 -347252221.9939 -269911648.17851 128896969.55981 -27362523.371578 -82509782.820251 145900731.40471 
8997506.8492637 -165756022.43125 193592097.40811 55028977.938754 -4292165.2271163 46277507.477318 207539604.5369 -136855609.75268 83502547.261144 -348829585.76331 211292618.20932 238573704.30064 -173271443.22695 -35154459.394892 -134743860.51894 -67448763.993736 
180084104.57685 -52779454.834735 -100459392.3045 -6820853.9187187 -68270469.799268 14089139.68282 41552444.740792 5413669.6025371 95156709.237701 116420216.25325 -54784562.411802 54505871.440159 10310389.299429 -78268940.895585 130107995.57554 159393903.68883 
56520357.228911 172810045.8851 -141432566.84839 -63111670.916047 -46819998.863668 199308941.58756 -44714009.383083 -87172939.398408 -29734083.688886 261918917.58366 -217870452.93697 -280387191.78612 299972098.91225 58887711.518455 66843682.037521 -49770659.171131 
14174830.56265 50575958.431316 20903058.296408 148226659.02503 -82757187.379717 292771393.44163 277520748.26724 -97570602.956232 170984460.74946 -34680981.042579 238388483.04218 -48437390.84706 -111466333.24222 -50001214.502383 350199920.47606 -25010048.700472 
-97540474.048299 89593256.890025 -146338262.32455 -148519817.40676 -33428699.754509 -175851730.89405 166536450.69475 -15112038.935646 -35356399.275424 -103871893.20335 77708337.192953 35703662.357499 -192306944.80244 10350496.363147 13770057.252286 79072319.314144 
-117957654.62893 80619328.47477 27515737.238425 -28026745.124263 121437646.90815 -146441856.55184 -172760392.39216 162389217.04622 27825087.130707 -111047012.52902 -116012604.57151 -87493987.668635 -254680890.41871 293383649.77301 -17656274.76812 164483700.53227 
-109511114.66787 42355494.297563 33381102.290244 -157216546.74481 -115334169.86612 5031486.7889176 78333952.04728 -96162237.301074 25586927.625638 -51566760.839663 59325864.88976 -22297419.603929 -139053031.51441 16007740.498356 -70188147.785806 -25970631.73507 
-33381046.619704 -216273594.5055 95268989.197115 -96935526.705972 -108887232.35667 -136463784.78489 -126901755.63247 -160678949.33928 -150788914.35571 -33658719.601527 72623685.335973 31106568.158481 -39735114.605309 -281759055.2712 91209429.023961 -96252265.400673 
-37636125.139301 106002736.54444 -35906826.004968 -71738874.579594 -3051637.9005192 -16600438.606217 92379228.644815 -51187857.142697 -93454194.14596 238468826.6149 94324284.095138 -52247006.747669 -67076032.405651 -11491317.525891 134407647.30943 -220005937.58318 
39987137.739547 -55278716.019632 57587654.381376 41153308.161204 95992917.77563 -207269872.62904 13612684.84209 -103265250.90496 684383.26232039 70670334.502501 12952461.26295 245802757.90855 180679799.56876 -214124997.84145 -1907503.1478007 -169218856.60603 
184989722.8027 61455211.062093 -246870531.301 -60275770.782741 -61489183.564574 -74999541.91316 139230454.22105 -17626555.944877 -69820204.175883 -48342513.805432 -146830114.79285 -186637096.07573 -1696732.0005029 -155549836.03606 -124648705.10152 35728506.985568 
-128809365.38789 57103524.26943 -67384226.160469 -171087988.20883 -11621855.353474 -258387081.53194 -126631241.03978 -41279903.898074 75317551.080447 166878998.53011 -106875852.99026 -95101702.307732 -120771768.60885 -88554774.881629 327861149.45466 85684129.191329 
143486114.55946 -278426143.46561 -124747789.71591 -222825859.18262 -103166764.48915 20149488.719308 82186228.862841 46117381.268896 -194778957.12534 -74452675.39615 29249528.884631 318373603.04253 -44651376.658257 -45512294.983355 -526613668.61028 115333653.29309 
-68828371.701839 68784110.630211 95590787.844861 11529674.47772 -1380946.525446 -116172956.69807 -9782267.7498995 -27767107.30181 -175149520.31824 63934071.028634 117491741.90835 145024755.29132 117916061.33035 -8403088.9695681 44863709.234836 -197214483.7166 
