16 16
123946662.46434 13557817.949666 111921013.58869 205350474.87233 146454966.27685 63234890.727017 -85445886.724637 -16567843.581038 -44324435.077587 -12407124.073051 50773932.439047 -56513681.063169 -70154334.792078 -179446243.50493 -83836699.31179 -105139790.12416 
7335113.3012952 171182790.19045 140179684.00527 115114012.69858 31184331.174033 142358545.2774 -119049100.85589 5308902.0926681 -29250608.043224 36867327.694365 -41127028.664562 26452447.369107 -22854130.616031 120637595.16943 47203636.832408 201704214.83808 
108127606.93795 -128564798.27037 -87690439.593296 124995636.39961 277457705.02256 -258595580.69999 238938483.62879 131191050.58565 -115064816.98467 -83650422.797887 -34494145.858856 -181184459.69815 -70100536.111135 85547509.262126 -47941305.379274 136115228.55433 
156251583.54896 -147537092.26674 -203770157.2098 12721142.336245 193330602.52396 -182364692.87545 433701727.87764 179239605.3876 -88873618.673321 -204733449.83955 -187156481.1277 -208994351.86092 106528052.51458 79399679.962239 -187104187.40383 28344045.347851 
120704020.55183 -274920003.61477 17187182.86055 17910593.864548 30862771.662631 -20537228.203063 75271118.476764 93572639.57349 -31908921.016997 -45738991.863686 -185506551.11935 -158472412.32073 6674153.9946799 -32054329.393212 -59959292.122677 170406524.54776 
197698865.26519 -68495290.437195 -183335766.6961 -30911421.142996 16436782.735947 61318836.748143 -15124048.703605 -62249985.23881 79277805.689354 96883036.539204 -86451584.24895 14965147.256904 -225356997.96551 61216311.91655 172842218.80389 31033553.710692 
-9749536.0723958 48803172.112076 42374829.582582 173880740.96345 147838229.32169 -151440205.61819 -106464187.58696 299669813.40426 45528794.846888 12578172.240666 235393971.26114 -86178458.920576 -13483826.91116 -9943603.7750068 -267178057.96334 173646622.35539 
13712603.74509 195860576.93116 -65800485.508918 -28641038.812437 -33096086.29232 -35303112.42164 -168407859.03748 155423992.03577 96710213.683894 122178050.85832 250385748.7344 -41921440.555617 -163015624.59099 17487065.553379 -111907768.15862 44234272.44977 
-205410749.49971 62728192.780908 -6339481.6242344 -269478629.26132 -95754996.673379 85701887.378308 -228473889.31367 -245903935.12258 30213630.120137 13151602.770007 -80988390.157356 70337733.11399 146605202.69233 104924382.98631 84782876.296805 148385176.94396 
94237993.39131 -175068001.90156 46370648.98937 112824703.4417 91924261.199873 63037961.697664 79528919.044564 79053482.225753 178802219.07682 -38632752.654323 -147910445.21659 76872565.311503 -1517462.2573914 31057823.482587 108209516.15548 144487828.57964 
-107302821.9604 -61320182.302839 40017364.732455 -19989603.283942 57818198.311785 -136480740.79934 9819073.6570576 112715685.22576 42734694.845065 74471432.823926 94521415.668629 42126266.447388 38339307.040988 144393353.2944 -18600836.772414 80036313.879493 
-2421493.9111238 -28759539.676483 -277883901.77119 -249533352.64242 -149674013.64506 -266720611.3921 181735649.15244 40994303.539 15887402.46181 -23229874.114104 135335816.15107 82819433.935694 -196566494.77149 130513946.38013 161992173.90601 -165759520.39949 
-37110782.398973 -108666371.83326 135315947.32051 176894323.96315 -3270509.0809476 -89832407.551628 226455287.87738 183149302.84433 125285.93177143 122865059.07337 -19734408.562002 -80668409.229254 -13706733.850485 30863461.489401 -136149359.64347 -21756153.418926 
-37379650.637213 32973204.602148 -139441395.23826 -130659745.11626 -138798632.78856 -59047751.530852 31399209.690789 -4797163.4734775 -110724859.90523 62457972.494192 119009507.41953 32359366.826088 30208931.447169 88637753.48417 -117269896.03329 -226326124.18205 
89206778.303471 69494939.526025 -114673921.76249 54119695.398107 -96352034.30919 -59049240.009845 96191451.681356 57096235.790777 197285270.64337 71578215.766675 161988438.66459 198814151.86224 -53994840.592188 79714671.857986 85599538.214375 -173341964.54347 
262119607.1321 -79582284.492056 -151810191.17136 15861010.631788 135843331.65582 -149994549.99515 242934706.61343 -82730358.259421 -37159304.981596 -104873368.77081 -121004173.23355 -279008916.15252 -91188073.163726 91586231.840338 -27109898.162229 118025598.61426 
