16 16
21751.7106836 4424.4257231346 14222.430141025 6190.8082107019 -1660.7682817783 -5517.7662510424 23162.042552948 -6651.2120118056 -5872.001990763 -22239.392145486 22028.650857508 3044.3695429562 24098.276871762 -12852.505615558 -15796.761367334 7129.0264251019 
-3055.1847359496 -18694.998638069 7333.4566264921 687.39302341045 -19603.303030004 8505.4170995658 -30284.708559677 10635.849571972 -15072.822913383 1299.0837587152 -16546.312037703 27673.853648548 -6048.0641033933 9933.2343073537 38541.608397058 -23269.653789172 
3012.2484285557 -8005.9547476841 10003.902129971 -202.41088059473 184.74523388428 -704.64743653025 -4032.3893669021 -9508.0651878379 -12721.094877632 -27410.733630967 -32716.662330552 -4449.62555747 16864.681936576 -6144.5708892512 -9269.885085832 -1586.4535943692 
17557.319217384 12797.806334469 8337.6989529752 -7432.2716615969 1833.4825207994 7233.7196013797 13427.661255025 -5040.7698218885 8287.4485926146 11093.246845112 -570.08505901495 -19187.238804556 -16493.662834453 -12389.492388688 -5651.0436455583 -5341.9397476398 
-6063.3649006247 -2347.8903319757 8399.7039756283 14316.179283239 18485.046084653 -8905.9086568577 229.76481162343 2163.5208746898 18465.997950246 -36117.813377668 -13.631697715444 -10516.745750393 19430.78081227 4327.0458258015 -20814.777853072 1420.7042603317 
-5185.4711552107 -7137.0059847796 -285.71019822819 -19919.191294586 -599.89743155245 6493.7664750117 -16462.023924691 -19502.856479481 -14968.436048989 8552.5977166258 -8320.4863827741 -24561.802461822 -22766.781088715 13784.925377922 20291.292580521 1817.5552649896 
9699.527781548 -2641.2624120134 16060.229685274 3164.9901098891 31361.736245485 4695.2780216385 -4480.2278181923 -15248.034632841 -5831.3175567023 -1042.5974209058 -44557.946060735 13745.316939337 9435.6861959976 740.81896555015 3799.6865132084 -59.187319297479 
-2787.8996553378 -18017.021644786 15055.479598576 8591.482176922 -18685.45872629 3880.7847581764 616.63635381047 7074.8910193977 11750.764445988 -25156.832003724 -15782.558973724 10122.613435261 11988.449194738 -576.65208230744 16529.287980679 -770.09914844345 
-27103.300224315 -650.58096638117 -6333.2072273279 8887.9625982187 -14823.296308771 -1966.3490855834 8025.9061179727 22028.580168438 8554.6749621883 9538.4410266519 -2037.3055968794 17872.05142998 17390.188179493 -24832.989532478 -14038.627494569 -5465.0745228193 
1468.5188603835 -13373.296740405 8235.3223247003 -2256.4668313078 -3259.1710278455 20254.94779728 -4219.8247382583 -36180.317972702 -31124.497528228 28512.789482113 -2058.5530211247 37813.417180935 778.73849311517 -210.11551448529 18066.311757719 20029.161746881 
3334.359648171 -7633.2991478609 10648.501148287 -676.09476912726 3904.7230122235 3902.5061648261 -12380.21174248 29237.989363598 14034.765716485 -10036.614596363 -13907.401610192 -5897.2855081507 3648.1777682007 -7035.5382745867 20148.922561437 -14395.492327517 
-4107.7772304429 3103.2887252156 1532.4155707296 3127.8726437425 9355.1387072951 2633.9972192952 11765.172461044 3708.9097609502 5392.2177777202 -23188.602392005 11521.64797163 2379.4609331733 29787.661399749 -2874.539252836 4030.894972977 13735.53757426 
-15093.260094438 -14269.061469642 9866.531532745 -1546.4668291846 -12885.14747728 6994.1423375012 -3953.9475298118 -16686.199756145 -15709.604125363 18328.18327383 12263.511531625 18603.306474792 7145.4016640941 -16314.914115697 -9880.4590142087 10069.326567677 
7610.0654654228 -873.78948805614 -3894.9015314756 28228.323812001 -13668.045220689 -13931.165804771 8534.153371929 23019.227044259 32568.055087025 -31911.593618601 2768.4409592119 3862.5914108298 6026.5014503475 4529.6423501411 -2378.8894453518 -14587.610347969 
17487.849828645 20141.518743074 -8703.8598090902 -5165.7170815058 -6398.0908600496 -3997.2753852191 22341.76781338 -13193.993327491 -8456.8722964189 35995.700512077 8708.7443001225 175.11189666721 -26486.286250972 -6261.660142072 -14172.694628861 149.97548973289 
-12394.952319083 5382.946604167 -7323.4744366669 -11765.225685848 -4488.8771852123 17170.847848159 -6816.9353943842 5667.5469679476 -1229.6115432323 -19272.095741409 8831.8960462409 -25791.187022639 -1120.1504742462 -10916.607901986 22532.956410573 -11866.462481919 
