10 10
0.70223458637023 -0.45921067666292 0.38568090273427 -0.57734756831031 -1.1763661784485 1.0299565788361 2.5268290702062 -2.5861270483113 -1.5918844473909 0.33439842374312 
-0.7257738274289 -1.1262157159892 0.74233283646123 -1.6328468748119 -0.9882230367841 -0.065390070152336 -1.2836661888122 0.14638462692511 0.4220388590581 -1.0371389889283 
0.19421242361466 0.50668737445225 -1.6223618299207 1.4043675422106 1.3603606824048 -0.81421821489751 -0.071681822057366 1.4473056981868 0.63138405762475 0.54654182672512 
0.46082171026213 0.20205189358299 0.44054534970865 -1.0396988452565 0.14927846625871 -0.17915184730572 -0.92710252598463 0.81997454111652 0.33131046642027 -0.64198697365053 
-0.24450501538683 -0.52291915460171 -0.83350841026923 -0.89081742727495 0.17683704047876 -0.94598885155293 0.52670465563806 0.13156181968239 0.65402741146176 -1.0997939849883 
0.90381172720349 1.3700960457656 -1.1995534260394 2.8298981139073 1.5092512254404 -0.20146521978505 -0.40232110880797 1.2198835250757 1.3276186436158 0.5026827243401 
0.63284530048862 1.2618903512409 -0.69085135156705 0.29998926896356 1.7634391125806 -0.38215063706951 -0.11419483228082 0.42128448953823 0.88080805830441 -0.51354745207436 
2.1457976728877 0.87465528392736 0.80415488014072 -0.91788842996521 -0.45765865958586 0.9494486564785 0.87066719087821 -1.0725490003545 -0.59629728658549 -0.79619994287744 
-2.266310982307 -3.0521768263685 -0.60671231241598 0.10355333313654 -1.6103100813237 -0.98776184021594 -0.80709768467063 1.4142813849703 0.62828236826134 -0.14583422746622 
-1.2680753996286 -0.62034359706985 -1.1666813949804 1.8272774307407 -0.81743364418126 0.011296451763145 -0.90837787063321 0.25090296889159 0.73291041421129 0.68931466625099 
