16 16
-1.006804772651 -0.758714967367 3.845122275312 0.68104122031259 0.7614500461966 1.5220506705045 0.66424680370131 -1.6016314958711 -0.96385691941098 -2.7041511809783 -0.90001408729872 1.2674563166457 2.5737180996425 0.58173188498808 2.6823402034626 -0.53814656585619 
-0.440579551922 0.41820208299757 -0.24307640773165 -0.43925313799574 -0.22002818762954 1.5479265510869 2.2213478503547 1.6225221836417 -0.63980734667976 -0.61608361159609 2.0169520610548 -2.6078766130566 0.70447899473494 -1.6183837149613 0.71426412052738 -2.6215713620491 
-1.3289506582233 0.58849725982045 -0.75343879053082 0.4421299933085 0.55498887308388 1.2468673075535 1.3965759829938 1.0648208877108 1.11663392492 0.20716355549972 -1.1091304709667 -0.6972580160717 0.93084520131193 1.8341724556343 1.4737139605291 0.93045445793428 
-0.18542187192823 -1.1231600053126 0.089402096682239 2.7513726678304 0.83570618461181 0.50073802491292 2.518137740383 1.7136497918903 2.1352960194347 2.6872704626933 1.8523525751616 -0.93719392808739 -0.55601915274294 -3.3465888483378 -0.31336669487191 -3.2693290445007 
1.0716575481249 0.80009693070528 -1.2185530600621 0.34009641310463 1.5391334264046 -1.1844106378396 -0.95756155452341 -0.049993708836014 1.6262182571962 0.30457093905782 -0.50623113695518 0.4520629599652 -0.40873728245741 -0.64025877851082 -0.90074737469433 0.16023171021287 
-0.048644811515103 1.3174215953048 -4.3695668484499 0.79470523676544 1.6375948998065 -0.94773733570204 -0.59013793502193 1.4606015771585 1.2594165735363 2.6816144771801 1.8921989410854 -1.9857924652189 -0.85882646453337 -2.1526283457155 -2.2293593474953 -0.15429145489451 
-1.58988346982 -1.8580071516849 -0.63057535909422 1.5516694686301 0.20526337587906 -0.2163081472835 1.4180377695081 -0.15968153841902 1.6487077078065 0.56511626776184 -0.9649358366976 0.75755386151999 0.79735499472909 -0.15574045073361 1.1223158351499 0.90983944826946 
1.6291014648042 0.29552684197553 -0.12993985234019 0.21444581067376 -0.077642731285528 0.35763080531498 1.6877608779879 1.0400005247018 0.27072880852283 -2.682101931961 -0.77396213894042 -1.4958709420483 2.2382614145698 0.66930650982836 0.40363042714408 -0.019625963299262 
0.63477399931467 0.45553536403877 -1.7356586664123 1.0549645063161 1.2302045142687 -1.583016941193 0.29515514849203 -0.053418510757382 1.4755075575332 2.0140967560185 0.33173587220427 0.28084606861766 0.87925096864966 0.10564702717491 -1.789286064761 -1.0738396845892 
-0.17628473245011 -1.2633115670669 2.4358320145532 -1.3723335991039 -1.4535952706783 -0.55327480550726 -0.17693491688114 -2.3246320844485 -0.41930439706573 -0.25545104535268 -0.90999743873534 5.2311264620271 0.14019698827349 2.0452861220982 0.85515756316763 1.790590767049 
0.61001881908355 -0.55106879034702 -0.22451031980892 2.2802213781239 0.068006874849929 -0.32659747303177 1.617250407544 0.27611407093955 1.3699753829902 0.40709739139186 -0.63178708835231 -0.38581643671149 1.2638901168138 -0.44279944328979 -0.3990423197474 0.073410417942929 
0.73460266116217 1.7934914897706 -3.0934037863748 2.174535371099 1.7644738639651 -0.49555010618053 -0.62946957591073 2.0316936941986 2.3015043449567 2.4516260563484 2.2522580987351 -0.28052541689328 -1.7234037350951 -0.93231650566785 -1.4690260184449 -0.95913539270505 
1.0873715330141 -2.8648299780302 0.031692729493668 2.7649850773275 -2.7683052461798 -0.30562029090347 2.2918064347531 1.6756870708446 0.13574176011048 0.11327477370403 -0.34242219996472 -0.68876623517479 -1.2043932855002 -0.25139810256287 1.4745280200675 1.4171500075323 
-1.0935469441492 2.2718654118598 -1.7304467828064 -1.4330212686516 1.0076930940041 1.9327852045204 -1.0611782804265 1.1089195679173 -0.717565037939 -0.30921288822323 1.0797142341647 -1.1125398370969 -0.31421243400146 0.85200293407225 -0.14167363164857 1.0157733868171 
-0.85175925259515 1.1026757790458 2.0050679287917 1.0012074610018 1.3068719498466 0.89829938291328 -0.039413440841789 -0.72647523033228 1.6629450973268 2.4928972451773 -2.0449484070178 0.44000166297017 -0.6907381739059 -0.22080192650409 -0.78987140712929 0.81808702405176 
1.0744472703877 0.72932920256225 3.4955350261755 0.48626568688233 0.98734228862142 1.8484224815705 0.022352287231613 -1.0398824588277 -1.3685910528798 -1.6006849221809 -1.0416433388032 -1.6258148859973 0.95187534754857 -1.9626533549469 -1.1614450712413 -0.10754929017506 
