16 16
-19593.933947318 372.28712261352 23354.891157216 6664.7717670485 12669.8496122 -5457.1735472699 14019.705951543 12454.972322631 4607.5061331221 20008.726570129 -21810.917596713 -6716.0670564016 11580.221230291 -2265.3819067094 -9882.6851943454 -14905.95856174 
2150.8219863443 -10600.200176352 3321.5391207245 86.998295923237 22034.832391222 -11768.395211669 -24176.864108412 10149.103661668 -12540.111667248 -2064.7581432453 -1445.3433200899 -4830.0749099157 15328.142675944 -17113.143234243 2384.7872867634 24346.746268869 
-30882.017896405 -4320.7718656735 2690.8162268251 14429.677994134 4339.713913041 -22775.773496916 3114.996552826 22922.161765767 -22120.302135298 -3311.3267406953 -6001.0945491851 4806.3662387901 13535.135905408 3763.555532502 -9802.6718314143 7721.1935588767 
1730.0945069488 10815.949315545 25486.564455734 -13662.926399732 6723.883930162 951.85169928156 -24177.191294307 -1366.6220963191 -9394.9324683959 12227.912434877 5420.6914534419 -6128.2878830172 -13894.623987316 10526.751093092 -11941.532207511 -5918.0271586277 
-7698.8689876462 -7190.9337562403 11213.748318932 951.01869416301 3274.5805519674 -4543.7242157009 9660.7541909704 8832.5309249335 15231.48010032 4660.9992275973 872.90329656658 8134.3146400069 1296.3853916835 -9513.2200018137 -9674.8157502411 -18146.307274099 
-1758.0379186857 -1342.4596029344 -32668.362133828 24956.329811029 7987.3212353201 -4204.271210909 5247.2791768259 -7174.3698366847 5311.1610983393 -27155.431752741 12292.452291912 4397.3525987546 6986.9181723264 -15933.752800321 7085.7101831906 20833.445180389 
-6012.114897187 -67.483449488778 -7476.0156948643 -41022.206517348 -20895.687250417 3192.9709478148 -1354.8796633906 5146.0902374577 -16234.927751465 -9241.1434031287 8421.6209528025 15558.555368828 14344.937286655 8879.5688018367 19242.222764737 13213.050069734 
4827.8468454982 8240.0681671291 19615.084186511 18919.13044736 16321.472395657 21228.009673536 770.78852617093 4158.39425929 -3408.2226783133 -16515.920310347 8557.5629254536 -34950.169747088 9001.3594402262 -22617.663031797 5756.9716906336 -31127.469309749 
21962.272202679 -11166.975509631 -12342.342921383 5747.1128441097 -8431.6247752579 -12184.870456459 -10504.368755973 -15737.900964176 21875.806043071 -7849.1751320768 27319.4284059 8678.7430092284 -7325.9985825466 -8640.807402018 2861.9207384258 17082.878465032 
-21178.655101161 -2189.3754602494 -2197.8436969546 24360.86088517 237.58958479225 2532.5302045874 15295.697286707 16243.201769067 9737.9256586811 9820.4713622348 -10168.390808734 13287.322296212 4686.7124759948 13205.719503619 -11037.043024644 -25960.497928475 
15198.113290611 15424.456519834 -6281.9208093723 -2079.6384168711 -2315.6767306913 25734.694357565 -4034.8308552222 -16842.892562855 -10832.614010387 -14786.624362862 213.03777734856 -1276.5512823662 -9536.7778401593 -9783.6379312724 313.59973374537 -4787.4970028003 
20715.914165226 -20230.409924421 -14339.963784261 -11294.792892738 -3972.3606928558 -37698.492842432 -12225.923860603 3135.1017964893 -7547.6314351457 -31409.797034917 22342.24386894 15943.18171932 -9994.0133950487 4912.0553922311 329.42495016681 9471.0081264382 
-3964.0536702827 -5083.6354794173 14444.106598985 -1430.3711864602 -15683.469700965 -1009.7625775693 15517.864432994 12354.994090407 -9165.023520015 -3458.4896617393 -6936.7512637536 9434.5984429422 -13171.107681812 2923.2647058212 -713.44668777876 -19417.596000791 
911.54704532491 -483.4535718072 -43749.263715523 24789.157486328 16315.124729368 -1868.6465870419 -17267.779792649 -9088.2162342343 14632.964608873 -11095.402071695 10905.456199906 6060.4090467396 -25008.952724488 15046.205568785 9343.4262332514 19506.916283117 
4724.7717354322 10461.467345519 23753.833202774 -12082.12203566 3230.2669318393 2336.6363248884 -4553.4304435147 -8308.7493974043 -7716.6267513949 11424.356669855 -11142.944541309 -6038.1699530799 -16919.216436267 6258.0452034424 -9430.0456817908 -10937.079506366 
-2099.8649097819 -7834.0652124118 -5964.5388060673 17212.85238821 4267.6719795646 -25923.93726775 8661.1883875498 -169.13506719809 8482.2360508736 -2556.0460546375 645.75843388499 336.50309052478 18708.55746948 4949.8222653172 -3434.9317166661 8496.9696547206 
