16 16
-1004411.5115267 -1128410.2336344 1750868.9649864 559244.48770442 4805.5424138279 -972660.58974528 -1144800.4357528 695253.5063624 -775906.43288574 -933244.272624 879992.40295174 -668250.37995629 1452685.5686561 1486014.1030769 -1499780.1795962 -828243.56224998 
-872176.28583415 23557.272895211 -912085.70208853 91861.413534113 -2073413.0906955 476161.6355552 -468149.70754557 -1210825.1814498 -1436832.815458 -1369083.9433454 1786290.030015 -169381.93084868 2608090.6820734 -349397.57418237 -611382.97082256 1575908.5512426 
94494.176530149 2310814.2483164 -584605.91256262 -1662630.2323603 403154.62096566 -463453.724031 730952.50406616 438085.95308734 708227.21260456 47527.96248823 2214588.6084888 174346.60935146 550904.41338943 1430599.6342918 2408823.6629197 493614.70528998 
-908236.56234404 662995.17431473 109718.54089472 1411671.7061741 -389460.46504939 1039235.8391295 393045.39465858 -309484.93895221 -706274.18366691 -1053863.0716099 -281638.06808227 1224571.8568181 275915.1574943 1445550.3224596 637719.72161709 -1058456.3436709 
-1597594.3570031 2868269.168495 -226689.14902002 -1641133.262678 43055.284142156 986052.33356738 2007783.8395961 -362033.88926015 -80575.033665798 -173374.38054858 501043.55188491 -2120522.4197707 -1442111.604494 -1661464.2327256 -199839.25808263 -1215477.8312351 
613074.44245633 2282651.1140122 -490715.15117294 -44659.323051698 566941.35461926 412705.72919592 1608973.362344 536508.82788532 1669576.1515894 -354435.51481549 1580949.0214221 -1265829.9493521 -2164739.9581761 2405986.225957 284241.76115342 -2183161.5034849 
-1432724.6688949 2297112.1922869 -83388.611877343 1943643.4237878 -1018301.9783079 1133370.5728879 1285475.8185561 926456.12916707 -86952.472462109 522176.88745561 -2018745.8879681 -1033389.1255118 -798254.88339235 -2366109.0090074 -988131.49335391 506216.39233661 
-1328112.0624594 968637.30364493 -578869.73677321 -1842566.687012 2085660.8846387 -607468.69325636 -828646.31594193 1051233.2739688 -590431.25241286 -704537.76750923 -518175.26428836 3828395.4500009 -1102930.4631831 1717953.536495 1384430.2558868 125038.61911598 
2387650.6277668 -1610407.0375802 -1436064.3013857 1516206.6140192 -2405241.2619864 -1186020.1989404 -376745.80645364 -2691700.6071555 -3161545.7588728 -1290058.0758281 1479232.0443913 -19259.288576073 -531346.55800297 -443192.23577334 -1103977.7447544 -1426216.6230891 
1935434.6223271 1859343.9885829 -606622.70483342 520811.56266428 -411476.09742564 -2142959.4046696 752470.7489791 1867468.8331277 1371871.1886591 362846.63654727 1437645.3542431 -1145420.4285383 834472.94946516 1516981.8499258 272129.08218709 -197156.04003959 
529989.00505135 3245443.4302282 -975046.02593735 1314784.1166481 811904.97659729 -214050.24631036 164840.63052737 353683.31238892 -698357.94703059 -1086091.174109 -265558.3518108 2173629.3066842 -1420109.7797816 2858733.7973149 -905468.56857616 -1964208.4189942 
-932375.97027919 1084462.8963048 -117644.87198714 -71407.260027736 -655753.50932692 383277.41198193 722077.62457509 931418.67975001 79617.868601161 -2945.929785833 1951911.0737632 1190348.5106109 -750923.23956321 366654.46385703 1970808.904049 1708806.7812672 
115993.29840672 773646.37766104 1241592.9772615 -226427.29801802 -893196.24998076 -542849.65183419 -418872.96383473 1459931.7478538 581040.17701019 1234746.7135502 -2661369.3296725 -142436.90090237 -935935.45536833 -1216426.176474 -2369214.4456079 -1328093.8999558 
-3160980.4972627 -124700.5644402 1186452.5315914 -1357912.6278477 463789.03937911 971437.35775116 1375754.1428048 509626.17254224 121878.12925177 -435853.37212959 585984.48610975 -2815424.5168646 607047.16750829 -442732.52600331 242252.30968266 147791.41806294 
-785670.83314433 2871690.4929906 62213.48905991 -361208.98970902 -913559.48472185 602747.08312819 623205.42171231 -620688.21634825 -1023508.525026 -1102448.8642261 1796205.1786493 2801949.5448323 -1143772.0703766 587215.85534469 222402.05184017 -564944.22691021 
-436521.98822805 -526841.49117075 -1410074.9333049 -2657159.0337295 1381633.641425 236463.26778664 134794.19787415 198968.7006953 -632172.26517392 52814.456416832 -77660.433782447 -809782.06882084 -955932.78888394 -1908458.0681673 965966.53586542 882706.79144301 
