16 16
130317484.04625 35511337.510716 120924572.38435 128963631.7976 224527375.6796 -78635016.428095 -139740238.21134 83134772.779101 31304577.605084 9701108.3920493 -263275989.04922 -116173147.98711 -2649914.4418801 -134203679.57251 83519736.988271 206302494.75877 
97550122.935339 -55326460.788312 35671494.117673 73081829.141122 87309527.316266 -3740378.8708794 -120938883.03902 58888262.573541 214058350.17487 -20361190.509033 -178334692.72678 185983324.43328 -21449667.449675 -186466092.60135 79755005.609012 210884875.81356 
53120154.406514 -62973571.127169 -109077439.30443 -120243635.54066 -221784159.84164 23078484.48558 -277801067.85878 -27699515.661015 -220523239.27094 -38802943.59029 150054006.0773 -7543043.0091884 66100464.126617 -48979678.154748 -90815465.675461 57795551.158404 
163274844.13037 223394006.50876 69494588.012152 -149433537.05113 -164589282.51005 110328608.62698 80451218.808077 -28035376.621097 -46509644.416747 74446815.980242 -192916207.1957 -192764652.67849 101056587.23933 40787513.917712 -57078873.553918 84329875.92462 
-125032886.89645 103435284.1978 173648060.10217 -43548328.771567 135078617.56322 4286905.9184904 359529412.57025 -32832219.332688 -7090778.545453 37358260.87221 -82367985.181745 -213658137.53449 -31862671.752142 163523150.83345 111696563.16674 -200559831.60793 
77578279.142935 -61476519.39467 45382410.940065 -149463802.42858 90413348.19853 42691733.800966 -4298552.1615595 1812528.1387581 -103527592.03207 152681506.96781 118431941.89738 -85513451.086923 -123072366.29383 227552703.95691 163560613.40972 88921059.443654 
-855867.39531202 126274580.62145 119772497.16039 295236077.15045 -43300441.528826 -151851989.12943 -11847656.579756 -6731337.8276161 17866505.332163 -187788460.69122 -278536684.91229 -35174665.075248 -22839974.650393 33220911.327893 -56057663.072356 -59558543.429094 
-100500.02296687 260496598.53949 63759793.690236 41906973.708103 52701110.742156 50101479.628009 100200427.49277 210073729.31705 -139722262.06866 91916871.139372 -249912798.44906 -287928315.60896 -32181917.573564 120883118.18977 210153139.15652 84011184.347569 
-81547356.950338 236681898.48664 96010706.741781 -227986540.85178 20083469.610292 272629288.08366 -88081915.216445 168364304.79195 -168927826.36418 67600187.936231 -26084572.264214 -213138278.14418 -53320153.038917 -36048476.502352 235366520.73441 61909189.129071 
-176634674.52146 -75125062.819227 -153270111.38431 -217964100.04199 -52522086.716077 107007246.785 36429021.368003 -133994418.71182 -13310417.378961 -106841613.47057 205894663.13223 116970640.62838 202114167.72245 -148388318.82741 48149244.058009 -43362402.332833 
-233113648.685 144674675.68033 51980680.46538 -6716614.8802666 -85500243.901767 155660138.36113 -26432250.120377 -37705787.21478 -189226502.91282 -187378317.38357 212176820.73269 -23019173.797027 -190189343.79988 155880760.12484 91995123.798963 -209582155.71879 
-2282678.9187882 -272392144.59192 -99522044.634443 689062.25444578 -145016957.86428 -130839656.73613 -23930772.893434 -246557689.68581 32320510.444832 -142674113.26661 195873860.67154 180951833.25864 -31891011.51801 83993437.436231 -270402938.81753 -212911399.79167 
-154521977.76739 84250703.451294 164664831.98795 70365493.212362 121279832.97012 9000519.2974932 76368536.154255 37943763.997985 -161645784.26594 34349990.886745 127014069.95148 -201820990.14385 -192879393.18603 85336616.349123 64032803.789658 -193728332.34229 
-261315237.28474 16082647.800053 278704212.40868 76016770.202686 152882815.42225 -49492535.412733 113943320.82662 -34878987.434344 -32581277.839441 -65339885.318907 19322674.764376 -121436847.17001 -156114224.16243 -16968723.348961 -1104457.2497697 -306793403.57646 
221581797.57127 -183385578.25197 -19616057.346624 6962010.9208125 -78582877.975212 -34368383.048269 -170214554.36539 217701735.0579 -149302858.7177 204140285.43598 126185979.77559 8341172.1632037 -62055051.808767 118676053.14564 -85016580.634459 68773152.070543 
14699231.041917 152861069.69795 -62458368.95917 -148451049.12964 -200393640.39353 14860634.554952 99026391.787092 -54094751.27227 -118848039.58914 140925036.64193 203280267.03035 -118986427.2265 131421041.09855 201040621.31236 -42516916.652855 -57720625.11235 
