16 16
-124.61391398247 -95.08956818405 127.59085324584 14.500790138394 460.60904092246 -8.1098449897847 68.480235222025 114.0992249297 100.28011988735 -55.932744859217 62.337842910483 -37.611543382283 -37.403956009499 -117.39447596994 -186.89295335376 67.438522627049 
43.473353467684 -188.16718903971 198.28909281747 -101.85652529769 71.179389272862 -202.35469496783 -35.857584988931 -61.712189213975 161.5870076132 22.177421216106 -36.040946552176 110.99975137232 -23.040575689899 41.795225556245 45.349390815835 93.115291727593 
45.305770463695 -117.89586874348 -176.28653898656 106.84418995615 -132.11902053666 -31.319241410662 24.323321651529 -188.80359794086 168.31803633074 122.26799935005 -3.6912744006402 81.3363681963 -107.33191124 -185.48693282235 -27.862157430032 -160.02403977083 
140.53585031931 -90.116913237531 -181.4399822404 -58.427709831864 -117.5607615765 206.83121934982 -4.8142747721724 2.6282282597565 87.887893818178 63.209270481405 23.439498489381 55.766410776715 6.3940679323664 -162.21978075507 157.21603398879 -45.183306980854 
-50.196668351603 249.29259439296 17.759886309584 -47.639806265565 -349.58276831394 191.94466834656 -220.72861266286 -87.67540272874 -40.758528660517 139.38146647322 -62.344704187217 280.63854212045 155.52206299902 89.048793772722 13.404030420941 -272.90608903099 
174.31985669566 -65.745642315018 -24.730564583675 -145.25510694565 8.0512591468846 -79.172949904591 70.205385624019 82.48788190987 -26.177475361942 -177.36610878544 -15.659692092442 -216.41304331531 85.807066458445 40.64370925366 73.365969930311 19.340977547802 
-112.03335536681 127.38551153741 -88.475599283323 -14.27675307414 53.729759785537 -60.569966129558 112.81757367402 -123.39310222095 -126.98893138482 97.153076207995 285.28187149443 119.21285966077 -171.28968189053 87.887683996303 -91.560982760199 132.86851155379 
6.8174349270279 80.278982812665 -209.0923309542 13.49552917328 176.40623611634 230.23628289565 -15.388345750933 75.807251186679 -99.933912664095 229.41246648323 220.79297469822 -120.12985395846 7.9288358606652 -85.87347558684 -28.484765546105 90.56739576582 
62.526427636664 82.058902074053 12.903066034382 -56.02169317427 -219.92937495421 -108.14200565742 -13.890236578388 -162.78694494548 81.455464250037 134.09155588214 57.424550224561 112.18771013287 67.3341007353 -68.072002524516 -56.853281878001 -81.039078255688 
3.8475725979238 123.67248575407 134.93339451313 11.112826791112 -159.51964980937 137.83755452851 -201.38069054258 -85.329192484479 -28.846338677794 65.004025699485 77.6917318481 109.80487980337 -19.419867672021 -27.762274695124 -141.03227540874 -83.837323349995 
136.0299554629 44.148394455082 27.358576269629 27.942787791116 -277.37345683471 -177.05827561548 -26.881816825 -17.247281878384 123.34436059762 176.91389758273 -104.02221163265 112.87740357894 -109.00605732252 -5.7839950687491 36.786687489265 0.90932665176367 
-1.7420595934569 -272.05396264018 69.604078782847 -72.236879323097 24.598277758412 -138.33120071453 -57.446612349021 -96.604961191827 128.30774358097 72.934858825427 27.523171349961 28.905435711884 55.134118461729 -214.54644632933 125.51310876566 128.25619869052 
10.633814487994 38.147810049952 -35.278516609243 -155.76099087038 20.457723410783 68.523371732327 -150.81524572908 29.258804543423 54.343968073593 216.99837541367 -123.70617572294 40.79571778237 91.293977132578 -66.53401097612 217.30099587576 -45.16823717873 
149.65280020694 -401.90386248689 277.48497141983 -214.26143308483 178.04600317722 -27.099484800556 24.892412822517 -65.573482600375 113.42799581285 -90.138472736711 -52.823126215399 -108.081093898 53.59267064905 -55.508557479745 -35.803447379467 32.745234956674 
82.511123183508 -2.1974574620152 -207.75644323482 -98.463394895238 -40.529683628729 -14.90156156645 295.25720150701 -80.647392136858 -71.605711050354 -78.107480419384 74.877941661325 21.314439070726 -190.08500880812 56.100382512002 91.941641704144 87.763602719754 
-129.05690076367 120.83959224892 121.98841408313 89.213371670835 55.012587433345 17.591199647183 -31.08882811464 -95.437644590505 -75.290058534213 137.57952985364 154.77648017889 155.30051025315 -194.19111134959 89.452330548956 -268.1986340558 41.419643976337 
