10 10
4748.2899326533 18024.486691479 -432.51439388129 5657.4429492836 4144.5071687993 13076.91027181 12463.863098909 -6459.0230106534 -1068.233727979 11463.534637617 
8570.123491325 2863.3481496058 18220.729703353 -25697.572255001 -8071.3515462323 15398.950753174 -13369.785845992 39.12141933997 -3405.1803919592 -6328.118618133 
13701.436225033 -3177.6908291009 3313.5767911031 8107.331829235 -4429.5479607227 7549.5536085269 22431.878344566 -18519.758744137 11410.474825208 6758.7891282196 
-9143.6793121816 -4008.2585205807 1769.5028399431 16790.499834241 15680.750728204 -5075.0215849118 -3623.6915426052 8850.3558784439 -20602.471243941 9137.7015353298 
-12636.072801651 2256.1580290631 1416.6058004435 14087.895841091 4265.2011627382 11846.911027538 3836.3151751598 8794.6232186458 -12188.299417743 -4011.4492353897 
-10621.94030078 5767.7544289767 -4251.3435725728 18552.564386812 3055.6815887071 11638.916399793 12258.641089511 -6137.3256933459 -4872.4116405087 3382.4541902411 
22306.235281711 -469.43334683342 7389.9137853598 6588.2680269506 6843.5154760295 8921.2100949477 15825.210077513 -4540.7521392199 8653.0064148967 7197.9583529807 
-13759.453119247 16868.782209962 -1057.0267720524 -7364.63086228 -698.91855342172 -5136.3261230949 -15223.171306632 8413.1500182775 -5268.6948115654 3176.575899119 
-7170.192843872 -14149.358882209 -12000.073765025 337.82730141666 -4147.9847969986 -18397.714672633 4943.6932898814 -2638.1164851033 -195.83559015459 2400.0581444923 
9184.9579470848 8617.4474380189 13146.215296894 -778.30098383302 -712.8200859391 17543.415150849 11067.302421351 -8519.7688630959 3764.5324537289 7464.9987853303 
