16 16
-1486793.0649071 -474306.18726601 979356.6417712 1810702.8769434 512755.81837717 -115363.78719017 698554.85723402 1107330.4536044 -351115.66900523 397347.85732851 762477.75898052 662119.10498587 -555661.8072427 1734915.6824652 -256575.95430183 590962.81996188 
1237573.5040892 -1129334.2833447 3015156.0233558 -179124.41856401 -2316350.2899909 -2312654.5634563 -538596.3254349 804286.62751123 106664.38402658 -1290410.7459995 1669878.0095787 -181344.91767475 -901453.72503037 -816740.26945062 809029.58902952 -399344.83924921 
1238742.9762895 -588707.87584116 519596.81221628 1525864.5301727 -744032.26888052 -1411883.7331568 -441842.88399504 197948.89769958 -2967922.1214353 867974.2328708 663740.85672436 1056380.195729 -916834.73919262 -1247368.659563 2286814.9378094 99099.056944645 
-199237.25183186 -1322627.3056562 1973102.7571316 -682808.41065709 2998859.9382032 -100189.7823187 1989548.5009233 1414463.9701126 -254378.07220841 1382032.6986107 -128420.64885102 585584.7560692 -291923.51521714 1805434.8056244 1020602.126824 -872405.38228987 
-959764.86791294 2365158.938451 1287922.8861376 -1022231.8029457 -37701.340086339 602078.5602389 -3535428.8326792 -2399620.0098767 -109401.80606714 -1230392.6872489 499564.07148553 -330619.45917937 1730022.9476599 -1583132.0475833 -1622864.6038136 -1615214.7111664 
1505948.2071116 -374787.6160864 11285.676006704 -721253.4935318 -1173044.0451296 -443318.88912631 -1305787.8033444 129708.80330188 -988123.96463136 91241.026208766 -464456.86191755 452518.12111443 -172453.57897742 -277836.99906367 780565.93357742 -806511.24463232 
-512851.47056868 388934.10036161 294825.25929407 -1292608.8151506 1842625.5817809 -7758.6032046646 616372.63909543 254688.95930472 1695868.1010602 -12317.678409833 464968.24069647 -1264540.9579383 -2014294.9987545 107730.66462895 -397288.60873304 -761389.13665155 
-56640.289388084 719322.50230405 2932950.8927213 1610873.0945845 -1330767.0568858 -471564.10662161 -72411.216455331 951517.76475669 -93891.330906557 -43882.121037525 230135.13538165 492367.90760246 -1012087.8212353 226395.00924457 -452998.25041807 977339.57453032 
-2025207.8746977 -1326153.6475033 1291547.2623676 3003648.67233 281577.25475785 1146051.1185215 450087.64623417 -180429.93184215 2003045.9024869 -1935924.9204958 1331517.4643292 419554.14846711 1189461.561952 699608.3154859 -1682904.6487119 708776.42200243 
1714612.6345657 548359.21969161 -1256350.6178055 -1241152.8556478 40473.184446061 -1879524.9512523 1228120.8123524 -349680.33186703 -1364279.3768147 -351187.94290504 -520803.16978732 864596.46161933 -431332.15768111 -15715.243140833 701754.33585582 1315170.8267675 
-137011.52036433 -1425634.047501 288975.15159405 2722161.5387473 -943279.16469808 381137.59989084 2105404.6219166 2921996.7619094 -1423984.9438897 1596549.5502456 395012.13001336 653880.29127808 -246739.77179934 1975132.9262292 -658049.85455874 1891140.4758942 
1837591.4841099 519114.44537139 -1281309.7945787 -2071169.0406147 -995858.90942499 -662546.26694758 -510008.6301982 1885698.6599285 457468.4150223 -751673.6896851 842405.57961495 -739872.74630893 -1234241.3065803 197808.59889417 -1902402.8610382 2065361.291893 
-1153262.3119146 2444707.373952 -1373582.3991249 605335.61481771 1666941.0458704 2133408.6764759 -2041100.8188838 -1300200.0605626 -77967.271694473 1288084.8831851 -1538106.8248027 -2211093.3592782 1194471.1001631 -1608632.5700791 -2830153.1561681 444025.26759374 
-112274.95047682 218233.01686163 1187349.8706149 940769.1479381 -345928.29440486 795928.54203308 328432.07419013 -2825408.0249271 243289.20503392 -619725.83485642 1811752.1666918 -805340.87845026 -705155.24807704 -2427338.0885021 1528495.2214327 30339.979719659 
-783917.16012987 -335176.28056159 10200.707716957 1043886.9251738 786012.52580067 362852.4673365 -792366.52803513 1031222.376064 -538883.38694035 372916.51070458 62055.448893147 -373966.24968712 -430626.65568228 -331651.07391435 647436.07981768 412437.23279373 
2002679.5487304 -67537.971765765 -1118430.9830591 -1817416.1165278 202764.038953 -1090186.6989193 664805.59432184 -1298321.3743484 -366413.10283031 -101772.99032801 -741462.71258912 581429.12375482 -589475.88190929 -708334.26712336 631785.85809224 -1549908.5013316 
