10 10
-576048.40831189 -420194.93269662 119762.00198942 -1941717.8728484 618967.99941499 -1372701.3487656 -407448.67916194 163032.01551017 40272.51809696 2112776.9309545 
1779612.4660766 -174293.95838805 -1373422.4176724 -151219.56672704 -794610.16970955 -1334054.2383137 -858321.95797623 -316248.67950548 999555.09679553 538610.69125993 
-238697.44415264 -3055800.8528374 -627910.67238249 -310404.54864361 -904382.23566547 119026.6176525 912555.51409342 1152084.9229038 -1484059.3508217 823698.62455109 
1628615.9325559 -810770.48069465 363899.46132964 -643397.99264116 -144577.0025222 -1121613.0389866 -548123.07157066 -863580.72546106 2083117.4283366 -307037.08108774 
204701.72435866 139929.51094224 1251928.2234146 -221844.42069232 721936.32657478 -576821.79818965 -419814.25867389 -1579417.3439558 736340.47416444 126510.50770449 
-2312318.3047204 371383.82081317 -244488.12868638 -495624.69884543 105369.67940646 1307983.9692816 -889801.6301309 1003272.6983894 -1843108.6582674 640030.24517816 
-585315.09504946 -234154.91861014 1251989.552276 -2131780.2582855 742118.94390048 -105168.03054581 -1527.4677016452 -127427.20521237 1123296.8426896 599746.29366023 
252796.19979806 -1811184.606342 1145230.8381727 1333826.0301963 -165744.98492347 891646.92854292 -936570.22048166 1802665.5402046 -2470350.4560746 -1471584.6529734 
485942.9832311 -2318765.9738121 -288293.22635348 -241840.47233771 -1143894.8473943 789289.54033395 -789110.09845838 205105.45247045 -83185.377816509 -222901.96061808 
540418.97588214 1459789.6823028 -532578.33202657 1595563.9724143 928789.18334709 -672573.38015504 2269911.8441182 205905.18034924 -295530.98769301 -1571252.9572149 
