10 10
-24.611088463446 -150.52378482412 57.91594732315 -89.851168828002 -67.682719829733 134.87756702878 -153.26980674856 95.551366266199 30.763325205565 99.836413734227 
136.90265841878 35.336018120267 -109.74630168643 -20.39049092833 184.70377783551 -60.956032281631 -56.455164357284 24.61181109241 46.829174795039 13.242300050928 
202.05085756208 -106.21356651679 -81.825725602747 77.084582151811 80.175692089524 -154.10771102058 -86.18952456304 -128.6278371283 122.12403373361 -188.62063428787 
-130.52937573031 235.9861394319 39.241280336372 -13.350189793444 60.401032663308 7.9115461395374 164.44266900788 100.02761187331 -120.77455998939 118.41206780757 
94.740759242824 -76.541453931361 2.625258660622 76.299904050724 -86.675536735497 15.118225173569 -58.711075194378 -46.624962780696 0.59805668462071 -97.075738526389 
-93.689295900684 57.902435511071 109.79928122241 22.621101303555 -13.981284264122 -23.319983860965 14.4487933885 -0.17052929449933 8.4993817522884 -30.234749794788 
2.72056579419 -123.07313449673 -9.2131178558504 50.887802113541 -14.30247170811 1.8168009058278 -146.86245215144 67.461812892391 227.39772456207 -130.33264034669 
106.00164087187 20.431643221261 75.450031778831 -99.356443727433 169.24137005853 16.30965475318 91.695741478676 -0.72467434730596 -47.750581723133 -50.36256606412 
35.939699370675 1.4382692116607 130.71953882711 -8.0795489829569 -10.166478000888 -173.31857848064 74.842552111166 -113.88865920294 -25.874135784364 -112.24943501199 
-85.816778186613 -101.0168944217 110.51706858522 -87.635964486748 128.87830307043 33.490746635194 -86.601316636193 64.891702416631 151.88663575461 120.83337075519 
