16 16
169205.95307047 577690.7486596 -2627893.0047885 3085919.2799967 -3464766.4353497 -2120483.1165179 1878087.1125671 2357943.9209228 -1435442.6721851 -701607.27648054 121055.77469921 1951188.0714136 307435.48590902 1467448.3395207 2259270.0715555 751639.9041248 
2478406.1272661 344664.07677385 330426.18469689 1049045.7621394 -2654736.3355836 10285.150861313 -815762.49362749 1016306.9153563 1310010.2947661 -3090452.6630314 1264645.9522583 573674.94390215 -1815944.0359147 -1688911.1078915 -215699.64601206 996220.77026717 
1272077.6991219 248035.45610628 864166.31771931 315575.67610453 338925.37049735 1889102.6121607 -2945763.8763013 -1014437.5788188 -99005.88113768 -997299.18478095 340355.60004623 -949009.88581525 -1930449.9847262 -557639.02824115 -192711.94224757 1971317.1036006 
1182619.3099964 1054028.0415325 -547200.37521163 247598.85638213 -85253.850293255 2401725.5984921 781712.99265651 104286.82427605 -736207.4039785 -280607.76553539 -718827.14075569 1392296.051075 -839559.19207278 -1345084.4409756 -2380794.274204 -631328.06192351 
-180497.17543598 -1460056.3254672 -754962.499918 3123242.8033837 -549016.38751435 -146152.7707836 2131730.5792696 -630468.46008547 -1931884.6867331 -768624.21122382 1074739.8199079 -2147110.3906612 -25144.163579603 -3482673.6458804 -1455724.6847651 214785.2771986 
-308669.91815702 -1058818.8020302 3775166.0959822 -1053195.7617407 -464014.52701483 856540.08182317 -40331.891662482 1855995.0430538 878278.47110965 -1181200.0444674 -1478813.865836 855872.81013729 970253.13189595 -997071.48146098 -419401.30300354 -1403770.7613877 
2087181.968772 1126474.764881 -15756.318343604 544961.86634105 -1790998.015413 -541967.73939224 -686935.68392421 1819596.7380246 511573.66743393 -1313072.2233541 -1118640.6299411 1635116.4470221 207125.03444217 -644153.69980938 -208598.28103796 -702627.53693482 
-1845347.5818577 1539648.9317768 1497132.8752685 -874808.60079608 3523469.0194157 385022.55418829 -1904786.5255369 563863.81510105 -2071412.469061 1657583.8963639 -2673912.5788808 -2897860.1502583 1100090.6511884 1689424.6504233 932706.04234218 1932879.9625066 
-788932.03095929 -26830.873978513 -1491832.7490311 -105735.27578644 859411.7812127 432440.34417264 -720589.29166711 -142628.60220972 -1727199.6993195 248489.61233477 -1074944.9040363 -430908.79128606 168262.13513462 197374.07657179 951183.9884053 -732663.59075854 
-731698.45262498 36858.180925749 -636451.04022708 1864199.8664095 -1194200.8391742 301800.22976364 -104204.65808809 -210931.36312347 160789.27944729 -1288499.785059 830992.08233118 -2462887.8398453 -2128145.0257379 -1319503.0388486 288868.10764035 2427661.2114569 
524425.17354738 -964886.07389464 -1486927.3538053 -731629.61070205 -708705.9402369 497920.80907861 643798.35534469 -413891.82590591 -442967.09221742 441569.61240723 -38944.931803389 -1645420.0109706 -1202373.8416286 1311155.5143398 333499.8324793 854258.81354042 
-881925.13864469 -1389069.2745186 -212572.76031782 221496.37143452 -280368.21340068 -1041757.2849264 -580849.43476529 1090353.683237 -1124292.706808 253572.2193486 -1180767.4585722 -733907.08013289 1568496.8235398 2376440.0254675 3045636.7990931 -227028.68620968 
-813711.12945665 -216807.21626826 686456.14899406 1762903.3566277 316783.37125164 -2082774.1142949 1418999.1839843 -411646.33018234 301350.65468838 -1618139.0270512 1478133.6024008 -191286.65706942 1034435.7680725 -282802.43966462 643565.70578067 -453776.44658925 
2552605.8748756 1459587.9379275 -1935258.232287 640996.46060086 -588381.18587416 662450.04869554 542833.7651697 427621.15855523 -431230.30712573 -444246.41632373 -93185.691641171 291061.88197999 -2153142.6089337 -1308226.2733436 -988274.88488267 1200775.2194293 
39070.805017446 2657621.764854 2754313.7685095 -1896590.2334433 2959604.3786566 -843573.3581107 -1598164.3091054 -392537.1452316 1922856.2284324 -1045291.737678 388217.49779175 174128.40044378 1130763.7770821 1094741.1451548 -890339.94111523 -1440712.5572672 
275519.67367463 502281.33674302 -923052.34176292 81944.641727834 1057850.8610025 -381181.66726252 1820106.0895039 -353528.48348274 343515.46828559 1435076.7538309 -690589.68207482 -1318683.4915633 34603.199136944 322277.50284953 -262814.72323356 1285025.7258134 
