16 16
-0.96377781662119 0.3841790841459 1.6284718724004 -0.66563124691299 1.5180683185043 0.48137378190012 -1.0318350032596 -0.88657414649159 -1.3939990241083 -2.3335500577136 -2.5539230001142 -0.28794820767055 -1.1536025918744 -1.4879141302809 -2.697564710624 -2.2057166209148 
-1.0071339822382 -0.96108047361957 1.2500151125464 0.63613659961442 -1.08254544228 -1.63339989366 1.6209364131856 0.3496496024082 1.0468339343822 0.97132011708404 -0.46853069240285 -1.1775320650124 0.3160771269848 0.11903931202325 0.6989155227855 0.16203802135931 
2.5740390497584 1.4990756412668 -1.4578795441965 0.44489213399237 -2.0371875125864 3.8208505679451 0.82135576309679 -1.9651011838204 0.69998811866049 0.16685961785109 2.5313787916344 -0.26291633030059 2.1936402312306 0.95694466830371 1.4598237194619 -1.0042169804597 
-0.66241155164307 1.7737331222182 0.60245740764431 0.99642465185991 0.43051047221057 0.84194927897564 -0.28448659219932 -1.5763165822126 2.0124737413259 -0.54917716038013 -0.81168177887354 -0.84056318431762 2.1678065000687 0.2399157065921 0.75886529170542 -2.449150170377 
-1.9595605698785 1.2202755038425 -1.5547736454409 -0.48160684357568 -1.6735285513013 1.8468273479434 2.7392711648073 -2.4898463057082 -0.17342558029611 -0.80859660867203 0.30646816411559 0.31529789825045 2.5088235517831 -0.75066178912926 -1.3753409285514 0.71257866442571 
1.1560712327187 0.46464908595718 -2.8608783917694 0.48176351785712 -0.61650627042273 -0.3017726385577 -1.8622930008767 -0.6473649259268 1.5138533309301 1.6523030472652 3.6601223009994 -0.067980262679267 1.1280369703353 -0.7368305992234 1.3830176133561 1.3281252052694 
0.47090775177843 0.13387905076413 0.64130327940344 3.389839638748 -2.5150386851463 -0.49511393138031 -0.8783989253508 0.75728447447944 1.2653608479118 0.37145212164064 0.66808987906616 -0.17456295334687 0.15022941802271 1.6086006035577 2.7465860250927 -0.96458056113506 
1.6167635322124 0.99584655485578 -0.59004460752748 -1.5350406967222 0.73183811779187 1.6948472313214 1.7252520010691 0.17557483275174 -2.2231390355113 1.2522234445018 0.45141819663934 1.8785421196369 -0.10530100553572 0.52817090025479 -1.8049666809746 0.99388076454026 
2.5069746811957 0.8599240557229 2.1761057984382 0.96802367243307 2.5391515654267 0.29400588967313 -0.87863757014691 2.1477431627831 -0.77499775534296 -2.4306153660821 -0.63670187818504 -0.90439875380001 -2.6554703490608 2.7018802259737 -0.36608908822294 -0.040940668776192 
-0.59466147732442 -0.16418168739988 -0.010009493549343 1.1164327142066 0.58945795974797 -0.89092253481487 -1.879210599258 -1.9951959067873 -1.4227250866768 -0.80586982239823 -0.22525636267637 -2.5239689997428 -0.60851059892817 -1.0391533747263 0.73231468960743 -0.5014428541107 
-1.5808164500224 -0.044829342788582 -1.8661527001569 -0.034692960230118 -0.55435711239966 -0.6741899831338 1.3187000897839 -0.22290027350266 0.4035022881363 2.8374476124373 0.26116886747004 -0.31350605528928 1.8578971983252 -2.6350244523307 -0.29869657213481 1.0077204418418 
0.3038216511915 0.25110468659338 -1.5383619286387 0.26632588774224 -1.036165786905 0.28994364398917 -0.82569768326018 -3.2895302760227 1.6158589843509 1.6197775351749 1.7656172107114 0.86900928281123 -1.5697024320756 -2.0596936665842 1.1047829292806 -0.18854057202269 
0.74631694700501 -2.566503646547 -0.27115242028214 -2.5309321552047 0.96197581995719 -1.6449313111997 -0.98878725158876 3.6520609968007 1.2638864539584 -0.85144085745135 0.58116613923768 1.3698802948379 -1.3081481977061 1.2821676001748 0.88008927674614 1.4568803257029 
-0.25766975016559 -1.67941173109 -1.8180110708404 -1.3886921047406 2.205082070976 -2.5666262485842 -2.2748006981841 2.8496288820986 -0.54975047945823 -0.049938364108694 -0.58577748967463 1.3051313811185 -3.397335712491 -2.4376434462035 0.65784429550518 1.2204151275528 
-1.711245454279 1.853965348617 0.022207097279608 1.5677502042961 0.035931903378487 0.43901284077488 1.9835488638211 1.1132532980235 -0.62619306144749 -1.8393542652538 -1.6382477196892 -1.3826975154431 2.9450131356901 1.6011149989836 -0.87189862211083 -1.2457819217696 
-0.92942569779105 1.3894860686777 -0.83786718835314 0.8730029510741 1.7276067644305 -0.94957413227021 0.040385327589259 0.16630491731619 -2.815090179424 1.0443236235898 -1.5393504693533 -1.62497894035 2.0329609432553 -1.7696325967467 -1.0266467068679 -1.9996633689402 
