16 16
-100791.90002405 -2300858.8019944 532700.49175766 39260.175877438 -1597209.0721985 -1782364.6460164 2015389.2573198 -123432.27737188 -3251498.2466874 -637137.47435544 1785948.8004827 -1707322.0489614 -1350200.3671736 2107993.6124432 -541644.57436415 -1106551.1495877 
1873948.8683515 -805433.02783211 827966.30300734 -468447.84311292 -132085.5154097 474313.99955877 -1755592.6494372 1420680.0400863 2530675.2301705 683063.2026605 559726.41752765 80307.785638914 -895997.13682718 223314.37440157 -689594.72426673 1521280.8061831 
-1160290.960114 22372.268503981 1929603.1395877 1055402.3948431 1363074.0951976 -1995604.3658519 -954029.44295288 176748.28528569 -130198.7217871 1022451.5367213 463423.89618714 -562644.07388432 378383.72432223 -863981.78974244 472624.46048411 313061.08116386 
-350086.22194283 -248555.60764723 -1280622.7328842 -1204097.844703 462379.10759637 -245191.26334784 -666257.74134369 -3455720.6025119 2270422.7419967 63070.911921197 -3265426.6162132 3442773.0609891 2386770.2216467 -2049132.666909 1041318.3893056 -560021.31284785 
84120.369690302 -85893.181814416 -1290974.526344 1531722.7687643 85330.640264849 -1142791.9904845 -1015558.881583 -1097909.5593441 -533969.23408749 1000927.9816339 -1365982.4000591 -292664.91700221 1944759.259857 -34112.535093419 155215.98259342 -1248189.5476256 
145697.62350369 -492245.22908593 1514104.9295837 -192327.09027099 -1621860.0279707 -1659767.046135 -1106196.4744861 -1429432.4813444 -199432.15086334 376114.91537923 -1449962.3304486 2568043.4685185 -213327.17531064 -710241.82232906 43218.048704447 -1930483.2035009 
-893443.54176223 -1727539.5886057 486652.28950086 -285541.95008135 -947097.20004802 -1256640.5427481 -386766.28535861 -1861004.7010049 -1271723.145745 -1034375.9505286 -1351934.6983782 796010.48063733 -490034.81143765 65715.761181987 312231.99190083 -447213.58345322 
-2074078.3896293 -269635.15755891 372058.29220018 131793.69604964 701020.15912522 -1548876.5319588 821627.30718552 842308.75827691 -1923632.9123583 -1447671.7087126 607433.91832008 -1026111.1718019 -2190023.8020938 627337.29668039 1274725.2513189 -1136344.137933 
234462.7520984 359134.21043018 43069.719802027 -2449091.2591352 -1220216.51688 1128046.0549499 412105.89190669 653494.57241205 866096.05111878 -977302.29009329 649571.46860872 213213.85464836 212271.64757853 -856914.26125039 1283026.9804627 924514.64300844 
-2136926.6869414 268601.80634407 553080.77492847 -521864.90966179 -713742.73865509 -1227060.5478663 268896.75419948 -916371.03143478 -1005641.7938247 -989714.81230493 -1818585.5317414 9340.2715846457 -249119.13770716 -696647.11817119 867761.57060839 -2990810.2699121 
1606558.3203959 460646.96016057 657390.45492979 460875.28180179 -2845468.8256251 1098664.2129021 -2433012.7223212 370563.10342236 2107229.4032831 574188.44043283 -1446940.3779149 2380932.5774909 -119790.45905945 -994771.90217089 660758.67044302 -97022.340118682 
-440815.22885899 717913.44146185 -605530.27335313 -1630604.5221883 835390.2827109 759093.86406157 -9244.8157450912 1098073.2317693 787175.29522816 -1394605.0735295 993431.19544866 -118021.2413121 -1613813.0301353 256579.36805004 673965.60024273 42020.997735903 
-1155468.5009367 929092.58469655 -1152148.8001469 233325.12996347 -231926.89266919 -367602.30419037 601919.34605751 -1234615.387326 -2586040.0800439 458865.18415143 -895633.99348566 -1616097.2693901 -523148.15174034 1108723.6698104 -1624425.8502747 -2720701.8474225 
207222.03042393 -128414.16249139 -76140.508195459 255254.47492115 -1075685.3647926 -528192.70448549 433970.00393032 817494.99851935 -1297375.4495756 271633.32450921 1161239.416151 -2184957.737366 -611912.33257415 845684.02273503 -261580.78131693 -1047007.9879031 
1684288.729259 -1958383.0540883 614571.57936183 1566934.8316799 -849536.15731443 -595140.48284163 -1296882.939183 183551.72708097 -497721.11737607 300357.40566788 -2139047.5431084 1565225.8297374 -2716259.000162 1488149.940432 -528041.39025407 -396440.51136323 
-79635.893493769 325827.8861027 1826280.5733271 1638248.4968358 298060.38177064 280359.55777401 52790.400916209 753235.01074129 -853977.50887027 1057639.749718 -670017.00239853 -1108446.4013134 -1099642.9115405 165846.86716116 -854410.33979311 -24264.14227426 
