10 10
-1178064.4610138 975989.57776842 -415866.86887698 -619666.77073079 1505353.2563292 -770884.20042693 553113.20740272 -625453.90528206 -892089.66844116 -782161.08896966 
-344242.04260036 -337351.10644179 -1272696.1278154 -1004307.6754814 153532.25282956 -1433532.0177229 265781.95986065 1386864.5410998 -1939682.2381744 -821898.42000841 
1127206.8474844 792148.73149333 -1667878.0986965 1501240.2482996 249467.95604517 -1479941.7987751 2323885.2150523 2225920.6647112 -1545059.4237628 -331491.22484193 
-212855.19281649 -1443104.7517169 583387.49457637 -1462265.3053415 -653658.16913048 -109760.91481138 -1226704.5522374 -1041421.6936451 1995546.9020683 -560031.49809917 
993622.28035056 -825425.33600142 -385403.60091989 301493.25610408 8483.4576902477 -1369500.0805831 373791.77549472 -534374.21815195 -156477.71239479 471262.47939283 
-573640.23656706 101541.05800681 380111.29010285 49792.716712608 -82175.321836873 1135107.917919 -447156.29369562 -91736.933363454 -1003521.2151952 1064105.3933901 
24920.917422549 -284043.50788051 -528525.70424691 999146.57485037 -1177659.8555462 948039.14926388 -143054.41944544 697951.12137819 313410.85875519 1029695.3559227 
626549.85351888 -1136805.4776755 -665539.94238483 1307420.0145874 -323717.09729257 257775.01935449 1604666.5061991 113597.87890844 -26993.138640545 2567718.8048746 
-361989.8252579 715756.7148887 1021646.6946557 -356462.55987824 -1049258.1611025 1530425.4598941 -1066674.8122174 -465485.61041347 343692.40349218 107970.05615285 
-697659.93501855 4107.2360257126 1069409.7389061 -788078.72947686 599929.52243137 827924.57505925 -1314551.7013839 -612586.61489251 -1692923.3658973 520016.68492584 
