16 16
-105361547.4522 190162367.67238 158031100.51036 -206412616.93571 217710948.10299 135707874.9071 -108558674.79164 -132966355.87868 32122610.826027 -116989704.10344 181075741.1361 -94570699.521845 -19729912.698458 78222037.563878 -152104598.66171 18796882.494015 
96193925.40956 42920523.799987 -128947651.97814 117287587.35807 182140336.16623 50356525.415104 -169282896.81378 27323020.881794 26650707.326743 -8998374.5333444 -119747648.68747 -28586438.282844 56746255.470304 108811232.95114 -213670191.39938 -212803986.80791 
-17216514.365821 35740488.377782 19231604.878781 120623832.97787 -107309365.71299 -198185447.87751 220941579.41079 54665485.052048 152016337.20081 1573882.7153979 8954350.9036341 -41589109.768313 -214628680.81917 -93651936.308347 14898303.214939 280939739.36402 
101244117.81099 52560012.214451 186553662.2496 -130104896.23871 312355643.64493 26544139.973866 -161948863.37789 163129435.54615 -129118297.79119 122393946.83964 56135186.36772 -94773817.234211 139446757.75298 -198404319.45372 -36809663.868944 -175822174.85832 
2277404.5835153 -23400196.314228 -141758257.13551 -66992504.746626 116389519.64263 92593182.735394 -126195370.40295 46519662.339697 -126205330.38883 -86203167.972366 -57103208.555218 -4153137.4511074 28432789.419248 -44004041.705988 96374290.400801 18793499.78546 
-48041287.14332 74317936.839533 73011242.033753 100773493.51755 23435493.049129 64176419.343053 105235625.14756 -44965731.283543 -67007606.786368 -15884514.221592 -191126807.30524 86957838.649545 112194490.69321 -38481966.251997 1388305.0157439 -29080782.767805 
59155653.97605 148689208.86888 -9675005.7774613 14427306.712665 -65317899.472199 125282760.99494 23196810.778276 -39784050.109682 121606922.69136 -36752919.449239 -197053275.41356 -207849400.58515 -77505506.502402 -36735858.91112 -174114123.7875 280091846.21822 
136562714.10342 2399422.1419917 -86825284.066444 154079507.4933 -128373942.94455 -216294074.45447 182988441.99659 -94432954.245647 -107009418.64686 78425632.679371 -30071420.209978 4315769.1109433 -86066815.451275 -29849908.604262 51665253.844855 20896546.367986 
-80828473.902161 -274943022.94318 -285581938.45357 204121590.32702 -62097170.186653 -32301167.709535 -152632147.66502 120230217.92173 217862686.96878 -47582252.891263 151628425.97239 144620909.21371 262795871.02211 -67101491.785921 217807836.75773 -41318991.223491 
74254169.62382 -129789509.51638 -202918840.85212 55469550.512908 14015574.401612 142168435.99311 -28613123.759169 -84348936.82813 29874400.608652 39833113.594491 90244146.105895 133996648.60647 39136939.118217 187393414.47717 108872539.0565 -100047813.04047 
118820307.6211 108788113.90947 -60736457.786816 125333618.23 43153556.148255 205148766.58324 115513632.62371 -121315381.90509 155217521.29042 46029607.820086 -89680346.278611 -194225846.8566 16511360.503475 -82977933.600404 164832287.3394 -24752919.893263 
88976243.471752 -90333228.316694 -41734459.983292 111621413.01166 106813193.36533 -33659832.98435 -132256991.25212 107954847.1205 71718925.943686 61556721.741852 28246473.580317 -67099994.112595 26357323.079936 24498121.406991 -199392260.81052 -66084031.423973 
62118316.084807 -116214572.84114 -175382203.7846 -101727631.81074 61911587.234743 77525054.337691 -335658625.12448 142259363.39746 141130793.08265 120837017.00322 208771216.28159 163450544.40597 214121481.03097 82291773.249503 96154987.346513 -148518701.6363 
-219025034.38871 -21088448.494987 -86181699.866333 99865445.313382 -101559250.87418 405834532.18329 11594824.240117 -396742018.68573 -152796630.721 67800436.978233 -366716380.23402 -125923752.31214 228917495.07157 95347378.004702 143414046.63444 -38101496.321524 
-187852795.38238 -25424568.177272 75765626.856504 44375216.145131 -207350515.96786 18526265.593345 5263976.9518232 -190073597.83168 -211900157.88692 39025519.454213 -171257593.10874 57641879.196439 -92753139.724916 224683267.12917 -125027129.47465 -71198020.894339 
-85007781.494455 70237015.76287 10131809.768687 99421305.122853 -17567652.269922 53672772.808783 -160812093.05425 57063117.649189 86397127.93937 -104299775.04 -93450244.111967 -237108993.64573 -8988619.8005755 -56174520.553068 -2821576.1536383 -170495297.55933 
