16 16
144.74537333013 325.26549000185 -96.61800108159 133.81999019011 46.530821844447 108.95191817635 156.90978883906 -67.638831097208 -81.316453029097 -4.2260053467634 -44.482106831539 15.565401203586 -122.42735236179 128.12266694011 154.0728233099 78.392778361132 
12.058782460782 -11.150213269823 134.1480141381 -115.90060476527 244.85167461532 -26.586355405423 174.79999280487 30.407197915685 -154.3204055287 -351.66612297364 154.29709938982 -230.66231774462 53.526977683905 32.790589100491 -225.28745554189 -135.54397322331 
-8.5139517397442 -116.51515053698 16.220852764406 191.56355920727 103.44821993322 459.04110484795 60.056853035563 -101.7260861464 -83.521929234049 409.70575940593 -338.74482586252 -1.7168267617749 -235.14992753529 -281.42490493213 40.567716645236 -80.325928726156 
283.23770452897 -139.13299565838 -195.27355669198 -137.63572939326 -40.095312318833 2.6783500315189 -33.79814157607 249.40712557235 -158.86651442493 -173.047870549 170.38922441982 -210.67969254503 326.06027998602 -179.0784929511 79.093095639135 74.310273648524 
38.016158600345 -71.254677268457 -204.14000450148 -189.92596632972 185.84199619904 -33.551443841721 -45.551423733111 193.17767677763 63.109713479734 -15.759752100243 14.151209720383 -177.29837521617 174.02879501809 16.297855679231 -405.78412595501 -84.903369534426 
29.418327423837 25.114003184282 -34.213656126456 172.99750919509 189.91339649315 30.022723295243 139.65677211125 -96.162135443996 -139.89578182465 -14.209874582564 -58.048439839769 15.679171999134 -170.67776732857 -78.255757630393 -5.0577448762967 -123.71749280431 
164.67113412433 110.11984957803 -95.976695509644 -10.933138126259 231.72879945604 225.90972089785 171.82783398938 42.195916544619 -36.35840902658 -161.40173341128 53.974007819561 -302.28531767904 25.166486801207 -17.360317569341 42.513584503303 16.752702241527 
92.63401414794 30.669785735374 -171.93331732294 -132.11886055583 174.15928897603 -130.57302926635 124.81719263602 58.60413551573 18.734751480367 21.518857625741 37.651025844827 -52.990377031632 188.71892640781 236.96249011911 -106.96819660996 -107.97368188385 
-93.491700634733 17.864332806513 33.517903467454 -87.598033979217 -41.278950070193 -27.29948955392 -171.69690355014 101.35070196915 301.43680162751 85.676393791437 -30.949867286943 136.51668900017 46.890493474195 -33.517348008965 -31.314831597052 -136.96761755451 
-312.6216739941 -15.996849508148 314.29549167434 40.416828471193 -22.898273202509 104.50101724045 -128.97529373988 -94.698227267846 272.64338194014 103.52683384414 -216.48764173163 188.95092936844 -220.07967562674 -142.6467897611 -51.134328265329 -300.00219308409 
188.09414275096 -61.846726612469 -150.61158568608 -83.573450471605 93.407939555198 43.686036401712 43.057774860795 102.83882280549 -87.363720034216 -194.58376760294 214.59833141095 -278.94352591292 175.93126588582 46.374560953028 43.174678018183 108.21897900155 
126.17979367676 19.922925778218 -188.02804996017 223.73787155681 135.5509326716 61.122205383348 5.4859938378394 -196.56546235671 -17.434724338903 112.22113876781 39.459732148782 88.431191707193 -37.858434993968 -71.425570329315 -29.774208353034 -70.49529439219 
-21.288883493658 -23.544416938216 9.2084528232625 247.56610878532 -8.3077145503313 169.28148724295 -38.823008150339 -141.71813453638 -50.804990835292 227.84267605893 -246.99380677755 187.95336639787 -239.30315751211 -281.08241979321 35.59165087466 -127.59083645361 
-116.2239566706 -104.59480944063 -128.96442869631 -134.49517482135 237.64602002094 10.935943513732 -41.799921556308 187.07734743774 208.26124143841 -77.05765471132 -121.86866028395 -268.3526491353 41.99146811332 -38.025006130503 -212.91942171088 -79.66111835497 
-131.11988776436 -25.692484075019 56.638869262292 69.789865979016 -97.879514861223 18.002710773133 -16.173356349989 -74.436967003744 40.959605443078 19.889848718623 -145.4103628406 31.717491736256 -174.93239135675 92.220552890402 208.35133833025 102.57676644528 
-50.620835307668 151.88587436153 47.724434127734 -22.791473389659 -182.94048721729 58.730859259064 -52.003738563116 9.9936222243727 53.827658428337 -58.133670799678 74.141992539855 123.85720405402 -159.79160469288 -41.697152429559 -59.989959075398 34.531885952376 
