16 16
0.55305058124908 0.17013629876958 0.19228743396984 0.95826882848271 -2.6316284731678 -0.38570199886023 -1.2802345058504 1.6954573046352 0.086222638489855 -0.35163340932948 1.7301874838659 0.11209284806726 1.4036958276261 -0.8118671383612 0.54827017744479 1.4983678684638 
-1.7739846244931 -2.4512199004743 -0.056449583757357 -0.32311231393772 0.10312441876517 -2.0213246849159 1.1322232322602 -0.16406560114972 0.73067143872909 3.1272077654698 1.5045548460356 -0.74580245346058 -1.1846653012082 -3.4089897501452 1.469457776758 -0.6532592180807 
-1.0266823967742 -1.2189744347468 0.62318726919579 1.6210609453903 2.2881004549889 -0.20040659010747 0.79919879071078 -0.88577698711846 2.1195088194183 -0.060883867198684 -1.1297911709694 -3.0331130828219 -2.3465618607898 0.27789149245364 -0.23395430875801 -2.6872569958238 
-1.2502462470841 -0.31995396855229 -0.21329928948313 1.174269180442 2.6695481079141 0.15220869661171 0.52161145806222 -0.41008435441247 -0.24303515314711 -0.64454786337317 -1.4068667789112 0.14502775690535 -1.2012518356847 -0.29758480529532 0.17128540234035 -0.61940899242015 
-0.4221159179417 2.9969436388857 -1.8803769933204 1.719103357978 1.8349857919622 1.3180158793671 0.90483980946179 -0.059997175687967 -0.57081788600528 -1.1842845001235 -1.3315789707334 -0.80826562061102 0.59848001583361 1.9893946907558 -0.06948387892072 -1.0730900118513 
0.41066813384113 -0.83657539211794 1.8461781623892 -0.915226723921 2.3410252175137 -0.48003339789868 -1.3281036412286 0.59451040017308 1.1516425309573 0.98410270837527 -1.4975859786937 -2.9076268203817 -1.7954645777269 -1.2676006786905 -1.5771072912704 -1.7345565415812 
0.87535646311956 -0.40567565123054 -0.32754293195757 1.0833690697912 -0.72496210011409 -0.84099271863044 2.7148272256075 0.039602102153701 3.0370627937355 -1.4329389108122 -0.74211900232442 -1.1166512963485 -1.3859642242506 1.6366194172423 1.1717781459669 1.0837323172214 
-0.60987428296121 2.0077137976284 0.71215295117537 -0.34982506751789 -0.14337131066422 1.8907707987261 2.3063824028225 0.68420903169954 -0.42088674767822 -0.22569614747212 -0.38687259756619 -0.50558753838353 1.6684475777527 0.32864556232444 0.44340481670554 0.98074093005099 
2.0265724937007 -3.2381524560331 0.21614239804133 0.092308347660014 -1.0263600094383 -4.333823891823 -2.7744112569975 -0.79810979192523 0.49415534649088 2.2887073361255 -0.58764003298631 -0.32360476923346 -0.83010755949485 -2.0838135357881 0.1381551699594 0.37345179397338 
-0.31838993341359 0.52670857357425 -0.075023415725067 -0.060308034876066 -2.6384302976978 -0.088694240454311 2.9534544304185 -0.03679841022934 2.1566125602907 -0.5775455745858 2.283424349399 0.6212400631787 -0.93249495093732 1.1200678107646 1.1018312319099 2.8637469408081 
1.7647021186749 -0.44126252927818 0.20822395186696 0.67527962532737 0.42595938404852 -0.60241311757487 -2.7219856219659 -0.69641785035801 -0.32425045084369 0.12817397872652 -0.12539431677781 -0.077565050472184 2.277146951532 -1.0924707690623 -1.3096221555664 -2.9383287649833 
-0.13395037409997 1.9372361428561 0.67443665595396 0.29961959811287 2.03496547532 2.4938176525255 -2.1845671411677 -1.5182907914948 -2.5269788271366 -0.7847897016794 0.11577707339184 1.0385637851918 1.8762194362392 1.113341444526 -2.7429957515657 -2.0507342845997 
1.3012453505044 1.4132970928099 0.030466220259887 0.89873874826768 1.4873333377641 1.4554998061215 -1.2963140356994 -0.46478710316232 0.36930406474503 -0.5164764936066 -1.1044241917337 -0.37556318290475 -0.20434415566387 -0.42181125289259 -2.2520394099251 0.94924020578532 
-1.1012061044902 1.5851433155026 -0.73869282611261 -0.83625850523218 -0.333011363536 2.0199698529606 0.85458886058465 -0.36272363342027 -1.1883782198804 1.4291466738868 0.90882778294111 -0.63935816681473 0.835971404681 0.69109578112206 0.18647383635447 -0.50989811556967 
2.4677759260424 -1.7573371423623 -0.56766114993905 -0.56899743752631 -0.98265630665174 0.39834969060392 1.2629018163891 -1.7011562003533 1.4493660038291 0.4397049325959 -1.4584838931547 -0.83416487751398 -0.13541684916515 0.43527172192922 0.24171657375586 -0.3267374849796 
1.4271989000015 -0.18436261806677 0.88989096818656 -0.31555089334472 -0.89929834854702 -3.5013672720954 -2.5299272989098 1.094120132113 0.58253587321543 0.48413430464988 -1.0676840711659 -1.2416121461102 -0.67362933902696 0.079785253190076 -0.39822745639933 1.0535534588923 
