16 16
-201555603.44983 -86216631.743207 29305810.270109 20728439.962383 57598691.940348 -64759676.211672 247039395.60407 -210078269.361 100644757.35919 -150729890.89203 -44059902.588936 -24001268.004846 247423584.90979 -220539933.65607 -147671727.06897 -111034904.0147 
-147773113.32127 110702053.95953 -180399480.49951 -79295274.626333 -69688360.585501 -164785640.73836 -36246304.806246 -57609722.904787 122707952.62934 -47366431.983155 273478554.21477 114902229.98056 32958883.669866 -175511490.94963 -72076501.629383 11490052.306819 
-106593890.45634 -184770649.84582 29031056.913789 -125514664.58018 147673362.68431 3058406.930767 85258765.504591 -220137747.55234 148796422.63577 48695714.153037 31416555.322229 -174021288.76191 51580135.275336 87875022.936314 -194698568.29453 70711104.361281 
23195619.36246 139778981.32529 -36377310.511656 12006844.11931 -245593303.33413 112877745.133 -147079793.63794 33658074.591792 31024079.861116 -56380130.14888 294494569.99176 -87080891.734603 37155834.479035 -32812157.412005 -4248068.4731521 -30588357.958887 
-24711540.509695 -101918933.10644 235044915.71585 -41083888.754283 -128327358.79078 3842535.6867859 101844385.04201 177081965.63301 -182335826.54307 -111355426.5519 -61731073.030388 -21003325.377984 97794357.158911 -71591682.106609 247342801.92941 -257320585.48729 
5299754.414194 -121216727.68309 123709544.77452 -39704417.815191 42374648.439322 -49283575.298813 117704868.33338 -101283492.69642 121064171.01713 32713726.362581 -67946670.784516 -272575406.67695 -36651627.138372 209994768.42704 -11085801.637065 17107385.86122 
-173896000.69298 82790786.641326 -106519375.92482 -98509389.093615 100462318.46641 -134406271.38336 -49375223.166333 -16582445.847288 -125472698.49806 30067640.051134 33298562.324592 -202528703.65635 1819026.1616086 335793802.51341 6499618.942572 -32548826.009302 
4919003.4165255 -63698140.407453 -200258979.40401 186911752.61569 39055316.371645 291006001.20261 32255037.242194 -145556706.91847 180409782.29449 128487810.38083 -329713706.19721 -198357904.03887 -141629857.90627 159861987.7386 -141054922.61333 80088186.712696 
-164104104.99555 10916667.594461 327504294.94513 -45420714.706267 -195793062.37728 -97637679.836553 125056857.62587 -51642122.343209 10952528.454182 -72581724.428955 292129045.43375 -11083705.088272 83556109.410345 -280461524.1655 -114672183.37946 -147705820.08701 
-175543173.6698 -13296001.635953 -20436811.889695 96146118.655623 155043287.28396 -144271007.22198 200308207.49006 58464933.452617 296238320.09076 -69983575.297809 -45220584.740543 -152471879.93429 264829176.05919 -55204600.751799 206848450.36159 166376291.03954 
-129119451.67235 -137684975.61295 187212266.20002 -186276393.16539 -99600029.111356 -64390040.357734 -82804002.552662 -280182596.83737 85133059.096697 111534318.90761 319256530.43026 124310284.70771 283348443.9401 -199929629.94094 157056828.12856 -25099186.825677 
180129025.5858 -133961487.95557 52814679.205117 -156657501.43267 67953075.582398 22770913.704082 -23035387.167321 -63010991.192042 -122919194.87449 4902748.7342836 -30147648.155947 162747698.68445 6371113.3561702 31719275.343522 271696578.24647 -154886077.87489 
-84966282.006835 199237904.13375 -225713099.33339 -49462734.465339 118631521.38626 -224373220.21999 -91300475.198334 303421956.19007 -182686630.31599 -53001539.755014 13852358.503896 97044932.912037 -94393163.976205 98945107.224125 -134550055.49755 39771505.09551 
-158946712.40796 -24991671.6539 -24586683.089029 -220005671.81445 178392006.38628 26543622.028469 93988997.603921 -171334892.51028 -56727808.928912 187608062.71298 15688118.289941 -41618570.797194 167442859.47085 87997975.46671 157079729.01928 25867706.090452 
54834278.218501 -31083761.95787 159078913.53929 -54604950.560311 142500887.0313 1195104.7980234 94577591.06948 -26638964.534362 -140277464.73419 132736152.50572 -181411694.78203 8948558.4646892 -193520099.55669 186511884.09802 68417679.002461 -42569095.168068 
-95449862.614007 216951392.7999 18362740.668652 119672396.20737 48051077.84716 -139756883.38633 -37082258.446796 -88735423.682487 -1947062.7618341 56997963.789524 16650589.198959 104726937.10621 94879988.191687 31818807.435178 -15043501.430894 4353378.8541422 
