10 10
680351.10392476 -306278.67662713 980043.66718971 -109588.88519668 432119.95447797 566490.52556847 910652.23784613 -587745.44760328 48314.814208627 289255.19030118 
662943.36512252 -502051.91596229 599831.77002198 643222.31106697 517175.62706975 752694.31979112 361748.805344 -1379995.1523263 443761.1547664 -920182.77101646 
21849.558054292 -2864154.8972776 596404.78478926 2160377.322141 23631.3924357 1380297.2601753 -2008001.4217083 -2765811.6593864 1082516.4982632 -768418.53087579 
-483260.96842418 257686.37218132 -1288838.7641223 804636.94765051 384308.72824657 -182467.39344541 -2029807.4032046 -1121073.6494931 -637907.20096111 -1001905.8202413 
-784826.20378844 87855.233709372 624383.504241 -64131.455253854 -930239.73761466 123635.38272112 477828.88796316 -1407592.7933924 -1566412.3076764 -580682.72529956 
-888057.2178258 -127493.61977352 -1730154.0215173 585957.85861513 48760.621189818 -1969875.2607375 -2109907.2639519 -56643.560535605 -16145.955139943 486274.72094118 
1007662.7345774 -1282546.3835428 208756.86249926 851822.97667656 828987.15582859 -467546.36508595 -75737.260142626 -949373.56716551 1762728.2857175 -244548.85556081 
291703.39306306 525737.1977063 222017.13902797 -297227.94786412 2147924.7934767 119342.07702098 1827991.3084376 1002461.2326408 -303385.16828 1322303.2754931 
-599509.29969997 989784.09042214 -1726513.0281455 -348591.98082961 945980.28926902 -1384153.3155949 -177986.52633405 -640317.58860979 64582.674156846 -887135.89584694 
-1050667.8259922 -753800.44886989 -349959.99284498 -167733.56990251 1207333.7054681 434798.55528152 355248.82111728 -1895696.9413276 -454950.48851346 -472000.43516933 
