16 16
-1341.5302134809 14128.913379621 1508.0060863757 -20770.677686048 16246.216879613 471.17012005778 -10289.82743629 5748.0402727499 3283.7794753843 4857.7788159405 -1316.9716419689 3056.3026446928 23158.831013506 11743.34025385 7844.9665412453 15070.007440384 
-17578.949531106 20986.260493269 -4518.4839429536 -14576.130820069 -9731.4025848981 -15465.297947289 -18279.14465784 10580.391117171 -16512.961919844 3471.9799776633 -17880.969684356 -10429.107897067 -22023.28765428 14309.710388192 121.77743967744 2107.5522362492 
-28611.005221626 -25105.841225105 3812.4680296181 9560.5616187647 30088.010881455 -4332.2525838971 2683.6399079394 -9856.3347545878 21549.910823471 -1467.5486221015 -17616.407696689 2043.560689581 13202.981055683 -4777.0245176392 3348.2607054045 -2950.5256540732 
3297.1264366348 23793.687505624 -15044.786813846 2269.5095224454 9674.4370240337 4584.20666965 -2279.7372444755 2672.2983748451 -1352.43839017 7351.4374715473 6158.3357180218 -19992.97285845 -6408.6833804962 9268.2024146208 -13556.394370216 1221.958529912 
22747.541694209 -6228.5497010856 -12433.009835723 25901.181500373 -14985.963352672 1138.8416201992 -16396.797939654 4638.1298812333 9869.3673720944 16948.318245008 32448.972827512 36553.844495977 -19246.495043679 -3894.2580663365 7700.7911664792 -3538.2058264452 
-5241.8779982689 -20278.19296251 13998.689887391 -11708.280017194 21443.624984452 7408.7730837098 12416.905150845 4383.2111789304 10666.75432674 -2846.6179910934 -16912.610871936 -12908.275335264 19632.030746099 -18610.493388848 -7369.3999809471 3159.7418751126 
-6541.4056445399 -19932.738672086 -22162.369857256 17599.223527904 18361.902255173 21784.145919216 5389.5245231373 -11221.087038703 13967.87886225 -20091.980819984 4577.4818719952 11435.980543292 36291.444447504 -11639.239706735 -20650.609605088 -9269.6049508551 
-2874.5394627913 -15127.222177015 16873.746500874 6061.6783920562 -13596.136396332 -7665.9773794351 -5110.6221764169 6993.9257045417 8576.1587102716 -3523.5128758035 16421.408401219 -5529.3350673821 7986.4797185239 -13608.699439787 4961.4609747901 2264.392813059 
10660.636252879 -9013.267096611 -371.16584214232 -1778.8510944276 54.16356093804 13263.132915238 7091.5976712864 18732.048731141 12171.406895556 12527.062300182 8629.1703178309 9540.9033668616 5400.9186081495 -3753.5931121689 -7713.1362825552 4440.5973079954 
28573.587396121 5498.6817959975 12638.391083305 10527.549143923 8755.8382089218 13923.29600136 8744.7808439424 4027.6486486139 -551.86898272528 -7559.5624585994 -7242.998729034 -25277.484744689 5451.4892864695 503.22489672585 1720.5751566944 -1849.4056257033 
29030.175768784 23113.48590519 11828.709353913 4062.2287093788 5378.5034145399 9589.5378398632 17211.735786678 -19463.549883727 -6376.4400041492 -8431.2395027722 -7106.1259079458 -39101.997987916 -6731.0013509246 -13094.971599824 -8259.2411381508 -4754.7416323365 
-31859.29436114 -20978.863098362 -6970.5870945584 1676.0476257324 -8652.6728515743 -15743.569273168 96.194280805851 14527.237511871 6253.9593838283 1823.8722092714 -18364.251172537 15672.887910573 -1665.4956721275 10456.363341465 2760.4323289165 -3021.5349784993 
-37649.524855991 -24275.881608119 14511.739376147 641.9260839724 7231.1412470634 -6744.0059382322 -4031.2285402642 28960.482215538 25801.682958075 4887.8601598889 5068.6855225425 26841.732666399 11267.349906256 -19853.731493091 -20744.111945583 19797.001729828 
11633.507940479 6651.5748617021 -9300.4995987973 -2247.770047419 -6637.6033000521 14763.443149716 -2748.4482534398 -4922.6700593999 3129.0896139491 5644.8844688216 5432.8809570024 23518.360329356 1566.2577246434 -7841.7513879669 -15705.287418576 -2627.8485635601 
3154.9198542544 116.94455684006 7918.292221602 6156.8095237691 -11458.576442938 -7628.275705759 -5907.4806715398 -8892.8153984637 4550.043179021 -1540.3984407553 14698.614025072 12624.53954725 -7727.035782268 -19727.744491905 2986.8087019341 -4661.2436384896 
-18861.957235382 -7788.8772033866 -14134.866090668 13122.54134652 13053.678927543 4740.478243101 -15917.686808363 -13428.910242607 -8454.4635678755 -13738.384785119 -15111.492445244 -4855.5065189311 11576.430626203 5896.3896421724 9431.9470676897 -8934.6059715494 
