16 16
-238709444.22395 108963453.06961 -204730197.79386 -180497514.74519 -83313655.213326 2682955.6405026 -10923143.156388 -144271249.46039 -95664860.124567 79672812.988613 387272646.99513 -83122290.784414 -50710791.916611 121045212.02505 108358263.90205 255100941.87446 
174498378.53373 102088984.78423 -89844946.245152 70659578.48674 248248270.78529 -29211082.222632 99232545.197006 273504433.50643 137444283.08403 -111833355.28832 -87259915.343597 -220248668.30532 -11406882.017481 73675628.779677 -140990050.36252 67420354.413013 
-233095639.90718 -20087410.276928 25752395.20424 112250849.301 208757139.74083 221137115.41422 37583678.053079 58080604.832698 60295257.699694 -11450142.889759 -89142050.943656 -238244873.98869 86696564.766077 -64244068.603582 142234273.28203 -181849068.94323 
-30313738.741621 81646350.304795 -37514340.412082 209892578.9022 114003667.82446 99111094.125294 -156184551.46021 -36675998.415933 150281639.56933 22879340.886285 -65940069.121182 147739192.70455 -15841360.409769 -7048320.1968816 154850608.59561 78093674.888901 
-71020670.811189 -152810201.89826 132443578.46411 -288208998.66834 90048352.717692 122726503.33747 288732559.72964 -125988729.54075 -84725327.24521 121978127.58975 -156177091.43973 176199358.68384 97105945.300275 -267146374.80478 175410707.52621 -216717809.10292 
105187535.44121 -23249461.367627 24307057.182449 -126803065.47816 -264494250.70932 33557010.351846 217274142.11055 -40715544.610308 -143279070.35152 36045283.238082 219662432.10371 150706934.24652 -78405243.934909 -86971708.253031 -183685399.29967 51657929.621263 
-211167850.874 -49626837.943879 -91870431.141691 -8740622.5301895 24503962.410381 185799450.13596 66169275.142603 -62673991.546565 -54967094.462824 31583593.471062 143829561.9359 -171187048.92543 -25357904.045372 -44698493.29866 -6228164.6422999 -41953963.759365 
-136567159.58305 13261970.045804 -157011145.67273 -52173191.028879 231602243.26284 45374981.945208 117554301.78176 78453607.611569 -122193347.43158 -112763951.35225 132786928.85825 -191786381.34186 24711305.366309 87821738.852568 137731732.27473 127442066.46867 
129366513.18346 278231637.56058 -46038791.062866 98388756.144971 -38538014.505944 123492898.77565 -626562.05698745 104416746.57833 87151615.005021 -76501059.975715 20556615.32753 -4975615.6565797 -83931960.159756 143487470.8695 -127256534.59452 129534559.28544 
-436307352.04156 55318276.271314 -115527154.04174 34804684.746906 164966787.87639 37776316.70859 -64956452.583449 -97034033.906892 106075715.37087 -120363037.81639 166420514.70278 -72538960.902202 -132633836.68962 208112026.37924 -101152082.50286 -110512978.11476 
-28603105.437238 60619329.088089 147782852.89997 3718271.3543589 81610273.786625 -163516366.67718 -105625458.98697 117234039.18067 119518315.48498 -1433117.0702464 -110233165.84155 -230108943.8436 161929528.32828 109464268.17924 91767437.649618 -107816724.78813 
95095180.783436 -16755123.282264 -6621767.0771491 -83892629.422062 25865361.609418 -47559450.148701 142771681.31488 242542045.66636 -160325970.38822 -7399188.8056404 50268701.914762 -181884225.77002 42988122.627263 -135108983.88394 -72954346.848531 56239656.440286 
237695920.93501 89464364.085796 -46695239.918051 -16573684.936314 131433303.88818 -90529559.767397 -107754151.89319 386578827.87146 -17969165.624501 9161514.3310364 -91264608.893529 -221529013.43644 54855223.5701 -79026349.216117 174743766.33469 100773120.87836 
112446720.95805 54813502.042309 -172069959.143 7445831.2911237 -3400341.3121054 74026623.849485 279850292.49363 -31687470.181338 123543200.84539 -9997465.3745742 20908856.644603 -125100384.90966 -137097677.88412 -19473761.774449 -135134290.14414 48563311.1359 
-18450609.264181 -140789878.23133 -187669990.39367 87639377.274907 -22940399.740071 29297326.126365 -143468524.43509 64392721.135181 -15224773.553266 -88295671.539618 68920436.700133 -54333565.656101 -111415452.88848 110274024.85501 -98289325.461473 73780194.665348 
62337671.369353 67146952.037132 -46654517.180666 173548221.15943 -103065609.03099 248437962.66282 -5980265.4704632 70144987.674186 8152716.3530717 -57510432.242757 31399923.273362 -96107959.172642 -50615512.469037 -15234774.015496 9699357.8067932 4828281.3140343 
