10 10
18.420717495988 -157.05596290214 90.620747915715 126.04606038006 -35.190266823808 -92.404574771804 -261.19185493192 -160.3142532026 39.656652070906 254.53618857859 
163.84234565104 -105.39183325235 26.378044026871 38.757797593741 -161.08086419902 -120.29905777711 -19.863462110133 -97.164212199769 -108.87294736706 61.374488383899 
-3.4773373923251 50.380020994466 15.544549621372 -34.14144511371 73.734258362358 -50.503887818233 91.231762670076 0.42057248285391 90.860861542618 57.768144638397 
179.67204888283 102.65965068877 -204.27407647368 44.610946797615 -23.645482338744 -185.62701619647 126.3726814691 -144.70530404563 135.58184324684 -165.35542712523 
-51.770740227272 18.055037375428 -58.621022744819 151.89346780486 189.08843691864 -61.628233572778 4.1003289567791 -27.662320159749 58.605260982279 -135.07767472484 
-121.9198289536 -10.009035156817 246.82868338615 91.415198949183 54.375624220566 238.80508808948 -46.321209787717 122.77901339654 -188.43791927065 -30.373921892944 
27.571937937556 -211.41485730978 -76.117501210111 25.086081022446 -169.09535715447 -93.275840547674 -46.934187236173 -14.555362250674 -145.88154421576 -55.060502204091 
59.988558381177 145.92110134957 150.94157425774 78.063169082218 -7.9807377204719 5.072589030114 18.971417411524 -57.688657088165 119.77999729537 145.95426489975 
149.91679278818 4.9135592091632 -52.45138790126 25.384944786809 -129.49703338754 -4.0023850513057 13.38338712097 -138.33421347321 79.995250582567 5.7126785648283 
58.298141353134 -188.1153203381 -83.758419893037 101.7545307362 -128.45958616116 -57.279711079333 -56.721003771686 -24.91132478966 -143.02960393263 -76.369447113451 
