16 16
241.56600685642 90.246186600731 -185.22132740714 94.297090742189 210.18365780436 56.198538191868 -8.2064553105327 -39.232724960995 -101.23462835881 208.99842244716 -198.15816324412 99.25122238033 -94.872533607303 205.4056296653 -76.635063868688 -6.6195406032148 
186.57172384913 97.348796222383 70.705146827426 25.650821785271 6.8301085544323 41.847202762696 -187.1387265088 235.80804096084 50.820988353513 -20.068385407539 133.55009225959 -150.10214279045 41.042159079899 60.843522511083 -118.90433348389 129.76487048801 
3.1696403769453 94.920448180202 -235.15978071745 53.861596388039 -52.116525844779 29.832517529746 33.372097740346 -60.084613436446 24.080297324653 5.240239700737 -23.003969963708 -66.930202663196 -248.20142611737 -20.595397776688 -54.646809443311 40.750016488962 
-28.841438114797 -132.09124322458 93.495211911338 -22.857233780043 -26.894663062866 -15.44140480832 90.686651787348 -400.49194442918 -347.919221623 165.16502910755 -138.40085288969 44.709588655432 -169.0114358026 222.07892118802 -71.806158338312 49.01749560773 
-175.21358380968 -128.99438950507 9.6501662090827 12.536332072005 -53.288645807423 55.443323810329 -74.264461542542 92.557041857516 144.22463456385 -5.8500129331646 31.098416374272 -140.18901684321 -11.739837437158 -55.336523559953 -80.899736361375 -96.743320200404 
-77.790048513199 19.124897806794 33.220784489509 115.43445756704 -131.29804994006 99.032460277925 -112.39841866159 102.44794130356 -18.095412312364 -59.129378905972 203.59450238439 -173.95554583206 211.67070649345 -15.774347251247 -221.94407329723 -114.17910259487 
-7.7879231139407 122.75876666027 161.42081345323 -45.66087748358 -47.275780681464 -77.271404847853 303.75606314005 -152.29391365648 -98.76195609527 -62.528502613123 -62.508027522004 -155.60900208294 -195.51596024775 50.353457186577 8.3967759183185 45.525749098241 
2.9111340696511 161.7038002479 -144.42817209619 0.72461674986595 4.9755181665161 53.087709353904 36.682359346087 -159.22290308716 -14.163829480647 -103.78639684407 268.93928428974 246.00048503599 -62.910196854093 -105.26811719346 -138.20881172375 132.31624081044 
83.491090204102 56.405537458093 190.20742125163 -99.499400211628 303.42181178729 -171.16349747996 49.360239739936 -98.123037332098 -90.078363499687 -3.4684756839233 50.601070281412 303.93902502865 -255.31773472073 63.374648286001 -27.97670001461 185.242924839 
82.643393744559 83.358010556684 30.390932384089 -229.37339784778 71.073857552913 -4.5523185092151 -198.23644637288 318.43242705413 189.25727731323 -14.258948956711 33.362885503082 -31.768911224805 181.15356281885 -26.470714794415 52.191075940685 -7.4419883082096 
93.837236677473 -157.16595061615 -151.43054537435 165.23978188719 31.162797294207 122.53008606723 -271.6423727613 64.968474380637 -146.72350795954 46.589215833503 59.836465144773 -123.55400219043 133.08318420385 -33.167509837614 4.4318394035035 -132.79560827188 
-71.887271532237 -0.29767291625681 192.97781385504 21.112705170514 128.34862918256 -219.97252380668 56.628226041004 112.60554206389 60.735500522799 126.54056961655 -9.1216284571237 -65.868256912978 -100.52435890112 -183.37153492801 28.094520750563 -3.6147236029559 
15.76508676935 -37.5101982882 88.097230758324 -91.023091528061 124.9090547605 -84.742615448924 -73.838914235394 200.94750056357 53.690841036007 -14.872497563491 -80.695528277354 -87.859949778824 -161.73677882035 -58.146382087661 144.78252940563 93.286852522368 
5.4740466495412 68.885854178998 9.3764973156116 112.45275867863 149.86395335636 27.797148574194 -52.685738738651 110.23581208631 -75.107426063526 -31.826129207247 55.931499835516 211.74661047686 44.605568116945 22.530844236626 -38.263094134296 -72.698948831521 
106.83532243635 -81.63650978372 -199.07395085398 -105.15880961777 108.90206516787 131.60353053124 -42.834558069309 -283.97393135683 45.568761519923 214.73486547422 102.94313155577 42.055369429925 -185.75466753749 14.386547401549 -186.68755671925 69.616160967368 
-90.273648527796 136.94198496132 -173.92054502737 -90.862802880858 -131.53076420906 202.4719686114 9.4298384833803 37.169407145188 -131.52802729685 62.222891927451 -267.63599805656 -54.110598933671 55.82858626622 163.9091731858 -45.199583799648 -45.315008395012 
