10 10
1417.5878159576 -13223.011625147 5979.5191017663 -9723.2007904584 6913.7182208889 14744.669081374 -7818.6194294953 8394.0517294575 7574.6133634455 -13792.639179412 
11401.777056782 -4125.37828379 17498.607910283 -7119.0546197873 -2275.0243845798 8415.1622230982 -20648.911431348 -3902.3308225186 5485.6709881459 -3378.1206113397 
7127.3762393497 445.55295140085 11483.804848604 -6600.5979185292 -4846.2611969818 6816.3267110836 -13452.321169818 -4962.1552273246 -5614.8262843245 -11088.677783208 
7525.5718379756 1143.4216515043 1433.4811212781 3540.8894107749 -15450.197254283 -4341.933437824 -21738.26905416 -1535.391847094 2435.8813482044 15958.118558891 
10973.582000766 7246.3854463107 2016.5590247224 1713.7250734267 -15714.402935864 -6564.1212478157 -24769.197914953 -9438.741337692 -12826.550129582 1375.3006401437 
-9083.3741606368 -10075.47543872 241.63182721873 -13868.773471815 -6763.2642513158 11180.370236755 -8281.5668521562 9965.1009141914 17474.746390193 1250.8668971607 
-2529.913437782 4375.2179269286 -21961.15495177 -556.5743138258 -2535.9766505906 1625.2002376903 -6185.8734102095 -2916.9714385384 -9392.0835317481 6421.2910045883 
-10701.015344842 4630.8009853976 13265.882050614 -341.53525566374 -592.87982414611 2688.2016278272 20865.327505469 14884.86499004 17319.509482565 2365.9400503748 
-10940.993958757 -7146.7063090244 15632.713107228 -12086.287639278 -14355.093600093 -2917.668856904 -14730.409933967 10505.322104649 5914.2396651125 -3546.0374743338 
-12362.940167303 -14873.055064979 7407.9122095459 1189.0256547372 -108.9491825352 4600.8678102461 6816.5250392259 -4782.8604199494 -1522.8209470864 -11736.094467485 
