10 10
1919467.0001729 -1242578.6276053 2957697.6483172 1323474.8907857 361137.58084396 864153.29889688 -298134.13862975 -258525.0832981 -751850.1944599 -1814783.8953927 
-267862.29130271 -1011863.1317695 -3915640.468009 -1337397.4932029 -436461.85647573 -310511.40103174 1215168.7796277 1045039.7593111 1625347.2600751 239799.89618361 
-2949446.7043813 -2306596.4420103 -1821532.1561489 1315930.0180499 797133.32802161 609020.94890021 2612261.2863491 641318.08981355 496753.21186632 1127275.499403 
2058075.6997121 -805243.54100227 1230203.0778977 -306587.13867352 -879179.47633653 -1757896.5173581 -1683917.7773594 -997476.69397021 -217342.0328476 30773.630925723 
-2657464.437007 322090.58833667 -1250809.5566367 1809429.7499299 -1259320.3803749 -1253002.5046451 479155.93421546 1626951.7988193 316108.33296604 -851428.90082672 
2207160.0301065 719235.25404455 1322784.1716358 -1997065.4987672 251044.75568467 -1086752.1195138 -2268506.7757753 -2169865.9357251 -641733.42825885 -494551.62147841 
-1882020.8291673 -2201368.1523631 1206912.7036604 403337.43645561 1258448.3352726 777912.89051013 1090036.8146282 -272417.79848046 -1214737.2025228 324756.50668313 
1232942.0861931 480526.62519254 1446945.9343502 -1633706.3850587 -640874.02093386 -754151.43462304 -1969216.0000828 -473185.45209313 -1238237.3933269 -1011858.7845589 
-916681.96205989 263740.98662708 634462.5721942 1233522.4334447 242283.51637927 -399159.6807179 546888.61319789 1858775.0813464 -245693.36063355 -959125.88230463 
1621725.5979433 1282600.3206172 1442612.5216756 -1232744.0006151 -190737.69221929 -2105026.0569081 -2326624.282682 -1219315.5158859 -511045.60286108 -354269.97106456 
