16 16
231.93356609028 -13.324698954264 86.004722051427 3.3914995688701 181.68923333465 -42.53582438331 -4.1507944146541 -359.79311617944 -131.26120379867 246.10787457626 29.071401364582 -358.30612583449 179.98214379965 -123.8482669953 -31.750259405139 -138.76299608012 
-21.392715117449 -129.89884826861 252.60716562053 -276.80935473547 -209.13066837204 -81.007013986866 163.80711227943 -137.86787271753 9.630507490029 -88.474343522176 -89.7184832127 5.8356984678602 36.366899011232 -100.0307972703 225.37727346075 4.5201316816931 
72.409504003087 88.079407695686 -91.340573295222 -110.57837003994 50.602149753774 172.66982207243 164.94547679513 -168.84354440402 -197.42205012433 -127.54635256811 -41.492299383228 -40.796747804359 -150.5094780287 -118.11693769141 -133.71264515303 -248.70523414595 
204.66386102316 106.72624760319 -114.33842938702 37.783287606267 35.110761516458 -14.555061603262 -41.182567292667 -146.45662700388 -47.036633142497 23.390434798133 -18.003543243154 -121.50457446998 -6.1690865096094 -72.573742256177 -136.61370244346 33.475067884882 
-94.681969762023 -98.685690933902 72.011679466161 -74.859803808304 218.80193290168 79.474087198131 199.24612413569 -158.02174835868 -239.84234936779 -46.231874151911 -130.01451925363 -25.33374740818 93.53455006236 212.98978976029 -24.091727727765 -31.840388384977 
140.3789485349 -10.932913841573 -61.92920998247 -47.070454139443 -70.310729301971 -125.79840395461 85.468054360952 39.379043830815 62.875626968419 63.232512199354 92.878033177766 83.020935712979 -76.024623006252 -100.64853824818 -107.40372679594 -100.4713750172 
-205.43391785469 13.641856592952 142.7012975211 -78.48925339965 -45.740653321408 30.162122705845 73.761703900405 185.02182795661 25.243396316969 139.99341913194 71.860286829201 391.25660125501 -4.4288921867922 343.62331167852 243.12141201231 -159.24479010284 
39.2369996456 -152.78430862708 -13.833802696315 -31.161860204249 55.989754750251 -149.3278531196 -121.60144137132 50.173998201005 135.32856451302 -134.03148560921 -111.91314084947 109.94397711334 150.99224575226 -135.56819009988 -137.75680429842 108.61407382721 
148.1816357952 -68.509695697526 45.402361580874 -48.329448459571 113.59334948176 -320.95869001741 -190.68241347975 -143.9668784179 17.115928824705 -102.48759405207 -269.0300193398 -243.98867076894 116.14195062434 -244.95022664327 -185.59428723812 -156.35442646088 
-57.029862787178 20.170270497511 24.163148472147 26.772946120678 -35.695490831536 -190.58425495267 111.33774596694 24.235023566697 -22.268578734708 -42.446194544523 -93.861580691517 -129.79597519029 -237.43406895663 -36.078997120465 32.458363129727 44.139498787785 
102.07843935877 -6.4897253804587 -184.0236236754 5.0010878130983 -88.110585924337 279.83454196176 114.5252274864 -91.450232405683 -74.749721034524 5.9904512206563 172.0328105487 90.820316993745 127.06703324394 -9.9962733935497 24.382972219124 301.01072032483 
105.78985082214 -38.848049379318 53.889865064958 -163.09177264819 -107.52339420264 -309.49794525069 -97.261639982568 -133.57860544486 -25.266486189128 106.45645794899 13.946896329435 -49.836147170856 -15.750175692309 -129.72151744071 75.179033164944 -122.57963932084 
80.974856196706 80.518925590315 -17.979028259285 87.432665809803 -54.060026186014 17.364616863261 -246.38830303209 -95.376716859221 72.023420979469 425.51743015187 196.8480414387 47.101961384552 257.14741756411 -168.26536086302 125.73569083656 -157.45656686324 
-210.63026719386 -57.261001145264 103.6816337662 -13.180818936844 -239.72450133473 -79.765653219155 -227.33362285846 179.4457889029 205.00167125001 -108.96699614244 -13.777331088744 58.075463513898 63.973544421125 140.32483905393 147.75690112548 238.19766646877 
-27.701654281849 95.668728320131 2.1148331064008 -5.2463818063591 -25.871519486759 44.439590784212 15.616063801532 162.68761299361 248.92945302905 -246.38331672678 -172.70485290073 113.44441220164 47.667787847801 -9.1777021865462 -144.79293733158 370.26309812833 
-22.841983406419 -11.395925593173 60.055309271848 -199.53213754779 9.6700903678209 104.80282299241 -9.1353764047823 -175.77204692846 -135.579403373 -81.744162902251 120.11545211394 -94.932498032352 44.434017304785 147.00846063952 30.100333189979 -45.325233778134 
