16 16
1.1723369004162 1.4502828388584 -0.82747679913046 1.6397337285665 -1.3025276925845 -0.10245493743311 0.69634392635836 -0.99258806143628 1.7414406315544 -0.68717214833106 -0.8125511879537 0.83489745573159 -0.095460313293091 -0.75048461695183 0.68739889828621 -0.031229015528923 
0.53408823974433 -0.23561235268482 0.13187989122765 0.92309701020952 -0.19199290655004 -0.19007833755729 -1.7912854651921 0.32282129712009 -0.97952945295659 -2.3622841037564 2.2964015153692 -3.4522399555234 1.2509174610662 -0.043198534975854 1.7635326105191 -1.1479449805356 
-0.58694207076883 0.9706690204866 -0.72560163122179 0.45874657055001 -1.3032749767465 -0.49776212138711 -1.4571871504427 -0.27129065492542 -0.14279540411502 1.3087993630567 1.2617579894354 -0.97338943166251 2.6082217522537 0.10483385398993 0.030722606717092 1.2330278386102 
-1.9004738866297 0.13277552756431 -0.33095430743742 -1.7669634185695 -0.97179912259312 -1.3202600075966 -1.270283211301 -1.4458220615437 -0.00054915097459021 1.3684158927203 1.8365484901774 -1.1595185273593 2.3841756473623 -1.6597004895944 1.4234614207481 0.15142344097542 
-0.28103349444737 1.2075378506878 -1.4506099805897 -1.1325424575065 -1.1092502047607 1.4346556530619 -2.285142411494 0.54510796425438 -0.35978798437628 2.0038126137942 -0.0047458701650636 1.4700215394444 1.5109358592479 0.59812623826414 1.1943669822932 0.45034627047597 
0.24663493903036 -1.4699760707059 0.62266862708461 -1.0946417719123 0.43812915425428 -2.3294033732221 -0.081609385114465 -0.089304745360196 -0.59691477753822 -0.059970896566833 0.79261966850149 0.30916992498362 -1.1699410876476 -0.75129770029023 0.46596037387861 -1.2119709607278 
-0.0010951067527039 -2.007884567709 -3.4043545305972 -0.18233865561191 0.91816755516688 -1.9185401853739 -3.5215064152419 0.93596774274194 -1.4526099890548 -0.49864078078198 2.9137202340209 1.9579366610101 2.1637033236696 -1.0840985870908 -0.67638947748074 1.5232774041598 
0.27728100820273 0.022085307498781 -0.74350640641092 -1.908356570642 -0.44818519094499 1.4605672962242 -2.8978312217588 0.62518888469465 -0.61520213354007 0.19734145266507 0.84076914978981 -1.4570958336022 1.0634863928045 0.69330904491865 0.25162697065962 2.4192057786447 
-1.1898398830812 0.10728062262525 -0.34758194476887 1.4897571308369 -0.62887070335257 -0.73710228695241 0.10212473784872 -1.5607381362944 1.5262297355115 0.93603854605891 -0.86793800540257 0.71934147681042 -0.42250305916506 -0.73870602383658 1.9899051044689 0.20270581041499 
-0.14258173258501 -0.62326694786572 -0.48963568157863 1.4419045348941 -0.15438054877822 0.23426201159073 0.56042705571308 -1.0529007751549 -0.1678509982345 1.1425693108327 0.89357451924073 2.7039783271843 -1.1890892932097 -0.25142732912732 0.7220499869231 0.65041576279794 
-1.1981064659523 0.31892432332301 -2.590479951057 1.3577255446869 0.64906599359133 0.89258392106546 -0.66215383585857 -1.7523938226433 -1.5688368302655 0.76850663831688 1.5059921971399 2.3352648945703 1.4434109696861 -0.19552262913545 1.0164414238596 1.2747231736924 
0.77974399726616 1.0562937601305 -1.3606310557119 0.55753521341977 0.78162858625728 -0.13586565238268 0.19207851540838 -0.75433039099231 0.91138731069374 -1.0178017603264 0.4726034664848 0.26568002022304 -0.31492330345669 -0.68542643898086 0.08095414372763 -0.91872440860132 
-0.76461233321353 -0.10733548159615 0.16374184713632 -0.8047305552186 0.14768357867732 1.2793968505124 -1.0844705819558 -0.26949654701514 1.6765651767006 -0.35428558571264 0.8577588189435 -2.4925520691281 -0.68737518311933 -0.1068685800384 0.34028431336178 1.1162689866253 
-1.7008535870356 0.080655431070341 0.2653303217301 -0.61091136746326 1.5358375645353 -2.0525994521925 -0.43544731600896 1.8945298079946 0.070780725994741 -0.46934747705534 0.53276480391646 -1.6464385002243 1.2779186362122 -0.24885578239969 0.53054666573633 -0.97939529082681 
0.72390806648835 0.11328864457572 -2.2022581847916 3.0143897135406 -0.16536076288912 1.346894707697 -2.3313968171643 1.7577931616936 1.0946345280368 0.076501938629284 0.69603260526557 1.4812581525596 -0.25755294567349 1.0005416026799 1.3177280086413 -1.4447998366496 
1.4765558915417 2.1857418925287 0.85839312965704 -0.066246600699878 -2.1192085367928 1.6398514570429 -1.1754518097936 1.6156707621452 2.1791033813294 -0.10925860141251 1.1600661467347 -1.4963849179415 0.010691636253339 0.76165407486886 -0.5863129824102 -2.0996140967981 
