10 10
-61.121740055836 -150.59470317079 -86.10383898969 -64.319946872816 156.62841819067 95.729487979496 -145.06611819316 124.91983858901 -88.207848619052 -292.80178732221 
50.771466975185 -169.95737710819 -106.3141228426 7.2479652904612 6.4174499423258 24.920879116055 -90.03037766159 31.303529576876 52.075924707947 -2.630376293752 
37.461235065675 -53.140757478532 -36.505296849961 9.7058848139009 109.52422394029 0.84776185352285 -193.32422488976 5.0191033520577 -170.95517051759 -177.9918812535 
-102.9641498436 72.565089257456 -101.52482717335 29.131407844461 149.92542445912 -19.22938524299 27.006868679177 -89.878198385332 34.458719876891 56.234129836671 
-21.199157377804 -53.861437922749 -77.924426278588 245.16852555005 31.994752965896 -90.713411591318 -15.067575814865 -298.44796195099 55.829610195151 98.809427297587 
-170.35529685274 205.76763299492 251.06767466539 31.768994401992 -69.013972653841 -194.08762013362 61.910223213709 -112.09115996045 80.765335224206 28.536211091915 
-33.040369490036 123.55577510284 -212.80698025634 19.293349682047 333.08516538661 -102.57203330547 -51.639626180665 -99.300130163907 -3.6669909564857 142.6491765046 
9.9766238427347 100.5832712425 170.72059269295 -49.371355426744 3.4364099466237 -143.59959994595 29.160280436475 -55.68158350924 43.601225452623 155.12551532938 
5.4418693835656 242.05772603844 47.632339401593 124.61896201035 56.274482305684 -42.280234244462 194.1023275189 -197.85134121471 44.524367240912 163.6772107601 
4.8941373766597 -194.7021277373 -21.753527948453 -31.565951950833 -76.924176507329 69.655220166234 31.104874256312 90.675037636625 -0.075692954890183 70.749719527621 
