10 10
-0.44721935394405 -0.46568513094498 2.2084536917438 -0.88248259899734 0.5936943503081 -0.95652096341595 1.4791586111743 1.1981408086152 0.9482049291226 -1.3499211054088 
0.91705232995393 -0.87859141592778 0.7067051130702 -1.5688535326137 -0.5502999679569 -1.2372645033068 0.20121612725011 -0.024227543864551 0.72182990686373 -1.2426273337242 
-0.81739040772726 -0.36080693055194 0.22343940059009 1.6981408956994 0.28341047150261 -1.0543911449899 -0.42720844222378 0.27182034819547 -0.60468556041556 -0.57138492504309 
-1.2409442366905 1.4439856932304 -0.31424823542461 -0.21458643324989 0.92340257151026 -0.53984445745658 -0.30997178869591 0.85678303605154 1.8621716082733 0.45829543265943 
0.60772162223787 -0.56030182232684 0.78567356034184 -1.6786314522286 1.5142276993496 1.0632557900122 1.7913206056747 0.55672919572117 0.20032336959408 -0.51705878967913 
1.0248193808703 -1.5974238145344 0.56358354380912 -1.6094119387442 0.097326995399631 -0.065640675045895 1.4538215908056 0.58627701453383 -0.76747420161444 -1.0119671231735 
1.7375606371599 -1.4216313370872 0.37240138399578 -1.2650521776562 -0.29700880927884 -0.39861811086236 0.78996948595341 -0.49518005829399 0.065220691427111 -1.0579821508936 
0.81936003406012 -0.2523142389802 -0.21644028941969 -1.551674971064 -0.80493988317073 -0.3622153414633 -0.50655895731905 0.030744496113375 0.13375082995065 -0.8081502044966 
1.4557508500172 0.50648503426065 -1.5820714004009 -0.42460116795033 1.8306333211974 1.0638541515981 -0.90816192827104 -0.60851513996804 0.12657146885155 2.2992609234058 
0.35257669935555 -1.4422274760305 -0.97257103844109 -0.23029185632546 -1.7150758634128 -0.2658129420343 0.48931555089564 -0.17959007063332 -1.180558698239 -1.2453789991755 
