10 10
1085934.6308034 760875.5769999 -1721322.5606137 -861570.78619465 -3464380.532342 2178978.5617585 -21215.638154801 177185.17542927 -359816.85719848 220431.47800389 
-454930.71408148 687100.51589368 -1272066.9858075 1077192.2402787 700286.15813854 603045.45775178 -747965.32341182 -964113.15755464 -1182303.7340662 668805.5085041 
-778338.34862951 149805.46325605 -38434.939155703 473082.49420687 104893.59242709 1089778.005832 637619.52007628 -817946.56968641 -32950.840455564 -500974.66870086 
-185138.03167049 1367900.5866686 560811.36917372 134568.67437843 -796633.16123699 -223877.0071766 2122161.2819401 -1017050.8293859 766851.13245815 629381.9657622 
322232.08359609 -931890.89729581 -23719.975837128 -791662.73375944 -140140.74746411 1332562.0043927 -158352.21502443 66934.826342579 -1232502.6374665 15146.238103956 
-343258.43293953 1640275.6271771 -105613.19973505 -242810.18219909 418360.66695167 -1859997.1963056 2197644.8249903 -62934.219383144 2034538.3396167 1344094.232121 
700296.08272975 -976056.49082091 -1152733.192177 2374441.6623628 -268419.90764809 -728207.16009 -547178.22714396 2493908.8075448 1040125.4989403 -977871.63128894 
-592685.3010122 -81232.132274593 382981.30441968 128525.38854681 1509010.4465894 198916.85458772 1189184.0639836 -511480.05468475 -1175816.8768505 1297750.4968001 
-1043960.0379961 307244.28491818 873672.77522144 -656934.44121443 57991.167431833 97061.909446343 541518.11682796 -1035747.3150426 761451.18868697 -727558.37187143 
190542.63911367 1282501.4693286 462910.53697235 -78737.078680566 2035778.4206785 -978756.16352096 -163132.81298141 -1571891.5805542 56391.397287373 922648.29576048 
