10 10
571134.50738947 -360691.86725818 462680.40102875 138627.0330049 -133995.1412035 180489.47321025 -350223.6188848 -1756657.2704563 -266672.98807629 673767.1247193 
-506093.31451971 -296125.49752117 657499.22536376 1294820.1510017 -1056004.9846391 -806368.76378014 304029.74092685 1275370.4451444 1340333.4004485 147592.48364856 
-954558.58005543 1794409.7144947 1652051.8181461 -1206908.8905068 -519960.03400577 -1263145.6428878 2350325.0073933 -263140.30700396 -1786783.5602524 -824198.72128356 
-117914.58642656 1417094.4453355 1485431.1640256 -777568.17422557 -201169.92826572 -1227225.4198887 1805669.7679729 -134586.20994173 -1324900.2181982 -514872.88024104 
561274.73983868 1914773.9579672 -215220.70277045 2150210.9586511 -499753.90447363 -824511.62961036 443537.96176226 706397.35831303 1045701.1194795 -339874.67450491 
-1246305.9302421 643251.0378688 -1148402.3707914 -1304521.6359347 1166019.6519532 2194885.3407167 -167140.38584476 2401297.2614909 -908724.94198941 -2719645.3569124 
-685399.7184237 -854187.31056205 299465.68497544 -529934.51384252 -961701.411727 -1458953.424617 892261.5087694 1092079.8082486 774698.52001495 889926.49114521 
-1048929.5201339 169732.31196695 114694.72026595 -1508369.4607594 167343.4206845 345097.30222287 44813.904298412 -1630462.5802015 -1887773.6214433 176199.10083331 
2190172.0378222 891844.71935665 -932033.0020399 923268.18307049 1463707.8114825 -323204.30120556 26473.818294945 26049.504274782 1225737.5972469 899011.57626632 
-2148564.2540914 1990025.4868697 126180.3018183 -1431489.2801832 -684403.97037459 42060.980572326 1183439.0613435 -1172946.5266919 -2545561.9637913 -1430961.8232744 
