16 16
0.91138772364862 -1.5494955079621 1.3529116378194 -1.3694457003951 2.8741401143019 0.77681451637189 -0.58525095219884 0.14164655431604 2.4780612509769 -0.028563175636162 0.26680080939003 0.38768102929656 -1.0128745978244 -1.1948060586127 -0.48383117751459 -0.36136846653592 
0.13171969511389 -1.3603051426913 -1.3349669604904 -0.56695160932045 -0.35186048510535 1.9778694782128 0.43023946089797 -1.3189413856812 0.62034584741861 0.78140644828607 -0.48384219196145 0.56085328891114 1.1234589722974 -1.3580513815237 -0.41053676983724 -1.4466925464903 
-0.88307641168476 0.55284198732543 -1.2238510085922 2.8466455632144 0.47188600717739 -0.032230711279008 0.50111857244899 3.107181102291 0.14629362146026 1.4132925631176 -0.029146420285389 -1.4679955442468 0.33370099831524 0.49736794210107 -0.93469511601298 -0.25056853347943 
-0.18550742432619 2.1873957198078 1.9347427012928 -1.301508797351 -2.323362534852 1.8282505372281 0.15287205345098 -0.92793778679485 0.529148526401 0.48055551143034 -0.076126449112612 -1.3492923446075 0.51507927799696 -1.891340532972 -2.1852283031938 -0.27731795949714 
1.2971019851568 -1.4539670576826 -0.22414350154432 -1.011904773589 2.1414862973584 -1.4679455348088 0.47498983680177 -1.6759287185642 0.56729586380782 1.3021840221079 -0.583555099772 1.3950079630973 -0.54848155487123 -0.60712915668203 0.67143135873878 0.05536379674944 
-0.15423984161088 -0.33640805468465 2.6653484446075 -0.95570496491195 -1.4220594571812 0.87151429164741 0.74574262782193 0.054720024115312 0.29286044824853 0.62267371780534 -3.6694299493935 -1.2640181830352 1.6048989522262 -1.1594159617677 0.74266761902564 -0.47259827004577 
0.30755229419496 -2.6374369431338 -0.67484752283936 -0.65014480888807 0.24939344836636 -0.11340244629356 -0.95715497587874 -4.4793750391244 1.617306599877 -0.62912347752176 0.84523833419386 -0.53882951697095 -0.079469944998558 -0.36019147261472 -0.098200283759814 1.5499191651386 
2.8709119436832 0.68549574576455 0.13294644089671 0.13648655556276 -0.65383648723243 -0.73000291401917 1.401854838285 -1.400957786719 1.7195230453465 1.2719581975971 -2.1911525454993 0.19863415030698 0.67055864963276 -0.80678605826966 -0.37499403348085 -1.1640035995248 
-1.6269850351927 0.2799906805281 1.0964308955332 -1.132828353756 1.2580289908214 -0.19714096224582 1.3731996354366 -1.8250310522577 1.0533876562836 1.1339330126867 0.086667440962186 -1.7278041002862 2.1713943144802 -2.1955977877625 -1.4488013432364 0.61813659457381 
-2.6784647328659 -0.35586743690612 1.5538579128051 -0.53890131379633 -0.22765893894296 -0.13945331297306 0.48902344223321 -1.762844827343 -0.28101235288699 -2.0740475495896 1.4529459896642 -0.52808590666111 0.97493313739876 -0.74691743221056 -0.425830494304 -0.25123973500037 
-1.7352170321641 -0.34480042664868 1.3894500405539 0.032089802225799 -1.9400145766973 0.64648454081149 -0.28488372202648 -0.28600352500237 -2.2049446623676 -2.6586268822401 0.0027481052790252 -0.14061233735086 0.51701566635566 0.90274823881068 0.34470941615124 -0.46817386182776 
0.33620872377072 0.62992814883972 -0.73638056583843 1.566097029434 -1.7405173229333 0.65025593655272 -1.2587411753063 0.39525971948801 0.50692859780395 -0.069713369496395 1.0128720413587 -0.1121120617323 -1.7647578215266 -0.26596734889846 -1.5148674015838 -2.8106299365734 
-2.0251797667719 -0.93513108898231 1.3593667510155 -1.3265545521657 0.069775485493571 -0.66870276049727 1.3121546541741 -1.1910785938621 -2.9344623005341 -2.2696634447214 -0.18851645975246 1.3406671576402 2.4930644731755 0.43050328684578 2.0449915697502 -0.68852770817966 
1.2700986167707 3.2084539652917 -0.88454264342264 -0.52922110520936 -3.4046766781811 0.21982435761045 0.61944323065957 0.9745319413546 -2.6814431996189 0.90968851803521 0.15333962446911 1.2683987540801 0.73456863515994 -0.57238273554107 0.060730535501199 -2.6661391942011 
0.71999125124481 1.1123986400462 0.044381819261427 0.69835323915891 -0.50224783716433 -0.58392466462025 -1.6964652135758 -0.44171323292976 1.550960883119 2.5864486351652 2.8961792432212 -1.3045322362357 -0.59068927575858 -1.8957249069197 -2.2506662397102 -0.28432761401025 
-0.57697248582245 0.89446663736714 2.1508058955078 1.7249137695197 -0.16403292721388 1.1053546307196 0.61364280656014 0.68476457935445 1.0795113444105 -0.94054932554469 0.95808862686718 -1.0642374271721 -0.20161305234961 -0.9606581430695 -2.8425869454799 -2.8424435168654 
