16 16
18064.432846766 -15261.910877935 2177.8592884979 715.5185871518 -34647.089373959 19276.497461941 6932.3810801833 8604.0741682606 17242.139546725 14763.765948937 7751.1695410224 -15171.24241343 13026.146528789 -6390.3816684779 17181.509107801 21839.166358793 
7348.5356272821 -6868.0026874832 8564.8219059846 -17496.036052076 -21999.347157382 3450.1547835211 -112.99644165161 75.9227140661 26566.956724008 2956.9371400458 -11477.856036433 -11524.484599269 23725.970834878 -4173.4809841406 8442.242922968 -2415.9915600025 
-6584.2546825369 -27682.445675708 10941.172598022 12424.812023496 7815.2279928874 -4844.210255214 1844.6675682943 -1169.5254914477 11452.886337925 -8240.5636717033 4474.3238331758 12349.173688409 -19774.175575539 -3453.4191526606 -15582.14600178 -11969.773190271 
1422.6542839933 12244.141764893 10498.611814704 5343.9079863905 -10605.763087317 4697.577954948 4963.1411884992 -2282.5626887577 -6100.0004351119 -9982.7380205492 -5065.9754466674 -26212.245863075 2518.7323869824 8330.6240961975 13971.449522576 -6477.9110234221 
6761.5045718083 -649.86210108355 -15691.007199409 -5457.5749150975 -27352.191925352 -7702.1499661838 24843.200258428 11871.153608829 160.90230265899 14613.647120048 -13733.64943152 -4565.6421633388 12024.900075134 -1465.4647728905 1571.7841078195 12896.711276886 
9639.988965655 5279.6729405683 4470.0463570453 652.05728750368 5899.1444983969 28616.23198414 -12572.618335613 13332.564751172 -14645.511365225 -549.54952640078 9580.4153137026 -31250.456573382 1419.4188238907 14958.851032987 5453.2923646265 531.29510254366 
4543.2040490209 7631.0937275517 22081.354820021 9379.2667337415 21344.495774086 -13330.937059475 -13781.211486143 -13706.08213284 5083.7802993114 -4238.6112171539 -4156.8443042457 5261.9580706063 -3785.9241253025 6994.8669119727 19793.323167801 841.08971723417 
-22179.064947705 -7440.9502573459 1532.827499858 -15822.819811577 10154.677269443 6866.3027203521 -21365.574454928 -4120.121401189 2672.8473853516 2435.2411066135 22346.364714849 368.9593742097 -4374.1981413332 7322.2107649823 -24083.308071258 -2069.9783593268 
-8029.046708076 -14099.401906022 -8650.2303099272 -7941.7879816179 -9713.2657074864 1352.8639831675 13377.838457301 10415.269961063 14713.458891452 6209.3857715832 11804.314610822 16363.210239802 13369.919297763 -12959.007859834 -1426.3996257777 9265.3046882998 
-548.48923945731 7635.7193344744 20574.715039702 11998.576859243 3161.8959671326 -8172.0183464101 2983.0529339492 1625.8803571928 -16067.584030558 -28593.957148822 4630.9137220639 -5039.30690511 -16996.943643186 3477.1330998592 7232.4510175151 -16785.349075348 
3547.260819836 -33615.605779409 6365.959224899 -6006.2403247564 -27342.901557039 -10470.010752927 -13135.617171914 10895.362462547 28864.205343566 11032.408976014 643.10906237903 -8527.3658238682 7276.5573342124 -27627.357841759 1858.3995135031 3985.784962858 
6444.1913529475 -4285.4459866939 -7781.0038407908 -12702.908921734 19419.338157087 -412.861239046 -7519.7020532881 11893.549363801 -3692.195874042 21346.770014167 7736.5319617187 18416.2530742 10596.815937718 3860.7511441614 -10416.363526465 19730.664347311 
-694.94629648259 -20432.323235912 21317.166549846 4799.6775662272 23510.58883248 -3085.6768031494 -6114.6999026569 248.03326940816 7047.4821646616 5822.718629477 7566.2542054758 12420.474836701 -9635.972834298 26403.674266934 -6048.5596479344 8440.0602985711 
6687.0449439061 -3576.8451160372 -20348.956411685 4136.6319260178 2456.3125208951 -12135.815183512 26858.973554048 4751.5750606237 -14346.385154531 -4948.0415294967 465.05685975213 18502.052097103 -4729.2951461665 5603.7203763437 1736.3705592217 4491.2950790278 
16733.797611856 4839.1836281669 15128.598321357 7423.5080695111 22371.080004166 1491.265849079 -16302.523768315 71.358881236402 11386.390985565 -2656.7695795078 -1190.2201544868 208.87183844402 -2218.5077642847 -1155.5832659851 30324.94995818 5121.6726219489 
-5025.158576284 -6950.8080053957 -4792.4557655425 1038.1599327423 10259.523178502 -25722.825151511 -8012.0397608335 22085.046854794 -22166.923459033 -5578.4187834163 24854.889163121 16259.621088797 1585.6196208544 5758.7479824447 12704.878679041 -7850.8132017487 
