16 16
18.644681363918 37.500306615007 -15.731731695313 143.55664516966 -24.460232489324 -9.6127603679418 -180.74547066529 -145.56771515351 106.29557531201 -46.477625419828 192.77622701765 -160.5018349252 -161.116451794 -5.4217788665382 -113.27086216919 -72.314128660307 
113.20909094055 -90.887778153714 -150.12650106278 -153.15259719806 -90.454712376906 133.75530961039 -96.316054268693 32.443526497794 184.85967327371 46.674305773216 94.219833106843 -118.00087807519 169.51059532559 -117.25747104421 77.481674356323 124.91354266842 
292.46532337896 -55.193884769738 7.1901519947273 52.784585949636 -27.534731696004 222.91004357225 -330.15703434968 -33.506206624719 113.52731299209 -100.80529776122 -56.6959118029 46.591771792515 118.78017635302 131.25444766006 3.7839481513043 -12.579263278936 
152.1259691942 -99.043233128787 40.526442908635 -294.06816492903 -37.714088758994 -14.883488626394 -23.856447514846 -184.69334057197 -24.312095650854 -109.29286985339 236.29100630343 140.73194704641 -187.93607589237 -223.02016192883 30.510994586108 8.5165110356787 
97.246400933458 28.735156057974 11.582757176072 170.82459043445 -160.44099794004 232.4082339963 128.03837442948 85.012644820677 258.97219143151 154.94942597124 21.142318175178 -146.41359294137 470.08553607231 56.61758964696 39.673828552901 261.95228725372 
-29.95089366085 -25.394523218264 91.556283143701 19.880809898739 61.346531242053 124.04309983219 -293.7616906393 -133.34076301608 75.499583922209 -146.34828247298 -285.88227080463 170.32096139749 -228.69204711769 160.20642494776 -10.453030665294 -195.71142510808 
159.72393596429 99.163109401629 157.23330225807 -221.268419979 63.802004040456 -28.793089986172 74.404568770105 397.14914196776 -371.81807840661 -195.26747975369 -33.635514765792 -10.407921614991 -91.349139233284 6.1532766813699 -189.99109580279 -134.33012546461 
-32.399470779114 3.375311275093 240.72237394443 58.222440660611 -33.47976529646 -6.9254956649905 -83.530421472299 -270.7655851688 -32.2144726591 -294.49177580048 -277.51746994083 43.631651589618 -233.31463968186 -21.049667454431 -201.45965393158 -335.66956375934 
-3.4321270948787 -142.76004324713 -99.179946486632 -95.162588250971 -29.296722139116 72.125589429321 -75.878649304348 112.83947054087 68.125943586991 -7.6314051887407 325.98196832783 90.060115653946 -151.29251055443 -278.64064088184 -127.47149220982 186.66230201054 
110.21526981443 134.53812319275 -13.637160444092 18.482086718484 -44.662162967441 -21.329486399237 5.5297327768186 164.35656004323 27.260601420333 71.193093735833 220.29970942087 -158.74464170298 242.14165082278 104.74281863011 50.342731872719 67.140799237441 
-60.06402064853 -71.729982822867 -198.347219417 -28.009188023436 107.23103510697 29.316428912025 -179.25003079218 -286.59417973141 29.783402131755 -159.41990271238 19.855496455653 126.95048237445 -99.400245682382 140.24830874248 381.81066005426 -119.24035965901 
-0.34923350189309 -133.79720233546 -143.59256773875 15.390067319818 162.71024184141 14.306216662731 130.81562418158 74.246642657065 -42.580871213824 -48.924645847186 244.65529374767 96.181726116496 -58.198668106728 -103.35270761859 -66.826891894443 190.80590067363 
-28.393414156253 97.969750375248 138.93122126686 -102.66500380826 36.09899808552 -164.175063886 51.411657526676 -21.780996188662 142.84668235903 35.323965803813 -16.187522722064 -96.029256303991 133.42374632269 56.895070123058 -83.87475962142 -234.46525936102 
297.75449176294 -329.8619005848 -72.223435281927 -263.63607321247 62.414965111052 273.27137015682 -113.3081370152 -94.001334204408 -103.3323900268 -196.97426722112 -1.6162339386785 279.54989607043 -25.429144221571 -45.243956997015 249.42616496811 134.46035957354 
84.613898881337 162.38144105109 -8.6856695477714 -23.7875035988 21.581247944558 -120.51745328913 -131.90782128439 -233.25171345349 -31.201551687749 143.19831060002 93.237474650172 -277.41866579658 -189.15491028808 132.86204276738 203.63899272837 5.7687176952317 
-0.9028407338592 33.464833905637 236.35450979351 -29.899850776685 108.50871460411 1.7226473788977 166.70700633767 28.288526857842 -116.24214926415 -291.50287152275 -294.28297323582 -4.4810280583489 86.616838434445 169.71558758513 -113.07061282597 -250.81839975983 
