10 10
-50568.606117075 137915.00658053 -1103211.3818303 -255581.1054029 1356623.9932563 -671552.14463552 -1659137.889357 -569485.71249724 -1949499.000111 283368.20030639 
1737905.6576136 221889.05023748 759587.9616475 444957.74162495 498463.67357987 132144.83928953 43250.770439704 -676656.09261067 1002783.1375437 1144678.8784462 
-228423.7413793 -556503.66492633 901652.71255088 -185557.20298206 -998465.7321678 327151.42556989 759754.15897801 -580596.2549235 1420918.3090796 737351.9427064 
-1806488.7647151 -555427.6790806 -1515219.7766557 -420878.11482737 579094.17992156 745363.30125314 -279579.00251273 -787527.25179525 -981927.68597105 -140579.61104045 
511769.32426899 -801433.73704647 -1033057.2182111 -1334306.7351142 -219445.02995291 -517218.74364294 -162974.69287528 -142544.99745508 1023996.3660321 -958032.80134291 
-64959.929421215 1677776.8929698 374572.8003108 95217.603661325 -10957.168130333 186469.39694878 136453.15362118 132468.26162001 -1314925.1966823 370713.38889609 
679171.84577875 -1488934.803474 975234.07160065 52870.573926107 237958.59255625 -1295604.5995089 666129.08021583 143161.69762584 35975.012543782 2656187.662205 
1102743.0276929 -41508.611600771 -1371731.2804861 -512939.74705702 1667098.4258065 14319.002465127 -638830.39887931 -344078.50441406 -700650.87494093 895403.87280034 
-308882.81850321 233277.13045877 732483.13119874 3836039.983972 860362.95810375 2942371.7006386 -370618.38376547 174876.99115187 151211.20726032 891362.79206113 
1147564.5609543 -461304.33659877 -1481042.877053 620015.26088682 1469265.6817703 936539.20923813 -380563.946788 25910.403808873 23345.457213767 916117.67991901 
