10 10
47.941148111467 83.565757473256 -38.842007692579 7.1747417296365 -37.784669542241 -24.587389364652 101.6308592477 93.65493464443 -189.70180427466 84.566252331768 
22.383067245105 -165.34878552491 117.03809474775 115.19266729135 450.10575841481 59.463022829867 72.997434278248 88.344606584868 -28.499415819998 156.13891466242 
103.56478319074 112.69324731715 -28.251372122391 -82.978164292702 -115.91622254677 -181.00568315747 -95.434760179684 8.2871645872767 -78.059127686179 -173.35398950125 
-61.364529280042 120.63381690242 -111.2689769918 36.522825952869 53.338693670426 -54.1994206215 60.895603227367 184.51253344818 4.1287684408368 124.08560417386 
-60.696788277675 -58.472812511023 18.843382214531 92.614579989955 55.31043836996 51.050554189826 52.082828592023 71.498505408397 -73.935539174506 115.23026325288 
0.10687334599093 -42.777969843423 -16.882850929615 -91.087804066078 37.408451467567 -1.0922535939985 14.296803599252 -14.950513460946 79.982751168958 97.347618852944 
-49.463173420082 50.617367595405 -14.56304381098 138.55306476215 132.74105248757 63.250257444692 119.27732859357 87.805078694049 80.554134523987 38.163960373035 
-144.51782278449 -102.59670742938 -194.85760064262 130.68585014562 -13.158170594612 -145.48724297538 97.379667806327 102.09817794294 184.40498595466 -34.682404627466 
-74.827899788092 96.066279957974 -260.07691090037 -110.49236330282 -161.49177495066 -89.696076577529 -5.8455443761916 60.901886539014 -155.14818418101 -33.894178085822 
11.934610943453 69.140187452837 15.842674235758 46.67554547236 380.13744289142 -6.1750078726159 -25.008478657137 39.324193405719 273.16863363604 -92.039822428664 
