10 10
-17834.680048867 -7517.0464902337 -777.4262392491 17330.258725795 -15679.552548187 -15207.803487603 6651.4209847823 -13460.561378821 13940.125485776 4081.1802761238 
-5039.7418730572 -7625.4911815547 -2454.2396820155 -4781.5967997146 -1515.7336484126 -2961.5580759384 14538.349112735 5608.9912633544 4476.6964089233 -1134.4338834691 
2513.4934031429 -10168.238368984 5074.6051978552 153.15338136141 -13734.578810864 -13345.666212232 -18833.089633897 -712.6135380472 -1233.1142186169 16896.909685129 
4798.1442925535 -3007.0573586101 987.61990060379 12169.232288359 727.77508568347 -1233.7803633097 -4224.1602383988 -5065.5463666731 -3977.1793666344 -5964.317657838 
12035.545744377 2718.0564940087 -2329.7481408252 -2554.8900442773 26207.160303809 17271.613467664 16594.544560611 -6620.4924751618 14594.887057161 -349.98627462614 
11376.455642905 7229.8219648736 -1950.5355839193 -9036.8573360794 -4024.6801700259 9529.3057944066 -513.33992360246 8149.7343650668 -267.94141687457 3443.4119045103 
5151.3516321453 -6317.7842240559 12542.522781213 26027.922707039 -9076.0747825463 -23813.52700794 -23008.879492828 -4330.9154228178 -27500.406154483 25615.873766574 
13759.462641695 -10935.723195633 2448.857170067 3149.9118526003 169.72693799433 -3492.8329764259 -15873.418042075 -145.85776693636 21.425624814219 10511.174676922 
-6926.428000165 -5353.4041999291 5602.2661727444 17944.204177554 -622.80582752594 -14138.58310212 9674.9618091123 -16412.26288288 3997.3689438016 17310.658559916 
16020.499825098 -17229.11443555 -10148.491823323 9143.8470221117 7550.9740501849 5657.5670495107 13517.507493851 6.6407645625231 20505.497701546 2235.8617081331 
