16 16
21880.908498723 8583.0891793506 -12459.510069781 -8570.7211353744 -6916.5510435233 7832.0443179024 -634.65996482727 -1189.7200044189 -5515.235139274 2795.0353030019 21694.154312317 -1320.1672443033 11757.649449178 -10989.787111898 14888.160897726 -13814.457480301 
-6585.6310749767 -25313.262732063 9292.7834073497 -5178.7778911289 5614.8361841812 7291.0068762716 -10078.767171802 -22558.385961219 -8485.0414708024 -29444.021844431 -2960.0875426503 -19560.067669621 -6643.2128148489 -10861.556231476 -19808.242206155 15538.012496228 
-6578.080200415 17535.683586862 -4056.7189841831 11270.463361583 9465.8580277746 -9380.1311484165 14345.301858207 10259.32437659 412.09971913154 9815.0847063175 -7387.9400748575 9104.3463766091 -6753.8330959228 19597.720158265 -9099.450029732 10.361665008129 
-11278.13074101 12931.060067306 -4214.5179611611 32439.364475209 -1049.1940128911 8798.8958441608 16458.529833939 8236.0170534426 -22981.446729017 -2676.3283846091 -11710.225631543 14835.842679136 -8325.0072455652 -14105.948724592 18073.996979336 -22432.013304701 
9361.4075809914 -29488.501064375 -3933.2683695523 -9703.2232296089 -4994.0017942039 37513.806433615 -7697.3975798084 -3832.3978622415 -16221.51274503 -5852.9879283552 -8094.9657673456 -5997.3995274707 15890.995194005 -33740.867865824 19511.915317635 -17901.802173653 
-12774.835577254 17304.645498874 12523.319787995 5421.3582129257 -6993.5192097308 -15732.775455164 8753.5443048741 -1002.0107405123 10084.936269097 9737.4535806675 3022.1754865802 22169.460253594 5409.7475307673 17989.438670599 3946.1981686358 4009.6869302038 
-8125.0254870531 1479.5315478292 16734.804364867 -2977.8769113775 295.81640954019 -6586.0305058583 -5236.1254626519 7570.4355682232 9004.5082058928 17877.02707028 15532.113018909 2504.4538024266 -3653.9412405383 -9395.6110274053 8616.635328394 -17251.246498163 
-8080.8206376273 10941.083674285 -40.241780080732 7415.9194581426 -14922.045175115 -142.44756385136 1913.2727074601 8680.0225601838 9842.1267369464 17927.90867723 -2608.0128833392 17161.267411122 -12261.122478086 458.25161540175 5122.4329762595 -15639.563889309 
745.79915089825 15972.045197309 -12710.699975951 1974.4161508075 1504.3282874833 6885.143367298 8415.5967919493 -10351.906822581 -3855.0326385094 -544.75780920364 7258.3687964489 6181.2883398951 -7149.2108502762 -4509.2544082809 464.61307234004 -8099.1313937298 
18932.340001203 3727.9952381561 7564.9522073699 5949.2282148133 22238.962815049 5422.6597394596 -2158.7783219387 26014.456136746 -17774.561342507 5657.149028843 -14734.167683216 5317.5167473636 18639.673882215 8247.6212060419 8966.0619376272 6794.6659531854 
-10434.772360196 -5757.6740212163 -4449.6512472212 6961.3814951587 -4410.0637634408 7392.3497679856 -20166.877199205 -4727.3724592794 218.22246370046 8370.6778320103 18987.298555405 7955.1402509562 19861.055493747 -1641.9652263242 10235.914431897 16338.950221786 
-11144.429402252 11229.520512891 -15077.025736889 6206.1056645444 -18943.746833007 -7530.8276635532 -957.20111741394 -7555.5782746324 2256.4385768766 -7313.2349373073 10536.565669567 4629.7817851054 1553.9993917409 13533.341549897 8939.7118964311 2167.2212722672 
1415.2707091041 -8424.5937345011 23019.362785181 -9466.404160709 16313.647142677 8797.6963359843 -14596.888059661 -1629.7048160142 1543.1094445953 8460.2590661803 3001.7356605687 4370.3415097358 16594.969460001 -12576.824819382 7662.3874576317 361.98082132693 
-3262.9080032614 13304.187236134 2403.614202498 4955.3484802673 12624.676107314 -3214.6175576568 10050.988522869 -626.45121091375 -14886.029221936 -291.63119150507 957.07002866351 -28875.280720527 24102.32005836 -7275.3133937424 5192.8924779801 1817.6733377568 
22974.570700149 -25099.231218447 -21284.560605266 -6602.8498879975 18470.366985898 27182.998813219 2426.1964893481 8100.7644353989 -22740.70788995 -4809.5595019386 -4326.7416484528 -18061.072953079 2359.989049313 -24531.757120525 -968.07981843503 -1498.6748037224 
-4744.6945763935 5091.6549184803 -5139.4100114445 -6103.0136312846 15534.454106273 -13846.985732229 19014.107643306 -7971.2627904889 1558.7497005111 2565.423209453 33027.35166129 3495.9475730998 -8397.7676189253 13388.55146967 -14787.059017498 -1287.3520688758 
