16 16
54.499817505208 10.214482652059 -60.335259422085 62.27114243418 36.76707045533 121.40078488015 -97.648596191724 -3.6398015928848 2.9197688895325 100.48097523388 -60.872127131909 -202.66353217504 -259.15168553245 -16.968174855773 55.065612890806 30.845465838993 
68.083864222013 -71.154142470807 -208.57371603175 -301.73601248454 92.349120563345 -97.33303269856 -120.30960716137 -151.0251901319 -202.07005696633 -88.116885772686 13.070759306084 286.90957186755 144.40093765674 -183.19349271593 -61.512915319403 -25.047998299846 
4.9965039486315 169.6423747791 -232.54054549037 279.62619121697 73.665616417083 -0.018516888287854 -159.86745275753 -126.23045814292 -123.3476181874 5.9966698695596 -107.77811798082 -91.208438465502 -24.726782864611 -32.496397361925 -220.50633370212 3.9197038193015 
163.54177586382 -58.007645553502 -23.864465310483 -30.50221819182 67.988300763374 -135.39845424688 41.983384947326 11.533934805447 139.0841899447 215.16163817709 70.885371220545 221.69661090173 -99.797465073079 -125.83638151184 -82.569103596949 91.303902273037 
104.09883582755 -114.92765631046 -60.344980095429 161.87245809006 -244.34816411535 -3.3291713596729 -200.24153768836 202.18207456491 -19.113975259739 49.724993700384 -155.55688447921 -320.90748131417 -94.396645461444 294.44016022804 77.773393901765 -133.51254749163 
161.29308501594 85.945155251696 148.14381901051 -269.25171039868 -49.579369220565 170.18381352329 128.62552243213 220.06783250024 173.0320621613 46.433581915706 216.83502520062 80.848507742302 -101.97079881365 -198.21281624461 226.18224954841 -99.716667937102 
74.739036739192 -5.9725329919951 8.1849118539434 -42.244083485981 59.090543466503 190.99250600691 -54.834816803085 -6.3319444369281 4.2292070757381 45.931651935456 -31.016943276607 -89.739246933394 -103.74976793739 -65.387169499873 80.287480811935 -82.39264577261 
-18.260438905696 -30.022509707511 -58.518378116685 151.65649528326 -10.768438054808 60.85946864161 -169.50696655455 126.5307815184 4.9722814634705 78.601638075155 -135.5908269738 -83.665612162905 -139.11202911411 -27.221719502699 13.614470975232 -30.373274708969 
164.17299623773 -19.091904679422 229.77907983845 -86.401125354258 19.904300271747 -127.09394013906 104.19763007416 27.342320039753 218.11314905933 -52.545667513608 27.378599022232 -98.535654122845 -115.12715626884 117.9737402051 292.44441775753 193.32296806024 
-56.443749677775 146.47377502391 -38.596360328524 234.25485504686 -52.247502919932 23.636143442545 194.81725859819 22.769872835436 -56.911373316215 354.73418385364 -127.5378822611 -202.47514513541 -6.4181110931063 20.101841098898 -348.22224423677 31.558384680598 
-76.763313178952 -59.468659257932 -81.893150218922 -149.96319554281 -57.594685627181 98.256048638714 -216.70574976247 -71.080048892188 -43.632210316219 -214.33830124842 87.089081295156 193.19027128214 -71.058554170041 -98.40641929674 164.53461025958 72.142745430925 
-196.35689134413 -1.6207686660176 134.5471144351 -33.912893122717 141.16695876379 207.37936453568 -331.67180851556 211.0263527747 129.88335859958 -202.86973572322 80.159510898195 90.242701344897 -352.62161225633 46.194342468026 374.64801362302 34.314633759534 
51.60631897862 -95.846104201453 -138.79409698046 -102.15585759946 80.680428728137 -71.648115708226 7.0272831482662 -296.53162566189 -144.07159106493 -30.503939039372 -50.573711549281 202.546098561 191.68282327037 -137.66202847725 -240.36766277158 -16.535564916901 
84.518204032893 5.8534411600894 -148.2142260585 168.59790252351 134.20830078326 69.051416297769 -267.64531347524 -70.587640717195 -71.934882099906 -20.856504500668 40.847090722985 -153.42467872788 -113.94458493115 162.603290036 -65.770984433806 -211.05489969323 
-75.791420756901 -36.554001958407 243.35809875419 42.928072369419 63.751883963693 170.45192657689 100.13570603874 -16.875453926025 332.55917948258 -18.493845174731 136.93334268486 127.14120442366 -49.37907845358 -154.14044127526 64.746393111325 20.037036501287 
-29.462713802902 47.123705054432 -23.316840336148 313.92598188243 97.644867792154 -18.038459195874 -109.52324554915 5.5152721820321 -220.52420674679 -141.31216368067 15.190204813613 -194.54241799187 -83.505060105925 377.09357935483 171.63850148903 21.56035763662 
