10 10
-6316.4924356015 5225.3954182909 -1434.3655001982 -707.23629370793 -8770.4461971542 12801.046234878 -6324.7573394536 -7052.242743631 6828.5531025185 7516.5559474495 
-17278.286168884 10226.971807972 -7184.9184474221 1957.6270184194 2859.144949531 18941.178393044 -27874.316865413 2139.5395764978 1883.2884371109 -5607.6753693272 
-18753.739224689 -11636.645441587 -12711.701527175 10573.515009844 21581.596967694 7074.5903000988 -21021.645234196 -6229.0760957525 -3732.8251001957 -5428.9894022495 
-6749.0743198638 105.83153643609 290.04799017017 5461.5197645834 25663.590704555 8561.1865936843 -12839.466883208 -3886.5457911437 -872.11975768488 978.75880492416 
-9452.6185670794 9003.9161097363 -11251.168300832 10840.583868761 24356.197112571 6380.1145587193 -11804.31903545 18313.987287552 -5569.8335213846 -17075.714621918 
2862.9751710165 -17018.766641457 14521.414435714 -11745.383150637 7236.4468658041 -12301.742467184 10308.827405258 -5776.9155485265 13529.765913178 10652.045040378 
-5005.2525996092 1558.7718263704 -9044.8749856962 11036.287994088 12213.974242469 -3552.0263018836 -6152.5440877669 7699.3802747694 -5941.3507134183 -14575.239281756 
-12516.020987041 5089.0823421433 -7699.1260578161 14318.220572333 19695.175390167 7045.372800933 -17232.316880874 -2807.2682731871 -13443.003551734 -20237.397401813 
-11534.693587399 17356.274071215 -3507.623903564 -6871.8934568416 11547.614469579 7403.6492649832 -7310.4171070681 8927.9515684961 14957.098329179 9483.628640988 
-6149.8980456967 -9909.239899964 19004.706257362 -10738.889409728 15466.363786161 6122.4602373777 -15519.546975627 -5526.1760204861 4944.9516649237 -8482.6739298024 
