10 10
15393.030057924 -3522.7500731981 24526.703205753 10791.092357547 11942.893624937 7924.4149269024 -2424.1318264712 6526.0020066162 11399.603322105 945.38677670951 
22793.490897614 14550.380394114 24507.89797426 2155.3582876955 -5299.4043771112 7245.8358363139 -11370.936472598 -25141.089553845 -3302.7482823373 -7919.1970791724 
1618.0812763477 -9453.6793754906 -1306.984230719 -10679.222420314 -4729.8372123936 10666.405111363 -3755.8866817083 -5051.3025090125 6538.5657260365 -634.42628370139 
17267.026952638 5132.5920340031 16032.715776236 16212.622438366 5450.4727357172 5994.7086494242 -4048.4965153127 -4179.9001201039 -3701.483569794 -11372.637061858 
9269.6385387275 1660.6058177701 552.41109581667 -5970.4317273136 -2557.5552887214 -3359.1299211264 -12210.39183185 -3132.5156610742 -7022.0288312745 -24204.320694275 
25583.725465535 17049.271114968 26856.959074994 8889.2965746513 -3571.4377530943 -4244.8572183274 -11534.998074921 -20992.976642909 -6693.4275190132 -25866.736625612 
14089.580956596 16945.762609228 19154.273050722 3702.0010779605 -909.21536757511 13659.057614138 -8773.5985562589 -18027.797696437 -2080.5944553406 -6934.0011757773 
-11129.277423584 8422.6963048699 -17482.274030635 1325.6984200683 -4484.6525915424 -13662.978345052 -2136.9586372935 1197.5769662707 2328.8542229901 -9858.4897556005 
18492.707847966 2580.5533492445 6915.8244070048 18069.94585802 7151.188157436 22203.680345231 -5785.3481207835 -11871.322747069 7226.0950782349 -1945.5449350434 
10746.673228577 -17455.465249425 -1219.6997547902 2140.5722878661 -6825.4032934811 6619.0638416732 13698.386809842 -4708.5635780945 -5127.753411384 -10618.081021213 
