10 10
1.2891008849098 1.7586021252371 0.4309115313684 -1.377051646331 -0.20500625949467 -0.55048372572026 -0.57266880074341 1.4259031911919 0.84942819134777 0.35767470421408 
0.69117604239633 -0.19414661742442 1.4292109489136 -0.56012016394089 0.33100200546078 0.29025027966678 0.32323417711072 -1.083460490449 0.39990261336762 1.3848374761437 
0.27505600830554 0.80429507796908 -0.57029366611375 -1.1369855064569 0.29598277151706 -0.12020714988417 -0.16356217836879 0.0029145216621164 2.2516409109373 1.1227560138206 
0.53874990438714 0.11052071554423 -1.1155963303552 -0.6779335441191 -1.1691878017181 -0.14927602110876 -0.20017010811216 0.6062431671687 0.64880778338925 1.1131464704214 
-0.55261600104953 0.58330136901383 1.0032896216251 -0.23555051563822 0.56000045251599 -0.44618830203604 0.20056760982418 0.6647989435099 -0.097084158795062 -1.3578577950627 
1.1794898143048 0.37615699803869 0.53165469960465 2.2291870508812 1.4766317021615 -0.51758958454094 -0.06397584977259 1.5235942649926 -0.50313699677391 -0.31517730595811 
-0.97182568006555 -0.40012333937719 -0.64843438482959 0.62137284889346 0.077866760829331 0.91602967265292 -1.4443724127961 -0.56828038049692 -1.6068163185906 -1.3641678343464 
1.2774361408088 1.3259734799973 1.0415129526166 0.035010975868541 -0.7658096022056 -0.70576169854171 -0.79070006131045 0.64510460200402 -1.3555658537497 -0.8077717171009 
0.67083485853187 0.53082473897488 0.45705761735664 -1.3212358192047 -1.1625207133179 -0.42702889426295 -0.85683730831711 -0.173854087912 -0.14795049822237 0.71189813343255 
-1.2663812472519 0.055397906337133 1.5481825886549 -0.56544842370465 -0.4953746476289 -1.0903363007814 1.1687768576777 1.1556911274506 -0.16615691808106 -1.1312672014194 
