16 16
593382.84727783 -1463054.1810816 -106577.55609247 421242.49350517 -52043.239276602 -1734450.5566223 1190064.0813706 -1306353.0574098 -831847.76080836 111533.88581029 888414.72442469 291385.39361736 45662.022896906 -919976.55742502 587182.01967669 -659519.47744671 
-192117.39675185 1741493.4955006 2260088.7084688 1763394.6002207 -1411696.9621949 1087928.7065349 -3590920.8684968 1460717.3873451 71359.882389122 864275.43391839 598933.53757794 -600337.24337073 -2179210.4458006 1982909.7906072 -892302.76951863 1006605.3153101 
-1759395.2505788 -1311646.6797391 206034.45426641 -521269.75166095 57800.389963555 295219.38925065 -250424.20361579 -578372.58730558 -1389886.2497238 2063087.671689 248453.21736807 -1029492.709281 -737064.93230213 477453.82873554 -1716261.7148148 -1196404.5052348 
-2635925.6278658 -1954850.4470887 1236080.4706988 148910.71912877 255453.84217076 -2021969.5311055 353566.45333191 -2587926.3213074 906138.81485291 1067267.6989403 -1175978.3594852 1468014.8357792 -1489973.9689243 2436906.1575892 -929316.65452205 84780.621233776 
-2592094.2611565 -2005624.4867147 749367.79204727 -231967.56072673 1353543.5233334 -2357686.314375 1117435.8818526 568399.43508206 -3566064.6308487 2850330.6659405 -1842971.9899324 1490722.3088747 1980005.0154348 -840516.87589762 -400312.79902231 157199.3859219 
1617994.2959717 1098553.7409369 -541034.40442056 350406.9721584 -2164606.474997 -2323360.5371738 1560358.7937045 1915826.0592828 -231846.1530117 -1800011.243222 -14026.368008844 1495230.0402776 2374281.1434007 -1502299.3585373 1375430.8417449 420835.07500332 
-379600.17513055 -2456554.479524 2170807.6172232 389783.42293075 -1531549.2715786 -2869090.5576058 -489153.81528139 27457.683282954 267339.29502538 -670309.2055685 -235983.45821916 -366218.93555778 -369407.09620287 -814035.33473714 968912.86888494 -9794.2577118661 
-2236268.9044181 -1235088.2235669 607982.59714069 -79481.179375168 -509697.9854075 871583.59726203 267661.23571839 466856.04723767 -1635354.3219555 2436519.0576161 -1913160.5920137 -591351.08171896 1053304.9108865 -1034546.92519 -140227.85967987 -1189371.381561 
1618609.8089138 239832.36689292 -2114386.4181829 1406396.7372587 -1315361.7090836 820712.39057477 2481028.2737842 804800.63261112 -1268653.3428073 954586.8589261 -653547.27132573 1388942.5449727 3008447.8572882 -2634234.7579994 484136.05732561 -1604815.6346013 
-1262883.3113638 -2720025.4926802 2867178.1193615 -2712641.6836191 -447918.50230208 -863958.08643662 -735810.75805223 190097.63174895 -2271350.4954361 1017457.269914 -317007.3642305 1561457.1279354 767703.04617801 -528921.11415391 -1172220.848887 306438.19453924 
-1215956.9285644 -86710.474451853 -593621.58618224 1622893.5956636 -295484.49765516 -776643.52212098 -169746.0369679 -1988921.4528106 1241568.6754502 -989319.62973979 -914702.7960301 -294289.99233642 -2188408.0878917 860688.26413038 921152.33179607 1069748.1218527 
813161.9870001 2928482.0173693 -1984868.6929584 890794.18239738 557537.51589195 2472380.6004686 -162120.71308507 1032208.0218425 2055429.5446333 -1192838.3621267 -972230.65805633 -1936414.8481436 286968.65590711 1105514.5282957 214842.34126217 1037704.2846516 
379899.97538489 -1995578.1149889 -236398.85871828 -118412.26297824 1833694.4402072 287168.49835662 2300490.6142617 -822682.70428325 -2079478.7993846 3262332.4304299 -1132592.1319295 3019473.7939391 2255750.6884694 -1456399.520287 -127960.3890061 -1504486.2230623 
1819710.4336173 -487762.32359407 -1563814.0008105 382759.44772442 502156.8864109 -490806.19896763 1266945.7598436 -1590356.2028887 3379181.521707 -2316750.2573738 36065.660987758 52108.612110964 -1277852.0176111 -790579.33392095 2723789.227804 -206605.86276642 
811444.27747581 639223.5712722 1954908.8667357 -1292807.5368618 -2817694.9971068 924138.96903963 -2814514.0543381 -579727.37861641 594197.552092 -2432899.7177049 3033806.3611337 -249375.34483388 -2411074.7626393 908130.21874727 -1136817.4116106 -427008.43390729 
-1979716.1863963 -1622814.1408078 466287.53611217 -49121.296738219 -2671404.9395894 382899.30314831 -660705.64100136 723272.45990111 -75238.805011199 360038.81686102 -1169315.7901258 -268203.41784035 535455.861496 -921260.67084067 -993319.53290318 -537720.39370723 
