10 10
-0.20192313739589 -0.56040813748744 -1.1640424361619 1.9309554528938 -0.22926832281647 -0.89552274621358 0.72892639814639 -0.73430469762309 1.4052697016812 -1.0601736060606 
-2.0226006258489 -0.47779134793969 0.022688873050901 2.3089640813705 0.50919696337704 0.44273558867985 0.64655137273434 -2.4339983607951 -2.4767996484705 -1.5338157677279 
0.39884814975031 -0.1805895998206 -1.8767126464359 -1.2652957291236 -0.15608778287347 -1.0162199386571 -1.6282992615855 0.71775129310745 1.7696913849537 1.4314474689677 
-0.57380122028172 -0.62115888510986 1.0435887329407 1.4565161324879 -1.6826654250845 0.88650585227043 1.4871787076797 -0.97175190165069 -0.680802210403 -1.4263200510394 
1.4687739478581 0.27619068499066 0.67104240079846 -0.36429072069916 -0.37656670357588 0.025817965071854 0.58683673329534 0.86642396966744 1.5843242800833 -0.067668300538031 
1.6743179034527 -0.90743947120264 0.71043751887012 0.38225477347903 0.20424310127023 0.41517400424381 -0.49052034004395 0.42517824214298 0.83987230826785 0.26666335331517 
-0.053788702841451 0.18379441389483 0.29708033907209 -1.0624393165647 0.3276425264735 0.89397011462924 -1.5345615624979 -0.20815518803484 -0.41829613144706 0.59003406968231 
1.2864210417647 -1.113631520944 0.19365667980357 -1.0009004790337 -1.0021293955389 0.92566004440219 -3.5120514278966 1.0389596752511 -0.64978556670735 1.6966534887809 
1.4182014430631 -0.40448260095584 2.0392823258035 -0.93900700869326 -1.550329748754 0.59155620721348 -0.050726336863483 1.9772409791783 0.48003304709263 1.2577186863455 
-0.033448172649753 1.1407286625593 0.69796291080358 -3.1121923388986 0.95254286264844 -0.29837341089564 -0.3737234411001 1.6925878015592 -0.22947467532509 1.5858304339868 
