16 16
-74.524748850552 37.429011514434 36.952363549292 99.719125657946 28.627850081476 -213.85916869325 -78.254411576097 17.973151724131 -200.84618416433 154.88130624268 -70.389775989992 -219.55866916435 47.942492281029 184.46138120971 114.6472188005 -224.51196396399 
110.3936606938 -47.74751919718 -20.941234543801 145.83744517216 -165.83481028007 167.56247867897 -94.318510410996 -121.43908003531 -106.03257050929 195.9942009254 -104.61638050711 151.91095203795 177.55964831457 44.687461780761 11.182755150267 -71.557923838964 
84.306373919329 -367.2136775221 78.987691273161 -80.990907880876 65.326031738008 0.26516686271504 101.18991601306 -226.90539443801 -43.028727957171 -88.2871270734 -76.553708091762 145.27522398454 100.68887893029 -158.60824138498 46.623817848211 -123.1481603545 
373.4652394895 -30.916835252987 -34.600630220063 221.49857739832 28.155341386222 -118.01809803727 -99.844957402127 -165.37669840464 -118.4056297538 -6.9230160365451 -124.45736711227 -393.3258311059 141.97255148685 126.82098747525 367.73564916364 21.032559471415 
166.95439380883 -60.211104885265 -177.9304854379 -20.276892451389 -52.255800050667 128.08600543878 32.892067100763 101.07477225738 -1.3692261287841 -98.953190830727 -9.7053533023414 78.025481014098 -60.603405861948 -73.398250454998 -93.730043270739 52.841934084559 
104.46340151022 65.398002340238 -135.84680443863 -55.908582028371 52.887602021275 15.900886674476 178.33963873645 29.073350258259 62.45013293574 -19.401049928566 2.6839019439767 -132.47529685957 -14.854876899557 -6.5367110117485 -30.734926333537 10.993797583378 
183.85148911117 -233.31390695966 -175.69780988111 101.50956702894 -259.49956864399 25.075891660406 -252.77295652974 -141.32327497329 -92.028751196919 115.59798552516 0.14709572878851 206.72573759521 121.58137444713 -138.72883391211 -45.185261132492 39.191506067555 
71.099296553559 -215.73730973013 -85.346467145735 -158.99312596072 -247.80677898926 61.582139920344 -177.40174262233 82.451902509822 15.225116534086 61.316889746427 46.433150307865 224.52853828049 -63.463807574659 -153.20046726777 -103.40988813071 265.00293638861 
158.77173866949 -90.624140637483 -169.10061545684 50.564424471407 -239.85405394435 -81.653358056137 -120.3887293029 -83.552098701042 -109.84877127937 213.23547155784 -79.70715296989 58.304063150162 64.940249188184 55.56651804157 63.322772656077 44.905198850302 
154.52899284617 -274.14965918571 -86.985274448421 239.10896966059 -236.57969810012 41.154109235627 -192.3256182172 -282.30606032693 -82.807564594137 185.02456698688 -90.852141872945 60.46705100144 244.92421904751 183.18182733141 131.81525628703 32.349631817584 
-100.63989539183 -186.20147098325 158.78771345444 -38.555138834089 128.26443505234 237.94068213203 109.9843013641 -213.25997280905 156.29794106167 -118.47197995012 -22.082148250337 137.70029292733 93.172046386382 44.298829373736 75.128645398373 -31.253092387062 
-97.23242203782 -36.467656348558 250.4325703626 -207.00052779324 119.4097340404 -69.007064423546 -26.463465588674 -43.718405001327 -57.521426891712 -55.769211175185 66.139729174326 -41.751487217072 -0.6282070580861 13.819961424252 129.01635810697 75.164857435955 
11.169941507484 -15.287982871122 220.65880360771 -175.6513255536 199.81252175524 -38.766364889623 187.04306909757 -102.04108728121 5.6007228484718 -332.90817237061 81.189355253129 -11.668811227389 -39.216846311726 -91.078956968781 -53.651383512623 78.836863883293 
96.008743280288 99.169927920024 -96.885454899813 -234.39018672596 160.16724697938 -107.86651226349 225.12719532314 247.95693631142 -21.273383748469 -202.3122392486 -76.631238720161 -125.53753954779 -169.79687164436 -143.92509856327 28.606073376571 48.21385315993 
-63.02292928779 -22.856494463215 -119.35303029453 108.86223664687 -195.96893621942 90.058178504273 -110.78810445611 123.25352600924 131.66456183466 42.308964205132 24.778228305942 103.69830302004 -23.161978472704 -108.91110412357 -129.39741463503 36.384213229617 
-104.63803013047 -39.52541144179 13.144744855732 -158.46942348822 59.866234912175 -140.97811639948 24.119257816059 21.152604999705 -143.71562563234 191.24422526377 -47.420871324872 -58.721248202204 28.817409256357 -2.1988244722702 110.51897483399 -230.45476860014 
