10 10
377.60309616945 2640.0235932423 8317.572682445 3687.1432197498 -6034.32133831 -21617.722527948 -10825.30226535 -9116.3790715453 -2733.4324547551 -5413.291944859 
4638.5957354825 13804.346267665 -5334.5578050173 16184.286418693 4526.1104691673 15618.552842976 16117.18726088 23438.674356102 -5290.0325938429 1232.5055765288 
4465.7941875263 3439.9875005373 2721.5469515791 7858.9719034317 -6566.8234757542 -8303.7971440461 -6675.1971836337 6125.4281996688 -6046.3584585893 4521.0399933038 
20704.624932968 -13829.912636915 -2531.7092895719 -8796.4301035718 18425.252809081 -3736.14356383 -4037.2258314656 4054.6514338943 -202.69188691782 15476.927105838 
15098.022563439 7600.9570144779 -11723.270078606 2504.4402765453 15423.024436569 13445.128438326 -4678.5358276201 1513.8341173528 -1375.0823873043 -2364.3439936269 
-10642.240907263 16352.65372648 -3563.8361786255 24289.981724451 4964.768168693 3032.2976057284 24822.080131918 4695.4961181711 -8015.3938127071 -9279.4274278617 
-8596.3095843185 -6336.9639038131 -10036.800725004 -19012.259833756 3574.1777038826 -8439.1007904842 -2357.4894857798 -9494.8817871404 19182.231613585 915.23930551002 
10032.096760729 4810.724742175 -8734.1909180147 13130.628602358 1305.827083465 -220.17154626216 -10396.864342954 10019.534858164 -952.77592826066 7134.3902861855 
-13946.194617331 1292.1530585756 -4124.8208850585 -1070.1540156866 -4910.4676127915 -167.86821894736 3232.4102133924 7975.1366415404 8364.997781356 -5816.5048238591 
12204.97042243 -7662.9330610098 5328.5351739244 -8317.090606694 1198.3637783647 -2050.2719691733 -6640.1036870272 14066.839512194 -1874.9867904222 8090.7693119317 
