10 10
-0.36360497387811 0.070904395175845 -0.91420645206038 -1.257566917163 0.61877252363559 0.17769815973097 0.78606413967827 2.9922951072481 -0.39081172569762 0.40036363006772 
-0.34480878994662 2.8182741658675 0.60391741047054 -0.81837330902495 2.1373370707625 1.011949740618 -0.79960485131984 0.79632788774711 -1.3635326483961 2.5314378250497 
0.0010890421370433 -1.3383074137203 -0.22442575309671 -0.28037479172457 -1.49010973893 0.33027233329412 0.020665550429818 0.15432336612374 0.31513409771572 -0.20661681699963 
-2.7417133300831 -0.56852999286395 0.16623063179259 -0.44215197822421 -2.4587182721638 0.51964181663468 0.60910765893642 1.5926051387901 0.93997108865876 0.63211442026444 
0.58079539217113 0.20774740033854 -2.0834221542391 1.0242617826749 -0.31871092252507 2.0006487195994 1.1403111169452 0.011947450832797 -0.51282742865252 1.2658145818093 
1.8917344351427 0.76849265352149 0.047495830694183 0.67349458776922 1.4138402573675 -0.18774630420291 -0.93094363845709 -3.0807296355759 0.013610616967779 -0.41288805670596 
1.0047851647981 -1.1616174556209 -1.7042263422361 0.3097937465656 -0.80741517286888 1.3957807035273 0.73676519870681 -1.2183094555543 -0.20287830960924 -1.2177586693811 
0.58513361753964 -0.14588126651756 -0.61114454396727 0.26261335709271 0.9895330478877 -0.095896354918499 -0.16712613880366 -2.1983135244211 1.1963975596506 -0.81887868011951 
1.1911397648034 -2.7548452014158 -0.70104082354016 0.72243738457525 0.066276845202841 -0.12304049915167 0.34416100347621 -1.7162614878378 0.39475946360893 -1.3463262684272 
-0.88210137636354 -2.8859316898028 -1.4559207733789 -0.41557501771286 0.13308394599061 1.2442312388815 1.0703944596579 -1.2788084991087 -0.094618059376861 -0.39270179006593 
