16 16
10943.077045241 4305.0116802725 2433.3028969697 -14458.872121279 757.58066470147 4721.9135933135 2516.4621394167 -16414.068021889 5988.5804111929 -5110.2788303633 3832.2854661749 1949.8012184695 8713.6181230068 1629.681970495 11300.371356485 3837.3279104965 
-17531.457929679 -13875.627022705 13172.926771277 -11588.983414692 5919.4544700341 -17397.878440536 1036.507780006 -9500.0527165897 -5154.5229132541 3739.7265933843 -30496.632681918 1295.6215744237 -8847.4985652842 10985.500678551 -1743.7662506301 -6631.931075035 
-21410.544490151 -18650.142434445 -6002.6182272015 -12048.958787507 1714.9290003599 28589.668320721 -21918.713009214 -12677.921615839 7423.9199310498 -8688.9429291425 -14242.047926923 5895.5133391564 12781.129527971 7298.5354616745 -9880.9313231597 10732.557651172 
4468.3868428703 14681.778678805 -9002.7219947922 -2318.4875964917 637.92333256606 -27483.530349876 29639.121393325 2077.0056634867 -5887.9323812688 -1112.0350013975 -5382.5740052665 23769.020526731 17399.781800264 -10239.007088711 12864.309994873 20617.434914865 
-24046.940458319 24090.359577314 342.57809639056 -5947.3821115364 -2441.6654977382 -38007.425375981 25566.254536404 7027.9303440769 -3813.3167393404 19031.542974937 -36123.857309775 1131.1792137772 -3306.2688350583 1021.378886927 -50.962476745105 1973.2977050219 
-20626.467903704 -2887.7692517699 2140.4845418302 1385.6448278065 15076.331913498 6951.9771247092 -10671.044067426 5621.2394945858 18821.133750649 6402.1916390926 -8021.7612858185 -15375.924568594 -7958.8346381728 18533.824441434 -26048.545226268 -29090.38607365 
-29246.602369222 3203.0409390654 22263.441950155 -10273.085975281 4403.6434577215 -43236.231725157 8123.0658480868 16761.535046959 5989.1574121957 17111.639886994 -30442.022182387 -19698.381631128 -12731.169336025 11577.311363589 1118.9650013054 -35096.610499852 
10371.38483501 -20810.323117831 32637.614813976 7214.8496704136 -3003.8853399646 10365.544202558 -13083.979682741 -4117.5412002263 -1632.036741997 -2015.4795911099 7944.139719646 -21738.77485653 2609.8109544135 -10713.739231496 13624.784516517 -12867.835866273 
-1912.2307585596 -7852.6686842334 10972.695351272 10570.066709556 4126.2622063928 6067.4489769042 6010.3438344526 12365.25644229 -15429.470808759 806.0091956361 -19060.26539057 -8596.0200149288 -2877.827509154 -30584.06023506 -15167.394119152 -1148.8773727132 
-19558.352842209 13362.981523763 -5470.9367113949 3099.0224895836 -7227.7313618532 -4178.9037224412 -6625.2787095445 7909.8049971641 -18290.129347804 13855.242696783 -3413.7191251237 -4840.6287497595 -8613.8588988395 -8855.3331586575 -111.39795072126 10901.0767031 
2813.1384673671 18950.63266108 2754.4791206326 -7035.3300389106 3479.8404444469 -26604.38024877 1925.4042961997 17526.036262969 13570.222407503 11566.92795763 -20551.127200015 -14981.201702825 -1621.0904712876 6400.9060479349 -6336.8594678919 6559.1681967005 
-14085.952598754 -16742.71641046 11206.399550439 12463.858237789 16327.484347823 -4375.2402652939 11655.282739861 -13874.770377031 -5720.7357738293 8074.7295278716 -3179.352869753 13221.053991049 7678.5100951867 -16540.795908785 -7185.1437094036 -9892.7513299745 
15814.168151156 -18618.975347017 3174.4082269148 19891.734532713 36477.115829551 30054.345401646 -8586.091542717 2518.9071510177 -6230.1223388623 4941.0392542867 11134.969325902 4491.6850850395 -8859.5228098373 -8165.7154860581 -17419.953519972 1326.1512166529 
3437.2143418234 12435.768916349 1286.9838232106 -21074.683688723 1830.3369833354 -24742.374392536 14504.653972358 -13918.527855885 21683.976263178 6180.5305662989 -6519.4902818303 6511.1305077828 5627.2421574469 30801.616402961 8710.5628953897 -10761.528839788 
-16780.586820031 -19883.124246116 6674.2416338 -18104.012056384 4821.3829866521 -4383.3332318184 -29199.141903876 4291.5188472733 5224.9670866221 2464.320732514 -20863.296766062 -7702.2718028424 -6478.7037838527 14815.17438821 6673.9057619703 6112.8860170102 
13987.1391795 -19461.360533533 27106.377279065 -5893.7437678268 21836.42591657 6200.9240604546 -12491.87470967 -6624.3304980586 15147.672774471 6499.7250230453 -12835.454755626 -12179.731041449 -1801.9304348406 23730.86278456 6608.4645026813 -4490.7412668143 
