16 16
67375244.818071 18967091.246954 -35340262.755854 -37791914.601684 158745918.48268 35150724.782407 -334981431.86359 -58812214.362844 -47370357.460515 -158009052.24004 -299236563.50585 -299591633.74297 41714376.849618 -128335147.40442 66222954.617942 -100380717.86354 
327716595.55973 65070402.058995 229384523.48065 -48608702.488304 228740408.41092 -139239041.01059 -66439330.030971 -146469717.29638 133423346.33225 32789281.912236 -89540851.18814 -238391097.09384 -260006587.65832 314258899.13643 -56010876.289898 -173241179.92764 
-114311853.65346 96980018.346617 -31322393.391732 -127669202.69526 -62313513.358041 151896.71661394 -312103346.2206 -163509576.84529 -238309155.90872 -4686747.4229915 -190678692.61771 -106187744.24738 168770981.54337 -11601821.135701 161711623.03942 -41223463.541886 
95097208.535706 69764484.592746 32437532.7478 -9041739.7406356 -304796068.09098 234542432.28885 261759772.36142 -115153852.02794 -132559746.89437 135747055.13196 232742412.44937 103887266.92348 94600801.303844 -72685951.48451 -247992811.89676 53138446.78367 
153379734.12579 6585312.4086065 2559518.4645317 -97320233.270634 23217182.326795 -71695245.221781 69881923.930392 -59650758.451521 91990024.96971 134386611.1003 -110053759.71649 18848676.903899 294523305.38576 -4457499.394974 -266671927.32547 -85306212.709452 
-115417464.79643 -105738125.20943 -166346675.39033 3271584.1335026 -115002658.42474 110645340.11092 142556302.56132 101499582.84737 -76076253.833896 -67308198.855408 146336147.98039 217176314.81938 -4684601.3027041 -109872663.17201 -18261478.455705 7992020.3292636 
-127066498.03875 -59490573.428614 54388572.933385 41527709.7716 -129117483.53397 37356682.065823 125030922.44935 63334502.444381 101354634.08351 -31100514.585117 -14340276.226948 1022093.1792601 127773013.30259 -38876472.837767 -17733371.189063 86800304.403959 
-257667241.88872 130366324.64224 -95065656.160754 125873918.48935 -27197153.534991 -36677775.089431 49693459.993383 24622489.96374 -47750405.303288 43522452.038124 181861071.41438 283635852.65896 46593674.55477 41875962.421455 144660634.22453 24867361.831468 
22473673.339874 272387776.35549 46884485.077382 -161574613.83638 57230076.473565 -37585997.095433 36483199.722963 172944135.83966 77612794.155072 -117753037.05765 43459693.539548 -74661830.517161 156683705.62546 198775960.9818 -3931197.4067868 -68902575.817263 
-53960413.382714 -164023293.87033 -16783595.176822 126698329.66087 -108002205.26222 -39315285.401368 -13999545.84379 -106693922.38982 13931394.446456 141932287.57932 -19887867.895549 184126033.90421 9160182.4416885 -23436004.409557 -56486130.622992 111379532.5528 
56799671.397445 -166687036.30433 -96136495.654323 -55998538.766147 85352231.506023 -57948691.263154 51522243.835932 124739187.8204 263961034.87554 -31618624.19536 76099886.457131 52665980.656502 262189862.67318 143476526.16459 -28051577.343882 -5107009.8378174 
185245780.72882 128765249.4291 127251196.7672 -89884099.945838 119846218.81849 50746648.460305 267657499.31875 -71412912.228575 107261984.45414 87791469.463076 63372370.855776 32102359.430901 162828922.1992 70954464.342097 -88776635.027209 69285466.575196 
417089038.04463 -129029942.28459 -64879901.757703 167420468.29385 22758542.686847 -66989929.303403 -25853610.689349 -120935252.60788 -78341145.284551 80407218.561668 -138906677.18045 -14687426.267342 -173789827.27886 22347599.111819 -47212561.628006 -212995970.77435 
75235462.028892 -165269369.4294 30844312.129587 171056281.80941 102143456.12639 -25017695.687426 -81909866.490151 -97442903.785813 446603.38233387 -5658102.5540626 -182136310.8993 38681553.187114 -199835695.84172 136875705.48466 206582696.70118 -76074771.678111 
-203476533.18653 -36094753.794803 -84498420.384606 -131646784.1648 -16482310.909737 36904424.440569 52723395.438407 63558712.58843 -19495625.660698 -129765777.38794 -37813728.13392 -202282492.38863 132906352.93509 -168116046.88766 34800660.401293 -138209707.27908 
-121232199.47858 1568056.79597 172777550.48916 -39652099.815963 -99570424.933103 135287527.99861 -27977177.436551 -121552830.33984 -83347936.106375 176914833.81565 26599791.36072 75234651.376483 -16643766.401393 -124619382.38372 59729407.518716 244019622.19341 
