10 10
254365.89504697 1331999.1461645 943577.85344685 -9497.8656910075 1472579.4000705 -1372331.7265639 439906.02192062 -1589640.5565554 -1681537.489095 -718126.02947889 
-2054904.6354355 -148642.17314832 -649156.54412945 -582160.83494816 -1295513.9013969 -2264421.6805994 870518.61039881 763982.81127518 -1140643.9734288 20380.277063675 
-952378.46361647 68218.782526152 -1668317.3493902 798973.92788654 -719602.63700802 -1826652.2661324 -745449.6316443 277007.29679979 -420417.13282579 -140840.21350643 
-1273964.8365608 -555212.56401363 537913.09714913 189276.25858112 -577970.07440763 -1805380.0661867 461415.98315691 697005.59287817 -698491.0116753 -1111030.7873428 
960610.50930617 193685.06323078 -120096.94382466 1836389.2616401 1165683.5603685 71098.388520321 -307315.91061443 123749.66335941 1156160.0954062 -237630.41798354 
1563701.2217361 2064668.4725519 -597340.11710674 1833805.9024144 1353244.4302063 1513193.7612482 -154821.33673606 -450699.83288688 -204273.88031196 93565.006348965 
1416628.4039673 1212805.9103317 2128938.8554126 -1138872.4690428 1240762.0724316 1003358.0105501 410334.15464005 -599258.99946253 -1267050.0208462 -331580.74000655 
-805412.81307971 499888.39575555 -1272131.8880006 -1189670.2146381 -149454.1944586 -921052.32000883 1569574.9300161 -528165.70635821 -1524438.1265538 468177.6620993 
-1392765.4252257 -330178.96114387 -1792481.663621 939881.27415568 -1314027.9673903 -571776.30658153 30172.096904528 139162.06982134 1000055.9456503 614984.64493379 
-550630.81816658 581993.65076854 20448.040466961 753198.33496177 -278633.74893353 -2075712.2469882 -1451960.9334393 -539167.11562919 -152617.19473883 -1077754.2355821 
