16 16
329784.88861961 1205146.5518926 -2198468.3987703 -69822.82892175 -1323694.2460357 349382.17989501 332230.20725781 167233.86423501 2377754.6932357 -2262200.0436295 -1764700.2362012 522888.26405339 551399.48268539 -742830.68578221 -91152.307331068 -2784943.0540534 
754768.6722955 -1561448.3664902 20250.04624663 -103710.52320331 1284316.0772244 -2641409.4211514 -171970.00456778 -547277.87672712 -2529538.0904487 3034229.9674128 808914.31679916 258303.61633642 753486.13599635 1543333.801888 872495.85353743 -802476.65361467 
1540909.6717754 290848.38486142 -2070527.6943335 -2681291.5054254 846635.25098553 -1595304.2572866 907910.21587897 2189900.6195235 407705.37296643 -1000775.1453244 -145039.79296686 -82154.223416098 -630310.60906995 291962.59790752 -447925.52835848 -2432699.8101008 
1864069.4656173 -2974651.9890339 147903.33383822 1419821.5940146 -3337930.1666038 265483.80214244 2390937.783785 -1885717.0737019 -2782343.4583528 2380644.9270272 -1801332.7762538 -847998.10483678 -1082040.4740937 739931.61482266 -2442297.6875908 3052505.5211609 
548653.16210511 -1927031.5330703 807481.12876295 -17290.972830717 -790121.07162583 408438.21756669 -878992.31531034 -2793408.7694815 867113.57243877 -1517116.1778408 2559847.5400643 -895904.94098645 -620749.7344064 282801.82125647 -723705.91159888 208873.74620911 
1105501.8900411 -619631.11553816 -516308.48162255 530234.11931178 -585919.15890829 -1090260.279875 2147798.5529314 -1492844.4349957 -1494441.3249383 1590113.9448835 -819674.41227336 -2292553.1622012 383302.63013792 -472709.37461363 -1983803.2275853 2169842.4849172 
-3086693.6699946 156346.96141449 1820682.6499748 2222842.1367943 -835329.83996766 792867.26829171 -1292139.1848019 -369713.92717856 1385805.7464253 -2239247.6899409 1103049.0595902 214384.51406053 3065091.6569372 -617863.79559689 1038242.3087371 1768337.7265575 
1991348.057341 108872.80067827 1368119.4157414 487432.93371322 979210.85246896 1101971.9882493 -672176.60506952 -145859.33667072 -1157800.9730785 1139454.2191691 779564.16925641 386648.30201744 -1067234.0033724 -1508431.9486109 807973.28210816 -281371.61566422 
-847902.53221119 -186244.84150022 -75236.798377605 -449800.00562227 3014726.1625557 -1854214.5684086 -98052.595260697 3412320.0287969 -961790.13951459 1128825.6045547 -665996.01496523 975127.06436537 739808.17838511 726448.45766279 1841377.7982429 485031.07919872 
2321709.6060198 -2822644.7728889 1686959.0878835 -1402666.872764 -341198.70925745 -1276598.788427 -1580515.0851839 -2740787.7924846 -718878.86506068 -212623.6612904 2508933.9264414 -1748744.235496 -1366215.0028101 2016370.3311616 320319.76359607 344801.17532361 
1172048.2737133 920608.29629142 -1254684.5002055 1522262.5422158 1067376.0565168 1973883.8616275 -150971.12074302 73542.18881398 62601.587226302 -281542.49231817 364458.588238 -3059110.1539176 -740938.05636778 -2193970.7623297 -2728667.2922068 1256335.2697307 
-124496.9462979 -858569.43208301 676.43797418379 1014616.3979129 -2116394.5851119 1835494.1975607 240324.855433 -856775.05758271 724773.75803531 -2285356.7077878 553913.94016297 83427.637877262 2038287.4293331 -813683.68868979 -268413.00689644 -270490.77601868 
2484771.033864 -1903812.6212447 -403821.51844914 -1490100.9632173 -421690.18547682 -3557584.8565291 3039267.8485162 -862460.55499813 -2518254.2352433 2480562.2606686 -906040.56373569 -1128117.5686364 -203745.77121993 -221195.73571443 -23435.585379207 1874014.046352 
645829.20155215 -1149120.354338 -2121073.169621 -1449758.3981319 -2692235.0405316 -3168555.8246597 545837.19259084 -650719.05247907 25999.577212608 -227667.5390083 -686038.10438882 -664958.55737983 -411149.42817101 -274566.34689281 229317.22097947 -53434.997268064 
4735785.1259192 1139644.2671553 1275360.0088146 -1485302.3258082 3146887.108721 2758374.0748083 -1747089.1844382 -738304.96765624 -653166.96645785 592504.92903179 2282185.5291319 -1004975.277172 -3084202.7051741 -470353.52461488 -105932.1567701 -1865694.5532253 
-354555.09114238 -403139.38274732 725155.62611536 -189772.09083903 120675.47440616 590826.83840706 -328985.77488277 1105602.2394441 -574162.38843469 428550.75284715 -1411567.8029464 3593788.575564 1168420.4012183 2109489.0887917 -145019.41234213 -867836.48629886 
