10 10
1.5187911151666 1.0411024987212 1.8704085400492 -1.7070984668297 -0.55850362393814 0.82834677992391 -0.38194773793345 -0.080565019088047 -0.75044876982357 1.3392217948885 
1.0203937616457 1.4772200150065 0.23157049612683 0.10136487488767 -1.5061549992108 -0.044847508936745 -0.55584336295947 -0.76510760430706 -0.28667373632925 0.12267070377684 
-2.173788915071 -0.59498055892643 -0.48285954308739 0.50351423425931 0.56599576062953 0.28398087238064 -1.2246654119765 0.80645739523485 -0.72107400384524 -2.1721159907806 
1.2848490006287 -0.36569100209438 1.0419111711497 -1.1242287202854 -0.10407926951222 -0.92465081783426 0.22373488466244 0.76932280465156 -1.3312144871813 0.085623846874083 
-0.5251586136954 -0.84243612852239 -0.49390535939174 -0.86077444001056 -1.1750160992666 0.98631957649438 -2.1123116941358 -1.3600244655424 -0.9421849307687 -1.3680914746251 
-0.16803781069916 0.50165797946629 0.59804515447473 0.38174347059818 1.1881524448628 0.19944307189228 -0.11702036284117 0.65666047227298 0.086779096294933 -0.70790569390924 
-0.16092664545692 -0.12687531496985 -0.76761087173639 0.51774739620191 -1.1003953849592 -0.38604508398751 -0.1564496446677 0.076732126444635 -0.27473900680568 -0.26391455470039 
-2.6958342641856 -0.83816410867398 -1.9402723774694 0.28993863204906 -1.6523366421006 0.93861008972425 -0.28713565283289 0.92099372600114 0.17425179063499 -1.1255104201488 
2.225947897002 1.391465186789 0.68754904497805 1.0801408614273 0.73253023735696 -2.3582489240088 -0.31890816329493 2.3601180675523 -0.47423117309402 -1.2879746214925 
0.12613272594767 0.43583562497403 -0.71236658065947 1.193343042127 -1.477229465107 -1.0383059846445 1.278356162856 -0.90838584126746 0.46921019863811 1.3100406030681 
