16 16
31.752066388046 -60.754411100993 -260.04056091682 -12.138197513564 -23.716221309872 -94.039404010967 16.275410137857 44.487847023168 13.123396215062 107.83448741003 42.192010427073 130.42268699531 -6.2184100836814 -77.477406486781 -198.09930876671 6.9764959233265 
-238.77035240792 -15.381196340679 -170.51300282949 -78.749509494457 -44.722139899386 -27.218514074184 -18.394903857714 9.3050789660785 -88.39542056405 -18.808647402136 -14.481832486013 20.619354184362 132.24689348992 103.56634395441 -114.88336688627 -248.07144294456 
-189.69423470019 20.01352182476 215.43061288388 157.75382261579 179.42767263871 17.800714099864 -5.2929673411403 1.0216057352364 219.3202588214 65.191686333342 -178.17090964753 116.70501016784 -14.663207468922 159.82983610061 -58.344574039643 -22.421161057468 
-147.88023919475 117.94016224817 12.646304920768 168.27073558818 25.134863452874 -111.54635132482 13.411339223718 -178.7223976883 -44.512343014147 -61.078607547476 -208.79449075448 -162.59691502901 -22.150704222671 -7.4745701357511 -78.224508388286 -87.283030959064 
-112.49894654222 -3.0202786705311 106.38500115939 -60.528574313298 124.04229057621 248.051744118 4.0941122749381 -80.456669921992 189.20973794063 83.737598755088 -16.001505077355 146.31422546856 64.092167677151 83.390568395631 -116.86580075043 -124.8380420699 
234.45376145744 -3.647471214309 55.896501263614 -153.88549945784 -56.029532669924 132.8496469745 -117.44398816172 -116.86038926944 -156.91241119643 63.984813435474 162.22697645682 90.79808361175 -170.89154625795 -51.72008310179 1.0600793070171 126.12006053099 
-21.588698704796 76.909519550124 -177.3765813474 -89.965037984577 -37.349176301263 123.23745130147 -6.9775097345506 -167.22843582781 -182.14576794967 137.27058947469 -64.694486437478 -80.405857421629 -70.181060264782 56.812854208314 -324.64307628019 -109.83364729538 
-83.689636787677 86.276471767026 324.58263721759 71.913507109739 67.178237261161 291.66545284922 16.059816852923 -74.202863915093 -70.579685121473 212.19500382472 -170.0644490265 42.012265693392 21.06059965156 82.053599930037 -99.884072443429 134.30123610371 
122.82399997637 -90.152778872797 -97.712927094404 -184.7824722713 -6.7475400400854 33.971538863599 -51.410407211742 -31.630164545717 -85.316619773556 -249.41911059168 238.20862150587 -82.164659833994 -267.25357643795 94.315907611202 -94.00106937689 -80.226235276075 
62.959805741712 76.31002575223 -151.52811861506 -137.50099674456 -115.12276524239 -75.908939439766 -100.12390555002 -154.73803542292 -303.49197772973 -77.462555657161 34.926643633668 -224.83872663784 -48.570486250473 -8.6538852020683 -55.976997191669 -145.00283665639 
-15.596065966863 87.409779814433 56.059811954534 -35.036341764418 -197.33175681534 133.26950712353 156.10492776949 -30.218276387635 -125.300167517 -15.50192945967 9.5684472423173 68.62960778143 22.147990417309 144.68392374176 5.0396495710466 -116.22738574395 
-96.549331537307 126.32566179486 270.30750947673 165.73131663692 194.61848009305 65.037721338839 -73.667857444925 -104.94369240302 40.000017817332 180.33394213973 -288.12408214741 -127.88845258065 42.943099338631 0.047004506968247 -3.1840198288571 141.89546790751 
26.133049013635 -129.60063090509 -18.255052938611 -109.52592483826 16.456773396755 96.365579288739 -85.601660627981 31.396537396407 34.13504617635 -101.31076678334 117.15657920667 -87.442077154232 20.575506317391 -101.38093276574 -0.79302030605862 -77.605020343485 
-49.856079260764 49.651731142747 -144.13106231177 -97.113736421731 -224.8152910592 -38.266094919453 72.784159132991 -88.06821694109 -332.42081109247 2.4412637836002 -25.982149396956 35.638213140736 -21.773831340953 161.82801980425 -141.43335634161 -214.58218053405 
-8.0425401246761 209.90182021796 14.004818725072 50.760753448267 -79.921961691076 30.326922443797 50.91576475533 -67.760211629665 -80.217059860617 53.330440613124 -72.815799836675 86.067477470998 -65.660012638355 68.201825496021 -28.188853735993 -45.636691635476 
72.388513093757 -264.86604547804 -11.231162343472 270.57605618977 -17.022091328704 -65.113649211754 -3.6765374040539 294.32887150514 222.60166415781 -90.310093045511 74.149563269364 -165.80061646593 187.16639510843 -90.502456860244 109.66045193634 162.24328420298 
