10 10
0.54183667996574 -1.8522532766808 -1.4836864961809 0.44322346411883 -0.16440619308214 0.25911438217326 -1.5671711382623 0.76559296615122 0.99959248172891 -1.7180946303923 
0.3944564383418 0.83621820531547 -0.51819742580154 -0.43194289033831 0.2385841121768 0.20255594463818 2.150138978796 -1.5076334338028 1.4915833888138 1.3272974149861 
1.9795039606701 0.93028182399713 1.376898781155 1.0325230514814 1.5967980966953 -0.42349947721926 1.4952804525699 -0.10075404643819 0.52700693424973 0.082738769685072 
-0.41674673676261 -0.74716662893385 -1.7048208334938 0.071819977186975 2.3188195012426 1.0212179711136 -1.6854134938515 -0.26295392138251 1.4427130489216 -1.4166829207893 
-1.6347225138023 -1.4048328076746 0.78385612408565 -0.94864784845992 -1.0138920714765 0.67920443584641 0.31175775197765 -0.77676078083007 0.14353523920205 0.64315419187291 
1.5122847291437 0.11370703614381 -2.4432578860431 -0.19141581848809 0.62643234920654 0.023456739254102 -0.077756989337522 0.6132348958993 1.7010199365729 0.17937859073295 
0.47475778143044 0.28756236245539 -0.75621959925977 0.37905843276079 -0.19150290580792 0.21829725659675 -0.17084628007481 1.5664283315299 -0.89467391480303 0.19252097246923 
-0.055953379725637 0.42075039863284 0.04415459689022 1.2066962825909 2.238910027471 0.2215362241477 -0.15247685924504 -0.063315585054805 1.9129409926192 -0.87502008984256 
-1.1796992032712 -0.42447421943255 1.5066593079949 -0.02993667888192 -0.81580931691471 0.6440929564536 0.11446718163079 0.040723458635651 0.10315090789709 0.19339635965212 
2.2987394246727 1.1542963671407 -0.64927527354387 0.64826424182151 1.5256144863602 -0.2523143439901 1.3487240966689 -0.18754840012239 1.8266906007581 0.39897638616926 
