16 16
17132.839829983 3091.3782213252 11171.810638165 2228.0726271025 -5179.9737747113 -1288.026355401 22667.113524853 -600.146593478 -11193.096965525 10642.386561837 4681.3924168694 -18568.18797476 -19648.597527226 -15851.352483071 -1673.627045618 -31636.854300778 
16983.361255513 -20077.098397403 1957.7058967949 -344.7487169376 7200.4545735416 15011.413602067 3272.4637262355 16668.821125178 12402.96831807 5864.3894384452 -6938.1337613229 9528.6078697192 -1669.4735174457 -3115.7108398086 -235.45945636241 839.82361028843 
19682.761743448 -2859.2728446542 -13634.433672908 -1563.481964264 568.8864205544 12611.338586201 -4467.0532431041 13462.308069442 -356.57811802133 16729.960749297 -7513.5059695266 10755.741828749 907.17151132374 25528.73980865 16833.19483877 7631.2485667317 
-13909.851053539 -14127.195113738 -17592.649867972 12375.671760972 -15653.556813202 1903.8707537196 14390.501072588 10685.440659898 10254.876579639 -12566.452283182 12834.35090504 16544.585687967 13064.709665755 -10616.837689607 25148.741114405 23819.800772911 
24549.285764468 9069.6812913356 8859.2350300802 261.86808783916 -23331.52669515 16174.469061242 16435.423549639 -10622.377209816 -2175.996964575 -13890.41853573 -23355.839935659 -5780.8278607322 -23377.854064513 -17222.248907246 -18462.056829586 20149.979188721 
-11453.987834679 -10637.549076909 22708.359748544 -9284.3079492534 14955.33851507 174.45519814582 -422.01441919426 13699.696090544 -3648.1985742185 -4305.4034879509 16939.114417417 -9600.0626357606 -5021.8632008483 -380.64747288087 7425.6548325711 559.93857252366 
-2449.9393554222 -7026.3073364908 -3832.3167554365 -17368.876327409 2711.8450477467 8727.74560472 23357.893285637 -5260.9577689463 -12569.82385612 4480.0092114427 -7188.7019502036 1354.4924825941 -15739.134099516 -4953.5436854305 -6001.4392358817 22399.121476971 
8152.1292564375 2286.0468336768 -5579.3987621305 -7799.1257268793 16769.569477446 4759.3531549892 15729.957634981 -21912.668922034 -29625.01698943 22532.549897117 -10097.755562701 -21041.393524568 -16356.341264906 16739.091907593 -280.97551675261 -27151.875116116 
-9787.3427943438 15270.639934301 4847.1457304694 -9355.9317132011 -506.44001494356 -11707.636951746 8903.8907299322 -11087.043120032 -15341.259494949 -4265.978111016 -3575.5761623285 -6620.1597091098 -10341.374150087 9756.6579486425 -11067.162098123 17579.888236007 
-12556.093270428 -13981.472109379 8375.9534222765 17419.228221041 13560.34229558 -20812.215341219 -4920.4227269999 -4707.222621131 -17618.983000406 4187.8838043476 11405.64526247 -7099.6077674332 4013.9337505743 -17269.111707658 -831.30104400779 -3495.7488218279 
18459.389669877 -11092.010885935 11895.985325925 9867.8313874927 -9488.6025699383 131.82905945673 -1474.5848964271 14410.598663371 -11271.912839449 -11970.26558904 -4735.7937415232 3699.1696465592 11914.992371751 -14296.76268375 13542.467577317 8145.9398485525 
4651.5604784358 -14518.039069795 -21466.225626917 1836.9541721478 954.60628511462 18708.510882385 -16655.698749521 7274.6196032044 32947.616009222 -3470.4563266286 3440.9415586681 22295.72319499 13817.403716171 -2278.3674538281 12132.843443975 11532.251916097 
10906.008343027 13905.478130441 11579.226496822 -2168.3155449026 -2309.1852513 2865.879652258 25710.096326797 7007.640139591 -3803.5319976732 1340.7037576732 -6809.1226899537 -11923.526028434 -15324.790225713 -4370.6068284861 -22407.79337029 -2471.3863056665 
695.00112549184 8446.1589083232 -12283.498247955 -3948.5041736512 3601.2683364138 -1720.0908488862 -2850.9235609202 -16096.525913824 -5538.5865881067 11183.466282741 -11893.184730581 15986.879183197 7026.8665499722 9814.6878631361 -16214.738366399 -1509.1189757353 
-10832.770904464 -9816.9685798485 -29593.686102295 14920.787871957 -1821.5034769807 7848.9966016589 -9456.5755970123 -30947.714739348 1341.7505186638 -1905.0062988467 1645.1971257475 8495.6606987966 6660.6306457662 2261.7603240564 7562.3432603633 22251.64827847 
-2740.2894606712 12410.311420242 2900.5861379767 -14020.890126941 10932.781107264 936.51274534233 12943.221890149 -9221.2312248394 -21883.48719681 14829.458459446 13641.918938988 -26800.404676497 -37313.805775487 6767.7843358942 -4243.5341939797 -2887.8146772754 
