16 16
2.035879031196 -0.72914006732069 -1.6634991235581 -2.8821807515512 1.1044847050871 2.347947264221 -0.15160909197805 -0.66887488409388 -0.0120169975497 1.4810676429385 -0.54004328586401 -0.94536119331946 -2.609164932844 -0.13967139415755 1.6415399932918 -0.2070916122744 
0.94630724992251 0.94644886912529 0.64196732330093 -0.8411655959124 2.0113624253368 1.7778454628942 1.5234537038587 -0.26579363293733 -1.6605022787332 2.44203144857 -2.3025136889485 -1.2876210323472 -3.8157066100982 1.8665390798539 0.77965565622213 -0.88826976366086 
0.27511030295691 -0.263393949994 -0.21853209774317 3.331643457945 2.4468799965744 0.13112977476203 -1.6637147357493 -0.083795413242704 2.7461631644032 -2.1349490164315 -0.0040301412679336 0.57370933612751 1.9579092896 0.77697196963663 -3.7346674870237 -0.21663245884905 
0.59017744751986 4.1365388661757 -0.28625593937239 0.95977809552514 1.4312066528998 -0.31823222328436 0.088190693707904 -0.89981689363807 1.6930298760807 1.8692914301221 -1.5393016551409 -2.3567613889582 0.011145559478072 0.25247664140606 0.31164622308956 1.4185249253531 
-0.78036455628901 -0.73273643881741 1.2307132520149 -1.663691512066 -1.480505344581 -4.4258576703419 2.422645029608 0.26959759027567 -1.4137229206424 1.9474694194608 2.230708526622 1.1758563897444 1.0718123138305 -1.2725323486324 0.18413738680967 0.79113052410625 
-2.6778798222938 1.1389530727128 1.4849885461821 -0.029412788314769 -0.97047038731878 -2.0804883152061 -1.2088712472142 -1.286114889782 -0.41789431272301 1.1534888390213 0.6567575757209 -0.75569144368889 0.1247345363252 0.14254773906537 1.1570678191022 0.076122885331657 
-0.38433657675019 1.4772044153506 -0.72974959119536 2.9443633200812 -0.42991138282257 1.0097448762199 -0.81287715420969 2.1121999413512 -1.1570065538011 -0.81927216511679 -1.8172231760894 -1.7230534161341 1.0502699326277 1.3977450196045 -2.1607682124774 -1.1669225753425 
-1.2895821799214 -0.029079597145601 1.5343775196993 1.5143066932509 1.4883665868542 -0.90988068718668 -0.81361759993247 -0.69714799712434 -1.4886261515864 1.7356870365691 0.35179406439607 -1.8131627461943 -1.334661077983 1.0164425576471 -0.36906084752292 -2.0666393095339 
-4.0680436014141 -1.6425381332409 1.0887418643976 0.0024261850263629 -2.7205789960418 2.7306555409353 -1.5897997332015 0.84212340454557 -2.897426341125 -1.0940896233155 1.1798065991885 -0.45806776512405 -1.5112078098985 0.19965645613096 0.88753847868854 -1.562417386168 
2.9517045196646 1.1103842334359 -1.5154373911338 -0.80619510883405 0.59368911834782 0.94399181946878 -0.46175423588924 -1.145908698767 1.4222960108862 -0.094040879698697 -0.85757036692621 -0.84489633753371 -2.091421552279 -1.7427437244658 1.1221645086459 1.127336323928 
0.91674985729123 2.930510314437 -1.0644824350876 1.029354436098 -0.39438286828933 -1.3904997513707 0.086559978232505 0.22364332367032 1.6898887225274 -0.16559703481836 -0.4884411532633 0.14415774937535 1.2623105857963 0.23597557331795 -0.55036489521718 0.68127440228385 
2.1078489731429 -0.25714990995975 0.66473898438837 1.4102663553499 -1.9904777824745 -2.0663651135975 -1.0938359188133 1.4529050549604 1.9747950972557 -0.46224118094209 0.43936090400971 1.3825943309689 1.8799068923832 0.19568994776243 0.66115941230012 1.4499781119785 
-2.4131707352968 -1.1006522924379 2.353401879086 0.20045938979256 -2.7454726404323 0.22752538178725 -1.2944817741884 1.8064585877157 -2.3510006078121 -0.17931560702407 1.3534559842361 1.4506794951204 -1.0874379936677 0.7990736400394 1.4937937239555 1.0577551765991 
0.45885212125718 -0.092814675826729 0.085115174144259 1.9388076808524 -0.70960898125612 0.64884659465478 -1.6199323975458 -0.30604920277589 0.25915214054484 -1.2810250058289 -0.44363930097326 -1.4921281266715 -0.19421477234035 -0.34700772020981 -0.60193750094314 -0.5875064728463 
-4.0921212236519 3.144642746735 -0.12173751579303 0.32335897610318 1.1174814321648 -0.43568947180202 0.096714162688333 -0.030054424244622 -1.7512726873915 1.4733936492334 -0.20927036177856 -0.00024271375087061 1.8764931666737 2.8417823437235 -0.38595504289065 -1.0481577876036 
-1.5544720232265 1.3652937712445 1.519653974993 0.084964823890704 0.82528297859372 0.90760746282214 -1.1865556319874 -0.11957573331133 -1.0020132749144 0.13497374569989 -2.7346047564949 -0.62249845340832 -0.77274293267451 3.3966727768502 0.89105814682346 0.67513634279601 
