10 10
152.5041914746 141.61274944293 -91.51914892619 -63.582572187646 -89.665020371817 -18.302761509152 122.0109367618 27.484914732087 67.752809291703 -14.775010140882 
-31.45496651678 -87.790524489717 -141.08662361378 -6.8837743311624 -21.974091707282 135.17016313832 -46.917098455181 -3.3488850144585 34.959887144326 -22.446726713276 
-14.6333246331 19.080527152335 23.915411165441 -13.676194520226 -52.643480158745 -56.378041103769 13.624073492652 132.9730318886 23.065544567518 23.237972323746 
199.11824841177 266.15189575792 -101.44367756568 -47.14651389782 -204.12725640277 -145.37949801607 16.980483039936 10.21200190287 -31.681161388117 -37.715292441321 
-79.167186558683 -182.49493387158 47.26881880795 23.348248644877 -125.07085105493 137.08074910444 9.4649067403441 -29.14387685675 93.976821716155 -180.26032415568 
-4.8321997739825 85.090890919694 8.0899653066905 -100.72759890924 109.53728906854 -95.341031927092 176.24626395014 42.831093385923 -71.473519485082 -37.675566325843 
150.05355559267 143.31147246628 -235.99678056834 -161.37608969041 -170.65867738237 -102.596335377 186.3355016539 -114.56171073496 1.1418307673346 -42.776376542842 
68.408573772956 52.91221708102 -52.217825508831 29.774867475003 -69.493671629304 2.3806808833629 -9.8213697467452 -23.622645186799 225.08884840923 -205.96157191653 
-157.32182248026 -254.88383598799 -93.512240713518 26.334178983042 -161.33910759051 216.13999890162 3.0458480986516 39.552418928059 49.786837862971 -86.810667876151 
-52.295673831404 -35.234177186229 -199.60557729804 -135.61956809781 73.01044482308 107.5033754183 139.23266586269 70.450859265606 -39.543725344264 76.985069152785 
