16 16
-8915.0498046875 7661.7822265625 437.58508300781 1531.1145019531 8940.4599609375 -9627.541015625 -7183.7319335938 -5978.14453125 -8106.9672851562 -2796.8334960938 -9416.26171875 -3811.5651855469 413.96765136719 4074.8061523438 -9642.4716796875 731.18035888672 
-4575.9584960938 -5365.0556640625 4300.953125 -507.44287109375 3099 -1813.7042236328 5974.2133789062 9681.0322265625 7879.1469726562 5269.4365234375 -3598.9912109375 -9476.0419921875 -7732.6630859375 -9174.2265625 -4587.7485351562 -652.05822753906 
2222.2026367188 2427.9389648438 1156.6528320312 2853.2866210938 -9906.578125 -6517.1391601562 5179.251953125 682.52819824219 -9352.7353515625 -4110.5 -6152.5205078125 2497.3159179688 5216.95703125 6592.9213867188 4913.1796875 -4316.7524414062 
-7160.1953125 48.886417388916 -6248.3833007812 -537.17163085938 1480.7814941406 -8964.74609375 -8438.716796875 -1837.5895996094 5948.6147460938 -8534.05078125 2124.5461425781 -2268.8491210938 4560.2348632812 8190.521484375 -1521.5501708984 -5359.064453125 
5466.3227539062 -5273.3881835938 3745.2944335938 3662.1645507812 -2764.1228027344 9394.58984375 977.80670166016 -162.64451599121 -1971.6430664062 -1636.8283691406 9895.22265625 3103.8894042969 -9600.9423828125 -4777.6235351562 -6683.7690429688 -3845.7302246094 
-8340.7509765625 -5390.6762695312 -573.63592529297 2899.9799804688 -929.71960449219 -1937.6142578125 -9567.6435546875 3552.1906738281 3920.9538574219 2418.2231445312 8016.306640625 -3295.0554199219 -2501.2104492188 3786.1948242188 -9327.6728515625 -4639.1889648438 
-2320.0288085938 7458.5932617188 -6915.73046875 5056.6396484375 -443.03521728516 -9819.134765625 3511.5234375 1569.1098632812 -2792.4450683594 1894.2008056641 8346.9755859375 -6269.41015625 -5472.4047851562 -5245.5239257812 3532.599609375 -5565.7822265625 
7245.8471679688 -394.26248168945 -5039.3276367188 -6086.720703125 -5914.1044921875 2455.0012207031 -239.30790710449 -1483.8135986328 172.14793395996 1608.041015625 -3111.6569824219 2431.7065429688 7205.91796875 -1142.7692871094 9006.2451171875 -847.48107910156 
-1224.1793212891 -8368.482421875 -4604.6655273438 -6674.9267578125 2433.0024414062 -8303.69140625 5067.9184570312 4590.146484375 5452.81640625 -2957.5500488281 7814.8530273438 -9200.6787109375 3737.357421875 5089.2280273438 7146.0224609375 16.651700973511 
6607.0341796875 -9440.2451171875 3973.1772460938 1455.2691650391 7632.3481445312 3544.0986328125 -3654.9514160156 -2897.9953613281 7119.5322265625 -2618.4228515625 -1944.1740722656 4716.0805664062 -7165.7734375 -6245.1259765625 -5427.5068359375 9149.62109375 
-5877.6176757812 2523.8637695312 7181.5659179688 -4567.4829101562 6432.7192382812 -8496.1572265625 9916.4306640625 2330.0395507812 133.09367370605 6150.2954101562 5658.0805664062 4772.275390625 502.11117553711 -832.60723876953 2342.349609375 -748.48785400391 
5716.5771484375 2734.3291015625 6960.5361328125 -7902 4026.5441894531 8282.869140625 -280.69201660156 1906.2900390625 8071.5200195312 -7092.9731445312 2776.0891113281 1763.3813476562 -7178.517578125 -9688.623046875 -5233.9331054688 3638.5078125 
3040.8608398438 -1180.1263427734 1519.7861328125 -9462.833984375 6190.537109375 -6138.8579101562 4759.0795898438 7079.69921875 7261.0756835938 -1216.4128417969 232.61053466797 583.35845947266 2803.0910644531 1454.8726806641 -491.60760498047 -5136.0756835938 
-6557.70703125 -7438.8588867188 -5030.4545898438 -2564.3974609375 -6036.0815429688 3819.9226074219 -2641.4016113281 -2498.4291992188 -2497.0180664062 -8666.37890625 986.54278564453 -2097.8920898438 2720.8303222656 8502.69921875 -1897.5275878906 7931.80078125 
-9519.5947265625 -4814.08984375 -2400.8569335938 -578.06787109375 1463.3099365234 -4755.9604492188 -5722.3569335938 1717.2855224609 -815.986328125 -845.17999267578 3221.9653320312 -6907.265625 -184.77691650391 -4145.037109375 -528.26379394531 -3888.5200195312 
6302.26171875 -8298.9306640625 -4057.1120605469 8428.15234375 937.26293945312 -2112.8696289062 1135.0159912109 -4794.21875 5600.7939453125 9616.3408203125 9302.6552734375 -767.03253173828 6251.5029296875 9920.4736328125 786.60137939453 -1315.8359375 
