16 16
47.754615783691 -45.568367004395 33.174869537354 1.3161585330963 71.696937561035 81.09154510498 53.124076843262 10.813614845276 80.512191772461 88.658493041992 -14.792260169983 -52.408374786377 24.131103515625 91.38988494873 -28.08380317688 72.676368713379 
68.075942993164 -88.999855041504 5.1948056221008 -79.633308410645 87.828971862793 25.855165481567 -23.998609542847 89.325965881348 -85.183494567871 -69.526374816895 -18.995218276978 -5.3814625740051 68.640754699707 -91.998901367188 70.750556945801 -13.542323112488 
-4.8268480300903 41.381874084473 29.279714584351 -68.760101318359 -73.002128601074 -87.244194030762 55.753269195557 -47.539245605469 -25.618402481079 -99.338218688965 11.346881866455 42.661273956299 -39.126880645752 -54.264568328857 71.18546295166 -94.411659240723 
-98.034408569336 83.35920715332 67.892211914062 -15.257215499878 71.58911895752 3.1738023757935 -14.245892524719 -72.367538452148 -3.5963091850281 -5.7316308021545 65.494895935059 -10.067518234253 -71.495063781738 -38.901103973389 9.6572246551514 -49.380363464355 
-74.107391357422 -88.233779907227 54.565742492676 -59.910152435303 43.175273895264 -13.60654258728 -46.894718170166 -48.161834716797 74.909202575684 -85.176628112793 -23.895021438599 25.663898468018 -43.309070587158 -28.031814575195 65.363647460938 -65.728813171387 
56.506370544434 57.668758392334 -62.519676208496 -59.794086456299 66.15673828125 -11.184246063232 -81.577255249023 -59.397884368896 96.965324401855 64.845817565918 73.99292755127 91.149940490723 -24.660173416138 20.801856994629 60.186599731445 -80.111724853516 
-54.498928070068 59.920932769775 49.17166519165 -83.917289733887 37.685443878174 -26.813055038452 58.5009765625 89.810791015625 15.924246788025 73.81005859375 27.981901168823 -72.502967834473 -28.871566772461 -9.9550170898438 58.023307800293 95.972625732422 
-79.608184814453 -10.844760894775 73.107376098633 -43.892436981201 -99.410202026367 22.559465408325 99.440887451172 92.020805358887 76.741523742676 -73.794731140137 -95.113037109375 -91.979759216309 -70.427406311035 68.001853942871 -6.7559309005737 -23.821706771851 
-91.400177001953 -40.756717681885 -35.720497131348 57.236686706543 6.0947422981262 -87.464027404785 -6.3510870933533 13.320866584778 29.799474716187 12.234016418457 -94.267791748047 -88.858543395996 -55.943866729736 -1.2261641025543 35.476455688477 -59.105930328369 
95.68270111084 -72.899208068848 -74.509727478027 -34.488445281982 -38.494979858398 39.093349456787 7.7315402030945 -32.802547454834 92.701538085938 -93.965370178223 -40.944023132324 94.929534912109 -41.176338195801 -45.66259765625 -61.129970550537 -3.5567133426666 
56.477447509766 -22.71509552002 52.672454833984 98.167556762695 -36.825157165527 -26.036277770996 60.365028381348 -34.664276123047 -57.973560333252 -41.339767456055 8.8497180938721 -99.699684143066 77.426109313965 -39.075824737549 -75.456108093262 49.793319702148 
-14.635224342346 -23.531797409058 -78.322746276855 76.646484375 -22.522144317627 -33.674488067627 60.22550201416 -31.219423294067 48.099517822266 74.590660095215 -15.655721664429 28.118330001831 -18.611320495605 38.185657501221 -42.046955108643 39.179180145264 
35.69926071167 -47.112323760986 -29.997037887573 95.730125427246 35.799438476562 -42.18531036377 27.129791259766 90.978096008301 -68.413024902344 62.966968536377 -21.87611579895 -72.816047668457 -95.404205322266 -19.871055603027 -66.268623352051 -83.657012939453 
-6.1448655128479 28.651203155518 -74.868789672852 55.51566696167 -93.500549316406 4.8883533477783 -53.460063934326 58.12992477417 -78.549362182617 98.523910522461 -95.942878723145 -81.553504943848 -17.420179367065 33.640975952148 60.526454925537 -22.591089248657 
61.905326843262 94.541732788086 -98.836013793945 -73.855422973633 21.017234802246 51.557956695557 -10.561113357544 20.828187942505 20.023418426514 79.550498962402 -46.351013183594 44.23095703125 -39.256610870361 -35.420715332031 -15.906821250916 -40.517681121826 
-85.737953186035 -70.669609069824 59.969261169434 86.80867767334 -82.35986328125 21.585115432739 79.729751586914 67.745590209961 77.351181030273 62.331310272217 25.959789276123 92.532173156738 -12.03037071228 -21.884571075439 -96.105476379395 87.159591674805 
