16 16
0.78479200601578 -0.39675298333168 -0.45107588171959 0.96004718542099 0.15962007641792 0.53072166442871 -0.83493596315384 0.43466693162918 -0.062835648655891 -0.77475452423096 0.048424586653709 0.84404271841049 0.7723942399025 0.010430815629661 0.28597638010979 -0.93545681238174 
-0.16264349222183 -0.11457353830338 0.63181805610657 -0.80379396677017 -0.91948038339615 -0.25978767871857 -0.1515926271677 -0.6362321972847 0.66784936189651 0.74202978610992 -0.54683923721313 -0.31474789977074 -0.78984808921814 -0.36468416452408 0.65226590633392 -0.53556603193283 
-0.52220010757446 0.49809643626213 0.52966850996017 0.84619909524918 0.65697932243347 0.54719537496567 0.37003570795059 -0.8356761932373 0.47954964637756 -0.12545035779476 -0.77820163965225 -0.64246052503586 0.74257272481918 0.57477343082428 0.091300986707211 -0.41680997610092 
-0.73311525583267 0.48818013072014 -0.48828169703484 0.19008514285088 0.85882389545441 -0.26813188195229 -0.097600094974041 0.2395231127739 0.78463369607925 0.8221607208252 0.2952823638916 -0.077885121107101 -0.79194402694702 -0.52717572450638 0.60893338918686 0.25089630484581 
-0.74514377117157 0.2331865131855 0.51558017730713 0.865209877491 -0.14473156630993 0.82996714115143 -0.50994271039963 0.87515389919281 -0.58716058731079 0.042283665388823 -0.61981582641602 -0.34270694851875 -0.40808218717575 -0.88543850183487 0.76570200920105 0.20834395289421 
0.21615931391716 -0.9387030005455 -0.16126888990402 0.53257232904434 0.22639705240726 -0.53130376338959 0.40974247455597 0.04208080470562 -0.15596067905426 0.12054795771837 -0.86028057336807 0.74033182859421 -0.99868220090866 -0.060027200728655 0.59933966398239 0.60481601953506 
-0.79371654987335 -0.041595499962568 -0.55612605810165 -0.89658308029175 0.1260619610548 0.43768548965454 0.29244187474251 0.35629838705063 -0.80552756786346 -0.99316358566284 -0.0019828071817756 -0.99491316080093 -0.94029408693314 0.4155241549015 0.37272310256958 0.52332800626755 
0.46768787503242 0.75998371839523 0.92331618070602 0.21623246371746 -0.68107235431671 0.40391454100609 0.036967121064663 -0.24785234034061 0.30078166723251 -0.57407891750336 -0.27496102452278 -0.16077351570129 -0.077314965426922 -0.081602141261101 -0.3788600564003 0.48928013443947 
0.94529157876968 0.97835928201675 0.93673628568649 0.21101340651512 -0.42575094103813 -0.56529605388641 0.18346126377583 -0.98927444219589 0.68008357286453 -0.98668539524078 -0.55559903383255 -0.53116166591644 -0.49632462859154 0.28640207648277 -0.18194250762463 -0.1472599953413 
-0.4508995115757 -0.40808743238449 0.077821299433708 -0.22495149075985 0.33454278111458 -0.074643976986408 -0.11643020808697 0.31176128983498 0.81025731563568 0.85112583637238 -0.97686415910721 -0.23188190162182 0.81562757492065 -0.3475693166256 0.87334805727005 0.16681319475174 
-0.34320539236069 0.68828976154327 0.62035757303238 0.45455968379974 -0.76638799905777 -0.99898254871368 0.56124871969223 0.073964431881905 0.39268124103546 -0.26384538412094 0.732541680336 0.75180858373642 0.8990735411644 0.88091337680817 0.7568256855011 0.96166187524796 
0.35403978824615 0.60574275255203 0.99741250276566 -0.096067026257515 0.95969659090042 -0.25419560074806 -0.0615807287395 -0.95684385299683 0.89446294307709 -0.016687776893377 0.3339034318924 0.073330990970135 -0.56762903928757 0.048839304596186 -0.74655538797379 -0.87457484006882 
0.85935789346695 0.9445458650589 -0.28505012392998 0.4698534309864 0.80420631170273 0.90157449245453 -0.53492599725723 0.96005618572235 -0.83644777536392 0.43235725164413 0.5199967622757 -0.66004502773285 0.19458235800266 0.40278714895248 0.39603316783905 0.053007043898106 
0.25808131694794 0.013718158937991 0.39128890633583 0.92405927181244 0.19597971439362 -0.73401778936386 0.16661308705807 -0.017835423350334 -0.55869805812836 -0.2828074991703 -0.87416297197342 -0.32028326392174 0.15400323271751 -0.99318343400955 -0.25503021478653 0.74923533201218 
0.10225111246109 0.50200283527374 0.3850140273571 -0.41619661450386 -0.88220673799515 0.54756027460098 0.42971557378769 -0.69328039884567 0.18055488169193 0.29218709468842 -0.42721208930016 0.61578154563904 0.31825438141823 0.44468921422958 -0.040368977934122 -0.35709396004677 
-0.072665899991989 -0.77571356296539 -0.14435052871704 -0.0080020036548376 0.68330460786819 -0.43401294946671 0.14460745453835 -0.99805325269699 -0.59473317861557 0.52437716722488 0.57560819387436 0.96723437309265 -0.020759286358953 -0.88518267869949 0.87222307920456 0.9124082326889 
