10 10
-0.76133108139038 3.1510281562805 4.4102773666382 -3.1727035045624 -2.1328897476196 -5.7536058425903 0.24158076941967 -1.9345129728317 3.1423544883728 -1.0069389343262 
-9.7862739562988 2.3632116317749 -8.7970066070557 -8.7880744934082 -0.9732654094696 8.9190225601196 -6.0420331954956 8.3737907409668 -0.85043752193451 -7.1418442726135 
5.1300435066223 6.4153962135315 1.9489786624908 6.4889898300171 9.6648321151733 -5.0395345687866 -7.7045240402222 -6.6367344856262 -0.50441670417786 -3.3263471126556 
1.0637228488922 7.719199180603 -5.0473289489746 -7.2330956459045 6.4653830528259 2.4451193809509 -4.0464758872986 8.6120176315308 -9.2385492324829 -2.158677816391 
9.9329462051392 0.51614224910736 -3.8905911445618 5.3697695732117 0.4050897359848 3.4253957271576 3.037832736969 7.2933588027954 5.9015822410583 1.044048666954 
-1.7603583335876 9.335111618042 0.93826860189438 -7.7363481521606 7.0167622566223 5.4432220458984 -3.4442453384399 4.2364144325256 -3.815954208374 3.1859822273254 
-9.5538244247437 -5.3915700912476 -4.6461381912231 9.5303707122803 9.2229642868042 8.1247844696045 -9.4431238174438 -9.5514402389526 0.7480446100235 5.0924873352051 
1.1621205806732 -7.8295192718506 -8.1233854293823 6.9898490905762 -8.286826133728 9.0181360244751 -2.0222589969635 -8.6594314575195 -7.5923547744751 5.3570795059204 
-3.491180896759 6.8892459869385 2.9015693664551 -1.7794950008392 3.0154948234558 9.2111902236938 2.1014077663422 1.6585212945938 -4.3408408164978 -8.6135025024414 
-7.8840098381042 0.86415785551071 7.0324940681458 -0.8111389875412 6.1348280906677 8.6429061889648 -7.4336452484131 -3.9077785015106 3.5894060134888 9.6383295059204 
