10 10
0.17790499329567 0.16767525672913 0.48846617341042 -0.58535695075989 0.94858950376511 -0.12875916063786 -0.8794196844101 0.21815021336079 -0.31453168392181 -0.99247771501541 
0.63249045610428 0.82153612375259 -0.11661215871572 0.56251806020737 0.83663040399551 -0.90969705581665 0.42951893806458 0.22578264772892 0.93425792455673 -0.040791541337967 
-0.71293944120407 0.84039723873138 -0.000398214062443 0.73582291603088 0.59190756082535 -0.91558516025543 -0.45523345470428 0.63546270132065 -0.49070793390274 -0.20962227880955 
0.40510097146034 -0.50689858198166 -0.40655305981636 0.80034500360489 0.26191380620003 -0.69210803508759 -0.59489738941193 0.89235490560532 -0.04324646666646 -0.30196836590767 
0.64944863319397 0.21523380279541 -0.46195977926254 0.37654095888138 0.69665175676346 -0.60927522182465 -0.91194236278534 -0.65980231761932 -0.25344324111938 -0.065381646156311 
-0.32992732524872 -0.34320420026779 -0.94838088750839 0.27811709046364 -0.42210626602173 -0.68084710836411 0.34099298715591 -0.3574153482914 -0.95887005329132 0.47051671147346 
-0.88672637939453 0.99052178859711 0.8503338098526 -0.20019640028477 0.097937732934952 0.068312458693981 0.020812757313251 -0.83868217468262 0.85072350502014 -0.83590942621231 
-0.40351244807243 -0.5986892580986 -0.21173442900181 -0.28791874647141 -0.28712436556816 -0.41174110770226 -0.034843027591705 0.02319260686636 -0.69129884243011 0.12191434949636 
0.025306077674031 -0.50612354278564 0.078167073428631 0.74944615364075 0.672886967659 -0.10774938762188 0.2560333609581 -0.87462955713272 0.022949226200581 0.75902652740479 
-0.078494161367416 -0.092697992920876 0.81775707006454 0.32132548093796 0.71185255050659 -0.57669812440872 -0.72029554843903 -0.66326534748077 -0.16993556916714 0.8537158370018 
