10 10
-9.8604393005371 -3.2307488918304 -7.8685975074768 -4.5224094390869 -1.938807964325 -0.45491644740105 -8.9499454498291 -8.5718955993652 0.15409956872463 4.6253170967102 
9.8769178390503 -3.7648022174835 7.2517080307007 -7.9763627052307 -8.8615474700928 5.2573933601379 6.8629698753357 7.5749292373657 -8.4455633163452 8.2405881881714 
-0.9538916349411 -6.2382564544678 -5.8526682853699 8.5678491592407 -9.6209316253662 -0.81746304035187 0.85079818964005 9.8756532669067 1.3007280826569 -0.30573043227196 
-0.57182466983795 8.5154666900635 5.9580435752869 2.9864718914032 -0.22061628103256 -0.67584300041199 -0.99827492237091 5.2553505897522 5.6299939155579 -2.6341571807861 
7.7206840515137 8.1271486282349 0.63946747779846 -6.9964218139648 -0.44646286964417 3.3292098045349 -8.7767724990845 -6.9033489227295 -2.9362106323242 -4.559015750885 
-9.837366104126 -4.4906158447266 0.76929652690887 -3.58571434021 -9.3880100250244 -0.49736854434013 -5.7813029289246 6.6957302093506 1.7551974058151 6.2349247932434 
-1.7287409305573 -1.2420291900635 -6.2220301628113 -4.7220268249512 9.1155214309692 5.6936702728271 -5.0006923675537 -5.8202242851257 -8.1886987686157 -4.8043022155762 
-1.8815141916275 -5.5953712463379 0.056530877947807 -4.65221118927 -6.6648693084717 -6.7303967475891 -7.9414191246033 4.7598214149475 9.7582054138184 7.3809456825256 
-1.2858023643494 8.3916368484497 -1.4863359928131 -0.19707454741001 -2.6931693553925 -7.0800943374634 6.5149116516113 -1.3010280132294 1.1091309785843 0.74161374568939 
-4.934727191925 4.6001319885254 9.8649921417236 0.31457996368408 -4.0575137138367 8.3485536575317 0.19749200344086 -4.0155243873596 -5.5777821540833 -5.8406744003296 
