10 10
-77.047271728516 39.790958404541 -16.258518218994 -5.1940774917603 36.370784759521 35.563865661621 -26.927938461304 -50.085620880127 66.743240356445 -89.12459564209 
-92.054611206055 -67.257301330566 -80.419441223145 -75.11360168457 65.072891235352 -41.941558837891 66.71183013916 -46.169773101807 97.90486907959 -91.016510009766 
-44.69323348999 -19.90372467041 -87.803184509277 -56.022785186768 -71.46688079834 -45.838817596436 -77.930725097656 -20.685129165649 -61.192253112793 -12.6750831604 
-0.087161518633366 -95.262535095215 73.540725708008 66.858085632324 25.716808319092 -99.30110168457 -9.96315574646 13.935585975647 -81.027801513672 64.001419067383 
-85.038391113281 -99.198043823242 69.64234161377 -48.155639648438 31.645057678223 2.8648614883423 -1.4808739423752 -72.73127746582 -10.141473770142 -40.035583496094 
-50.314929962158 69.785552978516 56.416194915771 21.853181838989 -56.258838653564 88.264038085938 64.174293518066 -89.637832641602 -63.663372039795 -13.278749465942 
-52.930202484131 -51.956684112549 23.618570327759 37.129779815674 -11.675077438354 -19.629398345947 -17.610385894775 3.2821128368378 -74.73087310791 30.946044921875 
-73.180435180664 34.920356750488 92.860832214355 -2.6131012439728 46.129772186279 44.648803710938 99.093193054199 -86.086181640625 -96.658294677734 81.191917419434 
40.4006690979 76.819831848145 -85.867698669434 -74.903076171875 -28.617420196533 43.002227783203 -83.94189453125 -17.057094573975 66.861175537109 92.198593139648 
-65.454551696777 43.935634613037 28.438179016113 87.757827758789 -10.640608787537 -76.720855712891 -20.820236206055 28.091135025024 31.261352539062 64.770629882812 
