10 10
39.381477355957 69.652053833008 1.5323084592819 -85.105072021484 -44.571430206299 -14.155303955078 -12.769575119019 49.345623016357 -98.962142944336 -99.082344055176 
-36.069427490234 -23.542531967163 0.6011865735054 48.587043762207 -92.583869934082 -39.454071044922 72.87043762207 51.451187133789 60.388938903809 -44.25798034668 
-95.806121826172 -36.921497344971 90.820022583008 -63.858867645264 -34.03923034668 -29.338422775269 15.662951469421 19.700050354004 -68.056297302246 -38.912372589111 
79.485298156738 32.548244476318 2.4837305545807 -97.202735900879 83.776092529297 -15.005590438843 -41.133296966553 77.754508972168 92.29972076416 56.688182830811 
-76.965538024902 -95.365455627441 -40.537704467773 -93.979736328125 5.9609603881836 17.098230361938 1.7350962162018 -82.048225402832 87.525413513184 94.686851501465 
-46.255142211914 30.977436065674 -99.731750488281 -22.313953399658 -16.116724014282 -20.352006912231 10.107281684875 26.340406417847 82.495079040527 75.834922790527 
-55.14900970459 99.748458862305 8.3685674667358 -34.21849822998 -0.52531558275223 24.40382194519 -55.464206695557 97.481353759766 70.630256652832 21.896398544312 
-32.744689941406 34.377822875977 40.766124725342 -45.553703308105 45.128196716309 6.8763680458069 -38.629169464111 -42.730899810791 34.272537231445 -68.784034729004 
-27.310510635376 -36.205131530762 -22.040662765503 5.8572607040405 68.894630432129 33.287109375 95.656517028809 -74.066749572754 -72.384048461914 -72.639381408691 
42.353031158447 -5.5843095779419 15.443397521973 6.3053064346313 -42.506488800049 34.072910308838 -58.647476196289 -63.603370666504 51.806369781494 16.765460968018 
