10 10
8.227334022522 0.44613727927208 1.9823490381241 -5.8281588554382 -4.1851119995117 -4.5288095474243 0.65290665626526 5.1994876861572 -4.5133333206177 9.8138189315796 
0.46982192993164 -5.2769842147827 5.7587308883667 9.071626663208 9.3543348312378 -6.5026798248291 -9.3183813095093 2.2393383979797 8.1226720809937 8.8772954940796 
9.1791296005249 4.8499722480774 -1.5538115501404 -8.2642803192139 -8.4273777008057 0.40749114751816 -7.6356692314148 6.7292590141296 9.8590755462646 -0.76087379455566 
5.0160870552063 6.684365272522 -7.8167700767517 2.1043095588684 3.4737956523895 3.1511862277985 -7.4810261726379 4.8691573143005 -7.980899810791 2.5721702575684 
4.2758865356445 -4.0474328994751 -3.2748656272888 2.5937077999115 2.597446680069 -5.0657844543457 -6.7932443618774 7.5599298477173 8.7493534088135 9.7036771774292 
5.2693133354187 0.69354891777039 1.7166006565094 -4.8415374755859 -4.8792767524719 -8.7006416320801 -9.6844434738159 -3.4282371997833 5.5561957359314 5.0294766426086 
-0.47685691714287 -4.1490998268127 -0.95937144756317 8.9067125320435 -9.0390348434448 -2.7290477752686 7.2685632705688 -6.6445693969727 4.2523727416992 -8.5864028930664 
-9.6775493621826 3.7514789104462 -9.769079208374 7.5867738723755 7.5425314903259 -6.3356647491455 -3.6294016838074 -1.5933171510696 4.5289125442505 8.5248441696167 
-0.7849987745285 3.8908612728119 9.6416482925415 4.4844565391541 3.5291273593903 -9.6150331497192 1.7450417280197 3.3476605415344 0.93617051839828 -8.2385606765747 
1.0789972543716 3.0010771751404 -2.0778920650482 9.4050531387329 -5.4691715240479 -4.1355452537537 8.6027460098267 1.5710977315903 -9.4709453582764 3.4426820278168 
