16 16
-902.71301269531 237.54893493652 866.16534423828 -103.11282348633 610.72729492188 -619.68695068359 734.67309570312 767.83349609375 686.8349609375 -233.62222290039 363.18405151367 -306.27307128906 -228.4162902832 233.57553100586 623.59460449219 926.07861328125 
690.65209960938 -962.54156494141 -207.93515014648 621.26824951172 -605.03979492188 708.85284423828 -988.49920654297 789.92498779297 453.27081298828 250.80776977539 -474.89410400391 831.40850830078 -338.87579345703 -857.68640136719 -628.21551513672 530.55706787109 
-275.12408447266 -102.77620697021 17.239669799805 424.17245483398 -219.96688842773 -908.59790039062 -467.32806396484 833.85888671875 -190.18479919434 -653.26507568359 538.72497558594 589.53155517578 -14.678970336914 115.6145401001 129.28060913086 345.25668334961 
474.47061157227 747.84771728516 29.384769439697 253.45811462402 -508.3874206543 -955.55053710938 -103.62229919434 948.24920654297 -951.48992919922 -85.922912597656 -617.64813232422 687.66656494141 -612.63195800781 726.13537597656 -963.38903808594 -251.93669128418 
607.78656005859 117.35227203369 -368.75799560547 -837.96264648438 521.72406005859 958.43029785156 -353.67065429688 -873.11206054688 611.59271240234 316.3323059082 677.66943359375 -964.40246582031 520.09564208984 -699.72900390625 716.37908935547 -491.68374633789 
293.1975402832 973.98968505859 576.23956298828 -983.99853515625 458.16543579102 -832.87030029297 386.01721191406 -249.18965148926 -777.77185058594 -154.36721801758 188.85615539551 -182.25358581543 -415.04010009766 -930.99475097656 581.0849609375 982.0595703125 
-692.24542236328 -398.62777709961 -315.61087036133 265.85345458984 99.197769165039 222.77432250977 -108.43640899658 611.80010986328 -271.59796142578 941.80810546875 307.41442871094 -96.007301330566 -98.116691589355 941.09228515625 -933.92810058594 783.09210205078 
-250.40432739258 78.637336730957 -170.61814880371 419.04742431641 937.1611328125 -644.85418701172 -59.004486083984 -33.904434204102 788.20538330078 -735.44543457031 -138.95634460449 100.66962432861 -912.62194824219 983.91766357422 248.79306030273 681.61517333984 
228.35282897949 -414.96603393555 -9.7637996673584 704.37145996094 278.40713500977 929.94604492188 -282.13735961914 -935.17279052734 699.45196533203 -949.01165771484 390.6252746582 -771.48657226562 552.23028564453 -906.13134765625 552.02087402344 341.61859130859 
527.16522216797 -390.01257324219 -252.96882629395 -965.41546630859 637.82763671875 148.88688659668 -450.29483032227 608.03393554688 286.21932983398 -744.92150878906 -629.16180419922 -337.98455810547 -103.59516906738 -721.13391113281 -112.04244232178 -1.0572286844254 
943.08117675781 697.14251708984 -53.848617553711 -682.37994384766 -543.21551513672 -645.83776855469 -747.76086425781 -457.23013305664 -50.948246002197 -72.889739990234 296.04803466797 97.981925964355 498.06066894531 847.11999511719 617.56182861328 -173.15371704102 
-69.134811401367 204.58392333984 -627.62982177734 426.64727783203 -813.47747802734 797.33587646484 72.303672790527 74.303642272949 -869.41571044922 887.05291748047 143.72619628906 -57.732841491699 -20.485431671143 528.09375 -318.95147705078 -912.16027832031 
-356.19616699219 319.21786499023 -16.734954833984 -643.64910888672 -631.59460449219 -797.171875 226.99855041504 -967.06964111328 -219.77212524414 423.45101928711 -701.02368164062 -280.93618774414 -793.77532958984 -109.33824157715 988.58233642578 699.65118408203 
830.78497314453 198.28146362305 -868.48559570312 660.19329833984 -890.1142578125 -260.04165649414 381.87759399414 454.47946166992 -925.49334716797 91.431465148926 15.56983089447 313.16635131836 321.00494384766 -945.87823486328 -646.94653320312 358.29745483398 
-453.62603759766 -193.46871948242 910.18316650391 -845.01440429688 -31.750535964966 -849.51446533203 -654.56213378906 692.41455078125 775.90893554688 -321.54641723633 -697.478515625 39.84464263916 -350.70651245117 -8.5434494018555 -286.74230957031 -96.764595031738 
-499.44485473633 -863.3671875 763.32586669922 497.56845092773 -193.0524597168 266.79705810547 -608.32397460938 -447.81735229492 828.76959228516 560.984375 853.23468017578 502.9111328125 646.48431396484 -669.26422119141 -396.67553710938 744.56768798828 
