10 10
-334.89498901367 421.2151184082 -338.76614379883 794.28161621094 -822.79663085938 -390.03924560547 -911.65576171875 -459.36636352539 -792.30255126953 228.4115447998 
-843.51843261719 -527.05993652344 308.32147216797 360.05685424805 927.93444824219 163.14404296875 -294.99844360352 -488.19659423828 -728.53594970703 484.16046142578 
-874.73974609375 -144.32342529297 880.53814697266 459.63037109375 -489.29266357422 232.79992675781 -573.37426757812 99.094741821289 -696.40399169922 246.17834472656 
887.92218017578 760.56604003906 -727.01800537109 -601.88568115234 139.36218261719 569.86218261719 455.37646484375 101.68113708496 -406.20306396484 -300.68402099609 
647.43127441406 -721.46478271484 897.71417236328 -688.00103759766 389.21466064453 852.01043701172 874.37249755859 -268.05645751953 438.1227722168 734.84844970703 
457.59683227539 -555.22143554688 -479.96835327148 -841.97576904297 -900.25128173828 531.56842041016 462.98782348633 360.13516235352 -144.70370483398 -869.05487060547 
110.20683288574 -641.45452880859 682.58715820312 -16.915658950806 -335.86370849609 696.22357177734 189.97325134277 -908.12121582031 -409.01007080078 864.64593505859 
-12.007192611694 125.75531768799 -790.59466552734 0.70735728740692 606.51446533203 302.71719360352 161.30514526367 263.98291015625 410.85858154297 156.31771850586 
-680.62145996094 -675.57983398438 -763.44085693359 358.20700073242 -176.93705749512 532.73687744141 -707.37359619141 -770.43646240234 -812.48498535156 286.13049316406 
-596.08831787109 -494.38265991211 -387.68994140625 -512.02764892578 77.164138793945 -268.80523681641 -80.22974395752 234.86624145508 545.74114990234 364.54058837891 
