16 16
0.26846098899841 -0.70877307653427 -0.61978244781494 -0.4002568423748 -0.0057593435049057 -0.40908932685852 -0.97793865203857 0.88152480125427 0.44410866498947 -0.63419699668884 0.12955668568611 0.72383469343185 0.53486812114716 0.77852714061737 0.83460652828217 0.88977062702179 
-0.286128282547 0.16009192168713 0.081503644585609 0.65534698963165 -0.54016202688217 0.63293081521988 -0.1205949857831 0.28356605768204 0.35290911793709 0.12552317976952 -0.82701188325882 -0.48669511079788 -0.77977722883224 0.75307184457779 -0.69198143482208 0.91847902536392 
0.4811495244503 -0.73863011598587 -0.24910295009613 0.094193741679192 0.082201644778252 0.0449906475842 0.18361002206802 0.11640975624323 0.5528776049614 0.27278584241867 0.8359569311142 0.060404665768147 0.70393604040146 -0.50361877679825 -0.67724114656448 -0.35894027352333 
-0.25066429376602 0.97247523069382 0.60305839776993 -0.24242454767227 -0.75791323184967 0.81453168392181 -0.39364320039749 -0.23901115357876 0.74027913808823 -0.46803134679794 0.53676110506058 0.47994157671928 -0.18372015655041 0.81826454401016 -0.93468934297562 -0.35327500104904 
0.64795172214508 -0.034614689648151 0.024759912863374 0.46486011147499 -0.73971158266068 -0.96951293945312 -0.20146638154984 -0.47892394661903 0.9961314201355 0.9699792265892 -0.41934788227081 0.00431516347453 0.85287326574326 0.56055861711502 0.3652423620224 -0.55482858419418 
0.80562174320221 -0.55451631546021 0.11699085682631 0.71622866392136 -0.23132932186127 -0.91840159893036 -0.47596025466919 -0.62077569961548 -0.79129457473755 -0.83152347803116 0.75906431674957 -0.25316941738129 -0.77444159984589 0.28288614749908 0.17456369102001 0.33209106326103 
0.93094003200531 -0.57411891222 -0.4400061070919 0.62653768062592 -0.77105128765106 -0.34554344415665 -0.56554991006851 -0.65748727321625 -0.54142314195633 -0.28661835193634 0.8201590180397 -0.10904828459024 0.4838202893734 -0.14000724256039 -0.28023290634155 -0.32661271095276 
-0.9962420463562 0.89841693639755 -0.78387159109116 -0.15796920657158 -0.34234264492989 0.21831053495407 -0.15248627960682 -0.5794483423233 -0.31720843911171 0.72153854370117 0.75937467813492 -0.54750263690948 -0.22205731272697 0.65194016695023 0.068854011595249 0.71838784217834 
-0.32211425900459 -0.49719712138176 -0.63264954090118 0.73331725597382 -0.56141722202301 0.37638974189758 -0.87016922235489 -0.83994454145432 -0.595270216465 0.85240244865417 -0.12967893481255 -0.76212424039841 0.80556428432465 -0.61990880966187 -0.81260621547699 0.16955354809761 
-0.79473352432251 0.87863147258759 -0.76715171337128 -0.2901856303215 -0.54195612668991 -0.087778195738792 0.11886374652386 -0.26312151551247 -0.32526478171349 0.48202216625214 -0.35062256455421 0.92034977674484 0.86272799968719 -0.89477246999741 -0.28349095582962 -0.23100391030312 
-0.07287522405386 -0.73231744766235 0.971156001091 0.26638713479042 -0.84336990118027 0.36175072193146 0.54325145483017 0.98084676265717 -0.64487147331238 0.12823556363583 -0.49750050902367 -0.25287711620331 0.68563801050186 0.82851529121399 0.68758672475815 -0.31019109487534 
-0.1535626500845 0.4449405670166 0.26483500003815 0.22837807238102 -0.46576815843582 -0.19598843157291 0.54566121101379 -0.094835691154003 -0.28600677847862 0.69743633270264 0.91136622428894 0.68378692865372 0.56466823816299 0.25905776023865 -0.85192060470581 0.22519709169865 
-0.35015061497688 -0.52237838506699 0.67526632547379 0.068352974951267 0.013953139074147 -0.87435406446457 0.24025189876556 0.68987959623337 0.66679549217224 0.44585397839546 -0.29376882314682 -0.2724042236805 0.058712109923363 0.71006071567535 -0.76074266433716 0.21840891242027 
0.61226546764374 0.73638868331909 0.88833075761795 0.40150943398476 0.79071038961411 -0.41670581698418 -0.50482594966888 -0.11814110726118 -0.30074006319046 -0.49762845039368 -0.78899317979813 0.87181347608566 -0.60946893692017 -0.87325215339661 -0.71352273225784 0.38505437970161 
0.19649514555931 -0.016709832474589 0.85698217153549 -0.20319640636444 0.96601814031601 0.77954125404358 -0.47030961513519 0.81686049699783 0.54439359903336 0.1911973208189 0.53042310476303 -0.11074265837669 -0.66719079017639 0.26988527178764 -0.58910888433456 -0.75227183103561 
0.90902584791183 -0.79346662759781 -0.8675679564476 -0.014615942724049 -0.74239391088486 -0.28436726331711 0.85587340593338 0.90981167554855 -0.84183776378632 0.80618220567703 -0.90002518892288 -0.21437239646912 -0.26199212670326 0.7443568110466 0.92776095867157 0.42616257071495 
