10 10
-22.318431854248 9.8133735656738 -24.325895309448 -74.366325378418 -99.930465698242 -25.453771591187 93.816337585449 -19.566595077515 57.786125183105 81.254493713379 
70.981468200684 -16.544233322144 5.0498504638672 88.318244934082 61.643985748291 -37.650943756104 -97.945533752441 -60.793148040771 -81.422775268555 60.378322601318 
96.856117248535 -81.179229736328 -29.284814834595 -57.642383575439 11.328834533691 91.049285888672 -82.425720214844 53.06262588501 98.889541625977 39.611892700195 
5.7478442192078 -5.6806149482727 -68.487274169922 89.970512390137 94.960990905762 6.8801212310791 -94.095565795898 -34.159927368164 95.895500183105 -0.77692371606827 
-65.653671264648 -5.4608979225159 -76.72883605957 -93.310066223145 51.333805084229 -72.449562072754 -19.883420944214 -34.929672241211 92.169273376465 -66.283897399902 
34.30961227417 -53.209186553955 -50.718795776367 -88.324142456055 87.420059204102 72.438056945801 66.675132751465 82.565147399902 39.736610412598 -38.430503845215 
-48.952812194824 -46.58882522583 78.570198059082 91.34162902832 80.99080657959 -66.923629760742 27.131143569946 -4.7246932983398 -46.041843414307 -98.556106567383 
-9.5000438690186 -25.631904602051 -2.2725255489349 -19.176725387573 -29.590326309204 32.03918838501 -33.52405166626 -67.64387512207 -60.569133758545 70.730926513672 
17.706809997559 44.877662658691 -96.314460754395 -63.087394714355 35.300464630127 -44.7145652771 -7.4184579849243 64.627227783203 -58.284008026123 -74.53475189209 
2.6491549015045 -76.780792236328 45.189727783203 79.738639831543 -32.865161895752 -46.592010498047 60.695930480957 10.073498725891 58.206966400146 -89.078689575195 
