10 10
4.1800837516785 4.2124562263489 2.662633895874 6.3359470367432 -4.1901926994324 3.8328633308411 2.3176999092102 3.5625913143158 1.0868512392044 -7.3993382453918 
-7.4664549827576 9.1787881851196 -4.7508254051208 -0.59332078695297 -1.9181197881699 0.38005486130714 8.8945436477661 -2.4402897357941 5.7804369926453 -1.0641168355942 
4.6249318122864 -5.0864300727844 6.923357963562 -9.3227958679199 -3.2006072998047 6.9203300476074 0.851338326931 -0.98658549785614 1.2210077047348 0.86061078310013 
9.3576335906982 8.6079950332642 2.2358961105347 -0.65242922306061 -4.8306789398193 -2.1087324619293 -8.4783563613892 1.6102504730225 -1.1469609737396 -0.38082647323608 
7.235279083252 9.0574998855591 6.8862609863281 -2.7156119346619 -9.367862701416 5.3518166542053 -7.4417843818665 -9.0798673629761 8.3996620178223 0.054533522576094 
7.3643264770508 2.9165971279144 0.72510457038879 2.639298915863 -8.3282737731934 0.44648233056068 9.3265151977539 0.29592862725258 -7.8579845428467 -8.2733306884766 
8.509241104126 2.9285707473755 8.1853885650635 -1.4188425540924 -1.7818742990494 -5.5892448425293 0.90094447135925 8.0681028366089 6.1575708389282 4.9558291435242 
-1.8224148750305 5.5792374610901 -6.5323891639709 3.4197745323181 4.4396786689758 2.742203950882 -5.890700340271 6.0690712928772 -4.6545114517212 4.0558314323425 
8.5276174545288 -1.6003776788712 2.1272113323212 4.3551216125488 -2.6309733390808 5.187159538269 -4.5914273262024 -2.1022386550903 -0.36336889863014 1.8491253852844 
-8.9905261993408 9.8754587173462 -3.9636628627777 8.3482265472412 5.3097562789917 -6.9509634971619 2.8830552101135 8.7886381149292 4.7269945144653 -6.7571444511414 
