10 10
720.64733886719 -382.5749206543 391.75997924805 940.06713867188 646.42694091797 94.818450927734 -975.77972412109 -412.69409179688 -261.7555847168 677.54821777344 
708.17694091797 -860.44287109375 -258.64898681641 -11.30081653595 398.83456420898 -896.06085205078 106.28372955322 -529.19329833984 645.81549072266 455.26403808594 
207.28973388672 533.50500488281 -240.43467712402 -905.77899169922 606.28778076172 594.98150634766 777.50616455078 557.32836914062 -380.89660644531 93.340492248535 
-275.66192626953 -962.44549560547 27.101934432983 -573.60046386719 947.44250488281 -608.462890625 -525.44989013672 681.49468994141 -516.56506347656 831.54180908203 
-650.63293457031 -45.736362457275 172.07200622559 451.59164428711 729.00164794922 -89.695320129395 376.06448364258 -974.72778320312 781.02435302734 -72.059051513672 
321.55590820312 -810.62390136719 -953.01483154297 -357.32778930664 583.64569091797 453.72860717773 930.52233886719 40.037754058838 776.01818847656 971.2822265625 
441.01358032227 777.83325195312 -398.7707824707 -39.31506729126 -326.4401550293 716.61987304688 -640.86877441406 -67.75318145752 -478.02856445312 -569.87670898438 
532.21026611328 -373.52587890625 85.322074890137 438.97259521484 -235.91897583008 555.70135498047 622.70458984375 -743.64483642578 972.89080810547 873.46466064453 
339.80728149414 707.78485107422 -271.12899780273 60.172367095947 -73.449005126953 -355.63287353516 -178.67573547363 -435.42080688477 -411.15948486328 215.17556762695 
-960.17944335938 -96.215194702148 -664.97192382812 869.66461181641 446.8196105957 734.20288085938 102.6353302002 -884.07904052734 416.17395019531 -626.70373535156 
