16 16
0.67665278911591 0.83210831880569 0.51420438289642 -0.44461637735367 0.43515542149544 -0.77206164598465 0.035461343824863 0.10355889797211 -0.45632991194725 0.50967103242874 -0.93527030944824 0.18356296420097 -0.88199210166931 -0.71766781806946 -0.46424129605293 -0.74751836061478 
-0.48959824442863 -0.61130148172379 -0.64172941446304 -0.019870785996318 0.25901618599892 -0.92988872528076 0.20526404678822 0.83570712804794 0.14448940753937 -0.93475484848022 0.76463502645493 -0.76471483707428 -0.89901530742645 -0.77055203914642 0.56227469444275 0.91948676109314 
0.4355740249157 -0.89268290996552 0.59431755542755 -0.82861244678497 -0.36797067523003 -0.81632554531097 0.14143018424511 0.69689780473709 0.83620321750641 0.65463870763779 -0.37816476821899 -0.5812931060791 -0.95624262094498 0.50039577484131 0.48503735661507 -0.26975765824318 
-0.9484629034996 -0.31013587117195 0.055424958467484 -0.19181787967682 0.50680994987488 0.39135125279427 0.0071824342012405 -0.98425143957138 0.10380253195763 -0.79867845773697 0.66272705793381 0.27086734771729 -0.64367055892944 0.78074759244919 -0.22405399382114 -0.71473032236099 
-0.6462180018425 -0.29346001148224 0.18669958412647 0.55966246128082 0.13790409266949 0.074000835418701 0.90981489419937 -0.9613134264946 0.19642120599747 0.23166415095329 0.65063375234604 0.64862847328186 -0.84569036960602 0.74273645877838 0.024671085178852 0.014991310425103 
-0.94048136472702 0.5683725476265 -0.68956333398819 0.059872131794691 -0.74503427743912 -0.72652721405029 -0.65906071662903 -0.34370425343513 -0.064282990992069 0.80889445543289 0.94014084339142 -0.76460218429565 0.57276886701584 0.19338442385197 0.17574305832386 -0.19480688869953 
-0.36950454115868 -0.22094866633415 -0.94346350431442 -0.71879786252975 0.23025403916836 0.068397007882595 0.51227927207947 0.10478359460831 0.92569625377655 -0.432950258255 -0.28281280398369 -0.20330440998077 0.70982873439789 0.24315893650055 -0.73660743236542 -0.45267879962921 
-0.24658919870853 0.47200378775597 -0.73999726772308 0.30319708585739 -0.58706188201904 0.36357882618904 0.03404588997364 0.029065605252981 0.84275025129318 -0.66091740131378 -0.70453977584839 0.15109768509865 0.026946153491735 0.67086309194565 -0.68919026851654 0.57527035474777 
-0.25163391232491 0.025960072875023 0.63681644201279 0.40336525440216 -0.96803069114685 0.36960878968239 0.0067012896761298 -0.59226405620575 0.53498703241348 0.62396162748337 -0.70835018157959 -0.48265036940575 -0.41632223129272 -0.34458440542221 -0.1957601159811 0.16631996631622 
0.096207529306412 -0.45894631743431 0.55838239192963 0.39767476916313 0.43577790260315 0.14348720014095 0.22819855809212 0.97411352396011 0.90836071968079 -0.55207091569901 -0.26873335242271 -0.64144486188889 -0.43162697553635 0.67954069375992 0.14332434535027 -0.3810840845108 
0.58028882741928 -0.22747413814068 -0.37388959527016 -0.20973043143749 -0.38121259212494 0.77400070428848 0.14394031465054 -0.64781135320663 -0.50495386123657 0.74704080820084 -0.45011353492737 -0.34802183508873 -0.42949649691582 0.20897994935513 0.34474518895149 -0.73903143405914 
-0.52656543254852 0.81704044342041 -0.8764785528183 0.18732987344265 -0.78918874263763 -0.11734596639872 0.38837897777557 0.38754445314407 -0.60469537973404 -0.74078714847565 -0.53963601589203 -0.96413916349411 -0.60257458686829 0.36533236503601 0.72778552770615 0.61514806747437 
-0.38348367810249 -0.47352230548859 0.13418400287628 0.50415354967117 -0.8269294500351 0.63076210021973 -0.8071591258049 0.98483723402023 -0.65024900436401 -0.66908121109009 -0.13396745920181 -0.67387408018112 -0.69833439588547 -0.54051291942596 0.2200350612402 -0.98032826185226 
0.62407231330872 0.78377282619476 0.98634958267212 0.77236819267273 -0.48698082566261 0.92156994342804 0.91980272531509 0.18355093896389 -0.75995880365372 0.31271296739578 0.98709106445312 -0.9161348938942 -0.9551465511322 -0.12081030756235 -0.89098280668259 -0.4848330616951 
-0.80434882640839 -0.70172625780106 -0.13130715489388 -0.20340996980667 -0.48652189970016 0.40020084381104 -0.16663955152035 -0.5463142991066 0.50659930706024 -0.16630493104458 -0.73855447769165 -0.97936207056046 -0.23440922796726 -0.29885378479958 0.60723221302032 0.60573840141296 
-0.55923187732697 0.17736460268497 0.39135280251503 0.56653606891632 -0.2542476952076 -0.64166641235352 0.48958975076675 0.29968872666359 0.78492575883865 -0.40404915809631 -0.74794960021973 -0.78912758827209 0.76556289196014 -0.8549290895462 0.31224882602692 0.55327749252319 
