16 16
9.2685403823853 -8.9412565231323 -8.9884004592896 5.1142349243164 -6.664882183075 -8.5240459442139 -2.9159898757935 0.70350515842438 8.6071949005127 -8.9519691467285 5.575572013855 -7.0739936828613 5.9499611854553 -4.825523853302 -3.1701059341431 -0.51988571882248 
2.929979801178 -1.9228546619415 -7.8621873855591 3.261467218399 -4.2464237213135 4.4495210647583 -0.80101752281189 -8.9583768844604 -2.6252915859222 3.9212248325348 -9.1041631698608 -8.2071418762207 -9.3733978271484 2.8587009906769 9.5899963378906 3.1170239448547 
8.8570032119751 -8.4253396987915 7.8451800346375 8.9107961654663 4.3860874176025 8.0961828231812 -8.3175420761108 6.2259044647217 -5.7783851623535 0.83763897418976 5.9907641410828 -6.6037216186523 9.8756637573242 4.6652297973633 6.0559573173523 8.5191993713379 
5.5930919647217 3.1114015579224 5.7731828689575 -6.8302659988403 -4.7281002998352 3.1936736106873 -1.3809375762939 3.3874914646149 2.0158426761627 1.4407360553741 2.3088576793671 7.8955402374268 2.029851436615 -9.5696153640747 -9.3472175598145 -5.709566116333 
-0.98262077569962 1.0982072353363 1.9314342737198 -1.5746747255325 -4.2936401367188 6.2102084159851 8.8596334457397 -4.8142871856689 0.43940824270248 0.57600110769272 5.4124646186829 3.7671127319336 -4.7423033714294 -6.0279173851013 -9.4596281051636 -7.4360489845276 
7.570273399353 -8.789623260498 -2.7777001857758 -1.7250870466232 -9.0278778076172 -4.8397822380066 7.4539942741394 5.8139324188232 0.75534182786942 8.1952266693115 7.4984612464905 -4.9407758712769 5.8058762550354 -7.8252243995667 7.7862157821655 -6.2548594474792 
2.5809082984924 2.4704356193542 7.0901489257812 5.623749256134 2.8345103263855 1.4751638174057 -3.4247229099274 -8.5630979537964 -1.3069468736649 -7.6447930335999 5.9531903266907 -9.8926601409912 7.5397348403931 6.6663427352905 7.2215518951416 -7.6822462081909 
2.6672818660736 -0.57227832078934 -8.3958396911621 -3.9158575534821 -8.9954452514648 7.9677801132202 4.3641262054443 -1.6586408615112 1.6130925416946 5.4953536987305 5.9009685516357 -5.7369022369385 -2.0680544376373 2.3399362564087 6.6792831420898 5.4475555419922 
8.9352712631226 -7.2324161529541 -5.2737936973572 4.7684617042542 -4.2369046211243 -2.2250876426697 -3.0750441551208 9.3572950363159 4.8460230827332 5.4553861618042 1.8104523420334 -6.6815090179443 -1.3700369596481 1.1868953704834 -0.92800372838974 -5.8657655715942 
8.8272514343262 -8.6076068878174 5.0305833816528 -8.5491371154785 8.8631544113159 8.8654870986938 7.0844259262085 -9.1632442474365 -3.1162343025208 -9.9446716308594 -7.312183380127 0.81258791685104 -9.3699674606323 2.0134880542755 3.3648869991302 -0.95254594087601 
0.53327828645706 -7.5841765403748 -5.929527759552 -4.9807496070862 1.4649662971497 -4.3343572616577 -4.4098000526428 8.235671043396 -4.9792056083679 -7.0550904273987 -9.8030185699463 1.6783264875412 1.3653627634048 -8.4081525802612 -3.9101505279541 -1.0948492288589 
2.7729680538177 4.9704012870789 -3.0920166969299 -0.55947053432465 -8.296425819397 -8.0488634109497 4.7151350975037 -6.4388327598572 7.1979603767395 -3.2519047260284 -3.7987332344055 -5.8947200775146 8.5537872314453 -5.5071873664856 -1.5180722475052 4.9970984458923 
-8.2274570465088 9.6944274902344 8.7949838638306 9.4601459503174 -2.4675238132477 0.8143453001976 -0.30819755792618 7.3087191581726 4.9761681556702 6.7841353416443 6.7848515510559 1.5896874666214 6.2371525764465 -2.2751648426056 -9.2546367645264 8.2850675582886 
-5.6285791397095 -0.68988770246506 2.5134921073914 2.8430910110474 -6.8773303031921 -6.2675752639771 6.5940937995911 6.8240170478821 -0.12772373855114 -5.5519642829895 -7.0686526298523 7.3260612487793 8.5491170883179 7.4616508483887 4.6485905647278 -6.1369562149048 
1.5677529573441 -6.9414615631104 0.61950987577438 -2.1225810050964 -7.1905736923218 -2.3131728172302 -7.0030512809753 0.60104060173035 6.8665103912354 9.6935548782349 6.0807461738586 5.1013283729553 -7.656494140625 -2.6262910366058 -6.7341065406799 -1.871533036232 
3.7286558151245 5.820520401001 -0.96975165605545 -3.4301245212555 7.339168548584 6.6912651062012 3.0841360092163 -0.10658895969391 8.2043313980103 -2.6805467605591 1.1240299940109 -3.9396035671234 9.6942291259766 -1.8309470415115 -8.2727899551392 -5.4855036735535 
