10 10
0.11105505377054 0.85576355457306 0.93856328725815 0.35191807150841 -0.52449625730515 -0.093892529606819 -0.50234335660934 0.27603062987328 -0.59594511985779 -0.79847759008408 
-0.54955613613129 0.19390442967415 0.59196120500565 -0.74880665540695 -0.28378799557686 0.93020665645599 -0.64074110984802 -0.80272907018661 -0.21153412759304 -0.43024417757988 
-0.61240321397781 0.74671220779419 -0.7067483663559 0.46909341216087 -0.56753343343735 -0.87785887718201 0.062746912240982 -0.83868938684464 0.28983849287033 0.25241762399673 
-0.45483034849167 -0.25616931915283 0.93006378412247 -0.46685221791267 -0.75798386335373 0.79329460859299 -0.15992443263531 -0.58980631828308 0.78812676668167 0.43356972932816 
-0.19976712763309 -0.39868953824043 -0.50947058200836 0.29572984576225 0.78600138425827 0.77821552753448 0.8610674738884 -0.14595200121403 -0.33508443832397 0.45908638834953 
0.26348811388016 0.37247544527054 -0.92358076572418 -0.89201861619949 -0.91633027791977 0.49036103487015 -0.11466512829065 0.10959070175886 -0.4762142598629 0.13743776082993 
-0.1416098177433 0.84539079666138 -0.36889290809631 -0.13977748155594 -0.92969572544098 0.24394136667252 0.69593608379364 -0.17081812024117 -0.76623725891113 0.47422114014626 
-0.91736501455307 -0.76131129264832 0.54378634691238 -0.66650944948196 0.86531853675842 0.90526419878006 -0.95842653512955 -0.16245290637016 -0.54398280382156 -0.054368246346712 
0.28788042068481 -0.43441361188889 0.055299505591393 0.87592858076096 -0.053792025893927 -0.68883556127548 0.97528749704361 0.35213226079941 -0.78834450244904 0.61100423336029 
0.13703987002373 0.56247913837433 0.72258400917053 0.72308832406998 0.77700340747833 0.804194688797 -0.44718798995018 0.94560420513153 -0.86781680583954 -0.79751497507095 
