10 10
898.47546386719 815.37512207031 78.894477844238 -61.746826171875 648.80627441406 284.82037353516 -840.78002929688 -74.095695495605 -870.02990722656 828.06042480469 
100.16006469727 -520.42169189453 427.865234375 319.0744934082 22.757850646973 293.14239501953 -697.92401123047 -415.74359130859 126.39681243896 -938.97912597656 
779.8935546875 -660.71539306641 678.19946289062 -520.59265136719 -174.66961669922 -663.29772949219 251.86363220215 -158.27839660645 -528.05474853516 596.11297607422 
874.05743408203 218.92980957031 -688.82464599609 775.37622070312 -545.31353759766 504.87072753906 -440.51086425781 172.70449829102 -863.84002685547 11.869623184204 
-922.07598876953 -362.54656982422 708.76110839844 -632.60296630859 787.77734375 83.732460021973 697.91558837891 396.53204345703 -3.9659440517426 552.10229492188 
183.79377746582 -38.379447937012 -238.51780700684 409.3030090332 498.13674926758 -81.923049926758 19.00740814209 -72.648635864258 -622.82385253906 -114.30934906006 
-208.16040039062 854.25469970703 -427.43475341797 -200.74990844727 -362.2174987793 589.59735107422 308.56784057617 858.83374023438 671.41241455078 642.03778076172 
-852.82556152344 462.88265991211 461.75570678711 581.25903320312 -786.50366210938 -900.19805908203 -980.53283691406 -899.60333251953 -169.01780700684 -522.20239257812 
811.75646972656 746.53552246094 920.87841796875 -947.43493652344 304.20391845703 411.36108398438 672.1884765625 -951.52954101562 -442.80215454102 88.251525878906 
644.65222167969 594.70770263672 -91.746543884277 308.30130004883 965.20361328125 -490.69525146484 -265.83740234375 329.84338378906 -116.27309417725 -250.09239196777 
