16 16
565.00921630859 -811.61444091797 708.37646484375 -544.4921875 187.69653320312 781.65625 -698.44152832031 390.99221801758 968.50341796875 21.788192749023 -986.552734375 -42.071125030518 -359.55142211914 911.45733642578 -248.12226867676 262.02502441406 
-351.50030517578 325.0771484375 -946.88531494141 -147.69448852539 621.12921142578 25.386365890503 448.62796020508 128.11528015137 301.14532470703 -312.85543823242 -664.90649414062 445.91372680664 -630.54370117188 -545.55541992188 -743.56256103516 -813.73492431641 
-113.21147155762 246.21171569824 13.87681388855 -543.09320068359 235.82649230957 639.37951660156 -888.11218261719 -680.076171875 193.08106994629 -342.53759765625 -745.80950927734 401.81423950195 -29.248430252075 227.26170349121 -409.02026367188 -155.5359954834 
183.5827331543 575.40911865234 397.82144165039 -512.80682373047 -87.45662689209 126.94427490234 820.37561035156 -156.43246459961 -845.43157958984 -392.09451293945 -210.75302124023 -789.20721435547 -674.34387207031 -698.09240722656 911.81427001953 -413.38763427734 
68.360305786133 -724.97283935547 3.2598469257355 -145.84182739258 -678.00646972656 987.90710449219 587.22497558594 381.0198059082 -799.69836425781 640.34155273438 839.02764892578 -460.20843505859 948.35369873047 758.73498535156 36.979148864746 -199.82077026367 
-946.37658691406 353.96823120117 689.67230224609 -208.20031738281 552.97369384766 -213.21543884277 -890.47265625 -457.18576049805 650.35186767578 167.03211975098 -718.14916992188 765.09094238281 -44.731945037842 954.03082275391 794.34985351562 634.89678955078 
-344.5944519043 -597.31060791016 -469.49041748047 -996.65936279297 599.70111083984 -180.81965637207 767.42462158203 -395.26525878906 918.0966796875 500.27291870117 836.44598388672 -310.53137207031 -384.54116821289 -614.5537109375 -327.71569824219 723.029296875 
63.749977111816 158.71263122559 477.33532714844 -597.68237304688 -506.17269897461 175.17181396484 459.05001831055 678.23651123047 783.39758300781 614.54644775391 712.6123046875 455.83172607422 -774.73822021484 442.71685791016 7.8441681861877 -431.94177246094 
791.64825439453 507.23202514648 54.877361297607 -950.71264648438 -690.57952880859 807.27447509766 63.010272979736 113.24820709229 -36.298793792725 -800.22833251953 -830.80743408203 645.91754150391 -942.07836914062 49.556972503662 -606.64935302734 810.20556640625 
562.521484375 716.23486328125 747.97283935547 -901.20587158203 -880.27899169922 -969.79998779297 -121.56085968018 -872.77185058594 -674.11322021484 -296.09652709961 194.12713623047 551.21832275391 827.01245117188 -494.75531005859 13.974417686462 598.37707519531 
-474.05340576172 374.31341552734 -737.91467285156 503.81414794922 163.61561584473 66.249160766602 252.09756469727 103.39250183105 -421.12274169922 184.92395019531 736.08117675781 -969.720703125 -238.19744873047 -367.63320922852 -439.91207885742 -900.29290771484 
-90.423355102539 -116.7435836792 24.461196899414 -830.87603759766 -674.62005615234 -681.86224365234 193.6124420166 -794.43054199219 -418.20355224609 -323.27758789062 118.61219787598 -792.14880371094 -737.14086914062 67.281623840332 -481.92108154297 -505.96633911133 
223.45219421387 -800.85534667969 595.51226806641 -903.78009033203 468.84396362305 610.62854003906 -940.98211669922 80.811386108398 396.06091308594 -563.99749755859 -458.14331054688 -166.57415771484 -249.02679443359 -39.203128814697 624.00946044922 -848.48394775391 
883.38055419922 -831.31695556641 480.19454956055 -435.00909423828 259.98379516602 207.03021240234 459.79202270508 144.51892089844 122.52086639404 919.6015625 -433.18106079102 832.79577636719 -81.125091552734 -716.27008056641 -554.69750976562 -988.58148193359 
-532.34600830078 -245.26963806152 793.85559082031 -248.70086669922 382.79608154297 538.72766113281 -45.248725891113 -697.50939941406 864.83215332031 -38.839626312256 314.33001708984 -819.81854248047 -245.69555664062 884.63586425781 196.05754089355 909.2724609375 
942.5732421875 -786.89056396484 -620.76361083984 440.2414855957 215.33619689941 173.6068572998 -303.63018798828 -522.52362060547 -564.71295166016 -523.85107421875 -914.56585693359 -546.39471435547 -475.03143310547 762.15612792969 -504.48529052734 -371.39794921875 
