10 10
-1.0006145238876 -9.6736888885498 5.7483887672424 9.395619392395 -2.1427409648895 -2.5210773944855 3.1850228309631 -3.2016558647156 4.048752784729 -0.75128203630447 
0.4100344479084 -5.908182144165 0.041261062026024 -1.5141408443451 1.6528860330582 6.9726042747498 8.3558435440063 2.3732576370239 2.553676366806 -3.2509326934814 
4.432363986969 -5.6760807037354 8.0145196914673 -2.5985250473022 -7.9779953956604 6.8944702148438 0.24786113202572 7.305787563324 8.7718181610107 -2.6419093608856 
-6.5751342773438 5.0564889907837 7.7505812644958 4.2815737724304 5.7572016716003 -5.5868172645569 2.7459988594055 -1.1567890644073 6.8559880256653 -8.5597400665283 
6.0526757240295 5.3273711204529 -3.2043514251709 6.5065016746521 2.0557589530945 0.46509128808975 -4.8258857727051 0.29159936308861 2.061030626297 6.0192489624023 
-4.8870186805725 3.0232625007629 3.1830224990845 -8.9979839324951 4.6602416038513 2.3393158912659 0.055726017802954 3.5620400905609 -5.4283919334412 9.67418384552 
6.4002709388733 2.96834897995 0.59830713272095 -3.8138558864594 4.5037698745728 4.3573536872864 8.1016654968262 5.0315346717834 1.2477083206177 -0.13665275275707 
4.0383052825928 -1.9776693582535 1.1264750957489 9.5463056564331 -4.3154273033142 -7.395655632019 -1.9475953578949 -5.6942663192749 6.4592986106873 5.0633125305176 
7.3428072929382 -5.5342545509338 -2.7589335441589 -5.5908575057983 -7.2860150337219 -9.7578220367432 -0.57335376739502 -9.1364879608154 -2.3280375003815 6.2703170776367 
-4.4445695877075 -2.7724316120148 9.0097141265869 3.6187562942505 -4.4109764099121 -1.9607181549072 4.6525268554688 2.0666863918304 -5.1592950820923 5.1943082809448 
