10 10
87.384925842285 -46.934185028076 77.630477905273 96.087455749512 72.026107788086 13.96923828125 73.942001342773 44.550548553467 36.012401580811 -25.017333984375 
-59.535442352295 90.40397644043 -24.59154510498 22.202053070068 -21.542253494263 64.025703430176 -21.036212921143 -34.055248260498 -98.647369384766 -17.168737411499 
-49.892360687256 -73.025024414062 -5.5673933029175 57.249393463135 82.456642150879 -30.413539886475 3.1972830295563 -87.010810852051 69.634468078613 27.272119522095 
8.0393333435059 -16.541723251343 27.911794662476 3.1681499481201 61.886402130127 -50.048679351807 -58.046737670898 -31.547443389893 -88.64176940918 -23.017406463623 
8.467848777771 -5.8664121627808 73.41480255127 21.895805358887 -79.052452087402 13.222104072571 -34.313407897949 89.768135070801 -46.222602844238 30.497623443604 
-16.978750228882 -52.810554504395 91.643058776855 34.950897216797 9.9859924316406 96.415840148926 -53.688640594482 -12.02538394928 -26.393184661865 -9.2615299224854 
36.988124847412 -69.775917053223 68.339485168457 -63.517425537109 -24.02276802063 1.7865275144577 -18.105226516724 -30.144176483154 -49.394481658936 -15.796685218811 
94.223937988281 47.070785522461 -4.5963573455811 11.909652709961 77.794570922852 -98.074508666992 88.143989562988 85.856491088867 84.676963806152 -69.522674560547 
99.865142822266 72.792945861816 57.381546020508 -78.54133605957 66.797874450684 -18.93797492981 97.539825439453 16.353574752808 -31.851934432983 5.0969371795654 
-17.495752334595 32.437030792236 -25.241371154785 34.649459838867 82.578102111816 -84.729400634766 59.307811737061 -55.577194213867 79.118522644043 -14.805459976196 
