10 10
0.42644846439362 0.031387250870466 0.61425024271011 0.33352929353714 0.45271563529968 0.18403032422066 -0.40453904867172 -0.62587630748749 0.91649299860001 0.77925175428391 
0.80832928419113 0.49869215488434 -0.30846673250198 0.23684875667095 0.88517892360687 0.69811886548996 0.41415259242058 0.39571788907051 -0.99662065505981 0.62616002559662 
0.93308275938034 -0.39191618561745 -0.69422370195389 -0.68420612812042 -0.217463940382 0.20619730651379 -0.020822767168283 -0.84877967834473 0.85648709535599 -0.35604616999626 
-0.38878324627876 -0.45794388651848 -0.80938476324081 -0.53772610425949 -0.4624844789505 0.064468525350094 -0.30979281663895 0.44031956791878 -0.86333185434341 0.68543708324432 
0.39482781291008 0.70807462930679 -0.44874089956284 0.14244823157787 -0.30161651968956 -0.49184876680374 -0.73736298084259 -0.11160880327225 -0.89331156015396 -0.32092291116714 
0.26211932301521 0.8895161151886 -0.60809254646301 -0.38871097564697 -0.6530699133873 -0.62041121721268 0.10665000975132 -0.68495661020279 0.94347274303436 0.91226440668106 
0.42137035727501 -0.52022171020508 -0.0059415050782263 -0.252869784832 -0.39341777563095 0.13968409597874 -0.45726612210274 0.72988927364349 -0.806500852108 0.34475180506706 
-0.29864299297333 -0.34576627612114 0.13552308082581 0.066533014178276 -0.85800784826279 0.023114189505577 0.014330276288092 0.56607741117477 0.64711010456085 -0.32267743349075 
0.068354442715645 0.20629774034023 -0.73238617181778 0.52179223299026 0.0083359163254499 -0.29493236541748 -0.084312111139297 -0.92054450511932 -0.33101281523705 0.55537617206573 
-0.59770047664642 -0.9964325428009 -0.22360722720623 -0.71230816841125 0.82845616340637 0.24680507183075 0.19051054120064 0.76293361186981 0.56370794773102 0.13159039616585 
