10 10
100.88310241699 -296.50680541992 824.22515869141 386.54815673828 -760.87091064453 -949.31829833984 985.33044433594 965.01641845703 253.90538024902 818.88513183594 
109.6351776123 163.45771789551 413.06909179688 -215.84590148926 198.66395568848 914.52697753906 547.73486328125 115.28884887695 -926.16955566406 -847.71020507812 
413.01901245117 -686.98431396484 -475.41403198242 571.35571289062 -378.73336791992 -902.34625244141 -157.77709960938 -504.7995300293 282.89349365234 156.67607116699 
-258.73413085938 614.91900634766 794.26342773438 -326.49609375 700.38635253906 -190.12976074219 -498.03588867188 -141.21493530273 403.0432434082 -607.26239013672 
-660.71429443359 -264.31198120117 647.13702392578 804.50549316406 -219.26675415039 -240.40211486816 52.870410919189 717.11322021484 565.68896484375 -864.04217529297 
486.86459350586 720.55157470703 136.33546447754 -404.24880981445 -621.36352539062 -306.06680297852 343.95834350586 700.41772460938 17.331901550293 801.37432861328 
-774.31658935547 944.50769042969 -945.8798828125 345.13327026367 242.91656494141 213.74314880371 -555.95135498047 985.93432617188 697.98614501953 3.0315721035004 
-412.93115234375 -791.80920410156 26.721515655518 507.20156860352 681.08093261719 -908.79724121094 113.85443878174 -841.73236083984 -826.94232177734 592.44000244141 
-173.75367736816 -386.80596923828 885.53247070312 -67.789352416992 31.257070541382 -717.10247802734 -948.64477539062 -461.13702392578 551.06237792969 228.56123352051 
-992.67633056641 -298.82150268555 464.85455322266 952.45629882812 492.50341796875 626.38073730469 524.82043457031 535.31072998047 -810.44403076172 -359.98748779297 
