10 10
-4.4315838813782 -6.2644653320312 -2.9709379673004 -5.3019161224365 -0.40994653105736 0.034580640494823 -3.8321492671967 -5.0569381713867 2.3308036327362 8.1782445907593 
-6.737377166748 3.8108749389648 8.7762832641602 -4.7864236831665 -8.2070341110229 4.0723261833191 -1.854927778244 0.049537014216185 -4.0123872756958 5.2424812316895 
4.6485910415649 4.4747257232666 2.5478127002716 1.3468564748764 3.9025294780731 5.5419015884399 -5.4501991271973 9.1308221817017 -2.78653216362 -1.1685221195221 
-5.1533989906311 3.0718529224396 1.1602878570557 -8.7467527389526 1.2189478874207 3.2231225967407 2.5379416942596 3.4899127483368 8.0510873794556 1.7587291002274 
-7.2629833221436 -7.8166952133179 -8.4869537353516 4.9159917831421 -7.8466401100159 0.82544535398483 -6.5121235847473 5.8103928565979 -5.7886509895325 4.3748545646667 
6.9241962432861 -2.8188803195953 -7.7274503707886 1.9530490636826 0.22890022397041 -2.6655759811401 4.63738489151 7.4971203804016 0.31282979249954 1.4823805093765 
7.3636660575867 -8.8099164962769 1.4574754238129 2.8731451034546 8.6137542724609 7.5149841308594 1.0443948507309 -5.236367225647 8.822940826416 3.9022350311279 
7.6197652816772 3.9137270450592 1.7315285205841 0.78844302892685 -8.183367729187 1.8403375148773 0.73767465353012 -6.3265748023987 -0.018226867541671 -2.4714539051056 
-8.3622665405273 0.023256994783878 -8.5096530914307 2.538361787796 7.8609871864319 -5.0803141593933 -6.685697555542 0.18366445600986 5.0253310203552 -3.1482179164886 
2.6112179756165 7.5786952972412 6.7927250862122 -5.0660352706909 9.2199115753174 -1.7572858333588 4.9313158988953 2.9832837581635 6.4091839790344 6.5611801147461 
