16 16
-3502.5727539062 -2252.4411621094 4129.1694335938 -6501.6108398438 -5834.6171875 6764.7373046875 2024.9221191406 -2668.4602050781 7660.3696289062 3891.4265136719 -2257.953125 -3270.693359375 8643.8740234375 130.07122802734 9433.9375 6.4190921783447 
-7042.1264648438 3377.2426757812 -7361.2504882812 1850.232421875 -2642.0385742188 -6481.0698242188 7262.6494140625 1251.3084716797 1033.5163574219 -8688.595703125 3792.4782714844 -4382.9428710938 -1858.6799316406 -8909.4365234375 -1877.4213867188 -94.008506774902 
-7939.224609375 -7103.4716796875 700.41448974609 -1961.6645507812 8.7286529541016 -8202.8115234375 3492.6040039062 4587.6669921875 -26.541900634766 5804.3090820312 1861.9914550781 7375.4145507812 2467.6958007812 1669.1234130859 -7647.1787109375 5124.0161132812 
-478.41088867188 -7635.7856445312 5215.6748046875 -8624.64453125 9208.5791015625 6998.7045898438 -1169.0152587891 -7714.4458007812 -1941.6677246094 -5132.89453125 -7789.1708984375 1013.7745361328 -4879.7685546875 -3782.5124511719 833.55242919922 -6878.3759765625 
-2345.755859375 -1005.3150634766 -1228.3231201172 4873.0795898438 4962.8969726562 1983.5461425781 5388.2055664062 3092.6396484375 7173.8286132812 -7143.7495117188 -2211.6149902344 -1332.4123535156 6617.9829101562 9694.9306640625 -1331.3857421875 -5742.6884765625 
9413.0478515625 120.96865081787 7430.4116210938 1574.4364013672 9380.328125 6648.154296875 -6229.0131835938 -7520.296875 -3944.3422851562 -9011.5 -7347.5932617188 9640.12890625 1355.46875 342.29959106445 -43.071605682373 5147.9770507812 
6708.4916992188 -3568.2375488281 7269.8798828125 -8006.2978515625 -5841.7563476562 -9044.8818359375 -4242.970703125 -2456.3044433594 -8987.142578125 5854.8286132812 -9431.080078125 -3006.9113769531 2019.3284912109 3743.3425292969 3348.9836425781 -2760.8862304688 
9540.7978515625 -3021.9494628906 7915.7744140625 -1187.3697509766 -5029.2368164062 5793.3579101562 6614.5981445312 1542.2254638672 9094.5458984375 -3086.4348144531 -6795.4814453125 9088.5224609375 483.24508666992 3503.3239746094 8096.154296875 -5978.119140625 
-4927.4560546875 -6834.3989257812 -6829.1752929688 2968.4428710938 -5363.1904296875 -4141.5249023438 6992.7924804688 3047.5732421875 5860.6484375 3602.0903320312 8928.3369140625 9942.7265625 -6425.29296875 -9788.029296875 -9631.76953125 8789.7265625 
4606.0712890625 -2946.8315429688 4321.4497070312 5188.3344726562 -2620.2915039062 6646.4990234375 -1687.6650390625 893.02392578125 -2464.5708007812 7287.9926757812 1276.4732666016 9821.5732421875 3329.1838378906 -8485.4873046875 -5315.9331054688 3755.9079589844 
-9546.5732421875 6778.5859375 -625.21990966797 -4475.9555664062 -6443.4047851562 4599.2900390625 585.25903320312 6145.5678710938 8546.70703125 5899.6918945312 2020.64453125 9253.7080078125 6469.1557617188 -6352.5693359375 -7311.8374023438 -8650.44140625 
6762.3725585938 853.36334228516 -2075.6442871094 -6650.6005859375 977.55609130859 475.17340087891 6335.7114257812 -1290.6389160156 5661.2041015625 9313.2236328125 2163.0339355469 -4976.4008789062 323.09286499023 1355.6622314453 -579.62414550781 -383.02560424805 
-5308.3969726562 3472.6091308594 1763.6296386719 -9169.4951171875 -6401.2060546875 -915.84539794922 9272.9345703125 7452.755859375 2015.4354248047 563.96008300781 8247.0556640625 4190.0786132812 3694.3820800781 8791.5224609375 9660.470703125 8252.1708984375 
6389.9975585938 -338.93225097656 294.50985717773 -3023.3857421875 8319.9013671875 5506.2358398438 -1068.3891601562 9318.3173828125 -6244.6342773438 6730.3520507812 -1160.7189941406 -2797.9096679688 -4100.3920898438 3017.1435546875 1495.4361572266 -1668.7838134766 
6914.2856445312 477.03143310547 -7389.6098632812 -966.20629882812 3025.9724121094 -5377.240234375 -3674.3681640625 -4331.2294921875 -3965.1276855469 -4621.8520507812 6373.2651367188 -3715.8337402344 -8422.322265625 631.85437011719 -4208.1176757812 8952.4072265625 
1455.8272705078 4124.59375 -6843.6499023438 -9082.03125 -5964.2504882812 -8596.5625 -1665.9416503906 -7736.2607421875 2913.3073730469 1369.9588623047 -4529.9145507812 2052.3872070312 7303.439453125 9245.7138671875 -8171.0126953125 -4837.1591796875 
