10 10
0.48592832684517 -0.75292938947678 0.62141931056976 0.13230602443218 0.58902931213379 -0.69458472728729 -0.94072908163071 -0.77612936496735 -0.68630868196487 -0.003848472610116 
-0.31195229291916 0.96066159009933 -0.99964082241058 -0.6624299287796 0.29545029997826 0.065352767705917 -0.70230895280838 -0.25530979037285 -0.09374962747097 0.42571467161179 
-0.27203795313835 -0.21938754618168 0.81170600652695 0.038594093173742 -0.22411440312862 0.025642294436693 0.62280702590942 -0.74755901098251 0.55850011110306 0.68932557106018 
0.75250375270844 0.99207538366318 0.44034633040428 0.72028738260269 -0.2956979572773 0.65780335664749 -0.87417501211166 0.95837533473969 0.45681121945381 0.73041266202927 
0.18348088860512 0.95839208364487 0.31218975782394 0.057817529886961 0.70194625854492 -0.96835458278656 0.81837397813797 -0.098296962678432 -0.52126908302307 0.67626494169235 
0.28482729196548 0.78219300508499 0.66815227270126 0.47253397107124 0.78491020202637 0.5394886136055 0.32327136397362 0.017932144924998 0.64870965480804 0.86116880178452 
-0.66333103179932 0.642593562603 0.81730389595032 -0.41480624675751 -0.65542429685593 -0.93490314483643 0.9091933965683 0.34420132637024 0.63238078355789 0.7817097902298 
0.92431324720383 0.0026392957661301 -0.25828433036804 0.51871484518051 0.22479645907879 -0.14705733954906 -0.6691620349884 -0.74674940109253 0.30776098370552 -0.56644612550735 
-0.02060149051249 -0.61940097808838 0.052795372903347 -0.4321311712265 -0.37483429908752 0.24984849989414 0.63909155130386 0.20196275413036 0.1786076426506 0.31044745445251 
-0.12266468256712 -0.17113016545773 0.98959171772003 -0.24254703521729 -0.033465746790171 -0.18223528563976 0.85001653432846 0.042526632547379 0.2509790956974 0.32366496324539 
