16 16
-489.68713378906 -74.609924316406 646.70544433594 -589.10107421875 -417.96994018555 796.58752441406 -937.23400878906 -674.86450195312 -336.75399780273 -761.736328125 -613.32574462891 322.23324584961 458.01818847656 -902.83520507812 -617.23608398438 500.61569213867 
542.00091552734 -382.36645507812 738.98193359375 175.92350769043 -760.24462890625 -733.857421875 -399.32965087891 -324.90689086914 252.36894226074 293.71496582031 99.595863342285 -686.12841796875 -711.55194091797 294.6321105957 -920.45318603516 -828.25500488281 
-738.96978759766 531.51831054688 80.356704711914 671.93841552734 786.39556884766 -103.90898132324 890.99896240234 349.00119018555 -214.56819152832 314.18139648438 733.90747070312 448.78076171875 635.19842529297 226.9341583252 -63.682899475098 255.39178466797 
777.45971679688 271.17529296875 -773.55932617188 332.39627075195 347.78421020508 540.76348876953 339.55108642578 -655.92858886719 -145.4434967041 -390.42504882812 -676.6796875 632.46099853516 -79.57421875 -865.43609619141 272.04092407227 726.4130859375 
-331.75823974609 182.15016174316 -482.36895751953 -416.20153808594 664.93560791016 -217.19328308105 167.58645629883 -49.909976959229 227.99201965332 -787.79547119141 -308.47027587891 -139.05084228516 254.92124938965 -770.97204589844 306.5869140625 58.360214233398 
368.50256347656 -269.93826293945 -824.64202880859 857.37982177734 324.86764526367 702.62255859375 -641.81451416016 -291.70401000977 151.12170410156 -978.93762207031 679.86993408203 -214.48223876953 624.03369140625 -957.23461914062 -336.85830688477 -200.40937805176 
677.38684082031 -566.03540039062 -216.9524230957 820.99731445312 918.04144287109 -48.844467163086 -93.240715026855 688.73461914062 -139.54789733887 -61.554096221924 218.9875793457 -73.378593444824 720.74249267578 -770.359375 -962.54113769531 -746.84887695312 
784.87170410156 -882.23840332031 0.88874644041061 -703.57067871094 -356.52365112305 18.124624252319 471.4333190918 816.10278320312 845.09423828125 -182.18298339844 715.09375 520.50305175781 482.42788696289 -598.0732421875 -873.26983642578 -715.35711669922 
-962.24597167969 -806.62292480469 788.85784912109 -362.70275878906 274.34490966797 196.7276763916 -852.38635253906 130.08296203613 316.2991027832 802.87731933594 -946.4638671875 810.53259277344 973.89129638672 -487.86322021484 -467.61001586914 -953.57830810547 
-552.67346191406 -775.06951904297 827.81207275391 -303.6701965332 849.96514892578 460.14120483398 365.98999023438 572.85534667969 759.96911621094 -211.43341064453 -251.62423706055 -659.61694335938 -114.40084838867 915.58288574219 -761.69061279297 -467.59860229492 
-849.02862548828 -558.94299316406 -31.316566467285 461.20523071289 -657.78204345703 557.74987792969 -490.78744506836 159.55667114258 213.09526062012 -794.19696044922 69.130500793457 -924.80340576172 -559.90570068359 563.58380126953 439.86996459961 225.46257019043 
-799.92047119141 -184.97946166992 504.87762451172 590.70989990234 767.94354248047 235.4761505127 476.26644897461 -632.41979980469 220.09034729004 582.22869873047 64.55436706543 -108.37730407715 930.24542236328 -968.31158447266 367.64831542969 -467.95690917969 
504.34078979492 591.58502197266 -859.27783203125 -376.73281860352 913.91174316406 63.784862518311 449.67266845703 427.76870727539 201.26376342773 690.23669433594 -846.00939941406 630.91967773438 173.63104248047 240.99954223633 368.53701782227 -630.51879882812 
479.63006591797 -722.13226318359 657.12371826172 987.33843994141 831.04479980469 304.90353393555 224.12242126465 -447.12762451172 -209.5059967041 -312.08831787109 -38.122638702393 646.99011230469 678.9423828125 -730.83972167969 -843.88836669922 674.95111083984 
-389.5224609375 529.04083251953 288.25817871094 949.49975585938 -778.73101806641 47.665802001953 679.00708007812 -621.70672607422 -540.82598876953 -34.355930328369 856.09997558594 -980.69464111328 72.696838378906 331.63467407227 797.59942626953 996.44213867188 
994.00653076172 -598.70745849609 162.22979736328 606.49487304688 776.73803710938 892.98541259766 -916.65191650391 -150.25053405762 -743.84185791016 -855.04382324219 -193.41482543945 184.9384765625 -720.92144775391 -648.87298583984 -502.90057373047 658.22918701172 
