16 16
-3894.61328125 -4995.4296875 308.31372070312 1484.7462158203 708.55987548828 5638.7534179688 4467.330078125 5285.9731445312 6218.767578125 4389.8173828125 599.54437255859 5702.8696289062 -2165.2668457031 6287.3002929688 8428.91015625 2744.9990234375 
6079.4428710938 2269.6860351562 -5943.283203125 -2235.5871582031 8185.6806640625 -1925.8538818359 241.31642150879 6844.7573242188 -6747.4155273438 -4096.609375 8811.919921875 5214.7275390625 9048.4873046875 -3585.7885742188 -9955.2119140625 -677.13000488281 
8019.4311523438 7839.9956054688 4832.416015625 9742.740234375 2877.3962402344 -6348.9296875 -3485.4377441406 -7915.4672851562 4781.7392578125 2176.4379882812 467.00280761719 8275.9013671875 -8912.68359375 7192.9912109375 6572.2524414062 9115.76171875 
-9944.400390625 5720.59375 328.3102722168 7024.302734375 3987.6596679688 -6860.1440429688 4155.0288085938 -9707.2197265625 -3778.1474609375 6100.791015625 -5914.90625 5080.8208007812 -5697.3037109375 -8301.9208984375 9528.529296875 7517.7529296875 
1470.7774658203 9611.484375 9361.333984375 2774.1997070312 900.33264160156 2232.5241699219 268.39617919922 7770.8310546875 6996.1787109375 9698.923828125 5932.9995117188 -2397.2570800781 -4917.6333007812 1253.0257568359 4107.2553710938 9365.708984375 
7258.5639648438 6473.0258789062 1803.0581054688 -8438.2138671875 -7677.587890625 -3730.9562988281 3676.8166503906 -5732.353515625 -6805.4697265625 3462.1823730469 -7423.3134765625 3423.1965332031 3691.560546875 -9620.43359375 5603.76953125 2749.4943847656 
1725.3024902344 -1763.7442626953 -7112.3452148438 7859.2709960938 1025.7716064453 8623.7392578125 3354.4172363281 -6730.0024414062 2230.6748046875 699.21875 4912.8291015625 9242.552734375 -8774.0888671875 5712.7470703125 -6166.3657226562 5884.3364257812 
-4213.2255859375 5432.0302734375 9666.5498046875 480.93130493164 -5729.9799804688 9982.623046875 3483.630859375 -9006.6787109375 8496.4423828125 7695.0131835938 8181.7993164062 -2695.3056640625 -243.13610839844 8452.4267578125 1695.5374755859 5787.6528320312 
-2110.7729492188 1437.9334716797 -7186.9614257812 7592.2373046875 -9655.6796875 8985.9150390625 6093.0043945312 -3700.9287109375 5923.4916992188 8865.216796875 5678.2006835938 8605.013671875 279.60595703125 313.87060546875 2611.408203125 1225.7336425781 
-1819.5217285156 -6113.5849609375 -7835.6948242188 9765.9267578125 -1484.3488769531 473.80444335938 7941.7197265625 -122.98489379883 -4330.0107421875 4253.6318359375 4258.0283203125 712.3388671875 -3724.1164550781 8793.0810546875 9866.4560546875 -4467.9086914062 
-9531.291015625 -2184.0065917969 6729.2802734375 -348.91256713867 -4474.3540039062 6951.7954101562 7110.0541992188 -1114.2487792969 8833.2138671875 7348.5122070312 -8305.638671875 6506.486328125 9659.626953125 1836.1517333984 7453.6215820312 -4431.7534179688 
6210.41796875 -3952.5297851562 7951.4350585938 -2626.76953125 9226.994140625 -1129.8258056641 -7336.7138671875 4042.3295898438 -532.70190429688 749.72613525391 2368.2915039062 2980.3161621094 -6682.0688476562 4046.8601074219 -4936.931640625 -6632.2846679688 
2777.0024414062 2708.482421875 1348.1126708984 4036.041015625 458.48886108398 -5909.3120117188 638.45947265625 6662.2153320312 4286.5034179688 9467.728515625 -1614.3448486328 1433.3239746094 3401.5629882812 -1110.6290283203 6468.1938476562 -4208.0751953125 
-4183.6879882812 1229.8753662109 -9611.6474609375 7242.52734375 3345.2915039062 51.80200958252 -2778.4553222656 -1841.3732910156 3286.3444824219 -6804.7983398438 -3147.4506835938 373.77783203125 8486.5791015625 -4133.0092773438 5594.1733398438 5464.802734375 
5480.8071289062 -9242.130859375 -9649.052734375 7808.6147460938 -3889.4045410156 -930.34326171875 905.84387207031 6777.8720703125 7215.9653320312 3127.3264160156 -4327.1137695312 2616.5085449219 8851.5859375 1813.8927001953 6657.9545898438 5402.7998046875 
-428.48892211914 8725.2626953125 3088.1252441406 -719.96856689453 -642.76879882812 -755.6748046875 -4695.7158203125 8270.6552734375 547.71545410156 6156.7377929688 -8707.3701171875 4622.8374023438 2289.1225585938 -6821.875 -8020.4936523438 5117.548828125 
