10 10
0.867024 0.065852 0.776332 -0.191392 -0.718369 0.365479 0.598628 -0.858246 -0.54618 0.358495 
-0.776656 0.739402 -0.872531 -0.633815 -0.536228 -0.389145 -0.364282 -0.484953 -0.604679 -0.843043 
0.976747 0.183599 -0.258049 0.971667 0.80979 0.147672 -0.0846016 0.101406 0.328171 -0.427396 
0.752233 0.783778 0.95687 0.121335 -0.725483 0.811662 -0.399356 0.0291264 -0.471912 0.576251 
-0.946391 0.00237107 -0.148527 -0.291202 -0.235254 0.0805975 0.601774 0.00986409 -0.213511 -0.483807 
0.654403 0.556793 0.0199724 -0.323665 0.163172 0.423628 -0.0808967 0.369753 0.435103 0.77158 
-0.0605543 0.26449 -0.709846 -0.374069 -0.972382 -0.821107 -0.348042 0.462101 0.533528 -0.993841 
0.509118 0.746192 -0.757509 0.545978 0.258635 0.883109 0.416133 -0.0604913 -0.676884 -0.38247 
-0.175767 -0.120937 -0.593506 0.947338 -0.0949312 0.490591 -0.644802 0.808995 0.771201 -0.421358 
0.242555 0.620594 0.317712 -0.216916 0.289797 0.610576 -0.0478864 -0.827352 0.701912 -0.969341 
