16 16
-0.23132802546024 -0.18806317448616 -0.23016485571861 -0.52445089817047 -0.73594188690186 -0.89285844564438 0.88462471961975 -0.41960680484772 -0.16669473052025 0.59826749563217 -0.7794017791748 0.45759502053261 0.8793950676918 0.33405703306198 0.19674587249756 -0.80466324090958 
-0.40054425597191 -0.88369518518448 0.19458702206612 0.59799247980118 0.12425202876329 -0.87609970569611 -0.90185230970383 -0.5044926404953 0.61915051937103 0.40105810761452 0.57918339967728 0.0033212886191905 -0.45430713891983 -0.13644149899483 -0.20545953512192 0.20201264321804 
-0.1250507235527 0.40978309512138 -0.27802938222885 -0.73648691177368 0.96554893255234 -0.54874676465988 0.46122968196869 0.60696613788605 0.24780228734016 -0.94893479347229 -0.071761541068554 -0.61675119400024 -0.14892300963402 -0.53717464208603 0.40586799383163 -0.79809719324112 
0.45814919471741 -0.55385273694992 0.16656604409218 0.30350312590599 -0.96213376522064 -0.53735280036926 0.35829466581345 -0.81838577985764 0.35564628243446 0.39217269420624 0.30863970518112 -0.59348464012146 -0.30986419320107 0.32638508081436 -0.60632705688477 0.27845245599747 
0.077052980661392 0.14545442163944 0.74148726463318 0.52757221460342 0.35144740343094 0.96831077337265 -0.79352575540543 -0.88666224479675 0.84987211227417 0.037970490753651 0.53083628416061 -0.61472374200821 -0.987688601017 0.76719927787781 0.014735841192305 -0.93253576755524 
0.13921116292477 0.84595596790314 -0.91400456428528 -0.085117548704147 -0.48665979504585 -0.25896400213242 0.98588013648987 0.62155479192734 0.2826055586338 -0.50857627391815 0.9919735789299 0.04761253669858 0.32734426856041 -0.6860237121582 -0.01568653807044 0.17416970431805 
0.92784422636032 -0.62225502729416 0.60063207149506 0.60300064086914 -0.95332771539688 0.12229924649 -0.40385437011719 0.7949430346489 0.15907004475594 0.58270192146301 0.88969844579697 0.18749938905239 -0.42672702670097 -0.8641522526741 -0.84398311376572 -0.61890387535095 
0.23303481936455 0.0048173777759075 0.0091447308659554 -0.2435607612133 0.02539786323905 -0.10020268708467 0.010546273551881 -0.25838828086853 0.51424890756607 0.65752172470093 0.4732438325882 -0.42987507581711 -0.36262798309326 -0.10607490688562 0.82081699371338 -0.91827875375748 
0.78477281332016 0.26634231209755 -0.83569139242172 -0.25855204463005 0.21402677893639 -0.18228136003017 -0.89998251199722 0.28855323791504 -0.62000906467438 -0.25812801718712 -0.33973011374474 -0.45005321502686 -0.77514386177063 0.84633284807205 -0.79239356517792 -0.8128000497818 
0.48071551322937 0.29772979021072 -0.49089798331261 -0.84322100877762 -0.47185689210892 0.64776688814163 0.83794271945953 0.0894525796175 0.078910887241364 -0.36856350302696 0.11409763991833 -0.94451820850372 0.99473577737808 -0.13042832911015 -0.33285534381866 -0.13874578475952 
-0.26660647988319 0.30820086598396 0.14618296921253 0.089729815721512 -0.83210217952728 -0.89542138576508 0.19603164494038 0.12548948824406 0.054903175681829 0.73807317018509 0.88895386457443 0.070085883140564 -0.73999899625778 -0.01751371845603 0.61898744106293 0.71762764453888 
-0.55715817213058 0.16274592280388 0.19221693277359 -0.24886743724346 -0.27523601055145 0.43657949566841 0.23267588019371 -0.23821549117565 0.15554656088352 -0.32789576053619 0.035464718937874 0.24868538975716 0.15898378193378 -0.99824231863022 -0.96648949384689 -0.32521325349808 
-0.29657155275345 -0.5976984500885 -0.59508407115936 -0.36488428711891 -0.42366209626198 0.55299508571625 0.98704391717911 -0.75096172094345 -0.7647248506546 -0.41641226410866 0.71988105773926 -0.25030136108398 0.92320787906647 0.86596578359604 -0.79302227497101 -0.61219400167465 
-0.55479615926743 -0.72507417201996 0.77226132154465 -0.54295599460602 0.44826459884644 -0.43337914347649 0.79074728488922 0.41183859109879 -0.12257776409388 0.9654375910759 0.4512352347374 0.9739847779274 -0.56382745504379 0.92981773614883 0.5093566775322 0.039221491664648 
0.37552520632744 0.86436158418655 0.96370214223862 -0.90192008018494 -0.29720586538315 -0.26933759450912 0.57228696346283 -0.35765010118484 -0.2858991920948 -0.72525399923325 -0.086288079619408 0.12618780136108 -0.39325797557831 -0.67604130506516 0.1202367246151 0.98129600286484 
-0.18826232850552 -0.22775495052338 0.29745972156525 0.25996163487434 0.063748955726624 -0.5725457072258 0.49897086620331 0.84357869625092 -0.53259313106537 -0.5781717300415 -0.15723256766796 0.86986601352692 -0.93736827373505 -0.59112071990967 0.034059226512909 0.84821438789368 
