10 10
488.42758178711 -544.15789794922 254.94850158691 -202.63223266602 -650.48162841797 -710.6083984375 655.22827148438 695.50109863281 -893.05572509766 125.7279586792 
532.62872314453 -861.15612792969 56.142421722412 533.810546875 -117.37161254883 631.01525878906 655.18060302734 903.29290771484 161.17475891113 -692.49114990234 
-362.17059326172 847.03137207031 214.5016784668 -519.28198242188 -271.94747924805 -115.16795349121 -949.38385009766 967.46447753906 845.54254150391 -375.27459716797 
-821.919921875 -138.16659545898 73.248809814453 -284.70819091797 8.103178024292 146.85591125488 -967.03942871094 -627.26232910156 -515.46215820312 58.052051544189 
274.56799316406 352.0090637207 -204.32299804688 50.312660217285 602.79418945312 338.98165893555 814.93426513672 668.83605957031 -940.31188964844 686.16156005859 
171.60649108887 -487.8171081543 935.30950927734 -954.59002685547 -609.60583496094 -372.52157592773 969.68780517578 144.69198608398 -717.43048095703 -833.16058349609 
-332.58413696289 630.34924316406 -243.38972473145 -195.51254272461 987.64752197266 98.774398803711 590.72692871094 533.89483642578 844.43072509766 -741.95288085938 
-221.8483581543 113.16884613037 -286.67120361328 106.59716033936 -37.999317169189 -719.69787597656 743.78259277344 -326.70562744141 -670.49517822266 616.41485595703 
312.85363769531 -791.58026123047 53.328231811523 -780.18688964844 -891.14172363281 532.02655029297 413.79434204102 422.39712524414 -901.74237060547 -853.44451904297 
692.00030517578 -981.95239257812 -28.416032791138 832.05261230469 245.42846679688 -307.01028442383 57.969951629639 -306.73519897461 -981.91973876953 453.86767578125 
