10 10
-0.16977944970131 -1.0619624853134 5.5502452850342 -3.3452668190002 2.858916759491 8.5249824523926 2.2861440181732 -0.28411927819252 4.7812428474426 6.9044713973999 
-0.019818760454655 8.9992017745972 4.9903750419617 -5.8431172370911 -4.0651731491089 0.61206179857254 1.2676465511322 2.7415688037872 -6.7500338554382 3.9515917301178 
6.0843086242676 -3.4653198719025 7.2842297554016 8.9529981613159 5.5948514938354 8.9016695022583 1.8490713834763 5.9525117874146 -0.87820148468018 -6.2454447746277 
6.9370422363281 1.4381184577942 -8.8968639373779 -8.7440576553345 2.7092800140381 -6.161961555481 -1.0207501649857 5.5941953659058 -1.8191734552383 1.5596723556519 
-6.9359912872314 5.3028430938721 4.7103505134583 -2.4719536304474 2.0236964225769 8.1163082122803 -2.8720500469208 7.2988438606262 8.2219905853271 3.7733952999115 
5.4433693885803 -5.979932308197 -1.2844209671021 -1.1473300457001 1.1993334293365 -1.6951565742493 -2.8494455814362 -2.5223836898804 -5.5549430847168 -5.6328439712524 
6.631121635437 -1.045346736908 7.005774974823 -7.0988616943359 3.6475839614868 7.5136065483093 -7.4563961029053 2.8004057407379 -8.3670072555542 -3.9142155647278 
6.03191614151 -9.6891927719116 -1.2120966911316 -0.79887443780899 -5.8183326721191 2.1229665279388 9.3643054962158 -3.059378862381 4.2782821655273 1.985888004303 
-4.7244029045105 -5.9627227783203 0.83013814687729 5.0006098747253 -3.2226250171661 -9.1751174926758 -6.4915156364441 2.3569729328156 -1.238300204277 2.1339559555054 
7.5459198951721 3.7772831916809 -3.3328909873962 -2.937600851059 -7.2352848052979 2.5271515846252 0.48939260840416 -5.313467502594 -5.1395058631897 -2.3111960887909 
