10 10
749.55212402344 527.72790527344 569.90997314453 233.68511962891 670.37072753906 73.693161010742 -580.30773925781 719.58459472656 473.48245239258 149.3374786377 
-331.46520996094 211.29289245605 179.51110839844 907.75646972656 -188.66360473633 889.13073730469 496.21752929688 719.71087646484 -460.7878112793 85.324066162109 
-642.53442382812 -838.98840332031 151.64753723145 -677.49462890625 567.49829101562 717.10485839844 103.94069671631 328.982421875 -271.36468505859 -773.83178710938 
445.10443115234 925.11633300781 -532.32293701172 -288.71255493164 468.18359375 -708.09771728516 -221.90480041504 -159.7971496582 860.10217285156 947.49273681641 
-246.68110656738 597.126953125 -757.08892822266 956.65447998047 -278.73895263672 388.87109375 -850.78479003906 143.91481018066 -4.3370656967163 -439.15118408203 
-388.58712768555 -613.34997558594 -167.71815490723 -657.29187011719 53.848094940186 -894.09289550781 372.14004516602 -565.46575927734 -613.66748046875 749.23461914062 
172.66882324219 119.97148895264 539.04266357422 -573.01379394531 -969.23266601562 271.74984741211 -588.13061523438 -590.06097412109 -308.63430786133 -689.97552490234 
567.12341308594 833.72723388672 -904.33642578125 -559.96490478516 687.67517089844 65.989837646484 -829.02514648438 433.52160644531 206.80857849121 925.49237060547 
190.74983215332 516.86108398438 -764.78948974609 -158.53623962402 -995.1455078125 -568.00360107422 -352.60272216797 974.39074707031 466.76361083984 872.06817626953 
398.78475952148 -735.58819580078 -754.68371582031 -538.97650146484 792.93377685547 616.92163085938 195.3744354248 47.806739807129 429.99996948242 664.19030761719 
