16 16
-0.23071655631065 0.26103693246841 0.10420782864094 -0.12630681693554 -0.32938024401665 0.28129449486732 -0.85894507169724 0.79103571176529 -0.36682558059692 0.098454631865025 0.46777030825615 -0.49651789665222 0.1193585395813 -0.69415432214737 0.80363667011261 0.10783521085978 
-0.94572114944458 -0.95022797584534 -0.57738119363785 -0.60910046100616 -0.063713893294334 0.83570659160614 0.69730269908905 -0.72127836942673 -0.61984348297119 -0.88232773542404 -0.96428471803665 -0.97740989923477 0.79889011383057 0.49690130352974 0.068682126700878 -0.62930488586426 
0.34006914496422 0.83484679460526 -0.28491380810738 -0.069816127419472 -0.81253671646118 -0.48578932881355 0.76893377304077 -0.4384348988533 -0.11479543894529 0.11882769316435 -0.32565867900848 0.21355126798153 0.80298966169357 -0.14011986553669 0.75122785568237 -0.12942145764828 
0.35926678776741 -0.18645057082176 0.37245211005211 -0.79071062803268 0.15210369229317 -0.72024875879288 0.75774377584457 -0.80303460359573 -0.08297473192215 0.613525390625 0.8231925368309 0.33882021903992 -0.9147943854332 -0.26159062981606 -0.10792678594589 -0.045922134071589 
-0.6731892824173 -0.9512847661972 -0.1085706949234 0.44392144680023 -0.48134860396385 -0.93272978067398 0.26037880778313 -0.67785400152206 -0.70798373222351 -0.74777036905289 0.32983386516571 0.33066111803055 0.56507182121277 0.98467737436295 0.1385971903801 -0.26817479729652 
-0.59960579872131 0.33010911941528 0.24953266978264 0.060719545930624 -0.013823352754116 0.60838466882706 0.30522686243057 0.50518518686295 -0.15689040720463 0.88356155157089 0.81224918365479 -0.16740328073502 -0.60628432035446 -0.71537703275681 0.88016378879547 0.11194677650928 
-0.7251650094986 0.0026015995536 0.19489261507988 0.80261307954788 0.45838758349419 0.27790215611458 0.51086175441742 0.56777364015579 0.26804751157761 -0.72101652622223 -0.10492318123579 0.2575432062149 0.38620182871819 0.014948795549572 -0.4030881524086 0.45877557992935 
0.63426893949509 -0.10596932470798 0.56814110279083 -0.32698234915733 -0.094501957297325 0.30022946000099 0.71649366617203 -0.80854547023773 0.4995836019516 0.45165437459946 0.59990125894547 -0.050673272460699 -0.41167050600052 0.75516098737717 -0.09175468236208 0.45128497481346 
0.94974803924561 0.87023186683655 0.93558740615845 0.19326537847519 -0.36988046765327 -0.61779117584229 -0.55967193841934 0.93461138010025 0.098303064703941 -0.40397161245346 0.51535195112228 0.75428593158722 -0.85239166021347 -0.090161770582199 -0.9683723449707 0.44258078932762 
-0.22217309474945 -0.666539311409 0.924809217453 0.35662326216698 0.89216309785843 -0.86826986074448 0.41167494654655 -0.015012091957033 0.11234096437693 0.60355412960052 -0.78557372093201 -0.37822014093399 -0.72865259647369 -0.35519364476204 -0.68154031038284 -0.36409997940063 
-0.56892073154449 -0.74080145359039 -0.73647367954254 0.73742908239365 0.12763492763042 -0.45235273241997 0.0252745449543 -0.56344974040985 -0.27107137441635 -0.28314286470413 -0.86312752962112 0.20308285951614 0.89164757728577 0.50987929105759 0.89572703838348 -0.38621917366982 
0.86645042896271 -0.55053782463074 0.3559829890728 -0.85469532012939 -0.75880032777786 -0.85141110420227 -0.79258441925049 0.84876215457916 0.78069943189621 0.87668085098267 0.11942173540592 -0.09015654027462 0.28616133332253 0.80366748571396 0.75272357463837 0.5596935749054 
-0.4563102722168 -0.22292204201221 -0.43605437874794 -0.28945228457451 -0.80851393938065 0.89703959226608 0.36733791232109 0.39124935865402 -0.92262524366379 0.25154703855515 0.3611064851284 -0.23799693584442 -0.37464264035225 0.075331874191761 -0.20826727151871 -0.9023694396019 
-0.73296564817429 0.65227276086807 0.28481107950211 0.89114570617676 0.66547852754593 0.64584720134735 -0.19546847045422 0.66947811841965 -0.6280699968338 -0.23733335733414 0.39597091078758 0.19416716694832 -0.86899900436401 0.21494773030281 -0.10631231218576 0.38714039325714 
-0.66211515665054 0.48964354395866 0.05775948241353 -0.76290434598923 -0.097264587879181 -0.39106369018555 -0.63990122079849 -0.83537715673447 0.95092064142227 0.18236701190472 0.78906738758087 -0.61091268062592 0.43291601538658 0.69715178012848 0.94221383333206 -0.70185339450836 
0.1801415681839 -0.29882898926735 0.58514904975891 0.90624260902405 0.42111787199974 0.12403555959463 0.42939674854279 -0.66978120803833 -0.82996237277985 0.051767643541098 0.74176549911499 0.35476729273796 -0.008506067097187 -0.22185485064983 0.89011389017105 -0.96332174539566 
