16 16
118.57460021973 198.10203552246 -81.984260559082 -346.75698852539 708.86706542969 759.77191162109 -297.02038574219 -355.03845214844 -5.7216095924377 -59.670333862305 67.065292358398 -176.88456726074 -140.17977905273 -333.22467041016 -353.77209472656 -471.11956787109 
-373.55725097656 469.61267089844 -713.42864990234 640.43035888672 -493.31011962891 -889.00549316406 511.56369018555 182.26155090332 939.33636474609 -565.17022705078 -300.4026184082 -202.77255249023 -628.05755615234 979.38323974609 -666.81842041016 807.97265625 
-64.950523376465 -567.47192382812 -91.327018737793 -87.55143737793 -819.83111572266 -802.08203125 247.26463317871 -945.29992675781 -501.2756652832 158.28233337402 201.9255065918 603.06555175781 107.61676025391 971.86645507812 -66.084449768066 915.61877441406 
-712.13311767578 349.0744934082 954.09515380859 27.199035644531 732.82470703125 -702.61669921875 261.51742553711 -224.31163024902 871.93737792969 232.84687805176 908.34307861328 -302.28286743164 964.53015136719 -160.07432556152 274.36010742188 635.47833251953 
640.36206054688 -672.04187011719 533.98883056641 127.14583587646 -543.8828125 -648.70532226562 -868.9375 -869.23431396484 127.94123840332 232.8236541748 -510.22021484375 127.21662139893 -761.28851318359 -818.47711181641 -126.72218322754 385.85397338867 
-544.30181884766 -894.17315673828 -283.26043701172 -447.63952636719 40.837921142578 -225.19078063965 -140.42308044434 722.29254150391 103.62372589111 -238.76014709473 631.66546630859 -325.23666381836 911.36633300781 921.509765625 768.15216064453 -594.77655029297 
-125.92421722412 -818.83947753906 -977.34765625 154.48506164551 462.85391235352 898.47540283203 67.457527160645 525.74285888672 -346.05114746094 -465.24044799805 867.7822265625 424.07748413086 391.6408996582 272.10723876953 27.430713653564 246.98750305176 
-476.82360839844 -903.82403564453 -295.00415039062 673.84710693359 550.76202392578 128.79878234863 -49.612476348877 -581.02899169922 258.4573059082 -65.805015563965 -132.03961181641 515.90447998047 904.87017822266 -988.25457763672 927.21234130859 4.1274347305298 
531.19580078125 823.87335205078 71.869239807129 751.52423095703 221.8624420166 -391.77694702148 178.13508605957 870.86193847656 -596.30834960938 -489.7180480957 -310.79061889648 860.56634521484 904.94061279297 720.65185546875 -118.7917098999 272.8092956543 
-759.83935546875 -612.45928955078 -139.77526855469 -5.1728963851929 96.842796325684 -1.3704701662064 -854.87359619141 -159.94306945801 -948.94024658203 239.03776550293 13.864894866943 -863.59655761719 336.80102539062 -280.64059448242 485.20053100586 -137.76062011719 
-426.74423217773 -391.46072387695 483.11535644531 207.89526367188 519.52752685547 -117.61914825439 741.56976318359 366.06781005859 855.62640380859 -729.85113525391 -15.524894714355 -681.82403564453 167.2328338623 8.8594427108765 456.40658569336 593.27514648438 
81.708427429199 -624.4931640625 -648.84259033203 503.88684082031 28.27792930603 754.37506103516 -968.31579589844 -747.37927246094 -997.68804931641 -155.06465148926 -100.68034362793 -874.48712158203 558.03894042969 333.90042114258 -426.74475097656 -859.03686523438 
-2.7434973716736 547.13946533203 -374.18600463867 894.96197509766 -189.96722412109 887.88336181641 292.49032592773 962.24237060547 648.51678466797 -48.6823387146 -5.2926273345947 553.51904296875 907.06793212891 110.99445343018 -76.713668823242 -870.47741699219 
780.66943359375 235.9825592041 -395.16021728516 197.84469604492 605.71044921875 296.41543579102 829.64227294922 180.22499084473 -96.084106445312 479.65667724609 793.82897949219 -744.27270507812 483.52780151367 -681.18444824219 243.0811920166 286.46234130859 
-472.82864379883 -298.33877563477 543.71343994141 265.3942565918 -949.87609863281 -405.88793945312 -883.12744140625 599.95745849609 -205.42451477051 -378.201171875 343.65002441406 804.34716796875 -823.33837890625 477.71865844727 -436.52093505859 -851.22259521484 
-895.35400390625 -976.04626464844 -177.03810119629 960.68865966797 -403.50192260742 -865.33862304688 203.12747192383 700.92449951172 702.44866943359 969.66345214844 777.53686523438 229.5559387207 12.393342018127 -967.30310058594 -557.890625 242.57954406738 
