16 16
0.27497419714928 -0.78143489360809 0.41067576408386 -0.73289149999619 -0.35188847780228 -0.98310106992722 -0.87655913829803 0.80486112833023 0.34110575914383 0.76033943891525 0.0615414083004 0.9869030714035 -0.76747661828995 0.99173432588577 0.63381487131119 -0.77771323919296 
0.36286199092865 -0.23790599405766 0.76202607154846 -0.0744808614254 0.410374969244 0.17567566037178 0.37856897711754 -0.40252587199211 0.46085673570633 0.1184471398592 0.77599269151688 0.51280957460403 -0.98986035585403 0.26081898808479 -0.44251051545143 -0.46975848078728 
-0.17763125896454 -0.012511156499386 -0.58246004581451 -0.66165453195572 -0.51361066102982 0.43636575341225 0.97799980640411 -0.080173492431641 -0.48475801944733 -0.54620772600174 -0.075986444950104 0.30534994602203 0.11207790672779 0.75264358520508 -0.69532889127731 -0.40660202503204 
-0.44323995709419 0.53878802061081 0.32327538728714 -0.28131785988808 0.8694788813591 0.057074651122093 0.90524357557297 -0.48767581582069 -0.68903630971909 -0.044122368097305 0.68158209323883 0.53660529851913 0.030705912038684 0.53596150875092 0.3773638010025 -0.033829633146524 
0.23077091574669 -0.083118617534637 -0.75338971614838 -0.62786883115768 -0.55943316221237 0.9012223482132 -0.58316296339035 -0.83733582496643 0.61995857954025 0.10116005688906 -0.056924413889647 -0.88617640733719 -0.96600139141083 0.30012059211731 -0.50959694385529 0.7406547665596 
0.065966986119747 0.45863050222397 -0.71506702899933 -0.24967446923256 -0.14213271439075 0.54772835969925 -0.93770116567612 0.1804024875164 -0.91692489385605 0.21591991186142 -0.12080769240856 0.48118668794632 -0.97912353277206 0.11403021961451 -0.282634973526 -0.052404269576073 
-0.17435240745544 0.42066940665245 -0.84552800655365 0.23801235854626 0.0098774591460824 0.35594528913498 -0.2314534932375 -0.69167959690094 -0.23844046890736 0.42839187383652 -0.48418915271759 -0.7839977145195 0.45610070228577 0.98827642202377 -0.18430913984776 -0.9036717414856 
-0.010824423283339 0.50580102205276 0.45450592041016 -0.5314085483551 0.36030766367912 0.085302717983723 -0.87013298273087 0.13362534344196 0.013747932389379 -0.97404265403748 0.98267036676407 0.20123119652271 0.33028933405876 -0.62128591537476 -0.92737865447998 -0.1051561832428 
0.57096529006958 0.85149163007736 0.94382011890411 0.13971482217312 -0.86659610271454 0.32583793997765 -0.97225350141525 0.95812046527863 -0.78221559524536 0.57780468463898 -0.75236237049103 -0.25636193156242 0.86961722373962 -0.62527012825012 0.58742517232895 0.89207476377487 
0.98632228374481 -0.89791858196259 0.97341108322144 0.30915224552155 0.7525737285614 0.60736447572708 -0.31494078040123 0.47036564350128 0.076576791703701 0.94257092475891 0.35021474957466 -0.50937455892563 0.19758692383766 0.21322749555111 -0.25889980792999 0.53892970085144 
-0.54712295532227 0.63827222585678 0.15171848237514 0.69639199972153 0.67845088243484 -0.52863925695419 -0.13405193388462 0.39907252788544 -0.3826664686203 -0.81767672300339 -0.053783338516951 0.01666546985507 0.44171768426895 -0.036725454032421 0.048179037868977 0.55334979295731 
-0.98689776659012 -0.92377132177353 -0.72118163108826 -0.99924778938293 -0.25496342778206 0.91263717412949 0.50905138254166 -0.84657859802246 -0.82406967878342 -0.26957261562347 0.39585322141647 -0.73696446418762 -0.91994446516037 0.40139591693878 0.04967412725091 0.53716576099396 
-0.49181762337685 0.23283572494984 0.85060197114944 -0.44137179851532 0.48007902503014 0.37487760186195 -0.23207814991474 -0.79032349586487 0.94681710004807 0.60149371623993 0.34754475951195 0.38599798083305 -0.13011805713177 0.27781426906586 -0.89449816942215 0.89022272825241 
0.90919941663742 0.031562216579914 0.53662651777267 0.57155501842499 0.10820208489895 -0.94020915031433 -0.52302634716034 -0.83499109745026 -0.12835003435612 0.63039779663086 -0.1138114258647 -0.88100516796112 -0.82261681556702 0.67240405082703 -0.5874462723732 -0.85507118701935 
-0.78863382339478 0.12041628360748 -0.16618445515633 0.68662303686142 0.90702033042908 -0.076021887362003 -0.36467885971069 0.66166692972183 -0.43278783559799 0.90616232156754 -0.57441246509552 0.67541670799255 0.32514303922653 0.76375991106033 -0.1171040982008 0.41252899169922 
-0.93192005157471 0.64217072725296 -0.38794612884521 -0.68528681993484 0.68540751934052 -0.063745856285095 0.88865697383881 -0.36786556243896 0.49030166864395 -0.73154151439667 0.3710989356041 0.35415515303612 0.84404462575912 0.94296962022781 -0.14579023420811 -0.40238177776337 
