10 10
-640.61145019531 -75.188323974609 11.68922328949 826.8662109375 295.82424926758 -626.36254882812 -266.2536315918 115.95526885986 542.3837890625 99.915252685547 
859.89544677734 281.50079345703 -422.8063659668 684.78607177734 -969.07476806641 142.7233581543 -749.75396728516 415.76306152344 -708.85443115234 388.36682128906 
-918.59942626953 -260.35638427734 908.72271728516 993.63360595703 -794.82525634766 669.65466308594 105.28235626221 -688.74005126953 790.47698974609 258.61529541016 
-174.90205383301 539.38781738281 -433.20126342773 295.21682739258 -395.10205078125 920.8076171875 637.43975830078 928.29608154297 873.34356689453 372.44589233398 
-273.25769042969 973.7802734375 715.09283447266 -694.07073974609 175.98649597168 -80.719169616699 -909.96234130859 -305.13565063477 -138.20329284668 155.73712158203 
480.87783813477 -580.95306396484 717.73260498047 355.58081054688 -319.85238647461 679.19567871094 921.49432373047 -309.15939331055 -89.175430297852 173.65115356445 
-697.32727050781 409.26153564453 -791.13500976562 849.96618652344 41.724002838135 -739.53277587891 -971.50799560547 766.47351074219 -22.965333938599 -31.442375183105 
-755.57989501953 723.49053955078 72.095565795898 -417.02389526367 -599.47296142578 -333.8376159668 583.09582519531 688.75341796875 -917.10986328125 48.158489227295 
411.49887084961 -226.10998535156 825.35705566406 760.68121337891 770.31597900391 -20.940250396729 -25.503902435303 680.94860839844 52.660690307617 482.92755126953 
-188.39001464844 174.04090881348 653.06011962891 -469.2685546875 203.54037475586 -557.00402832031 372.82833862305 -524.07409667969 -348.8088684082 -662.89715576172 
