16 16
-559.13812255859 -749.84405517578 -859.90130615234 -329.8408203125 386.49563598633 259.1252746582 431.5178527832 -503.41339111328 802.89605712891 -2.5275082588196 -681.90936279297 -532.31762695312 -918.79229736328 836.74224853516 -244.69892883301 -926.27947998047 
-117.84970855713 -694.71508789062 7.3397245407104 -723.57971191406 560.97302246094 612.44903564453 -63.911197662354 -93.255096435547 -133.68434143066 204.88069152832 42.0146484375 943.85974121094 -660.03125 -844.92297363281 96.588569641113 -786.72076416016 
-898.70263671875 226.64657592773 -444.40371704102 -435.77502441406 -384.37927246094 698.59759521484 962.32635498047 -728.89080810547 744.47351074219 821.33349609375 142.42916870117 299.85064697266 -840.75476074219 983.99890136719 628.96203613281 219.89794921875 
194.63203430176 984.2021484375 354.1813659668 640.34729003906 608.86596679688 -26.052309036255 305.72213745117 -981.90576171875 -402.59310913086 924.87591552734 533.92468261719 -323.9567565918 121.47151947021 377.01431274414 351.27102661133 37.094387054443 
-879.50140380859 -337.19366455078 -359.43884277344 -582.46960449219 -207.77056884766 490.09353637695 484.72970581055 661.80712890625 -903.77850341797 -169.20648193359 669.53448486328 -511.26934814453 -790.24938964844 -485.98129272461 781.25518798828 546.81036376953 
-758.26715087891 792.66345214844 769.99914550781 499.36456298828 -2.8770213127136 172.60719299316 -774.99713134766 870.40899658203 88.787315368652 640.50695800781 963.66540527344 200.95762634277 -832.28448486328 -582.11657714844 -80.735710144043 -112.88040924072 
746.18988037109 184.20372009277 917.70483398438 -516.52496337891 764.89385986328 814.54278564453 -791.41845703125 326.16067504883 977.46905517578 -664.40924072266 646.08264160156 639.45562744141 -116.50624084473 553.59490966797 87.38158416748 -936.05883789062 
-194.45375061035 29.082206726074 589.69201660156 847.55548095703 494.58489990234 742.17010498047 -780.10699462891 813.3671875 -399.73550415039 -825.37377929688 492.83694458008 -412.50430297852 -946.97735595703 419.96536254883 -466.55621337891 -949.80377197266 
-784.97839355469 -854.45629882812 526.63116455078 -398.33648681641 794.11901855469 -201.76609802246 -635.20452880859 698.30657958984 872.06597900391 705.49499511719 -707.26104736328 -849.16583251953 -730.60229492188 440.11276245117 -665.09973144531 -197.49549865723 
717.70751953125 -349.40432739258 392.1116027832 -77.974029541016 -377.58880615234 565.24719238281 382.03948974609 917.30627441406 -551.56402587891 742.61364746094 716.20947265625 -459.33731079102 382.1994934082 -144.01171875 -98.654182434082 -783.72094726562 
50.172382354736 -912.31561279297 -208.5696105957 -90.689750671387 -970.05487060547 394.73962402344 582.59625244141 -925.28363037109 -824.05841064453 -314.23843383789 -828.01898193359 134.8932800293 -320.93356323242 889.74780273438 606.71917724609 -330.6923828125 
-24.615921020508 -730.93597412109 778.80877685547 840.75708007812 355.26150512695 -600.81414794922 777.50219726562 -769.46282958984 174.90992736816 39.586814880371 712.78686523438 876.34295654297 -98.986595153809 -177.15264892578 39.367504119873 -679.65649414062 
279.62390136719 467.93548583984 -595.70343017578 954.12054443359 717.36468505859 -88.78825378418 -746.18402099609 415.10977172852 -133.05581665039 -736.69317626953 -287.08529663086 -148.47920227051 -450.02575683594 -452.39663696289 -235.32867431641 660.896484375 
189.64999389648 -434.31661987305 -957.55572509766 225.04418945312 564.91351318359 -218.09629821777 521.16900634766 830.02471923828 -247.60610961914 609.56427001953 553.12573242188 -220.51702880859 694.81579589844 -128.07080078125 508.59155273438 371.70932006836 
970.04998779297 -296.62380981445 -599.01153564453 353.84765625 -592.31951904297 667.04913330078 559.73425292969 270.84814453125 917.47778320312 899.45550537109 -824.03955078125 -540.82690429688 30.031900405884 18.097719192505 -533.41333007812 -700.26409912109 
949.45770263672 -310.83563232422 52.669277191162 311.2248840332 -659.66333007812 -325.94616699219 -868.27850341797 413.31274414062 673.03863525391 232.94848632812 -671.1240234375 844.82006835938 31.501737594604 862.26159667969 -334.66641235352 -40.603618621826 
