16 16
8598.017578125 -5466.1791992188 -7795.2836914062 8964.900390625 -2966.1020507812 3077.2470703125 44.676174163818 -2035.3674316406 9597.8291015625 -7209.7993164062 2073.9665527344 8341.5283203125 6248.9458007812 -2372.6999511719 -6877.0063476562 4889.7709960938 
-910.53442382812 -8434.2001953125 -616.591796875 -5436.1591796875 -6406.0849609375 5680.7309570312 -9352.7119140625 -9564.0302734375 -5796.3212890625 7356.3383789062 162.5733795166 -7585.2880859375 -901.85766601562 -6904.7670898438 -2865.2687988281 -9361.1533203125 
-387.82598876953 -2718.1806640625 -5363.828125 -774.78625488281 5838.8676757812 -2950.7839355469 5014.5366210938 -2868.0378417969 -4208.3032226562 -5866.89453125 -4658.02734375 1038.8387451172 -9903.322265625 8870.5166015625 389.69036865234 -9463.8857421875 
5098.3056640625 9301.837890625 -3734.7487792969 -6506.5302734375 -9442.9443359375 -2739.6994628906 8224.259765625 5674.7080078125 5236.4375 -4298.458984375 7025.173828125 -299.99295043945 -2160.7358398438 -6281.8842773438 3987.078125 8018.6635742188 
-4343.33203125 -6706.6850585938 -732.97967529297 -2508.1809082031 1558.2109375 -9373.0849609375 8135.3212890625 9918.0419921875 3922.896484375 -7713.6850585938 2780.8818359375 5526.072265625 9091.7880859375 -5319.7602539062 9336.279296875 4568.1528320312 
8936.2880859375 1667.0720214844 5707.2055664062 1294.0185546875 -5655.0551757812 -2147.5939941406 9293.94921875 -9544.65625 9996.37109375 627.06970214844 -7521.1201171875 -3422.8647460938 -9568.30078125 -8183.5224609375 7327.6337890625 -1972.0723876953 
5247.6572265625 -4373.3383789062 4309.447265625 -1494.1796875 -3776.9372558594 -1366.4812011719 465.31011962891 -6377.3842773438 6262.9223632812 1078.6071777344 -1878.9744873047 6484.2041015625 1458.3762207031 -5255.2846679688 -5035.1953125 -5209.0087890625 
-7648.9931640625 9860.6181640625 723.66906738281 -1789.7287597656 -4915.4375 -4831.740234375 -7251.2446289062 -927.65356445312 -8266.60546875 9178.7099609375 2925.6247558594 -4502.1713867188 -6666.5830078125 -2741.9467773438 -1776.6051025391 -6012.908203125 
-5189.9868164062 -8700.18359375 6193.595703125 -4509.6381835938 -3211.9621582031 8470.03125 6155.525390625 2916.4765625 -2679.2236328125 -4681.4633789062 2020.8227539062 -3726.0581054688 -398.43069458008 -695.50494384766 -5621.1748046875 -1824.4938964844 
1611.3344726562 -9414.4404296875 1021.0472412109 -8089.0458984375 1142.849609375 -4310.0654296875 8128.3256835938 -4877.771484375 8895.109375 -9237.9443359375 -8478.0361328125 -4567.9838867188 -1749.4608154297 7213.212890625 -2794.4875488281 -8727.09375 
-882.05126953125 -1814.8447265625 -2302.8244628906 4012.3176269531 4514.80859375 -8715.5810546875 6223.7270507812 -1319.6657714844 -3145.1228027344 3504.5686035156 -5269.2319335938 -2531.1733398438 4451.2490234375 5706.7211914062 -2656.9846191406 -8376.56640625 
-2273.0659179688 -7190.771484375 8284.259765625 -2775.8679199219 -5840.3032226562 -9981.48828125 9237.1728515625 -1379.1618652344 7829.7041015625 -9707.9326171875 8210.4140625 -4543.462890625 -6851.548828125 4190.2866210938 8097.2021484375 5535.6987304688 
9607.0908203125 -5878.8125 -8154.916015625 335.62887573242 8014.5112304688 1784.9412841797 -8592.259765625 2788.8054199219 -1911.5144042969 569.20831298828 1363.1800537109 -4408.3208007812 -9113.63671875 -1549.9211425781 2134.6845703125 9315.849609375 
-1218.6048583984 5284.1083984375 986.55633544922 -7653.6220703125 8608.9931640625 8475.0595703125 146.56869506836 4144.1401367188 -2172.6804199219 -6424.48046875 8434.427734375 -3617.7238769531 9853.97265625 -6676.8779296875 -3459.4111328125 2330.7624511719 
6615.5805664062 -4684.2407226562 9379.2041015625 -3523.72265625 2545.1025390625 -5806.509765625 4102.1767578125 -5136.3315429688 -6309.2788085938 1533.1708984375 -961.52697753906 -2899.0744628906 -1976.1657714844 -9095.240234375 2359.9821777344 3957.7998046875 
1689.7996826172 -241.60731506348 -6615.7373046875 -2817.3732910156 4896.1494140625 -4652.0200195312 2556.8022460938 -4636.7060546875 7297.5063476562 3123.5075683594 -8639.943359375 9862.1162109375 -1791.9792480469 6863.0439453125 523.95928955078 -7568.1176757812 
