16 16
4.0641770362854 -1.6194818019867 -2.1248595714569 -1.5759143829346 2.7280378341675 -7.3449149131775 2.2746229171753 -7.2233047485352 0.033935371786356 5.0024237632751 -8.6358070373535 5.4201884269714 -0.0054339841008186 -6.811710357666 0.27941021323204 -3.9264514446259 
4.8949766159058 3.2332487106323 -8.6255798339844 -9.0077095031738 6.6540389060974 0.32756838202477 -4.973023891449 6.7332487106323 3.1891779899597 5.1511373519897 1.125253200531 -5.8041405677795 0.70017403364182 3.8802998065948 -3.7192041873932 8.4114265441895 
-3.9593911170959 5.0171995162964 -7.8011207580566 -6.7980928421021 -6.9687519073486 5.9114966392517 5.6953992843628 -8.0202674865723 -2.3095715045929 -9.0348854064941 0.54019641876221 5.4997687339783 6.1694693565369 0.083363965153694 -7.1150975227356 2.7530326843262 
4.5992050170898 -3.8237299919128 3.7320127487183 6.0392570495605 8.5722036361694 8.4032211303711 2.2477617263794 4.3815999031067 -9.2084255218506 7.7919898033142 -8.5796394348145 2.9066717624664 9.7852401733398 2.7451751232147 -6.1450462341309 -1.184196472168 
-6.3026013374329 4.3376641273499 -1.0539056062698 -6.4159722328186 -0.69376105070114 7.7034635543823 -6.2629446983337 4.9820055961609 3.839989900589 -5.366979598999 -2.9763116836548 -6.9754157066345 0.13699582219124 -0.63302111625671 -7.9945092201233 3.3284292221069 
3.2332711219788 9.9384689331055 6.6558451652527 9.7010412216187 4.3318791389465 -7.6728601455688 -2.4722063541412 4.3018646240234 9.6961803436279 4.2004618644714 4.8635549545288 -3.6499371528625 -1.5810755491257 2.1766581535339 3.4011700153351 8.1009960174561 
-9.1141090393066 -9.9630870819092 0.81634700298309 6.9802865982056 -1.1267427206039 0.60452222824097 -2.5177335739136 8.8899917602539 -1.4332634210587 -5.7818765640259 6.2410998344421 0.78973460197449 1.2188750505447 -9.4571151733398 -8.1235971450806 5.6592354774475 
-4.1421670913696 -2.5506823062897 -1.9101603031158 6.4280724525452 -2.2042126655579 -5.520827293396 -0.52162820100784 -1.6921192407608 0.0072317430749536 8.1868209838867 7.7135434150696 -8.3590497970581 -9.8310394287109 5.5478720664978 3.6062285900116 -9.3967733383179 
1.5298694372177 2.7831313610077 2.7976191043854 -9.3452777862549 2.8748636245728 7.2621259689331 -3.724773645401 0.79695606231689 1.0388942956924 2.5633172988892 -6.7297067642212 3.8229012489319 -2.7843492031097 2.0420298576355 5.3656959533691 4.2276520729065 
9.1612558364868 4.8317832946777 -1.3296868801117 -3.55912733078 -2.9970238208771 1.5217268466949 -6.5271344184875 3.1811015605927 8.7480010986328 -7.5221452713013 4.4429416656494 -0.46588009595871 4.9589838981628 3.7017116546631 -5.1531181335449 -8.348334312439 
-0.59512490034103 -9.9384326934814 -0.51962018013 -1.3636246919632 1.8206869363785 -3.9915192127228 -4.5945820808411 -4.225067615509 6.0334377288818 -8.7473392486572 -9.0552911758423 -6.0059328079224 1.7137584686279 -3.7961828708649 -9.9733572006226 -7.8105735778809 
-9.8020763397217 -1.4166440963745 3.2131280899048 2.5787301063538 1.4889178276062 -2.4905962944031 7.9222369194031 -9.3614015579224 7.112886428833 1.4777849912643 7.2250161170959 -7.0066962242126 4.4807085990906 1.9706329107285 8.8403587341309 -7.064160823822 
-3.682480096817 -5.7167253494263 -0.87522226572037 -5.6423149108887 -2.4344854354858 -1.3396916389465 9.16907787323 -4.7816634178162 5.3926539421082 -0.62783133983612 -6.4507517814636 -2.4852430820465 4.3588881492615 9.5443077087402 8.3173923492432 1.8287160396576 
-3.8917055130005 -1.9751899242401 -4.8909215927124 9.945574760437 0.60641145706177 -4.1709094047546 -6.3266882896423 -6.2351689338684 2.209165096283 -8.8727970123291 -6.0632929801941 9.3224229812622 -1.3963485956192 9.7889280319214 7.2910652160645 -7.4136943817139 
6.343325138092 -2.8555796146393 -1.7775468826294 7.7632417678833 -4.1722927093506 -9.7071342468262 9.9496622085571 5.648886680603 6.6126108169556 -6.7468252182007 -0.84265851974487 3.7301833629608 1.1647439002991 7.166889667511 3.515988111496 -9.8247270584106 
0.3265143930912 -7.4184150695801 -6.2312836647034 -0.6403734087944 -7.0346846580505 -4.9575381278992 7.6321115493774 7.5372195243835 -6.3115997314453 1.9150764942169 0.25246176123619 -7.4025158882141 7.6992921829224 -1.8404251337051 4.6586413383484 -5.7546429634094 
