16 16
0.77944201231003 -0.72210699319839 0.048398327082396 -0.13576447963715 0.81247997283936 -0.59580248594284 0.59296655654907 0.39740145206451 -0.55070114135742 0.42184996604919 -0.83903163671494 0.37854987382889 -0.13423870503902 0.73404556512833 -0.74978858232498 0.5117415189743 
0.76179879903793 0.60748159885406 -0.35463017225266 0.87432456016541 -0.73960435390472 0.092032119631767 0.86152529716492 0.34979814291 0.019544959068298 -0.31400638818741 -0.39679363369942 -0.035508580505848 0.71499466896057 0.75805103778839 0.49801352620125 -0.64757704734802 
0.37442860007286 0.29000341892242 -0.86623740196228 -0.58683454990387 -0.6585134267807 -0.76739406585693 0.57165765762329 0.36889004707336 -0.12952515482903 0.6532319188118 0.68148010969162 0.73654365539551 -0.48265916109085 0.85129755735397 -0.83260536193848 -0.021134017035365 
0.95201808214188 0.52922224998474 -0.13767346739769 0.41650238633156 -0.64162075519562 -0.79981011152267 0.25384509563446 -0.2030193656683 -0.4178558588028 0.85552436113358 -0.48913398385048 0.8697806596756 0.18606658279896 0.50946497917175 -0.13414610922337 0.62701201438904 
0.6352156996727 0.97852593660355 0.30190721154213 0.46764251589775 -0.97192573547363 0.53725546598434 0.46548616886139 0.58556592464447 -0.93638736009598 0.5215722322464 -0.041677840054035 0.0062163821421564 0.3974044919014 -0.81939232349396 0.59448629617691 0.42076247930527 
0.20917373895645 -0.38115435838699 -0.0067412424832582 -0.85174268484116 0.78388500213623 0.75237476825714 -0.81932270526886 0.088358968496323 -0.79796749353409 0.76400262117386 -0.694415807724 -0.44019168615341 0.51529437303543 -0.99785602092743 0.76286566257477 -0.092309452593327 
-0.31752130389214 -0.41097608208656 0.9255303144455 -0.72581315040588 0.7379367351532 0.12278258055449 -0.8032009601593 0.50320589542389 -0.96288335323334 0.18523721396923 -0.87421178817749 0.034373816102743 0.90014183521271 0.20340202748775 -0.84732007980347 -0.42147797346115 
0.5416139960289 -0.66085529327393 -0.77712202072144 -0.56899154186249 -0.94508308172226 -0.9304883480072 0.1313456594944 0.17611046135426 -0.44275715947151 0.011995106935501 -0.88787549734116 -0.30526795983315 -0.82966578006744 0.27979528903961 0.062140721827745 0.59927523136139 
-0.13776791095734 -0.37502759695053 -0.5905048251152 -0.81747055053711 -0.19549728929996 0.14048674702644 -0.06545627862215 -0.31048667430878 0.90064150094986 -0.14873191714287 0.26975917816162 0.32431203126907 0.7461217045784 0.71261072158813 0.49518015980721 0.83080697059631 
-0.39940509200096 0.79924046993256 0.19059850275517 -0.13800728321075 -0.11505552381277 -0.88492751121521 -0.18902100622654 -0.83532726764679 -0.026047550141811 -0.66264760494232 -0.71465408802032 0.22687496244907 0.57060319185257 -0.76882070302963 0.86111062765121 -0.10733231902122 
0.079303428530693 0.11535057425499 0.80522400140762 -0.64004367589951 -0.6902072429657 0.50893694162369 0.048135787248611 0.73947334289551 0.15768748521805 0.69022142887115 0.25972357392311 -0.43574586510658 0.72849470376968 0.36188378930092 0.64715176820755 -0.29938766360283 
0.31253692507744 0.12956257164478 -0.12587834894657 0.067855469882488 -0.78399789333344 -0.7473332285881 -0.13879226148129 -0.71587467193604 0.32085555791855 0.17502065002918 0.50437068939209 -0.70608848333359 -0.38040536642075 0.39530482888222 -0.091801553964615 0.74482440948486 
-0.20784749090672 -0.06095926463604 -0.18080101907253 -0.74415534734726 0.53837561607361 -0.83537346124649 0.40791782736778 -0.25631853938103 -0.86793977022171 -0.38447824120522 -0.94846785068512 0.9853840470314 0.7101075053215 0.061564411967993 -0.75023907423019 -0.73683416843414 
0.90770345926285 0.65615773200989 -0.23665748536587 -0.61623895168304 -0.88350230455399 -0.68471813201904 -0.87815272808075 -0.85473936796188 -0.61764562129974 -0.096329249441624 -0.51306509971619 -0.39654222130775 -0.16589151322842 0.55960041284561 0.16275775432587 -0.7931205034256 
-0.83987182378769 0.50062519311905 -0.57824313640594 -0.14188095927238 -0.4885773062706 0.48247212171555 0.33491989970207 -0.88583493232727 -0.29013589024544 -0.18528431653976 0.31139686703682 -0.56405299901962 0.56502205133438 0.083981893956661 -0.82037621736526 0.89321023225784 
-0.78078949451447 -0.27468156814575 0.063579954206944 0.43062177300453 0.23495937883854 0.35531026124954 -0.51293456554413 0.96076983213425 0.4053041934967 -0.77472949028015 0.20243625342846 -0.61625957489014 -0.16112916171551 -0.63073772192001 -0.89380371570587 -0.21836960315704 
