10 10
-4.0280532836914 7.4669795036316 9.6017808914185 -4.0243020057678 1.6668959856033 4.734290599823 -3.9231967926025 9.8794450759888 3.1198258399963 -1.9854681491852 
-0.22334326803684 -4.3032193183899 0.70536774396896 -8.3988275527954 4.8274297714233 9.4876947402954 -5.3619174957275 -3.7249178886414 -9.9434576034546 -1.3224583864212 
8.7541189193726 1.5148203372955 6.2001490592957 1.3640315532684 5.9281826019287 -8.7323770523071 5.1668400764465 0.27332291007042 -3.8152837753296 7.8043122291565 
-1.1337679624557 -1.4394810199738 3.9506697654724 -5.8526649475098 5.0183563232422 -6.3818731307983 3.5875754356384 -6.5244450569153 9.7917785644531 7.5109748840332 
9.5488328933716 9.8490829467773 -9.4318237304688 8.1977653503418 -7.9011392593384 0.92955350875854 2.3597598075867 2.6639828681946 -4.8627781867981 6.6861410140991 
-7.6609287261963 4.8572707176208 9.9131774902344 3.4623885154724 -9.9528856277466 2.3933620452881 9.703911781311 -7.6256413459778 -2.4719462394714 -2.9668521881104 
6.4133586883545 -4.7426323890686 -3.9694616794586 1.3674794435501 1.8952697515488 -4.3601746559143 7.9071459770203 1.5429810285568 -5.348931312561 -9.8026733398438 
-9.6151485443115 -6.7796316146851 7.8788394927979 -9.3444023132324 4.2870411872864 -9.5502662658691 -1.4281952381134 -7.9112396240234 2.89075756073 -9.8778676986694 
-7.1256093978882 6.23308801651 -5.0140037536621 3.3911559581757 3.1737284660339 -1.4465453624725 2.1744487285614 6.9462089538574 -1.6030879020691 7.7634615898132 
-0.7608397603035 5.9900665283203 -3.0346040725708 9.8869371414185 0.39798939228058 -1.1552503108978 1.2783416509628 0.41532501578331 1.7595164775848 -7.5953755378723 
