10 10
-0.068847455084324 0.70856100320816 -0.0078819580376148 -0.2914360165596 -0.61322802305222 -0.59097480773926 -0.027612274512649 -0.058778747916222 0.80633705854416 -0.3794519007206 
0.4164836704731 0.7953514456749 -0.34225234389305 -0.92863237857819 -0.62785542011261 -0.90385943651199 -0.16243702173233 0.55233830213547 0.54051238298416 -0.4290389418602 
-0.7364267706871 -0.63117808103561 0.81014454364777 -0.6883162856102 -0.3610620200634 -0.61213636398315 -5.8355479268357e-05 0.98857069015503 -0.050409246236086 0.64686405658722 
0.78281760215759 -0.74988830089569 -0.38464665412903 -0.46428468823433 -0.2819732427597 -0.010289321653545 -0.83617430925369 0.58844125270844 0.15857197344303 0.55535763502121 
0.60062891244888 -0.47492778301239 0.98533546924591 0.16579166054726 0.57181054353714 -0.63468146324158 0.5803114771843 -0.46694126725197 0.22819417715073 -0.80032432079315 
-0.18864080309868 -0.22151020169258 -0.38343131542206 -0.2752650976181 -0.009934414178133 -0.67480003833771 -0.74384558200836 -0.26431247591972 -0.16751866042614 0.56366157531738 
-0.80794304609299 0.68663930892944 -0.018427820876241 0.22066977620125 -0.051496725529432 0.62695151567459 -0.26343256235123 0.37961593270302 -0.88594835996628 0.19311112165451 
0.46127584576607 -0.63654494285583 0.32403111457825 -0.13999228179455 0.11170908808708 -0.68850582838058 -0.057668719440699 0.94776165485382 -0.59905302524567 -0.037371017038822 
0.84289306402206 -0.69162058830261 0.012346828356385 -0.68858313560486 0.17486488819122 0.51065135002136 -0.41248977184296 -0.57404488325119 0.95759052038193 0.88936114311218 
-0.71995812654495 0.69970852136612 0.2775459587574 -0.040721170604229 -0.77928978204727 -0.64663368463516 -0.46145936846733 0.9674289226532 0.7065577507019 0.089601956307888 
