10 10
-525.02825927734 591.53326416016 382.70190429688 -634.63079833984 -691.81762695312 -488.89764404297 -699.81286621094 671.63934326172 485.08947753906 -628.50378417969 
-296.89053344727 -886.52990722656 -417.88659667969 -687.41705322266 -497.87203979492 -242.75073242188 -287.88928222656 947.166015625 -285.01202392578 845.23175048828 
-861.76806640625 -405.01745605469 -712.50390625 70.989707946777 992.16607666016 890.7255859375 981.61352539062 -901.32116699219 -64.362419128418 994.10894775391 
587.83270263672 230.39695739746 -921.98736572266 761.55200195312 -413.54977416992 -359.71755981445 -156.20237731934 197.88493347168 89.576057434082 643.64495849609 
-456.55377197266 -710.96856689453 -672.17236328125 652.58251953125 -170.79745483398 -686.01446533203 -250.85716247559 273.46774291992 442.9899597168 600.43499755859 
-319.93115234375 671.65612792969 755.20556640625 874.14752197266 -83.718482971191 -704.05187988281 641.11553955078 973.39801025391 475.64398193359 111.90151977539 
460.90805053711 952.91497802734 -892.16979980469 -20.685132980347 22.148746490479 618.4296875 -129.56704711914 154.4963684082 30.329713821411 520.94744873047 
-541.15979003906 -606.69262695312 -785.87744140625 -922.46008300781 -568.67687988281 664.30767822266 -896.55059814453 -3.3360033035278 -571.08581542969 -779.9140625 
8.6698226928711 732.92065429688 -868.41760253906 -731.51782226562 -28.213148117065 619.81994628906 362.73739624023 -370.32333374023 332.61904907227 633.27160644531 
-694.05218505859 549.01995849609 845.44970703125 -151.93460083008 -466.88317871094 -654.03472900391 573.6005859375 92.876350402832 140.84898376465 846.79736328125 
