16 16
483.00964355469 12.004589080811 542.85394287109 683.55584716797 -366.53186035156 526.59558105469 -537.32122802734 -741.00445556641 258.42544555664 -884.02844238281 -678.94049072266 -676.89758300781 -948.54626464844 500.5588684082 671.71270751953 27.711612701416 
-138.91036987305 844.17883300781 519.09606933594 -83.048561096191 -771.09161376953 -795.12005615234 163.63580322266 -756.69110107422 300.29409790039 -568.72155761719 18.605802536011 371.84716796875 364.15277099609 -540.50268554688 641.51501464844 488.53286743164 
-237.99061584473 -484.30776977539 -759.63818359375 -118.06358337402 71.458236694336 731.00158691406 -856.39996337891 104.29560852051 830.48651123047 -37.206428527832 -437.95718383789 -685.73834228516 -137.8011932373 -623.77850341797 650.85791015625 330.81430053711 
921.09967041016 227.72537231445 -408.95379638672 -324.3942565918 945.04693603516 -900.35583496094 154.98347473145 -415.72454833984 763.11248779297 -520.30462646484 435.90441894531 310.24398803711 -71.707313537598 -417.98355102539 -232.48504638672 -783.86590576172 
-721.31085205078 713.90832519531 986.08135986328 -897.94909667969 116.75914001465 -110.72470092773 864.30780029297 -66.380500793457 -633.98907470703 -364.75625610352 697.25640869141 325.28863525391 499.11441040039 -284.88140869141 -321.55044555664 -17.319911956787 
784.19116210938 -235.29873657227 -432.88317871094 -338.1242980957 -899.50640869141 -202.26245117188 127.57790374756 -845.81524658203 441.17413330078 -455.38943481445 805.77838134766 -869.85754394531 269.37045288086 -852.74029541016 666.13800048828 416.81970214844 
-598.89233398438 837.84307861328 -133.62576293945 -202.82235717773 90.33837890625 -944.70593261719 -816.74700927734 -517.44592285156 511.91015625 -444.34262084961 -389.29107666016 -166.72018432617 -935.27288818359 -685.36163330078 773.42608642578 -667.06970214844 
917.50622558594 -475.17611694336 -479.66296386719 -561.82751464844 -224.74528503418 -916.06793212891 363.96072387695 -174.15194702148 -429.71472167969 942.14312744141 -797.6982421875 -194.94100952148 414.42825317383 115.80554199219 229.07559204102 109.21977996826 
286.93966674805 -559.5361328125 -494.32165527344 -368.08520507812 684.04064941406 229.06204223633 -294.27151489258 -202.55256652832 20.658239364624 -986.21655273438 -736.12585449219 786.48498535156 -730.94769287109 -848.45532226562 719.13262939453 828.66827392578 
-840.07904052734 672.89794921875 -750.19732666016 429.18130493164 47.233196258545 513.36340332031 -197.44502258301 -615.12982177734 -603.08215332031 866.47985839844 51.221538543701 937.03247070312 -770.42272949219 -688.41528320312 -559.10095214844 662.58294677734 
-251.75317382812 365.40994262695 72.644660949707 955.90283203125 -896.32922363281 -604.35235595703 542.16052246094 -707.82659912109 -166.89833068848 -479.6012878418 455.47747802734 -360.09963989258 79.794578552246 -589.17492675781 666.82897949219 -870.72808837891 
-526.83435058594 319.08782958984 841.90661621094 690.4501953125 879.00244140625 156.44374084473 -138.06610107422 -733.77172851562 -88.557456970215 -283.47991943359 -70.855941772461 -570.82513427734 -635.27294921875 -697.75872802734 790.91174316406 -548.81127929688 
616.69885253906 -471.02154541016 317.50665283203 909.21746826172 18.577136993408 -225.72212219238 773.93603515625 157.14366149902 -754.86181640625 -137.98327636719 158.02230834961 592.51849365234 215.61436462402 477.16763305664 -524.04669189453 -957.94366455078 
541.98724365234 126.0948638916 -870.10699462891 -286.94552612305 41.780204772949 507.0139465332 726.41241455078 -57.446632385254 793.47204589844 434.43231201172 -812.01208496094 -200.59613037109 753.78765869141 297.73867797852 -541.18426513672 -851.05145263672 
223.40545654297 -188.03549194336 438.74203491211 416.30352783203 -817.14544677734 317.76895141602 238.79345703125 -600.7080078125 -286.55923461914 839.25329589844 -973.53631591797 -296.54409790039 -955.21081542969 -809.63580322266 -429.11239624023 -605.27917480469 
-310.13668823242 -751.36102294922 -511.55276489258 549.70922851562 -123.32807922363 860.39227294922 333.3740234375 -637.84063720703 -295.64575195312 -735.23175048828 700.98211669922 -232.61883544922 32.975975036621 -906.99505615234 -192.57369995117 808.02105712891 
