16 16
-4.1350116729736 -8.4274091720581 4.4567618370056 -3.6311140060425 -5.9088177680969 9.8631067276001 -0.76616114377975 2.3716382980347 8.6065883636475 -4.1247663497925 7.9004745483398 -3.5273423194885 4.5023345947266 -8.2366285324097 -5.5453190803528 4.6182661056519 
-5.4809927940369 1.633212685585 8.8508062362671 9.806357383728 8.1924161911011 -3.1931240558624 4.772873878479 -8.5838661193848 3.2962985038757 -7.6621723175049 6.9946942329407 5.8432669639587 -4.8050231933594 1.0846157073975 8.8188133239746 5.1145620346069 
6.5222043991089 -3.4208326339722 4.8293776512146 -1.8859745264053 -7.2088432312012 -0.72870939970016 -4.3378534317017 -2.0509488582611 -5.8771209716797 8.3380136489868 6.7630476951599 1.3059194087982 9.9405660629272 -8.8938617706299 9.0607624053955 3.270388841629 
-5.8526344299316 2.739232301712 9.3311967849731 1.7110620737076 7.3038067817688 5.7656106948853 -5.4033107757568 2.825288772583 -4.6184697151184 9.2942266464233 5.9164500236511 -1.2190490961075 0.92632752656937 8.1637754440308 0.71646481752396 -7.313672542572 
7.8558025360107 5.7393589019775 5.1742782592773 3.5834918022156 3.1134402751923 2.5296924114227 6.8507399559021 2.9487960338593 -7.7243542671204 2.2996163368225 9.6234674453735 -0.89824861288071 6.8884258270264 3.3443500995636 -1.5473865270615 -4.1361908912659 
1.3159028291702 9.5287857055664 8.4231901168823 -7.4265322685242 0.42757788300514 -9.6100645065308 -7.0550465583801 4.0627770423889 1.1117845773697 3.2550048828125 -4.5756368637085 3.1462700366974 4.5455780029297 -9.3696336746216 -8.4276151657104 -7.5039310455322 
4.8821034431458 4.9857625961304 7.2708306312561 -9.6367101669312 -3.7950367927551 6.7885279655457 -7.6321125030518 3.2829556465149 -7.0521421432495 -8.5519151687622 0.64690327644348 -1.6381149291992 -6.2585158348083 -9.6935415267944 -3.4715211391449 -2.1533446311951 
2.7639007568359 -5.178671836853 -0.047001499682665 3.9973244667053 0.32896810770035 -7.6347923278809 3.2387838363647 7.8805150985718 -9.3949794769287 -9.6669445037842 -0.92641687393188 0.91182988882065 -9.5916337966919 1.0216408967972 6.1751751899719 -6.2978115081787 
0.82967233657837 5.341082572937 0.18469090759754 0.35232916474342 -2.242386341095 -8.0185413360596 9.5086078643799 -3.5806181430817 -8.7548494338989 0.80232667922974 -4.0115051269531 9.8985633850098 5.0784692764282 1.7273826599121 -1.4056324958801 -5.5509433746338 
-2.4044361114502 0.017815243452787 -2.8122909069061 -0.34221687912941 1.8060394525528 5.0148315429688 2.1949844360352 9.8579797744751 0.54151177406311 -6.7424335479736 4.8793730735779 9.1942510604858 -8.7413215637207 -7.3656306266785 -4.3858804702759 6.7190246582031 
-2.2887303829193 1.5583313703537 -2.9752469062805 -2.8661715984344 1.6309903860092 8.4937591552734 -6.6912293434143 -8.3056707382202 1.3759319782257 0.30044069886208 2.5612363815308 8.3570175170898 6.52232837677 5.0067458152771 6.4357261657715 -7.1694412231445 
-4.7385921478271 4.3619031906128 -7.8637132644653 5.530816078186 8.256404876709 1.4176100492477 9.3922367095947 -0.3000460267067 9.2420082092285 3.5292055606842 -9.2655239105225 -1.0570862293243 -0.15205907821655 2.4648826122284 -2.7574503421783 -7.0364413261414 
1.6248230934143 -5.0717830657959 3.9040277004242 7.2431268692017 6.840437412262 -6.7910995483398 1.4414523839951 0.92277908325195 2.1941633224487 6.6306700706482 -5.1067380905151 -3.6240262985229 -2.7140333652496 -9.3652667999268 7.5811018943787 0.88470667600632 
-0.64391446113586 -4.3896536827087 1.9115214347839 -1.6811732053757 8.4704275131226 -2.6575107574463 -4.8402051925659 3.9771921634674 6.12983751297 6.5666151046753 -2.6246018409729 0.78749203681946 -3.1516571044922 -4.5419311523438 -7.5081443786621 -7.0170974731445 
3.983011007309 -1.9908574819565 -1.572856426239 -9.5862245559692 9.9249324798584 9.4806604385376 -1.660095334053 7.8601398468018 -8.8319149017334 1.2800555229187 -1.0569003820419 1.4003410339355 -1.9777599573135 -6.1881279945374 1.9917871952057 2.0549755096436 
0.17200329899788 -9.4706630706787 2.4256834983826 4.7885775566101 5.8005471229553 3.8897857666016 -8.105489730835 7.750020980835 0.8569358587265 -1.6290602684021 5.9059934616089 1.9380297660828 1.0285037755966 -0.48740094900131 -5.7995991706848 0.06823369115591 
