16 16
7455.9672851562 -7482.1728515625 1374.1739501953 2397.1362304688 -3996.4294433594 3942.8286132812 9334.91015625 7059.234375 -37.245727539062 4418.5620117188 -2436.2446289062 1373.2850341797 2254.3171386719 1404.5360107422 1343.5939941406 3162.5324707031 
1270.2609863281 420.79516601562 6442.8500976562 -762.44427490234 4578.10546875 -1508.6989746094 4458.7685546875 -985.68920898438 -6620.2319335938 -7921.0493164062 8024.2397460938 3113.7451171875 9872.8486328125 9089.3896484375 5254.8198242188 -7552.9438476562 
-9838.865234375 -5506.0620117188 -9993.03515625 4628.2104492188 5394.4790039062 247.50082397461 -5701.4130859375 -6537.7060546875 6794.0375976562 -1585.4100341797 -267.75732421875 -8352.5537109375 -9820.7080078125 -6713.3647460938 -2304.9104003906 -3129.9919433594 
6275.8862304688 -4378.7729492188 -5187.6328125 6928.9384765625 5534.7602539062 9699.3525390625 -6730.0131835938 -5827.986328125 -5172.439453125 9965.9638671875 3806.4367675781 7904.7944335938 3796.2229003906 6165.28125 2044.8531494141 -9289.955078125 
6058.3637695312 8598.201171875 -6629.2978515625 -6374.0727539062 -9761.365234375 9152.2646484375 -3396.9279785156 -9699.6826171875 2532.65625 3083.6975097656 8237.3505859375 -6470.8393554688 -5951.0844726562 -7454.7900390625 125.28936004639 -7085.66796875 
1634.3583984375 -7515.2143554688 3199.1201171875 -1855.7553710938 8884.1640625 -6412.8779296875 7548.96875 3941.9440917969 8497.11328125 -6393.7958984375 447.37490844727 -474.96636962891 791.82653808594 9496.65234375 -5794.8544921875 -6823.66796875 
-1656.8350830078 5546.328125 9202.2724609375 -3720.4575195312 -4928.6879882812 -4872.7670898438 -3972.6481933594 -7178.7646484375 -4912.62890625 7500.1953125 -3692.3776855469 188.41139221191 2410.6018066406 6545.8364257812 -7442.3764648438 9167.5361328125 
2983.1164550781 7447.6108398438 -699.57537841797 -4463.0317382812 -2990.7622070312 553.02868652344 -8496.587890625 9460.7353515625 -3699.2387695312 1878.8374023438 -5139.1787109375 -5315.0239257812 9205.072265625 7485.2094726562 -9467.46875 -4769.2983398438 
5142.6669921875 398.04748535156 9193.75390625 -3466.5048828125 9905.0537109375 5246.1943359375 7888.326171875 5314.7407226562 -8118.576171875 831.74163818359 9137.2890625 6713.3071289062 -3827.2202148438 -8487.2978515625 2873.0668945312 7856.45703125 
-3669.5942382812 -981.43090820312 -2287.0922851562 4898.8427734375 -2475.9089355469 -5299.9775390625 4096.60546875 8412.2626953125 -3910.5827636719 -1411.5482177734 514.48895263672 -9900.6259765625 -2637.2607421875 -9335.9833984375 2603.3061523438 -3051.0729980469 
-5939.3251953125 -4309.4306640625 -4140.2470703125 -9545.990234375 -4976.9145507812 -4004.0063476562 -6655.3564453125 2943.3024902344 -1444.4226074219 2593.8693847656 -3047.2434082031 -778.21801757812 9001.0107421875 749.45648193359 3478.2902832031 6554.212890625 
-8441.3427734375 -6690.4033203125 -3257.1142578125 -6024.1748046875 -4889.2255859375 -9562.314453125 7689.8051757812 -1939.8050537109 -8533.724609375 8648.0322265625 -4723.7387695312 513.64947509766 5504.6005859375 5378.0068359375 4499.9360351562 8802.2568359375 
-3206.9467773438 1552.4985351562 2267.4309082031 -7890.5913085938 -8657.109375 3383.4990234375 -8788.8359375 -1339.9456787109 5668.7192382812 -901.08245849609 -6584.08203125 -6243.4194335938 2377.1877441406 -3983.3403320312 1940.8762207031 581.03216552734 
9598.203125 -5337.5615234375 -6097.12890625 279.3952331543 -1971.3137207031 -4988.1450195312 -4777.4038085938 -4495.6796875 9891.3505859375 2098.3471679688 -7718.666015625 -2117.2224121094 5010.8061523438 -1696.7098388672 6314.4892578125 -5433.7451171875 
-7170.255859375 -6492.1440429688 -3761.7014160156 4725.3627929688 8859.876953125 4978.6801757812 -567.01293945312 -2684.2890625 -5554.8095703125 6367.7294921875 255.35684204102 7837.0541992188 4169.9970703125 -1560.0041503906 2608.8376464844 5507.759765625 
-404.52633666992 -6066.4750976562 1781.8497314453 -9226.017578125 8526.94921875 4930.55859375 -4880.970703125 -7024.0170898438 -389.19580078125 727.47192382812 -2593.1494140625 -3588.9765625 483.67428588867 -3788.9494628906 8378.009765625 7290.7778320312 
