10 10
-254.70472717285 989.10986328125 -678.19500732422 -487.63598632812 775.81976318359 -797.37457275391 -187.26992797852 -174.08731079102 754.48596191406 -279.70858764648 
-339.85061645508 553.40643310547 -109.19986724854 720.97509765625 557.07922363281 -94.757789611816 -17.135272979736 830.5361328125 768.95184326172 -920.83587646484 
-828.14111328125 -264.37542724609 887.43389892578 -217.87725830078 -724.94854736328 -574.90673828125 682.92230224609 -632.68298339844 349.25036621094 -160.57722473145 
-8.8977165222168 386.46853637695 309.41696166992 557.18609619141 723.03454589844 386.40161132812 806.34521484375 450.22525024414 -455.93600463867 988.98559570312 
-906.98931884766 175.96667480469 -422.27389526367 -151.69509887695 -536.86090087891 256.66125488281 369.60079956055 -680.71008300781 -690.78161621094 44.086601257324 
-364.13061523438 -765.24255371094 -860.83898925781 847.70831298828 -542.81555175781 241.87603759766 -283.67327880859 -604.90850830078 328.92724609375 -657.36700439453 
-108.83588409424 -345.41149902344 -621.08508300781 -602.12799072266 55.423839569092 -609.82562255859 -926.70013427734 377.13977050781 -804.98278808594 -388.18490600586 
926.41485595703 -996.91284179688 505.75024414062 87.614189147949 -377.38717651367 554.55816650391 -32.992870330811 -240.32476806641 752.21887207031 867.67755126953 
-618.86755371094 757.11822509766 -504.11071777344 -357.81427001953 -176.49369812012 -113.21240997314 990.85913085938 308.76477050781 -578.29364013672 646.93267822266 
-794.69781494141 486.57217407227 852.68420410156 -396.00018310547 -442.81704711914 498.90545654297 335.44750976562 831.31610107422 -300.42016601562 -395.52117919922 
