16 16
60.709735870361 26.963459014893 91.293304443359 84.82755279541 -50.956409454346 12.702142715454 99.654968261719 -0.0046625058166683 95.596458435059 -36.23397064209 93.221633911133 61.411602020264 32.876571655273 -16.235239028931 51.971054077148 -24.276941299438 
16.947231292725 10.405908584595 80.878776550293 -80.350364685059 -42.562225341797 -69.829971313477 4.3768253326416 -11.772797584534 31.807514190674 -75.582977294922 -40.28084564209 -88.220397949219 15.050291061401 -4.9630942344666 -79.789710998535 73.843101501465 
-78.277610778809 -34.869831085205 29.910173416138 96.109306335449 -78.258895874023 -56.920471191406 94.112678527832 65.776275634766 50.015357971191 -55.163238525391 27.148059844971 15.996933937073 -88.07982635498 20.343439102173 -75.197479248047 12.872386932373 
73.951499938965 51.415725708008 31.230907440186 77.258605957031 -82.441596984863 -86.122184753418 48.776298522949 -46.771709442139 -20.603765487671 3.5492424964905 -49.065547943115 -75.32527923584 -83.619819641113 -26.34091758728 -82.137214660645 -21.661664962769 
99.903633117676 -72.162040710449 -82.445327758789 -98.078765869141 -27.486608505249 -89.47176361084 54.596790313721 -23.402448654175 -44.859264373779 -75.69775390625 84.777572631836 -47.671062469482 0.91169345378876 -0.051503855735064 -3.4953317642212 93.793746948242 
9.3838624954224 -0.36449736356735 -28.135208129883 0.4856244623661 -67.245506286621 98.329162597656 67.189308166504 6.7925715446472 2.0825617313385 -75.263153076172 -19.547136306763 -74.255027770996 20.011894226074 75.414726257324 39.574607849121 -91.435607910156 
14.330732345581 -14.703536987305 -2.8665750026703 99.074516296387 -78.446105957031 -10.280892372131 48.768733978271 73.195793151855 7.3562321662903 -99.786804199219 -21.7047996521 -55.860527038574 -24.757524490356 -46.009590148926 -15.076506614685 14.128234863281 
-8.5315847396851 95.506713867188 42.836112976074 73.468658447266 -86.250419616699 -3.380348443985 80.279029846191 -10.991084098816 32.729831695557 -45.687213897705 -33.527980804443 79.569725036621 58.441673278809 -17.749879837036 61.732322692871 -67.080871582031 
69.704368591309 99.232521057129 -88.192123413086 28.920974731445 -94.132453918457 -96.62532043457 -69.740272521973 86.009910583496 20.274429321289 -93.011276245117 -76.978302001953 -77.660194396973 39.125026702881 -93.928451538086 67.675987243652 63.554111480713 
67.437683105469 96.166275024414 -4.3528056144714 6.5839867591858 -3.9466488361359 -32.792816162109 -52.234668731689 -6.3973507881165 -45.533988952637 -42.189235687256 -56.286693572998 -25.642539978027 5.5695676803589 44.288108825684 -57.792701721191 81.647972106934 
95.975547790527 90.159454345703 -48.669239044189 48.99853515625 89.582015991211 61.380420684814 47.153312683105 54.196605682373 42.167068481445 9.6685228347778 58.920223236084 -66.336219787598 78.82413482666 -27.115034103394 85.296325683594 -40.149990081787 
-21.725522994995 30.087688446045 90.190071105957 -20.235403060913 15.632404327393 23.010278701782 -81.121459960938 -39.695991516113 10.813534736633 20.917963027954 -25.125677108765 82.691078186035 -69.054496765137 42.584457397461 80.166244506836 2.6251780986786 
53.432277679443 -84.500114440918 67.201171875 -45.967868804932 -56.613780975342 -80.479049682617 -91.162094116211 85.893287658691 4.6006078720093 -52.720359802246 -28.379684448242 -51.626216888428 52.821701049805 -52.901424407959 42.510711669922 32.020168304443 
-90.02613067627 59.943386077881 -22.182554244995 -14.714761734009 -25.020729064941 -99.148109436035 39.293796539307 -4.4697470664978 24.637071609497 34.36368560791 12.746416091919 -19.158344268799 60.352592468262 -56.153751373291 46.094699859619 72.683158874512 
-9.1400346755981 87.307136535645 -14.829686164856 -97.417427062988 64.247749328613 -92.889282226562 -37.860828399658 -58.780429840088 96.679428100586 58.032215118408 -58.437503814697 -13.934122085571 6.0414156913757 -16.468553543091 31.743059158325 -42.031177520752 
-15.197224617004 2.0122766494751 83.999412536621 -80.941520690918 -51.717433929443 -94.465789794922 28.733192443848 -62.567562103271 -81.896453857422 70.81103515625 -97.008628845215 -62.226776123047 -23.425607681274 36.347480773926 20.659460067749 43.355339050293 
