16 16
4543.5336914062 7566.9448242188 -2914.03515625 6109.4340820312 4774.9438476562 -2340.9333496094 -6254.8461914062 1311.5496826172 -6118.1381835938 7392.8046875 504.32263183594 6771.6201171875 -6541.6918945312 -5053.1079101562 7352.9150390625 -2282.1130371094 
-5230.9028320312 5090.9252929688 -1889.1801757812 4309.3056640625 -6256.7724609375 -108.49155426025 4324.2700195312 9795.8046875 -9551.90234375 1348.1104736328 1390.0198974609 8207.7421875 486.71499633789 9600.712890625 856.18328857422 2531.8259277344 
6417.7890625 -4320.83203125 3552.8583984375 -6349.5703125 1660.6468505859 7973.923828125 8892.93359375 -5126.7138671875 -1887.7956542969 4487.7485351562 -9775.546875 9314.8974609375 -9175.8056640625 -4113.0595703125 -7009.2373046875 1112.8713378906 
-4613.8862304688 -6512.7475585938 8723.3486328125 -7557.736328125 9730.244140625 -7997.3159179688 -8465.921875 106.21887969971 -6892.9638671875 3534.2038574219 4826.708984375 -9246.82421875 -8779.9580078125 -2460.6821289062 -6729.2099609375 7051.3291015625 
9106.0947265625 -8621.068359375 3997.2333984375 -9024.57421875 -5122.84375 1981.4603271484 -2161.8918457031 -9132.9892578125 5985.091796875 5922.8779296875 7594.0009765625 -7146.1123046875 -1483.2303466797 5423.13671875 -3448.490234375 -7353.1040039062 
-8579.908203125 9864.6953125 -7056.1733398438 1726.7637939453 -7829.8950195312 894.04925537109 3682.6022949219 -5169.9174804688 4009.8757324219 -7349.1489257812 3915.2099609375 9266.474609375 -5267.4853515625 2688.8088378906 7512.6860351562 -8990.181640625 
6607.9428710938 1180.3646240234 -3612.9636230469 -1717.7845458984 -6759.1118164062 -1128.2360839844 -9956.6357421875 9277.8134765625 -7239.2778320312 5466.66015625 4137.314453125 -8220.013671875 1489.4434814453 -9766.5458984375 -6093.779296875 5896.4682617188 
3260.2976074219 -5758.671875 -3078.4921875 -1507.8449707031 -6029.501953125 -5903.533203125 4421.2973632812 -537.11450195312 9860.3447265625 -1757.7252197266 -4885.1000976562 9911.1376953125 -9684.3291015625 -2313.2419433594 7378.8999023438 -5841.3793945312 
1729.1895751953 -6591.9228515625 9351.943359375 -1595.2277832031 7886.83203125 -1706.1237792969 3112.2209472656 -4326.7080078125 3701.7780761719 8569.5869140625 -9405.8017578125 2609.76953125 -9663.451171875 264.22470092773 -8214.4365234375 -7313.8916015625 
-5421.25390625 -4849.8881835938 -770.29754638672 1234.3334960938 -2548.7397460938 -9048.55859375 2870.3923339844 8678.9599609375 6470.4936523438 1669.9261474609 4893.8466796875 7301.2431640625 -2899.3732910156 2905.1127929688 -9058.38671875 1196.173828125 
9736.1064453125 -1028.8525390625 4788.1845703125 -8389.1259765625 -7356.9682617188 -1448.0930175781 -3170.2795410156 -3133.1508789062 4440.2475585938 6885.3227539062 -4393.4970703125 -9936.6884765625 2193.3364257812 -6782.1352539062 -3096.9599609375 5979.8916015625 
1352.9086914062 -852.70758056641 6471.1772460938 -8516.796875 3952.9250488281 2897.2390136719 2768.7810058594 -6404.5092773438 2291.2287597656 -5462.1870117188 -4200.9887695312 6429.9736328125 -7026.6904296875 4511.185546875 -9265.375 -4686.33984375 
-1187.9057617188 7315.9584960938 723.41412353516 -456.93273925781 2245.9125976562 -7569.4057617188 7235.8872070312 -3735.3640136719 -4167.955078125 -946.60766601562 -165.50921630859 6904.4711914062 -5052.2680664062 -2612.0749511719 -4699.3969726562 -3851.5053710938 
-7577.6245117188 222.13348388672 -8299.0068359375 -8970.9833984375 -1834.5817871094 -2659.7712402344 33.480934143066 3535.9536132812 5751.1206054688 -9034.3408203125 -8431.2978515625 -5742.9086914062 6956.166015625 -3832.0200195312 -5151.0029296875 124.64305877686 
-5322.4829101562 -3489.3200683594 -1743.3276367188 -603.01220703125 2342.5180664062 -7505.1430664062 -162.24938964844 -8537.2470703125 6196.2211914062 9254.2080078125 9141.6015625 -9545.322265625 8492.1494140625 3004.1752929688 4723.7822265625 701.52490234375 
3015.2651367188 595.59130859375 -1560.5054931641 -1625.2612304688 -5360.9140625 3380.9208984375 6062.970703125 -8853.2177734375 6184.9575195312 5259.3989257812 5430.5166015625 6996.4501953125 -1485.1721191406 1810.8575439453 -4641.6684570312 -9907.82421875 
