16 16
954.05249023438 415.3766784668 -594.37493896484 749.32037353516 -938.70629882812 -68.672492980957 120.74256134033 880.47607421875 225.91180419922 -125.51783752441 829.46319580078 400.93338012695 38.978271484375 -412.79223632812 727.90008544922 -762.8818359375 
-275.10357666016 175.31059265137 -170.45625305176 671.03051757812 129.19721984863 -925.60614013672 293.41708374023 -137.73182678223 279.26184082031 -982.31195068359 -895.19036865234 -913.54705810547 459.28103637695 -812.25073242188 152.07336425781 436.07894897461 
982.37768554688 -815.39184570312 446.63555908203 -300.54229736328 144.04196166992 786.1611328125 -847.05554199219 -78.871810913086 761.11151123047 -144.72846984863 295.75396728516 705.04986572266 312.13653564453 168.62083435059 400.08633422852 -26.792510986328 
-724.462890625 480.39361572266 426.80505371094 731.26580810547 -553.65270996094 657.69152832031 -743.52703857422 -545.46405029297 -193.53611755371 -387.15481567383 -493.48379516602 476.8798828125 -543.78839111328 482.95446777344 646.39172363281 -92.814781188965 
169.31716918945 863.36730957031 -621.06005859375 531.49426269531 -104.21379852295 180.37368774414 -343.96932983398 275.2102355957 -812.57470703125 866.36053466797 -711.27557373047 876.18408203125 400.728515625 -497.21710205078 -143.80918884277 -425.353515625 
-941.31494140625 960.77142333984 -735.99114990234 123.04872894287 -336.828125 711.8408203125 605.58343505859 675.52215576172 -845.51538085938 18.682119369507 339.93728637695 536.35266113281 -283.79809570312 236.25492858887 744.21398925781 67.360931396484 
-605.50744628906 -189.36766052246 288.4919128418 7.7367272377014 201.13223266602 -895.08874511719 -234.44187927246 375.48779296875 -91.629104614258 -337.95980834961 -887.49542236328 -350.86114501953 245.68008422852 -342.85601806641 -655.57220458984 78.989288330078 
34.704093933105 -644.84887695312 -15.774437904358 -720.99554443359 599.9609375 -842.96453857422 -258.73886108398 -294.37490844727 723.02368164062 701.69940185547 -288.73699951172 645.51214599609 664.97155761719 376.38793945312 -455.94207763672 -725.25451660156 
167.17419433594 171.88981628418 16.0589427948 -833.48638916016 925.21630859375 -17.763263702393 239.68612670898 -416.08935546875 -167.7412109375 -144.43305969238 330.51712036133 150.8881072998 -187.31005859375 749.83489990234 393.96295166016 532.03271484375 
73.356109619141 -427.51696777344 211.45709228516 -18.401714324951 -690.16632080078 -540.08129882812 -985.06036376953 882.82598876953 -825.32641601562 -305.78720092773 118.825340271 90.408241271973 -206.62051391602 490.26239013672 -878.49700927734 526.32275390625 
780.66070556641 428.53460693359 641.73291015625 -794.68389892578 -111.31639099121 -256.67718505859 330.18420410156 -907.52374267578 644.92834472656 496.91998291016 -170.88600158691 -415.76483154297 347.36483764648 -580.98822021484 720.09368896484 116.95101928711 
-619.34124755859 906.47479248047 -222.72451782227 -521.45220947266 298.17028808594 -304.20294189453 75.224571228027 914.15209960938 194.94129943848 -843.98529052734 -400.70098876953 -724.51934814453 636.06475830078 125.90479278564 -394.80902099609 521.31323242188 
746.99340820312 219.22450256348 736.09661865234 706.29290771484 -408.24963378906 -254.79945373535 -481.75979614258 -27.400196075439 439.59957885742 -886.52197265625 412.71044921875 172.73236083984 158.17630004883 -836.41998291016 -368.61172485352 -356.53036499023 
441.9602355957 -416.17315673828 -267.15927124023 -943.41040039062 517.93835449219 153.38356018066 285.96252441406 -780.10498046875 17.311618804932 787.88958740234 638.45404052734 58.046947479248 -191.26931762695 942.74462890625 -342.36083984375 -509.67218017578 
-754.74926757812 -896.97222900391 -892.98522949219 -771.01745605469 962.53582763672 825.95513916016 98.231338500977 728.14642333984 763.23425292969 356.24969482422 -900.35699462891 635.02880859375 654.08874511719 -632.48529052734 787.02691650391 421.22384643555 
-490.53939819336 -843.94091796875 722.28649902344 -120.81107330322 -514.26428222656 -510.55001831055 -274.95416259766 -231.49966430664 -978.75256347656 -363.67227172852 205.03346252441 168.18923950195 -95.46720123291 277.82769775391 931.14044189453 -390.21408081055 
