16 16
4244.0600585938 -7460.724609375 -209.19117736816 7470.3823242188 7.0230631828308 1745.0616455078 1035.8348388672 4066.6037597656 6689.8784179688 7877.84375 -9536.24609375 -8596.7587890625 2666.4790039062 5593.8349609375 5581.4140625 236.85458374023 
8025.5009765625 5814.5810546875 -2170.9074707031 -4081.5053710938 2217.4113769531 -1543.2453613281 -769.8515625 -6590.419921875 -2093.1359863281 9258.3291015625 -416.57675170898 813.29193115234 9489.244140625 -8728.927734375 -8462.884765625 -30.614072799683 
2138.4963378906 -5259.35546875 1702.1802978516 2993.5053710938 9891.2470703125 -3946.8977050781 -6684.611328125 3950.5241699219 -2302.1079101562 6843.1127929688 2451.2954101562 -5476.0815429688 -2349.0344238281 -8970 -8746.8271484375 -3903.4172363281 
7304.1899414062 -6133.9360351562 8019.91796875 7157.1381835938 -7396.333984375 1079.8433837891 -2834.9353027344 2605.9069824219 -1516.7658691406 3533.1704101562 7210.3779296875 4349.2861328125 1328.0421142578 -6357.0883789062 -8523.6357421875 60.023937225342 
9258.548828125 -2992.1442871094 -6844.9965820312 -7619.11328125 -5287.5219726562 2727.4748535156 9716.931640625 8086.1577148438 -3889.1926269531 330.77212524414 -5124.2143554688 -3344.9243164062 1231.7517089844 6941.5268554688 -2948.7233886719 -5512.9301757812 
6891.8330078125 5774.7329101562 -1833.0264892578 -4075.7380371094 8692.265625 -9863.3740234375 1528.6711425781 -8224.7392578125 1176.0657958984 4026.9274902344 8287.865234375 -2031.8845214844 -7205.2924804688 1014.8302001953 8784.38671875 -7520.7060546875 
-1072.3311767578 2018.1467285156 4992.6083984375 -3414.4291992188 -5051.4174804688 7932.9223632812 1338.0615234375 7940.099609375 8177.359375 -9614.11328125 424.31234741211 1633.1776123047 -7290.0180664062 2806.0954589844 -272.22079467773 -1384.0834960938 
-2233.7302246094 -1114.2738037109 7692.6416015625 1319.6096191406 -3264.9990234375 -2663.4562988281 7651.7270507812 2520.3969726562 2298.341796875 7306.9169921875 9875.2685546875 7013.9599609375 -5414.9560546875 -9478.466796875 -7408.9819335938 -3570.6938476562 
1100.6479492188 2507.1301269531 611.86004638672 -3292.5673828125 7575.2124023438 671.83374023438 6916.990234375 2139.0607910156 -421.25875854492 2053.3786621094 3903.8903808594 -4539.7543945312 -3801.9086914062 -5974.5151367188 1604.2530517578 6825.5932617188 
7840.533203125 5406.6337890625 -4057.8171386719 8007.2875976562 -2381.748046875 9304.3349609375 3997.146484375 926.90545654297 -1464.890625 3807.9919433594 9074.5498046875 146.04574584961 9302.4541015625 2698.712890625 4374.16796875 9094.1591796875 
2158.7106933594 9548.8779296875 -2411.1384277344 2875.3461914062 2580.0876464844 3390.5017089844 3194.3635253906 5689.2236328125 -3666.6491699219 8443.826171875 -8933.00390625 1654.5531005859 9535.3466796875 -5930.03125 1406.0321044922 8902.04296875 
-7636.4501953125 -9286.6572265625 -6588.1284179688 -2920.6354980469 869.43328857422 6043.6484375 689.04278564453 -8790.515625 1991.3323974609 6167.7377929688 3927.7136230469 -5326.646484375 -725.54870605469 -9990.58984375 -6172.2514648438 5861.5590820312 
-5647.5034179688 7787.3046875 5528.7602539062 -8783.2001953125 -410.55798339844 5626.2592773438 -767.85125732422 -2902.5280761719 5476.443359375 -3151.6098632812 -3544.44921875 -1970.16796875 9257.515625 9595.4189453125 -6255.533203125 5251.6586914062 
-1422.921875 -9845.45703125 9972.41796875 5386.6103515625 3145.2375488281 8898.6884765625 -7725.3901367188 7616.4965820312 337.61340332031 -5795.6762695312 -2771.095703125 -104.0768661499 -8942.9228515625 -5156.333984375 -3257.6945800781 3951.9799804688 
1446.2452392578 2507.5354003906 4760.1372070312 -11.42214679718 109.17777252197 2894.0859375 4246.5444335938 3987.2563476562 -266.94290161133 8299.0517578125 4806.2202148438 9316.1728515625 -9514.474609375 -4463.0141601562 -5362.88671875 -876.24676513672 
9364.3779296875 -9901.85546875 -9188.0732421875 7033.724609375 8862.9794921875 -2112.0275878906 3204.365234375 4059.1845703125 -7704.1533203125 4702.5180664062 9555.5185546875 6638.9580078125 -4856.7641601562 6684.3515625 -6547.4116210938 -9307.1171875 
