16 16
53.207469940186 -12.901726722717 52.51233291626 40.205078125 -90.560272216797 49.023551940918 96.003112792969 -26.247131347656 61.276039123535 -30.724569320679 -69.539657592773 -72.340950012207 94.152435302734 -76.644462585449 -17.603145599365 74.872787475586 
58.949901580811 -55.16410446167 36.857551574707 2.2441279888153 68.324119567871 -79.241813659668 78.667579650879 8.3855772018433 99.109771728516 89.492713928223 -35.859092712402 -86.65380859375 -84.87922668457 42.24369430542 -79.740547180176 12.752285003662 
78.811187744141 -6.0779166221619 79.916481018066 -94.985626220703 57.514759063721 9.28249168396 -20.335359573364 -96.842330932617 -48.82640838623 53.899909973145 -3.8890733718872 -33.709327697754 -72.392265319824 54.308742523193 -12.800117492676 73.04524230957 
-12.691981315613 -23.588701248169 71.359466552734 86.976608276367 97.670921325684 -56.719306945801 95.136177062988 -40.849445343018 -6.4936647415161 88.931785583496 57.506217956543 -47.048965454102 -55.791351318359 -59.210117340088 50.478885650635 -71.64331817627 
-53.747898101807 -29.269750595093 -57.912593841553 36.142219543457 -44.832134246826 88.932121276855 80.869598388672 -86.929473876953 -79.155632019043 -93.170623779297 -20.556015014648 9.1050701141357 34.24243927002 3.7682313919067 2.9618966579437 -3.6764352321625 
-88.236282348633 48.015312194824 -15.291795730591 63.954666137695 19.671722412109 50.92601776123 -97.66423034668 53.968067169189 -89.340393066406 17.304908752441 29.820165634155 -55.920742034912 -38.782230377197 -13.537220001221 48.776824951172 31.045087814331 
1.5512033700943 25.56435585022 -68.748313903809 -86.097770690918 -65.207153320312 -92.016143798828 -93.074859619141 1.2663832902908 17.15606880188 -74.893074035645 9.9099340438843 57.386905670166 44.948307037354 -87.402984619141 -89.664253234863 -25.912141799927 
44.670677185059 56.222969055176 -82.724212646484 -6.0135741233826 55.583374023438 71.546508789062 79.6748046875 97.921882629395 -38.642810821533 93.580581665039 -14.600958824158 38.218955993652 2.5340707302094 84.692451477051 -14.082449913025 83.963821411133 
16.866607666016 45.219612121582 -90.733741760254 -26.002767562866 -98.47779083252 -77.365341186523 -99.109764099121 75.104354858398 41.506591796875 -23.054389953613 8.2335662841797 38.385414123535 -9.084771156311 83.274131774902 -63.300220489502 -84.366401672363 
-94.267402648926 -65.679145812988 -42.338188171387 82.926719665527 7.3023991584778 -93.076530456543 78.286651611328 20.129547119141 -64.075538635254 48.328876495361 -4.8173499107361 99.266525268555 -40.535015106201 -52.670303344727 -57.103248596191 -17.662878036499 
65.35506439209 -30.773017883301 82.347618103027 37.236045837402 -36.715633392334 57.021739959717 -32.300094604492 -86.516883850098 -46.266990661621 -66.632614135742 56.223365783691 62.883518218994 -23.139038085938 43.641242980957 97.08317565918 60.068565368652 
77.672889709473 -59.334232330322 58.620464324951 3.3323955535889 31.166580200195 86.578170776367 56.009090423584 58.286834716797 59.591907501221 -25.685731887817 24.827140808105 -19.849946975708 -77.32299041748 -31.17816734314 -17.036165237427 67.294425964355 
-60.631004333496 -20.721870422363 10.544367790222 -55.725345611572 -74.836067199707 -75.497184753418 -53.694892883301 53.202087402344 -30.87753868103 -29.083293914795 23.139808654785 4.1075186729431 -32.163829803467 -57.930511474609 -16.578699111938 13.358944892883 
-28.743204116821 -37.127960205078 -30.494199752808 -28.533025741577 39.052547454834 52.303955078125 -32.501079559326 -90.872230529785 -54.598693847656 44.763328552246 94.603088378906 99.786437988281 16.134874343872 66.174194335938 -50.78267288208 15.399700164795 
-72.735298156738 -1.3917467594147 70.008827209473 75.00171661377 30.540140151978 36.777317047119 -41.801704406738 40.38374710083 31.630937576294 -83.032104492188 74.664672851562 -94.240776062012 97.918632507324 -29.780893325806 54.590644836426 37.3791847229 
-82.238319396973 64.25936126709 -72.717971801758 -84.088912963867 -40.816307067871 72.652282714844 -69.368980407715 -38.951084136963 25.871185302734 -22.715623855591 8.8686370849609 32.65710067749 17.035636901855 -47.150157928467 -31.457498550415 -28.920969009399 
