16 16
875.96716308594 -346.6135559082 -575.75836181641 -435.32806396484 222.77479553223 964.79150390625 -378.25213623047 -29.271604537964 502.39764404297 -335.83520507812 -256.720703125 898.13623046875 934.74633789062 32.648929595947 593.12780761719 25.643106460571 
749.33343505859 439.28564453125 998.08264160156 19.93780708313 -48.805656433105 -808.66949462891 705.45629882812 123.5542755127 -858.41552734375 494.79763793945 -693.63342285156 482.15716552734 -552.51257324219 -655.64270019531 377.03262329102 -730.75189208984 
-744.36926269531 -137.52783203125 825.16668701172 134.95219421387 -185.53282165527 -234.69915771484 -222.72888183594 894.56420898438 -316.27334594727 682.01458740234 -467.35595703125 -310.49380493164 462.09286499023 -864.39288330078 -123.89517211914 -676.56408691406 
-579.18359375 881.75213623047 313.11968994141 879.146484375 -878.39904785156 -217.74034118652 345.68368530273 -810.44360351562 890.25512695312 997.59490966797 393.22409057617 565.36608886719 -840.64392089844 -912.19635009766 -921.97827148438 -303.09381103516 
-664.74462890625 -233.9852142334 848.03833007812 171.68586730957 524.37249755859 -41.284507751465 875.22912597656 -955.52069091797 -421.68524169922 727.78637695312 -455.72958374023 132.26315307617 -858.75805664062 -694.53271484375 -816.15979003906 203.51995849609 
-338.79571533203 -466.88800048828 28.883539199829 515.65435791016 -404.47338867188 -370.28750610352 -760.54913330078 554.59741210938 -824.86926269531 -297.54260253906 -845.45489501953 -388.5104675293 448.81741333008 -419.95068359375 349.22341918945 970.81207275391 
-952.17272949219 486.81842041016 11.791260719299 -352.68273925781 -491.47534179688 -665.42138671875 -280.18380737305 -974.59094238281 545.81573486328 -797.62579345703 384.72979736328 -821.85583496094 -741.28240966797 -501.5715637207 29.901866912842 -953.19580078125 
583.90850830078 -810.28747558594 699.09008789062 811.12463378906 -593.25299072266 61.572834014893 -343.16915893555 294.39065551758 775.05529785156 -576.08319091797 -609.38439941406 -41.655879974365 -203.61180114746 -781.21374511719 191.48788452148 -921.96038818359 
-506.07321166992 -43.366638183594 -456.05392456055 310.39633178711 -644.80187988281 309.31762695312 -394.80029296875 -11.368624687195 143.65518188477 452.99398803711 -138.91006469727 285.33569335938 -150.3512878418 -405.31732177734 730.37750244141 -25.001678466797 
-462.13092041016 -919.23315429688 -63.121494293213 226.40367126465 249.21446228027 156.9867401123 119.32256317139 379.08447265625 49.260063171387 193.58209228516 110.27467346191 -774.13354492188 179.87661743164 747.80310058594 -881.83911132812 564.21215820312 
36.289894104004 0.19010843336582 -77.474922180176 761.92236328125 -202.20307922363 914.51922607422 675.89910888672 -9.8157529830933 -365.9794921875 -791.77612304688 -757.89660644531 -78.007347106934 -619.38989257812 -4.8501162528992 -300.51422119141 621.11468505859 
-354.49588012695 -277.53717041016 603.03649902344 -515.91180419922 92.628067016602 879.74444580078 -887.46856689453 -148.61045837402 433.14477539062 377.59881591797 -367.59060668945 -739.58239746094 -587.21197509766 -268.08993530273 775.09423828125 -332.7507019043 
142.38206481934 -562.31530761719 461.79159545898 242.95822143555 876.51373291016 -577.54931640625 -125.83718109131 936.35974121094 -347.10443115234 -171.50381469727 -197.27655029297 -215.15948486328 790.51861572266 -132.83250427246 -105.96602630615 767.94592285156 
64.081901550293 -711.53790283203 995.63458251953 271.67538452148 -127.07312774658 -149.37811279297 399.95294189453 -211.33047485352 -509.00067138672 880.29034423828 -707.85681152344 -514.27551269531 717.62030029297 -757.06402587891 -616.86206054688 -592.85754394531 
-552.67938232422 170.10064697266 469.24594116211 702.28680419922 710.73059082031 -603.03918457031 341.14639282227 -927.23974609375 -973.30523681641 627.70623779297 588.71142578125 706.60339355469 -50.122386932373 676.31524658203 728.16662597656 702.11120605469 
334.677734375 -949.84381103516 -636.77294921875 477.70922851562 377.42230224609 551.97747802734 -43.160758972168 90.361389160156 -511.78311157227 997.11798095703 -222.09722900391 -669.73016357422 -416.2619934082 -247.61218261719 806.81683349609 641.40795898438 
