16 16
0.70808815956116 -0.42615815997124 -0.3331752717495 -0.19312450289726 0.85581129789352 0.81232905387878 0.095028892159462 -0.60116809606552 -0.094690553843975 -0.5219332575798 -0.98361206054688 -0.68365323543549 -0.081699155271053 -0.039314605295658 0.19581428170204 0.9782292842865 
-0.089235574007034 -0.44741532206535 0.5733482837677 0.4577120244503 -0.75853645801544 0.26875156164169 -0.80063730478287 -0.74933260679245 -0.7413963675499 -0.36356431245804 0.38661512732506 0.095770180225372 -0.76511698961258 -0.9698241353035 0.14335511624813 -0.24639038741589 
0.73603582382202 -0.87169504165649 -0.40748077630997 -0.49775904417038 0.030709449201822 0.2723802626133 -0.72659808397293 0.47029760479927 0.70647078752518 0.15043829381466 0.84772592782974 -0.77870410680771 -0.61430758237839 -0.42672088742256 -0.13647252321243 0.59264874458313 
-0.50771123170853 -0.016408873721957 -0.50107145309448 -0.051600076258183 -0.15507100522518 0.3968431353569 -0.88586133718491 -0.051689673215151 -0.90848088264465 -0.96253383159637 -0.33609935641289 0.74637287855148 0.83477014303207 0.65291881561279 0.18241640925407 0.18094801902771 
0.59724670648575 0.82701361179352 -0.55311328172684 -0.69205248355865 -0.14215701818466 0.91505128145218 -0.9483585357666 -0.796855032444 -0.62648630142212 -0.36760166287422 -0.30102831125259 0.24628682434559 0.047274675220251 0.52367353439331 -0.59777337312698 -0.56777369976044 
0.80007046461105 -0.99243754148483 -0.89708358049393 0.65797030925751 0.49007597565651 -0.51756465435028 -0.55177772045135 -0.13810363411903 -0.34917271137238 0.042510271072388 0.72091090679169 0.45305618643761 0.32558161020279 -0.063495129346848 0.22998970746994 0.75915986299515 
-0.36337211728096 -0.25915721058846 -0.16772377490997 0.6201383471489 -0.65938198566437 0.23904757201672 -0.73334020376205 0.4208956360817 -0.21102020144463 0.61186367273331 -0.52579438686371 -0.41288900375366 0.47477334737778 -0.93592572212219 -0.94782769680023 -0.35580494999886 
-0.51895874738693 0.28158709406853 -0.67874699831009 0.13565665483475 -0.24614405632019 0.22137312591076 0.36098757386208 -0.035702876746655 0.75552463531494 0.16946882009506 0.061339490115643 -0.44356474280357 0.31700310111046 0.47163411974907 -0.17143715918064 0.32710444927216 
0.32370576262474 0.70818054676056 0.011751896701753 -0.65580356121063 0.25760582089424 -0.27997246384621 -0.31728756427765 -0.54319339990616 -0.57716429233551 -0.32422450184822 0.25237032771111 0.71080279350281 -0.19946312904358 0.86566889286041 0.12954549491405 0.88388705253601 
-0.23378765583038 -0.60482847690582 0.30498805642128 -0.17551435530186 0.18155473470688 -0.58398544788361 0.55858570337296 0.80315369367599 -0.010882551781833 0.075239315629005 0.40201118588448 0.87375396490097 -0.23077292740345 0.91300320625305 0.77589529752731 -0.45256590843201 
-0.040787022560835 0.61201196908951 0.81945252418518 -0.87147289514542 -0.19476135075092 -0.8762378692627 0.22905907034874 -0.80129706859589 -0.6825003027916 -0.20008601248264 -0.27973321080208 -0.34556663036346 -0.50125765800476 0.23380459845066 0.42545810341835 0.079717047512531 
-0.1518275141716 0.95564103126526 0.5410218834877 0.66856610774994 0.46995800733566 0.16040188074112 -0.91904848814011 0.78581941127777 0.55955642461777 0.93644350767136 -0.49235904216766 0.23544965684414 0.29997506737709 0.46913716197014 -0.74854701757431 0.70095765590668 
-0.30691275000572 0.82548141479492 0.20680908858776 -0.38913804292679 0.047041837126017 -0.72128760814667 -0.93564635515213 0.27003592252731 -0.1701236218214 -0.14035159349442 -0.58592021465302 -0.3834519982338 0.073149248957634 -0.73252975940704 0.16739681363106 -0.66449916362762 
0.45151588320732 -0.050473984330893 0.75552451610565 -0.14981162548065 -0.93948572874069 -0.69483947753906 0.48660409450531 -0.17292702198029 -0.44295665621758 0.79104161262512 -0.026084335520864 0.11399985104799 -0.43909791111946 -0.5063402056694 -0.50002998113632 0.72155833244324 
0.29833346605301 -0.6346720457077 0.83448618650436 0.41640457510948 0.37399420142174 -0.95121848583221 -0.97761797904968 -0.76055538654327 0.48029810190201 -0.15020161867142 0.89455127716064 0.21027760207653 0.44083824753761 0.19001685082912 0.33996227383614 -0.4115826189518 
0.75922298431396 -0.078654810786247 0.22254219651222 0.27683374285698 0.48818406462669 0.20597845315933 0.088598981499672 0.11677534878254 -0.30123490095139 0.06964023411274 0.65519720315933 -0.75801306962967 -0.18334344029427 0.74988120794296 -0.27864521741867 0.18965059518814 
