16 16
-225.77780151367 933.79724121094 847.07611083984 900.98229980469 -389.00909423828 -86.88175201416 -593.54974365234 -526.51403808594 -63.04027557373 -753.94653320312 -478.28317260742 -911.77044677734 -849.64343261719 846.83038330078 -981.0029296875 -429.02554321289 
966.87548828125 -107.6268157959 667.36181640625 828.94476318359 544.06884765625 -677.01818847656 756.02227783203 865.01293945312 571.35748291016 322.8860168457 856.72021484375 799.48773193359 -769.36059570312 967.56182861328 498.12741088867 -2.917763710022 
513.56671142578 371.14898681641 532.89233398438 -461.11193847656 -750.90228271484 -671.94268798828 -404.66806030273 413.05010986328 -519.38153076172 -842.10540771484 -151.88626098633 581.59753417969 -270.58413696289 -110.56565093994 547.63726806641 681.41735839844 
-195.5241394043 -619.68719482422 810.20074462891 -890.79608154297 85.196731567383 254.63665771484 756.63067626953 -240.18109130859 704.85638427734 9.7770051956177 815.88629150391 -182.58929443359 671.98297119141 -199.97367858887 948.29815673828 -41.084976196289 
259.29769897461 -222.62922668457 -630.73498535156 546.02374267578 -292.3987121582 491.86700439453 737.35754394531 -6.2290244102478 971.60125732422 -426.78024291992 -671.79138183594 -348.50173950195 -572.23278808594 -205.39939880371 272.10565185547 -144.06454467773 
670.63946533203 -250.8796081543 -460.64587402344 996.21240234375 -825.94659423828 879.74145507812 -115.53247070312 839.88092041016 142.32781982422 347.8137512207 230.57020568848 40.197265625 471.40740966797 631.02185058594 292.97311401367 -244.8101348877 
304.47567749023 409.84939575195 -888.50445556641 828.14007568359 -419.15435791016 721.41229248047 380.85430908203 837.94091796875 -224.3084564209 -526.49987792969 154.6467590332 110.10509490967 -701.00830078125 -332.45080566406 182.35620117188 -4.5315446853638 
608.78851318359 -922.34484863281 -649.65545654297 -390.96047973633 802.45141601562 804.18658447266 -311.15408325195 741.60864257812 323.94882202148 -183.30165100098 881.60778808594 -215.53070068359 -567.74389648438 706.75073242188 346.07272338867 868.93377685547 
398.79748535156 -200.05104064941 -682.93231201172 94.896621704102 441.84741210938 -928.27612304688 -763.48187255859 -878.22619628906 -934.43542480469 521.50256347656 -589.76892089844 -684.51965332031 -817.0947265625 -247.22134399414 371.31802368164 203.03471374512 
747.24981689453 -914.27709960938 -94.745704650879 -105.33959197998 -989.71398925781 -298.98742675781 212.77044677734 -628.12353515625 -628.85504150391 665.55236816406 629.16625976562 -241.60691833496 -742.92834472656 -706.50885009766 -539.71618652344 441.16854858398 
-253.02690124512 -382.53756713867 -903.87176513672 -338.83480834961 -852.48626708984 248.05432128906 -666.41998291016 482.95248413086 -442.16613769531 727.03210449219 193.99147033691 -632.4501953125 580.77191162109 -333.49960327148 -953.82318115234 -832.2265625 
645.01116943359 844.69030761719 -49.608417510986 561.79772949219 -457.65173339844 -729.75378417969 909.07183837891 970.43200683594 -736.5146484375 -805.30493164062 -986.17785644531 -838.95306396484 -484.16452026367 282.88650512695 -391.22924804688 -525.89624023438 
439.50982666016 340.138671875 220.28273010254 677.42419433594 -834.32794189453 -607.97906494141 -232.47717285156 434.58950805664 -707.50573730469 850.43170166016 123.85847473145 -50.49333190918 -172.67248535156 -815.15155029297 -170.12559509277 852.64813232422 
-968.73205566406 746.33135986328 -318.26568603516 157.89988708496 201.11947631836 -654.9091796875 1.1181560754776 702.56475830078 -277.64996337891 -936.40563964844 99.890319824219 -287.62643432617 64.05850982666 448.67144775391 927.63220214844 913.19561767578 
-496.3782043457 194.23138427734 255.41340637207 493.9436340332 216.32479858398 -236.21252441406 269.82623291016 656.85888671875 -796.42456054688 -719.00537109375 111.04549407959 -350.22265625 -491.28744506836 -840.95892333984 751.34460449219 56.552284240723 
54.767875671387 730.03942871094 -984.37780761719 86.26131439209 718.83013916016 -73.280647277832 446.09533691406 745.66064453125 384.06478881836 337.52233886719 -806.07366943359 -464.71661376953 250.7322845459 914.77526855469 -272.71813964844 -947.78656005859 
