10 10
7.648425579071 4.5644063949585 -9.8371896743774 -3.8559906482697 -6.1147952079773 -2.9541449546814 -4.3053283691406 -6.5626440048218 3.637268781662 5.7066698074341 
-2.1439127922058 -7.0871348381042 9.4195566177368 -3.0380017757416 0.41786736249924 -8.27854347229 4.661847114563 5.3129301071167 -7.4087524414062 9.4007749557495 
-7.8287754058838 7.8128228187561 0.34052556753159 -6.463924407959 -8.5020713806152 9.3785610198975 -8.1645450592041 2.7535378932953 5.6915988922119 4.2707095146179 
9.8771486282349 2.0565812587738 -2.4336152076721 -6.3039240837097 9.6658716201782 -2.8864381313324 -0.21284468472004 -3.5204057693481 0.58489453792572 6.145676612854 
-9.0965366363525 4.3338975906372 -3.025292634964 -2.5528512001038 -4.3511319160461 -2.7460632324219 4.5703706741333 -1.0311563014984 2.0518877506256 5.3075737953186 
-3.3589193820953 3.6928627490997 2.8080205917358 8.5666971206665 -0.85468411445618 1.1388405561447 -6.0790195465088 -5.6649775505066 -7.586923122406 -0.44248214364052 
4.9213619232178 8.0575313568115 -0.095096707344055 -0.26962780952454 6.5031309127808 -5.3273663520813 -7.7640180587769 5.7607498168945 -3.4262907505035 7.1806359291077 
3.5231404304504 6.8934679031372 -8.289834022522 3.6830403804779 -5.3489017486572 -4.2551326751709 -8.943564414978 2.6449708938599 2.2081344127655 6.2912893295288 
4.8915176391602 -5.8944463729858 7.6338834762573 1.9237329959869 -3.9322383403778 -6.0706477165222 -2.905957698822 -1.0277230739594 -6.0129079818726 -3.5588355064392 
7.2466421127319 8.2957763671875 -2.4215857982635 -9.4400081634521 6.4443626403809 3.3395125865936 -5.8394727706909 -7.3980574607849 3.2654449939728 -8.9703826904297 
