16 16
-798.31848144531 664.357421875 990.70526123047 444.84204101562 160.41339111328 -787.61956787109 -198.859375 -482.45901489258 947.61492919922 778.16882324219 745.89916992188 977.17694091797 745.76501464844 -150.3829498291 68.400512695312 296.42660522461 
588.03228759766 151.5394744873 182.16246032715 -95.127487182617 170.51623535156 -110.67226409912 368.40585327148 279.53094482422 331.21624755859 -640.16253662109 -365.5768737793 -164.88381958008 -200.06369018555 -334.31597900391 149.38870239258 88.265060424805 
367.88394165039 -48.690292358398 -189.45910644531 -383.87088012695 -614.85534667969 923.74102783203 217.63911437988 790.32678222656 -998.63470458984 -790.99334716797 -449.06927490234 408.98776245117 509.67721557617 384.16165161133 -232.79621887207 -527.5517578125 
525.34143066406 -820.45776367188 -547.20703125 -684.50921630859 -607.37835693359 307.17752075195 114.90686798096 615.66827392578 855.25982666016 -865.56915283203 -559.84753417969 -713.45330810547 471.59921264648 857.34320068359 -756.21911621094 7.2414426803589 
327.70404052734 -915.16650390625 689.20739746094 285.67810058594 168.72512817383 -31.95450592041 -932.95318603516 -9.3692350387573 399.17971801758 345.69857788086 867.40985107422 185.3410949707 35.256992340088 293.51187133789 -932.38415527344 670.82330322266 
267.64102172852 -307.69104003906 481.08627319336 -566.9111328125 575.68383789062 359.31161499023 -153.3503112793 391.4255065918 91.068565368652 867.43310546875 -620.8388671875 46.784397125244 749.07360839844 203.37745666504 -479.07730102539 -699.56622314453 
26.770643234253 -399.3489074707 -545.96508789062 -258.49002075195 794.82495117188 -791.07110595703 -568.72521972656 -506.50936889648 523.98681640625 -976.83331298828 317.54937744141 -853.37896728516 702.91644287109 948.98156738281 431.60250854492 -114.35381317139 
383.4006652832 459.85186767578 855.01263427734 -429.70431518555 607.83581542969 -803.09777832031 27.116107940674 -525.97833251953 28.271545410156 789.43243408203 -742.14703369141 226.46942138672 -488.70687866211 802.20001220703 -167.37739562988 347.56356811523 
-44.484390258789 -265.42041015625 -601.75390625 -867.98449707031 78.71662902832 5.1464953422546 903.42059326172 -791.59460449219 203.57012939453 676.36645507812 766.98834228516 -106.41351318359 795.16271972656 808.70574951172 349.6711730957 -717.19482421875 
137.07948303223 -278.04571533203 -654.41351318359 -58.715549468994 -589.66516113281 -896.92724609375 -887.68408203125 493.79614257812 -832.33081054688 -807.56146240234 -241.67700195312 723.80004882812 712.40411376953 -953.47827148438 158.83032226562 558.14245605469 
537.15032958984 -589.5185546875 39.101497650146 873.90008544922 904.03973388672 944.53881835938 704.57843017578 440.23428344727 212.37446594238 198.81219482422 -495.09350585938 347.45947265625 992.28839111328 -567.73992919922 802.30883789062 -90.962348937988 
-285.52389526367 286.02996826172 -292.31265258789 148.33891296387 934.91595458984 -95.154624938965 -670.29534912109 -299.78744506836 -854.59844970703 330.75131225586 -139.33436584473 -561.28546142578 185.53855895996 344.66729736328 223.33010864258 -778.43670654297 
167.66613769531 -147.53703308105 -166.38761901855 -970.93829345703 906.83239746094 276.53033447266 575.55523681641 179.06471252441 -558.51165771484 975.3515625 -761.17822265625 -712.83258056641 -212.52433776855 787.69055175781 538.45703125 -483.00357055664 
-807.95916748047 -966.68511962891 182.38238525391 -459.85131835938 -305.87896728516 -287.09555053711 158.02903747559 801.21392822266 648.90045166016 356.23187255859 309.11227416992 335.90618896484 814.11181640625 -493.16567993164 306.00494384766 714.26434326172 
-223.69293212891 385.16735839844 640.02020263672 326.78228759766 -437.40234375 -651.86999511719 314.28213500977 912.52746582031 401.56704711914 -225.9146270752 -150.73458862305 705.53308105469 355.32659912109 806.28997802734 -350.51458740234 33.813480377197 
503.76300048828 -562.41546630859 -446.65631103516 104.93295288086 573.56433105469 534.50396728516 -426.63815307617 599.15618896484 -132.41796875 -49.673595428467 910.02093505859 278.34115600586 -848.35723876953 -732.98913574219 506.64126586914 -273.22119140625 
