10 10
94.647827148438 -53.908714294434 -6.6658215522766 69.360130310059 -19.751377105713 -76.514259338379 -69.335891723633 -37.887805938721 -35.500904083252 60.298751831055 
70.991912841797 32.04993057251 48.071197509766 26.195997238159 44.528942108154 44.644718170166 -98.738899230957 -71.554100036621 44.462566375732 43.162090301514 
36.803634643555 86.107070922852 99.963447570801 14.651378631592 -81.761985778809 -78.219718933105 -72.896148681641 90.720085144043 -78.464530944824 50.933643341064 
31.813804626465 -23.246971130371 1.4943974018097 -82.90665435791 71.56127166748 58.637142181396 91.517936706543 24.021797180176 -60.430011749268 -34.762966156006 
2.8458268642426 -38.891532897949 89.740226745605 -83.068504333496 -69.71614074707 88.60888671875 34.841793060303 -75.841835021973 -47.480648040771 70.710426330566 
-97.77587890625 -45.084003448486 -57.387752532959 -67.953826904297 -18.5432472229 -42.216835021973 87.459060668945 -47.712539672852 -69.268615722656 -33.278045654297 
-92.092353820801 82.67472076416 42.351051330566 -10.499659538269 89.193572998047 -13.162909507751 -57.757961273193 -42.548580169678 -27.92080116272 -83.792991638184 
-28.88533782959 -91.580024719238 59.404106140137 -37.587547302246 -61.273712158203 -53.27632522583 -50.320671081543 79.557815551758 -77.075256347656 -11.79252243042 
-91.718734741211 5.6868762969971 14.798457145691 -84.738952636719 73.710983276367 13.907438278198 -37.481174468994 37.136051177979 -62.675971984863 87.76123046875 
-27.515247344971 61.847503662109 -43.843639373779 -85.811347961426 -77.147850036621 -29.789218902588 95.484329223633 -54.065601348877 -42.165161132812 -90.899604797363 
