16 16
0.54201036691666 7.7047581672668 0.067090652883053 -7.204282283783 6.6009163856506 0.63771605491638 -7.6428422927856 6.882652759552 9.7470083236694 -2.0060851573944 3.8044574260712 0.88100814819336 5.7274656295776 -2.6222751140594 3.3112006187439 0.77531754970551 
-8.9163417816162 -2.0787498950958 -0.36626902222633 6.5584554672241 7.304750919342 -2.8482937812805 -8.3646192550659 -7.7189016342163 1.6674048900604 -3.3020405769348 -1.9584813117981 1.8310735225677 6.4872751235962 2.7728080749512 9.9293117523193 -8.9078874588013 
-8.6457290649414 -0.49642616510391 -5.6139712333679 0.43714761734009 -3.0535578727722 -4.1899018287659 4.4194188117981 -0.1440981477499 -6.1858582496643 7.9709777832031 1.71510887146 -2.8910708427429 -5.9409365653992 7.7029042243958 6.3643360137939 4.1737871170044 
-1.1635642051697 -9.3615274429321 8.8289031982422 2.3050806522369 -1.7962174415588 -7.8773784637451 -4.3399205207825 4.4170379638672 -0.85267490148544 -7.6521911621094 6.9304032325745 -7.4126834869385 7.1657543182373 7.6023802757263 -9.4471387863159 1.4876203536987 
-3.7094857692719 -9.0691080093384 3.8832004070282 4.6993718147278 -1.0981522798538 -8.1024351119995 -8.2946300506592 7.6867156028748 -1.220402598381 5.6096472740173 -9.1741714477539 8.4256744384766 1.5052236318588 -5.4358124732971 -3.6262814998627 -1.2600433826447 
-0.12233773618937 -9.6334896087646 9.9420604705811 7.5153212547302 -3.1500947475433 0.14052076637745 -3.7001435756683 -6.781530380249 -6.8305959701538 -0.83000004291534 -4.3761940002441 -4.8725943565369 -8.8385591506958 -4.2205481529236 3.4361507892609 -7.1089615821838 
-4.6646037101746 6.3972263336182 -1.7003756761551 0.26315024495125 9.61305809021 6.6576104164124 8.1930294036865 -1.4446225166321 -6.530707359314 8.7215375900269 -0.45310410857201 -4.3585276603699 4.6862564086914 8.9522514343262 5.311972618103 5.4680204391479 
2.6284012794495 4.4748044013977 7.0446977615356 0.2971930205822 -2.6501231193542 8.1628608703613 5.5590896606445 -0.81532120704651 -2.1954724788666 2.9379141330719 2.1690154075623 7.0367412567139 -5.8295216560364 9.2375431060791 4.9276418685913 6.2783622741699 
-9.4323997497559 4.2815384864807 -9.0907621383667 -8.7415599822998 -7.4503879547119 -6.9095940589905 -3.7233555316925 -4.3759326934814 -7.6556453704834 1.7323913574219 7.6173548698425 5.3452787399292 0.78132694959641 -1.7588474750519 -2.8836419582367 -6.2732605934143 
0.72834193706512 5.2322344779968 -8.4077911376953 1.6781727075577 3.2428677082062 7.5614504814148 -4.9983525276184 1.0133583545685 -3.4815151691437 9.7224884033203 3.7030849456787 9.1445980072021 -4.0344343185425 4.8923540115356 0.47967267036438 -3.3380680084229 
-1.8026351928711 3.4117708206177 -1.799444437027 -1.0492939949036 7.3421730995178 -1.9079223871231 8.9773578643799 5.9289603233337 -4.0650215148926 -8.1283378601074 9.4094324111938 -8.4128837585449 -6.8603501319885 -2.2264316082001 8.1747808456421 5.7149791717529 
8.7831468582153 9.3665761947632 0.2645917236805 -5.6380219459534 0.69469898939133 8.0568990707397 5.3616809844971 -4.2560019493103 0.57583141326904 -2.1126520633698 2.785521030426 8.5110483169556 -8.244740486145 -0.26721459627151 -4.7337255477905 5.2904977798462 
-7.0780968666077 8.5113534927368 5.7620162963867 9.5295381546021 9.3642511367798 5.5583491325378 -1.9321737289429 -8.2539157867432 3.4178700447083 -9.774073600769 1.7800937891006 1.9115077257156 -8.4377737045288 3.7699790000916 5.2880158424377 1.8725111484528 
5.2301211357117 5.8347506523132 0.54167723655701 -7.9106569290161 5.6950197219849 1.1453622579575 -4.5203280448914 2.0893938541412 6.9868440628052 -9.4837446212769 -9.8817329406738 -5.2950353622437 -8.6290712356567 7.0769305229187 4.3184685707092 -1.8699026107788 
4.8493318557739 2.7071995735168 -2.2337021827698 2.9411115646362 -3.8118019104004 -7.9747400283813 0.72047305107117 1.3968728780746 -3.2511928081512 7.0069212913513 -1.9032294750214 -8.8982267379761 -2.1239984035492 0.83682960271835 4.288311958313 -7.4933085441589 
-5.0919289588928 -5.5549488067627 7.5829582214355 9.9536008834839 -6.9722452163696 -5.4135413169861 9.7137126922607 8.6308326721191 2.2444319725037 -6.1330208778381 0.99935853481293 6.9544553756714 -8.356014251709 -5.4730076789856 5.7587943077087 0.21780869364738 
