16 16
36.179695129395 -92.500289916992 -50.189754486084 89.381408691406 78.906509399414 -12.023797035217 62.154556274414 -67.962791442871 72.102783203125 65.200958251953 66.559356689453 72.890357971191 7.6515064239502 -95.88875579834 35.932563781738 21.447217941284 
20.564888000488 20.265277862549 45.220275878906 38.337551116943 83.688423156738 23.060247421265 14.944209098816 -60.131084442139 -83.275428771973 64.240867614746 -93.571990966797 29.274677276611 33.198570251465 97.880210876465 10.866236686707 -78.591812133789 
86.0576171875 -35.940898895264 46.693645477295 2.6086976528168 19.005168914795 -34.173851013184 42.672603607178 0.36078017950058 48.106674194336 23.333993911743 49.672924041748 -40.08869934082 -29.684888839722 24.565660476685 -48.848754882812 78.639556884766 
57.635059356689 2.3889148235321 -13.348063468933 96.949890136719 26.228101730347 -78.297309875488 92.531394958496 72.88988494873 18.761054992676 -33.079200744629 -33.62015914917 0.14495207369328 -3.6559820175171 9.0339374542236 68.460548400879 -33.505916595459 
65.990669250488 65.782730102539 -30.174615859985 60.359580993652 -93.234886169434 8.2739791870117 81.52326965332 -54.47025680542 -62.250198364258 -27.721363067627 -64.04549407959 18.129329681396 -52.197299957275 -54.392524719238 89.517768859863 -65.627906799316 
39.255233764648 -43.622257232666 24.848934173584 -3.2689709663391 60.510601043701 22.515575408936 97.920913696289 -42.188949584961 -84.453773498535 -72.82999420166 -56.041893005371 -92.98503112793 -22.982326507568 -8.0278453826904 -96.885986328125 48.871696472168 
-52.993560791016 41.863586425781 91.847831726074 -25.797847747803 -63.810359954834 56.058250427246 -49.050598144531 40.435001373291 -38.536083221436 49.969699859619 -61.639511108398 -0.5127888917923 82.318229675293 -20.499603271484 -57.966747283936 94.280876159668 
50.354988098145 16.716913223267 -13.083236694336 20.14771270752 -76.130615234375 57.403671264648 0.18886134028435 80.11653137207 -40.561012268066 -48.318962097168 -71.346878051758 -73.499847412109 97.839241027832 -28.346878051758 88.49382019043 7.1587200164795 
46.779186248779 88.678604125977 68.660285949707 -74.640510559082 -26.375539779663 -44.731033325195 79.887786865234 65.368354797363 4.1762709617615 -33.216529846191 -89.248985290527 91.844627380371 82.231109619141 -81.539657592773 21.760124206543 76.110816955566 
68.975563049316 98.110496520996 -6.3314065933228 -43.274494171143 -24.4752368927 -91.001335144043 13.843823432922 -73.41707611084 15.674495697021 76.153259277344 45.435932159424 -1.8410747051239 -14.961483001709 -1.5634036064148 -58.725425720215 31.611192703247 
52.01388168335 -74.96166229248 14.488569259644 -10.969004631042 -85.668067932129 16.304332733154 58.754978179932 -34.297687530518 96.140892028809 -80.986885070801 -87.750747680664 -7.0220832824707 -0.38926008343697 -49.702781677246 52.637825012207 85.944229125977 
-32.534481048584 59.446868896484 15.340606689453 -9.5770359039307 79.291610717773 -27.601602554321 53.329067230225 59.523643493652 -29.671758651733 16.508201599121 1.0419161319733 9.38392162323 -18.249946594238 28.174724578857 53.148693084717 0.21811613440514 
-24.291986465454 -75.367774963379 59.844203948975 87.234252929688 -98.54248046875 -53.22631072998 -51.010089874268 20.25043296814 -2.1870317459106 32.369201660156 -8.9198980331421 -8.7366933822632 73.716850280762 -58.187923431396 -87.134239196777 -6.1732568740845 
0.22692535817623 -14.432068824768 70.127418518066 -64.928298950195 50.718612670898 -27.389430999756 -20.718418121338 7.1093378067017 -6.3616213798523 9.2563419342041 -0.51052296161652 50.215763092041 -40.025356292725 -27.537042617798 3.09779047966 -18.055870056152 
74.108093261719 -61.748546600342 13.429406166077 5.2794728279114 -11.704077720642 -36.484176635742 -28.079570770264 -20.451772689819 -81.927017211914 59.894683837891 -12.980063438416 -33.283767700195 63.185554504395 -80.053466796875 10.310761451721 21.629655838013 
-94.405838012695 -60.446071624756 -88.966377258301 38.288223266602 -28.811592102051 -17.576725006104 28.965797424316 -78.73365020752 -74.828178405762 -42.815185546875 63.016506195068 -40.001129150391 -48.383331298828 -76.856880187988 -83.552520751953 -98.699844360352 
