16 16
-7.6117253303528 -4.2584972381592 -2.4016060829163 -5.4764089584351 -2.2692189216614 -3.5167155265808 -9.9757614135742 -7.2824935913086 4.7375273704529 -5.9549226760864 -7.8246431350708 0.18728967010975 9.4445095062256 1.9727153778076 -7.3399329185486 -5.2785992622375 
-9.2911233901978 -4.6429085731506 -9.6192436218262 1.4028942584991 -2.2565102577209 9.7729778289795 6.1858921051025 -6.1119251251221 -1.5752655267715 -6.6625175476074 1.1507576704025 5.6523218154907 -6.0165476799011 -8.6780958175659 2.6661491394043 -7.9918403625488 
3.8171849250793 -8.4099159240723 -5.1963548660278 -8.665584564209 0.019471241161227 -8.7159976959229 5.5135436058044 0.36640337109566 -9.5949306488037 -3.954638004303 -0.27114808559418 -2.334885597229 -4.3280849456787 4.450309753418 -8.1444988250732 1.7327034473419 
-0.23393119871616 -1.1123743057251 -1.5460041761398 -0.61674910783768 8.9018707275391 9.4722929000854 4.6820130348206 -4.5464091300964 -2.9404060840607 3.2780952453613 -0.45046094059944 -6.5719971656799 -7.0472598075867 -1.5524989366531 4.6046628952026 1.1048930883408 
5.5239057540894 -5.6707129478455 9.368127822876 -0.59539264440536 -1.8960409164429 0.82828706502914 -9.1886291503906 -5.0423526763916 -8.7808990478516 2.4044353961945 -8.8593502044678 1.5498561859131 -2.4606909751892 8.7432231903076 3.2892305850983 0.5059072971344 
-6.1032958030701 4.4664206504822 -6.9657878875732 -2.1419174671173 5.4606900215149 -7.0970482826233 -3.3967492580414 6.1620864868164 -3.0724956989288 -8.4563302993774 -0.62125015258789 -7.9489541053772 6.1969857215881 -1.4772778749466 -1.7859517335892 5.1841082572937 
-0.9378035068512 -6.9553942680359 0.83010399341583 5.3194918632507 -9.6581373214722 -8.6105737686157 7.6529593467712 3.4132797718048 -2.6512398719788 -3.8670592308044 -1.9212009906769 4.4731583595276 6.725293636322 -6.5473279953003 -4.2818465232849 5.2276005744934 
1.3784511089325 -0.95228898525238 8.2413120269775 -5.1525840759277 0.061747863888741 7.8885231018066 -8.8832836151123 3.6592814922333 -0.76520705223083 -7.8407158851624 2.2810897827148 6.4239101409912 -0.87229824066162 -1.3844079971313 -7.7423462867737 -2.3554632663727 
3.2410192489624 -7.0447754859924 1.8695224523544 -8.7421102523804 -9.8182554244995 -8.083607673645 7.0904369354248 -9.4941244125366 3.2216665744781 -3.3188483715057 -3.9934418201447 -3.5770955085754 -7.1881113052368 -3.034432888031 -5.3821620941162 8.0323448181152 
3.9800546169281 1.0025101900101 -4.9264965057373 5.9283595085144 -6.1283106803894 6.3308815956116 6.8410038948059 -6.9946508407593 -7.144317150116 7.5192503929138 -9.955904006958 -4.8835773468018 -9.6937913894653 4.7149705886841 3.5709254741669 7.6447477340698 
7.5998916625977 1.4310097694397 -3.6538064479828 -5.5198292732239 6.9408988952637 1.0669982433319 5.5586867332458 -5.3110876083374 5.0963845252991 1.9458760023117 -9.4138126373291 4.2157092094421 6.1549463272095 -5.9535026550293 3.7309670448303 2.273407459259 
-0.21492044627666 -7.5670056343079 -1.5082473754883 -2.568806886673 -7.2080540657043 -6.5105376243591 0.41465327143669 0.75097799301147 5.3052177429199 8.5698308944702 -0.9056955575943 -2.2421708106995 8.8080081939697 -3.1412041187286 -2.0410807132721 0.96955245733261 
6.5483808517456 1.356498837471 4.024347782135 8.9273977279663 5.4798245429993 -3.0156645774841 -9.9337120056152 8.2459030151367 6.7700114250183 -6.0353112220764 -2.7130880355835 -4.5824723243713 1.621398806572 -4.3839635848999 -8.2930431365967 -1.3188155889511 
3.9985766410828 -6.1224236488342 -1.0652178525925 -2.6965250968933 4.8745040893555 -7.9855570793152 -4.4354891777039 5.6994948387146 3.3894190788269 -6.160927772522 6.3221893310547 3.1193323135376 3.6184396743774 -8.1770429611206 4.5386452674866 -8.186110496521 
8.402551651001 -8.4965839385986 8.8352556228638 -0.6678346991539 6.6543068885803 2.0117852687836 4.8003163337708 -9.8961334228516 -3.580904006958 -0.37927216291428 -6.3540229797363 2.6747980117798 4.7880487442017 -6.4370188713074 -8.8964014053345 8.4779424667358 
-7.2925839424133 -4.2185382843018 1.3087193965912 -6.5414361953735 5.3796434402466 1.2463445663452 3.6288917064667 4.2589092254639 9.7937879562378 5.9998245239258 9.7592630386353 -9.5062818527222 -1.4443470239639 -4.7350916862488 -9.7113952636719 -7.5716824531555 
