16 16
716.41979980469 364.76080322266 -181.85075378418 136.32455444336 -714.5322265625 926.41455078125 -737.42071533203 -992.57684326172 203.67839050293 81.311485290527 654.68878173828 -199.42756652832 113.55037689209 -650.11450195312 -25.756731033325 482.75106811523 
-507.00479125977 800.69403076172 -46.739269256592 -424.49200439453 62.261352539062 935.48541259766 896.44866943359 277.88214111328 666.52203369141 31.19774055481 -701.44787597656 858.54309082031 -834.96539306641 302.32348632812 -692.88812255859 -273.44296264648 
813.88854980469 -831.49157714844 -769.79180908203 538.74639892578 -509.56008911133 -42.94246673584 -398.12911987305 -977.31573486328 -231.64533996582 150.11697387695 -902.70227050781 -825.66650390625 408.0959777832 -582.70404052734 375.77304077148 575.87249755859 
-451.51666259766 134.79125976562 -760.47601318359 642.16320800781 -42.908374786377 827.47265625 -115.72108459473 956.55004882812 344.21612548828 -356.12582397461 -679.01452636719 782.78002929688 -106.71702575684 515.52490234375 193.75614929199 729.56982421875 
171.56954956055 -921.55334472656 -104.7430267334 -388.53216552734 957.07672119141 -806.12707519531 -917.86645507812 556.02319335938 289.73544311523 -959.16192626953 -79.45011138916 -17.090368270874 509.60702514648 844.40020751953 863.861328125 -879.26824951172 
641.32556152344 -711.77868652344 294.49514770508 -283.48666381836 -571.95263671875 -983.345703125 -551.38031005859 -983.53845214844 477.14041137695 -289.79055786133 -671.97296142578 486.13760375977 -319.95977783203 -354.55026245117 612.66247558594 -461.23565673828 
-763.74298095703 -103.04504394531 573.50543212891 52.023670196533 942.82379150391 500.68374633789 463.0803527832 -841.8955078125 -67.836074829102 385.50469970703 357.0234375 717.78881835938 -234.75735473633 972.75067138672 65.493675231934 -53.263027191162 
-466.08935546875 -348.17456054688 967.96319580078 -891.23010253906 652.14068603516 61.844589233398 -766.36822509766 369.91137695312 690.85675048828 751.12841796875 -638.87115478516 554.26989746094 -57.844520568848 477.1716003418 -387.70980834961 3.6918818950653 
-59.915893554688 -434.47134399414 881.93017578125 -6.3159918785095 311.39923095703 251.11317443848 866.42236328125 -395.07949829102 -957.68035888672 -628.41149902344 -396.05438232422 419.58346557617 680.47344970703 -589.02941894531 286.79693603516 954.02258300781 
-749.41589355469 -835.70446777344 -439.13989257812 -181.63050842285 743.34167480469 188.62817382812 -157.86158752441 -282.17742919922 -317.55139160156 -17.385448455811 -512.63641357422 176.78825378418 -991.99047851562 757.33905029297 645.09027099609 -359.99365234375 
-664.06646728516 -247.06448364258 232.07160949707 594.60772705078 -735.59234619141 -604.64929199219 22.651542663574 -274.86724853516 13.964798927307 168.1075592041 403.40731811523 142.38656616211 0.81891947984695 510.61538696289 749.25634765625 -342.54025268555 
317.60791015625 -363.02893066406 -745.43640136719 -320.97036743164 394.38342285156 -397.62380981445 -824.67340087891 228.23080444336 661.67102050781 -528.14392089844 120.28483581543 -615.73400878906 4.9978666305542 416.36785888672 504.21105957031 -598.42181396484 
-844.95825195312 -50.265880584717 -242.95324707031 929.91333007812 -580.45660400391 -746.15881347656 201.1925201416 86.036949157715 894.37847900391 -869.13342285156 -741.62731933594 732.11480712891 -324.25634765625 624.60119628906 646.45977783203 -736.60833740234 
584.36987304688 27.533275604248 473.84646606445 -876.27032470703 -110.95886993408 256.47720336914 -195.72846984863 -688.30645751953 -434.95733642578 -383.29391479492 800.47711181641 477.93051147461 776.86590576172 -468.49166870117 260.1337890625 900.32708740234 
-316.9658203125 -433.62588500977 136.72491455078 994.78704833984 -180.11396789551 -127.2613067627 -952.53131103516 -199.67105102539 -503.78225708008 729.21563720703 -910.54693603516 -123.3479309082 267.21505737305 511.0774230957 -354.05450439453 198.7993927002 
303.00933837891 -480.10223388672 -820.78002929688 -226.29763793945 619.06610107422 -968.53198242188 -34.554992675781 -645.19500732422 813.8037109375 -131.58389282227 501.86935424805 -418.15542602539 630.66589355469 -939.78930664062 -457.33285522461 -590.13787841797 
