16 16
-60.790214538574 -6.2332954406738 13.500447273254 -61.28568649292 26.404275894165 -2.8323211669922 52.020530700684 90.451042175293 93.458740234375 -13.399600028992 -48.274696350098 66.327110290527 99.399230957031 -51.009368896484 -34.550743103027 -79.541397094727 
82.446212768555 -89.943374633789 5.0258226394653 -3.0640470981598 -58.575355529785 -67.815132141113 -10.377654075623 -51.994548797607 86.198181152344 59.157554626465 26.791595458984 -42.867835998535 31.06324005127 34.444774627686 -53.566226959229 -9.6907062530518 
-0.71954154968262 44.96342086792 -44.298484802246 62.721946716309 -34.057292938232 8.9008922576904 9.3249015808105 12.009322166443 70.150833129883 -25.229606628418 -54.535911560059 84.848899841309 -48.520122528076 -17.968002319336 89.105712890625 -93.498565673828 
-37.137889862061 77.690063476562 19.039730072021 53.117210388184 -86.532188415527 82.032318115234 -4.1439085006714 -15.64587688446 -66.861351013184 92.041839599609 -54.472255706787 12.491056442261 -66.678062438965 63.329738616943 -74.669410705566 89.765716552734 
-23.808881759644 -46.731292724609 68.780700683594 -65.590538024902 47.052383422852 -14.882670402527 -12.604276657104 -54.980728149414 84.051193237305 55.29940032959 69.137252807617 1.1540147066116 87.87272644043 -57.197353363037 84.884407043457 92.038581848145 
-98.622749328613 -44.770725250244 66.981201171875 -74.989250183105 -10.532608032227 48.189525604248 47.705074310303 63.056930541992 77.928489685059 61.546340942383 6.0492205619812 63.431011199951 63.324882507324 62.048267364502 42.202205657959 60.319828033447 
-84.17813873291 -48.526489257812 69.406776428223 -85.307693481445 -18.245113372803 30.983854293823 21.560222625732 -95.826232910156 -56.425960540771 86.474113464355 83.144142150879 65.268272399902 73.070068359375 -73.65291595459 -11.706920623779 57.420291900635 
63.396141052246 -38.570816040039 -43.535217285156 65.080589294434 -81.414443969727 -75.788497924805 -39.60648727417 -72.20149230957 41.262050628662 66.537498474121 78.96768951416 -27.770957946777 69.92603302002 67.453147888184 48.964576721191 64.21524810791 
-47.644805908203 44.666976928711 -66.715270996094 99.234313964844 -50.009819030762 86.90567779541 91.069297790527 -59.865371704102 52.595237731934 -41.724639892578 -33.49068069458 -8.3252725601196 -39.809406280518 -84.344100952148 58.007629394531 44.559230804443 
70.104560852051 7.1107997894287 -38.48429107666 -87.978149414062 -50.502899169922 37.351314544678 91.667465209961 -27.318103790283 -81.437683105469 -45.325248718262 41.554683685303 -88.713340759277 42.607646942139 -39.918327331543 17.645484924316 -99.434410095215 
96.418167114258 -2.332596540451 75.838333129883 67.411170959473 -14.092076301575 -72.811889648438 -14.808583259583 54.132331848145 39.06901550293 -17.995800018311 -54.919948577881 84.605445861816 -16.315238952637 85.363960266113 38.055652618408 24.658388137817 
79.755676269531 10.565815925598 19.836772918701 92.330230712891 -30.172548294067 55.453247070312 -4.1979050636292 -55.325248718262 77.571853637695 -13.077997207642 5.2654762268066 -66.040962219238 46.716259002686 -9.4272603988647 82.221138000488 66.912384033203 
-4.3366508483887 -81.703308105469 17.833137512207 8.895471572876 95.564956665039 30.166122436523 -22.296855926514 -79.681518554688 70.908363342285 49.459426879883 -99.670539855957 29.177877426147 -87.167129516602 3.6581859588623 49.547859191895 -72.286148071289 
35.195972442627 -92.28938293457 -21.349645614624 -44.29467010498 18.610227584839 28.747060775757 -73.108764648438 90.05770111084 -46.96284866333 -94.776550292969 -36.072917938232 -81.878662109375 7.6343989372253 -35.011878967285 42.513114929199 -39.328086853027 
-91.201995849609 -88.881492614746 -72.044151306152 16.717309951782 85.582901000977 7.9225478172302 53.368843078613 -0.64456105232239 -81.09496307373 68.569412231445 -4.0324563980103 37.803512573242 -62.261333465576 59.34822845459 -51.225170135498 -81.632530212402 
91.622695922852 -72.835983276367 -66.526084899902 14.646371841431 66.35131072998 95.651420593262 20.615127563477 -15.868019104004 24.359119415283 50.502388000488 -66.928558349609 -54.27165222168 51.45227432251 -94.959129333496 58.273391723633 -53.072090148926 
