16 16
4429.9521484375 4467.2094726562 1881.6447753906 -1101.9947509766 -5261.0859375 -3572.99609375 -4022.0766601562 -3156.7004394531 8524.1103515625 -5122.2529296875 -4152.9072265625 -6263.568359375 -4894.6547851562 7386.513671875 689.13684082031 9464.8603515625 
5301.52734375 7295.4423828125 9582.294921875 -941.18878173828 9247.76953125 -1335.3013916016 9997.6552734375 -7158.07421875 9180.044921875 -1424.5093994141 4331.5190429688 135.51519775391 -9808.3173828125 4788.90234375 5729.9306640625 -4237.8076171875 
-2252.4138183594 -9160.2255859375 -8429.6162109375 3099.1479492188 1498.6335449219 38.068141937256 -6909.4809570312 -5055.0874023438 -6473.4672851562 8320.2275390625 -9193.6416015625 -5483.3984375 8695.0966796875 4503.4057617188 -1699.0560302734 5217.533203125 
-2349.9655761719 9533.01171875 4363.4731445312 4140.5209960938 6448.1518554688 -1296.4965820312 -9421.115234375 6233.314453125 7966.6635742188 -8212.5771484375 -6896.4370117188 -2007.2023925781 7149.8764648438 -4223.8530273438 6851.7182617188 3812.1159667969 
8756.4951171875 8428.1103515625 -5996.1396484375 -3772.3171386719 -6820.3569335938 -4752.5107421875 -7924.82421875 -9633.1787109375 4477.2021484375 418.19866943359 -9391.626953125 8253.2607421875 5791.7890625 7599.2744140625 3639.7885742188 -1602.5780029297 
-1704.7264404297 -6412.4423828125 -3709.7839355469 -3849.5395507812 -3978.638671875 7369.494140625 -5669.947265625 6523.60546875 -2004.7232666016 1201.9775390625 -1939.1850585938 -6534.8286132812 -7091.0229492188 5475.6982421875 1120.6748046875 8761.072265625 
1281.7739257812 4394.0678710938 1489.4852294922 -7050.0170898438 -8072.1958007812 -4786.8403320312 -3745.7722167969 1140.4714355469 4768.2646484375 2342.9487304688 6694.7392578125 -7704.3676757812 3450.6018066406 -7088.732421875 1385.8961181641 838.12731933594 
-8983.0634765625 -3018.5805664062 -1429.5991210938 -3738.9174804688 -6787.369140625 -6601.9692382812 -2814.3151855469 4894.2177734375 -8569.8876953125 1844.953125 -7830.3090820312 -2341.5576171875 2237.3420410156 8911.2470703125 -2164.2026367188 -2254.0759277344 
-990.68780517578 -4044.2646484375 6489.6372070312 -9243.837890625 -2008.9107666016 5202.4057617188 5819.4897460938 4398.228515625 -5481.9604492188 -5114.9282226562 3482.5034179688 4440.4345703125 -4083.1013183594 6695.3759765625 9475.6767578125 2362.0322265625 
7818.3989257812 9498.2509765625 7947.8349609375 5114.0942382812 5101.7294921875 -2405.4509277344 -6504.4438476562 8241.548828125 -5406.1166992188 -9515.845703125 -5503.02734375 3554.0205078125 -4471.4345703125 -6732.9604492188 6387.1069335938 -5254.0107421875 
-63.424251556396 -6406.0883789062 -9546.4130859375 9368.3486328125 2607.5666503906 8144.9614257812 2769.1774902344 -2566.9248046875 5448.1391601562 -2889.7270507812 7503.3979492188 -9144.8095703125 8283.0537109375 8621.087890625 6550.0551757812 8724.798828125 
1042.169921875 3326.8171386719 -7201.1206054688 -3477.1872558594 7222.3510742188 382.3125 8316.427734375 849.90325927734 -8886.4091796875 7083.9936523438 6303.1831054688 -9012.5771484375 -3454.3806152344 6178.2104492188 5409.599609375 -9872.998046875 
6036.6186523438 6619.8989257812 3732.8911132812 6557.162109375 4575.3081054688 -6667.046875 -3087.2529296875 102.40617370605 -8777.46484375 48.66881942749 -1911.8682861328 9513.05078125 -549.59289550781 1715.4545898438 8192.68359375 7948.9086914062 
-4548.4462890625 8190.0483398438 -884.68811035156 241.23123168945 -8991.4892578125 1885.5561523438 -5943.4672851562 -2842.6149902344 7046.8447265625 -8684.998046875 -5709.3330078125 -2649.6123046875 -1444.3229980469 -3863.3120117188 6101.599609375 5245.3618164062 
6875.7475585938 2673.5856933594 4507.3525390625 1435.3411865234 -2423.5554199219 1599.4654541016 -7089.8916015625 -8189.1079101562 -9281.6708984375 61.724510192871 2660.8737792969 7895.0581054688 8820.326171875 -4865.9584960938 -2425.2844238281 -6877.7143554688 
-1439.4167480469 -8373.9443359375 5174.6694335938 7031.6865234375 6935.0258789062 8824.890625 2454.4682617188 5224.5942382812 2906.2502441406 -8390.3212890625 4888.2646484375 -8501.685546875 9782.1455078125 6745.2783203125 -5456.6411132812 -5553.7553710938 
