10 10
0.6494854092598 -0.77920711040497 -0.10794910788536 0.0086606219410896 0.83185535669327 0.45919248461723 -0.24265004694462 0.91806983947754 -0.2121724486351 -0.7006863951683 
-0.1691248267889 0.9394268989563 -0.25705674290657 0.9318608045578 -0.51112949848175 0.2026059627533 -0.20003944635391 -0.86475396156311 0.56536346673965 0.855304479599 
-0.13135994970798 -0.84236407279968 0.19332841038704 0.13263028860092 -0.76565861701965 0.98598110675812 -0.26191332936287 0.40481677651405 -0.66093534231186 0.31493511795998 
-0.76429826021194 -0.23748049139977 0.2235991358757 -0.17204733192921 0.2682129740715 0.66868335008621 -0.35239788889885 0.06850940734148 -0.86534118652344 -0.11482363194227 
-0.89531898498535 0.44373995065689 0.29166263341904 -0.64474731683731 -0.94881093502045 0.34886693954468 0.80105763673782 0.39844870567322 -0.65413504838943 -0.61334896087646 
0.35269647836685 0.13917936384678 -0.31934705376625 0.78410947322845 -0.20584012567997 -0.5193213224411 0.14597009122372 -0.83452594280243 -0.49386224150658 -0.333370834589 
-0.93066149950027 0.43422305583954 -0.44238576292992 0.10427562892437 -0.55138701200485 -0.81132531166077 -0.99102991819382 -0.85754120349884 -0.36089709401131 0.010636354796588 
-0.90116637945175 0.93257653713226 -0.23549801111221 0.3999217748642 0.5668483376503 -0.051775313913822 0.94386202096939 0.59072184562683 0.19734363257885 -0.18028180301189 
0.94683432579041 0.46198225021362 0.39835143089294 0.148796454072 0.58821129798889 -0.73552894592285 -0.70871025323868 -0.38187384605408 0.22680103778839 0.17949636280537 
-0.70938873291016 0.74797183275223 0.44909334182739 -0.06130213662982 -0.42342984676361 0.95642131567001 0.062482248991728 -0.39167925715446 0.75473231077194 -0.96443617343903 
