10 10
40.535533905029 83.244018554688 461.35998535156 -504.2177734375 600.57006835938 -406.43463134766 -896.86431884766 -241.98764038086 -892.439453125 878.47015380859 
414.15231323242 -72.778106689453 784.95141601562 502.99008178711 68.301483154297 -194.01354980469 -116.48285675049 -137.19847106934 106.38098144531 -991.99499511719 
-989.29968261719 302.24859619141 647.212890625 -429.91839599609 558.43347167969 -52.848880767822 843.20538330078 -26.68208694458 -639.66766357422 -171.02839660645 
321.15731811523 52.390113830566 -471.97174072266 162.95260620117 -964.77642822266 -100.97969055176 185.64585876465 31.793643951416 643.46148681641 676.92614746094 
-351.4775390625 452.61904907227 243.23429870605 234.70233154297 783.51287841797 -371.43502807617 965.48083496094 -632.94134521484 -673.923828125 -796.43389892578 
-170.58416748047 556.60180664062 679.15905761719 -499.72222900391 -570.98559570312 121.58404541016 -41.844871520996 866.70861816406 -567.68243408203 -540.54644775391 
985.64367675781 504.39892578125 341.88714599609 60.326694488525 700.58654785156 320.92520141602 -712.01525878906 320.52496337891 537.4267578125 162.09829711914 
-856.49426269531 -415.68246459961 295.21710205078 -525.30810546875 803.68664550781 348.20053100586 -286.58712768555 415.93899536133 210.3021697998 -437.59921264648 
-881.56256103516 -283.33297729492 938.86065673828 66.991317749023 248.50408935547 -374.76574707031 -932.85882568359 -782.25231933594 -911.06988525391 565.55004882812 
-812.38861083984 724.14154052734 -530.1728515625 -641.54193115234 84.933158874512 357.83734130859 724.80303955078 -65.450630187988 792.99163818359 578.9873046875 
