10 10
-33.494548797607 -15.744020462036 90.079292297363 -40.581615447998 73.962196350098 9.376672744751 64.607749938965 -62.897762298584 -85.46728515625 -75.962463378906 
-31.327432632446 22.540155410767 -26.160190582275 -44.416954040527 21.283433914185 -85.63606262207 -69.453056335449 58.472873687744 19.595836639404 -28.135671615601 
27.211706161499 -63.821685791016 32.882102966309 8.0464200973511 -90.691719055176 38.259860992432 -70.256469726562 31.147895812988 14.653633117676 28.350275039673 
-74.738380432129 -32.958923339844 -32.265991210938 60.123287200928 -53.111438751221 -8.3645153045654 -13.409054756165 1.8584249019623 55.990612030029 -75.541793823242 
-52.128147125244 42.525936126709 27.120138168335 -44.62126159668 -8.6419858932495 11.314509391785 -60.144775390625 -50.20885848999 54.23966217041 44.453815460205 
58.280437469482 2.8510036468506 66.845596313477 -67.692527770996 98.124885559082 -10.464668273926 -83.467460632324 89.674873352051 76.642288208008 60.968296051025 
25.629444122314 -79.253646850586 -38.033893585205 -70.543548583984 95.62085723877 26.705266952515 46.482799530029 91.240081787109 16.715225219727 -34.627014160156 
47.457637786865 -8.3600778579712 -88.181694030762 -99.315559387207 -76.359794616699 -14.805727005005 -75.870056152344 -65.613189697266 73.498901367188 -28.678552627563 
-50.934307098389 30.959146499634 33.821647644043 -33.543342590332 80.156845092773 -79.399719238281 9.8709783554077 -0.17215172946453 -9.7244482040405 62.983070373535 
0.21526671946049 45.145214080811 -23.094457626343 -89.807556152344 -5.6947422027588 0.064121194183826 8.72434425354 48.72537612915 -51.202369689941 76.447448730469 
