16 16
-215.36668395996 922.01263427734 296.54263305664 -87.458282470703 -248.44488525391 250.67433166504 -693.26104736328 -163.25994873047 -322.37216186523 -957.33807373047 391.77383422852 -324.18148803711 781.25531005859 -358.19247436523 549.86950683594 4.8883285522461 
63.290927886963 -999.71789550781 297.17193603516 845.87176513672 28.735982894897 113.42935943604 946.93719482422 252.33438110352 -474.53067016602 277.05645751953 -702.23425292969 697.91033935547 -225.47059631348 -819.37298583984 373.0078125 2.2151668071747 
-663.28869628906 51.441917419434 883.71942138672 -167.10176086426 754.86059570312 502.64202880859 904.31896972656 523.38159179688 -977.67529296875 85.084854125977 698.53521728516 -202.35433959961 -346.0009765625 801.54418945312 682.22241210938 -226.73098754883 
571.56872558594 660.90893554688 766.88580322266 768.67449951172 691.28607177734 -602.77313232422 -321.3069152832 763.12786865234 999.54364013672 859.70959472656 382.02108764648 264.85119628906 -812.45660400391 -176.54849243164 628.69158935547 441.55334472656 
651.45263671875 162.71873474121 -2.1640577316284 -515.22308349609 -364.115234375 706.87713623047 -24.24440574646 197.76948547363 -345.66989135742 -106.72543334961 999.55822753906 -522.68530273438 -688.32983398438 936.095703125 730.59692382812 373.93145751953 
456.84353637695 451.79913330078 -42.893070220947 14.140909194946 930.17895507812 438.72952270508 -324.04739379883 385.18084716797 458.70904541016 857.80548095703 908.31707763672 934.78350830078 642.47998046875 -127.62626647949 -454.28790283203 594.81140136719 
-344.9328918457 839.04132080078 -846.33343505859 753.45458984375 879.267578125 -108.44171142578 92.204383850098 275.95614624023 375.30703735352 991.87298583984 -702.83020019531 -939.40020751953 -23.088151931763 660.09600830078 770.09149169922 46.171352386475 
-640.28869628906 173.88526916504 556.93389892578 461.36904907227 397.30743408203 -860.75549316406 -664.09533691406 -857.61340332031 -2.6559703350067 -583.65460205078 664.67559814453 -636.14599609375 262.69314575195 975.29766845703 304.19625854492 729.51959228516 
-836.64282226562 33.110248565674 199.71546936035 -80.829040527344 -146.27284240723 -202.73899841309 939.51385498047 872.56121826172 204.96441650391 536.24084472656 -914.96728515625 802.18402099609 -528.76055908203 661.32373046875 -919.16943359375 -52.715801239014 
96.781204223633 -223.029296875 420.84298706055 -149.78526306152 -742.34503173828 769.22338867188 -37.274192810059 -530.02142333984 257.99911499023 -172.77688598633 399.55578613281 -768.11352539062 -732.33392333984 -837.41387939453 793.62377929688 897.46655273438 
456.84243774414 -823.48291015625 -581.05590820312 -66.129730224609 -449.28164672852 -510.15802001953 -428.68109130859 190.54531860352 -714.41333007812 261.65438842773 369.95492553711 496.86352539062 -314.56585693359 -884.43957519531 -984.91455078125 454.14544677734 
-320.35540771484 287.50109863281 853.55249023438 40.554828643799 -342.12838745117 -950.54058837891 -139.4528503418 -727.84020996094 -737.46813964844 540.98522949219 580.98950195312 -547.67852783203 -808.03393554688 855.81140136719 621.41479492188 -253.81352233887 
511.96801757812 -652.34185791016 -338.44680786133 -74.432144165039 -4.9903450012207 -802.18438720703 584.35882568359 846.99591064453 272.46102905273 750.40789794922 781.85522460938 809.80322265625 785.03375244141 -658.05438232422 438.76501464844 339.03164672852 
-352.94815063477 -525.02099609375 669.10278320312 966.29791259766 492.78009033203 955.39038085938 -467.13079833984 919.44586181641 -86.77059173584 692.83959960938 483.99447631836 -561.95080566406 -599.48498535156 -211.80429077148 -386.52334594727 140.0858001709 
914.27362060547 -417.38980102539 901.99005126953 -475.36337280273 360.39477539062 -302.68374633789 998.47845458984 -357.5114440918 935.37902832031 49.937320709229 -612.38360595703 -448.34701538086 30.010540008545 -420.34448242188 -742.69274902344 229.90225219727 
304.69155883789 773.0126953125 966.65747070312 -511.15948486328 -914.45806884766 -854.15838623047 668.50170898438 -538.14794921875 -378.55294799805 709.23071289062 -550.36749267578 -134.6395111084 284.67837524414 724.69732666016 248.85339355469 165.98577880859 
