16 16
-88.26286315918 -46.350532531738 -23.365894317627 -14.607990264893 31.230401992798 93.927978515625 -68.800079345703 -20.345748901367 97.243240356445 16.871065139771 26.84228515625 -52.62281036377 -1.6929836273193 76.618965148926 69.928169250488 89.518020629883 
-67.15079498291 61.089065551758 -76.711151123047 -7.833188533783 52.537422180176 86.525993347168 55.115013122559 -93.698173522949 -89.65145111084 -67.573677062988 -1.8542623519897 49.072284698486 -11.252431869507 88.998497009277 -45.543933868408 30.68408203125 
-29.809532165527 -75.044654846191 -12.805458068848 -79.081535339355 -10.817481040955 14.107995986938 -88.83625793457 86.182464599609 -54.026996612549 32.90128326416 -24.418788909912 -70.444778442383 94.395698547363 -61.958801269531 68.108955383301 91.255027770996 
-54.595878601074 48.911911010742 -93.549247741699 -63.480827331543 97.239784240723 50.241195678711 -5.7439951896667 83.905235290527 -72.696418762207 85.683403015137 42.375759124756 67.044219970703 77.243011474609 -87.884346008301 -79.934455871582 -30.350126266479 
75.180053710938 -58.398399353027 -35.796642303467 -74.009498596191 72.011001586914 92.598083496094 71.970664978027 -60.315460205078 66.771759033203 25.262138366699 -89.456596374512 -89.554077148438 20.925127029419 37.195251464844 18.700456619263 39.216411590576 
-83.939796447754 -98.932113647461 -29.23589515686 -96.820922851562 45.919128417969 29.207361221313 -23.636632919312 -71.689277648926 -66.673057556152 -11.984745025635 23.469528198242 20.177852630615 15.12721824646 40.667858123779 -5.2055940628052 13.838569641113 
-94.54076385498 -34.36474609375 6.4577417373657 -83.207977294922 -52.831680297852 -94.522659301758 57.888034820557 88.541870117188 92.6572265625 -23.994602203369 -6.4491505622864 29.855739593506 10.960186004639 43.185131072998 -80.736053466797 23.973901748657 
29.052272796631 -42.733013153076 88.992362976074 85.95157623291 8.7531251907349 83.322563171387 -76.355667114258 -91.949378967285 7.7688827514648 72.352676391602 5.9105067253113 70.278961181641 -31.880224227905 96.740081787109 35.877113342285 -38.518909454346 
89.557823181152 17.491662979126 -38.424877166748 -39.960670471191 -4.0395002365112 -31.048189163208 -87.727394104004 60.107769012451 -44.511596679688 -45.784328460693 -14.74493598938 -25.686288833618 -39.969055175781 -30.292818069458 -70.414184570312 -90.007080078125 
39.476787567139 65.096130371094 21.47837638855 -24.249940872192 87.45890045166 63.729076385498 -61.205513000488 -0.77477151155472 -62.680221557617 43.539489746094 31.458587646484 21.858455657959 17.182281494141 -62.278873443604 35.274547576904 -1.8533602952957 
-26.067235946655 18.11351776123 -43.975517272949 -23.694339752197 -36.994815826416 -42.440399169922 17.476007461548 76.751731872559 -1.2953443527222 -91.285118103027 -40.228832244873 -99.702987670898 -31.878440856934 39.04626083374 20.357334136963 25.059001922607 
-19.908708572388 64.990982055664 -96.687492370605 47.974578857422 64.407585144043 -61.162090301514 7.0818996429443 -24.381973266602 63.010467529297 -4.7497034072876 -36.8464012146 -70.31428527832 -19.517105102539 21.448648452759 36.170780181885 -89.758613586426 
-83.056129455566 -35.114070892334 -30.490362167358 -4.0157961845398 60.743011474609 92.720840454102 28.252809524536 -25.519334793091 -87.951683044434 74.166007995605 -44.769508361816 -24.183755874634 -46.466461181641 -85.593147277832 1.3196020126343 86.658348083496 
-53.514484405518 8.9867296218872 82.844253540039 -44.908744812012 -27.821619033813 -69.391510009766 61.919227600098 74.362831115723 -17.580888748169 17.786087036133 -1.7400274276733 5.4182858467102 -72.627380371094 -71.432540893555 17.02592086792 -79.136642456055 
82.468879699707 73.369422912598 82.525588989258 74.006645202637 -31.118947982788 -19.394220352173 -8.4105911254883 80.845542907715 -59.174346923828 22.137720108032 -11.52771282196 21.330387115479 -59.711048126221 35.481513977051 -66.578430175781 -39.403156280518 
-83.21809387207 88.619537353516 84.784965515137 37.686233520508 -28.785797119141 52.904640197754 -34.274147033691 -41.451065063477 -77.774635314941 -62.777660369873 -9.3723983764648 -66.724609375 54.421314239502 37.572647094727 -7.0339794158936 75.632469177246 
