16 16
0.71144849061966 0.98497354984283 -0.45498061180115 0.62281656265259 0.88706433773041 0.54067718982697 -0.084767870604992 0.76031064987183 -0.38589239120483 0.34685808420181 0.26447913050652 0.60080754756927 -0.020486555993557 -0.74023848772049 -0.66857433319092 -0.82326948642731 
0.85155475139618 -0.51984012126923 -0.79802191257477 -0.93755000829697 0.094303041696548 -0.93127048015594 0.82716834545135 0.54623264074326 -0.55869823694229 -0.71747452020645 0.11753981560469 -0.060060136020184 0.25421178340912 0.9391884803772 0.4487222135067 0.82510805130005 
0.80817729234695 0.72378718852997 -0.52332204580307 -0.99117070436478 -0.037631165236235 -0.065405048429966 0.61943829059601 0.40690019726753 0.7612053155899 -0.43940606713295 0.59017950296402 0.60447520017624 -0.0024658686015755 -0.93661624193192 0.052428837865591 0.31630432605743 
-0.79291349649429 0.4985100030899 -0.11146840453148 0.2200403213501 0.69589275121689 -0.6510546207428 -0.37746232748032 0.90901863574982 0.053896136581898 0.073750153183937 -0.30918154120445 0.10767310112715 0.70775854587555 0.41588377952576 0.72235292196274 0.73072010278702 
0.94653522968292 0.28996229171753 0.25830852985382 0.78773200511932 0.59649568796158 0.70387870073318 -0.038887102156878 0.57588022947311 0.27759340405464 -0.63545143604279 0.74539315700531 -0.846475481987 0.67296135425568 -0.8542582988739 0.024655928835273 0.54890149831772 
0.67889493703842 0.92505866289139 -0.27056527137756 -0.29637533426285 0.80435878038406 -0.88282370567322 -0.85580259561539 -0.36540025472641 0.60229754447937 0.55866032838821 0.44358319044113 -0.82117336988449 0.51683127880096 0.81833553314209 -0.84671413898468 0.10069854557514 
-0.69688111543655 -0.12355041503906 -0.2225811034441 0.96268934011459 -0.77815818786621 -0.99261909723282 0.27073577046394 0.28814840316772 0.93052273988724 0.82781422138214 -0.0047286218032241 -0.65427309274673 -0.86380612850189 -0.77550822496414 -0.70499211549759 0.94974011182785 
-0.30049499869347 0.50899291038513 0.77845793962479 0.63175523281097 0.48888143897057 0.50246471166611 0.96937251091003 -0.68714225292206 -0.97891861200333 -0.81270051002502 -0.18035963177681 0.45321956276894 0.76990932226181 -0.72949111461639 0.23077814280987 0.43003779649734 
0.57107263803482 0.70173311233521 0.95863407850266 -0.19470424950123 0.82306545972824 0.30318936705589 -0.76519846916199 -0.11784018576145 0.21886992454529 -0.5420441031456 0.43225410580635 -0.16748854517937 -0.55791717767715 -0.089877158403397 -0.45519623160362 0.38801944255829 
-0.3161147236824 -0.7556124329567 -0.31671646237373 -0.83607119321823 0.50715959072113 -0.062327317893505 0.048028495162725 0.58293104171753 -0.21344088017941 0.64927452802658 -0.056981764733791 0.34732219576836 0.40589147806168 -0.2715570628643 -0.01870278455317 0.26009953022003 
-0.6783841252327 0.61048352718353 -0.25648909807205 -0.85276305675507 0.06918016076088 -0.72429692745209 0.43312671780586 -0.16038958728313 -0.35358023643494 -0.63265651464462 -0.5764052271843 -0.75881081819534 -0.42164665460587 0.38723629713058 0.070136971771717 -6.8344837927725e-05 
0.87247163057327 -0.89552503824234 -0.57812118530273 0.70687419176102 -0.57899850606918 0.13061113655567 0.71186989545822 0.4603451192379 -0.56401091814041 -0.58313292264938 0.94608819484711 0.029887806624174 -0.25290033221245 -0.94376891851425 0.076121553778648 0.029833937063813 
0.68318802118301 0.1140313372016 -0.37482193112373 0.031438156962395 0.70172041654587 0.84478425979614 0.097330771386623 0.053060464560986 -0.64928805828094 -0.55735319852829 -0.018707631155849 -0.75763118267059 -0.56855595111847 0.31933838129044 -0.72779333591461 0.66964143514633 
-0.46919372677803 -0.6940239071846 0.52887767553329 0.99963587522507 -0.84464609622955 -0.96966987848282 -0.98715221881866 -0.39541110396385 -0.35387176275253 0.16307637095451 0.44936221837997 0.99457371234894 0.79506319761276 0.31315559148788 0.92175418138504 -0.25026586651802 
-0.58377802371979 0.3446142077446 -0.15613183379173 0.40308648347855 0.016159765422344 -0.28785744309425 -0.53396159410477 0.094114378094673 -0.16817077994347 0.95181614160538 0.97641813755035 0.75079429149628 0.23873859643936 -0.1034767255187 0.77211105823517 -0.13338600099087 
0.45426815748215 -0.01143385656178 0.62811428308487 -0.23792126774788 -0.26152703166008 0.47430172562599 -0.86158639192581 -0.94725555181503 -0.98554235696793 0.25718370079994 0.10422998666763 0.22781813144684 -0.11514932662249 0.8587766289711 0.76821517944336 -0.4254457950592 
