10 10
28.429744720459 -53.974040985107 -30.735507965088 -13.744078636169 92.04956817627 33.164054870605 24.723739624023 69.720390319824 -36.231391906738 -14.081498146057 
26.341789245605 96.894989013672 74.616859436035 75.225135803223 -96.931922912598 35.159568786621 -27.819459915161 60.088146209717 20.05553817749 -58.289302825928 
-93.481513977051 -17.57119178772 -49.486457824707 89.816047668457 -56.835250854492 -66.350105285645 -19.439403533936 88.971138000488 98.763862609863 87.009902954102 
-86.988174438477 -9.1294813156128 41.65015411377 -55.035369873047 -61.622161865234 91.535804748535 -59.820198059082 -17.539312362671 54.975414276123 19.52236366272 
67.006019592285 -91.696510314941 94.28980255127 71.385597229004 69.931678771973 26.02880859375 2.1442217826843 11.457731246948 -3.9044871330261 -92.80842590332 
-97.27473449707 -66.828475952148 -88.457489013672 67.387168884277 -79.709136962891 -89.37776184082 74.150817871094 -6.6434693336487 94.944976806641 34.837261199951 
-15.714779853821 51.703788757324 -45.404438018799 -70.629844665527 -92.692169189453 82.894058227539 86.41682434082 -33.216758728027 6.7600779533386 -94.192710876465 
3.1115522384644 -20.073352813721 18.824010848999 -84.045860290527 -85.471153259277 -73.835502624512 16.003387451172 10.645831108093 17.676937103271 -88.773834228516 
-29.67237663269 -89.577774047852 -80.411781311035 -60.695110321045 -93.787780761719 -7.6584157943726 -32.598125457764 57.615936279297 -76.219528198242 51.369518280029 
-6.7235593795776 -23.054597854614 49.748268127441 23.111328125 -86.598915100098 12.329648017883 32.741416931152 -42.430400848389 -84.821411132812 -94.162696838379 
