10 10
54.951103210449 -86.55655670166 -61.258506774902 -63.552200317383 -9.2339468002319 -31.873880386353 80.866149902344 17.849519729614 -77.439826965332 33.448547363281 
-76.653762817383 -13.573600769043 67.603118896484 -18.165740966797 -5.0661277770996 -14.584547042847 87.843589782715 -6.2611980438232 35.134788513184 34.347450256348 
-60.599460601807 -24.655830383301 88.519912719727 -98.209564208984 -64.230361938477 -34.245532989502 87.581253051758 -73.187080383301 -36.609169006348 4.090069770813 
-83.06568145752 -24.093801498413 -82.018798828125 41.045196533203 16.185541152954 -8.1318521499634 97.44206237793 -9.5972032546997 25.958143234253 -42.078201293945 
16.938999176025 -6.1586618423462 -61.732551574707 1.180791258812 40.769863128662 -47.220714569092 64.081916809082 49.97777557373 -96.932426452637 8.9652290344238 
-69.410575866699 -77.438377380371 -59.842288970947 -71.894233703613 -92.397758483887 -73.563301086426 -52.921173095703 21.115390777588 -43.519535064697 38.922313690186 
-61.858333587646 10.160928726196 -74.304100036621 -13.751420021057 -10.498197555542 -61.97452545166 41.346809387207 26.68398475647 -12.624771118164 62.854587554932 
-68.119956970215 -46.814125061035 -35.246978759766 33.732326507568 -17.808248519897 -28.56662940979 -12.672343254089 32.882537841797 15.425308227539 35.785877227783 
25.824243545532 -54.803451538086 -92.494979858398 51.704521179199 -55.348957061768 -9.4464902877808 -34.805179595947 -90.707969665527 -71.091941833496 84.296455383301 
-21.067707061768 34.337787628174 69.139221191406 46.245155334473 -32.803890228271 -55.849342346191 -9.2771797180176 83.443801879883 36.746395111084 12.425902366638 
