10 10
0.38439252972603 0.5561380982399 0.17584770917892 0.50800830125809 -0.30142697691917 -0.20348981022835 -0.1502520442009 0.73063349723816 -0.37491688132286 0.93544721603394 
-0.13833990693092 -0.62341380119324 0.96308016777039 0.78634303808212 0.56900763511658 0.51684999465942 -0.067663170397282 -0.55593359470367 0.97386914491653 -0.33179345726967 
0.66782677173615 -0.3929218351841 0.20821660757065 0.90248674154282 -0.52497714757919 0.51496839523315 -0.43329480290413 0.33735206723213 0.99733948707581 -0.92552047967911 
-0.9194450378418 0.043232098221779 0.71078252792358 -0.42379149794579 -0.90345370769501 0.31115067005157 -0.70972043275833 -0.96750003099442 0.23975598812103 0.5328397154808 
0.32116138935089 0.42644992470741 0.69314777851105 0.70721518993378 -0.79934626817703 0.60702097415924 -0.16092167794704 0.97827613353729 0.17514826357365 -0.35294154286385 
-0.63560605049133 0.10156361013651 0.59408742189407 -0.50445997714996 -0.39532086253166 -0.46652573347092 0.7641224861145 0.73955130577087 -0.90013122558594 -0.2323284894228 
-0.53433406352997 0.55648696422577 -0.8260446190834 0.99822330474854 0.96230489015579 -0.54778164625168 -0.56363713741302 0.67139327526093 -0.66103798151016 -0.027310390025377 
-0.37232351303101 -0.51884782314301 -0.39727467298508 -0.72553873062134 0.48255333304405 0.84437501430511 -0.96300023794174 -0.49703165888786 0.45769932866096 0.31806808710098 
-0.95665556192398 -0.91498553752899 -0.12969259917736 -0.12437680363655 -0.41897276043892 0.74404716491699 -0.76676595211029 -0.94684904813766 0.0024301221128553 -0.66437470912933 
0.51627522706985 -0.041328337043524 -0.71901404857635 -0.97536408901215 -0.78176862001419 0.58625668287277 -0.82171732187271 -0.009349568746984 -0.51042807102203 0.87315201759338 
