10 10
-4.9144620895386 6.6524605751038 7.5353555679321 -1.8867003917694 -0.89251518249512 2.1159090995789 -4.1355624198914 -1.4069577455521 2.3026883602142 -1.1056391000748 
5.6899704933167 -6.9240641593933 -7.5577750205994 -0.68315362930298 -4.5323052406311 9.6753578186035 -1.3552012443542 0.5958394408226 3.7283980846405 8.8631649017334 
1.3495148420334 2.2501468658447 9.497145652771 6.9005885124207 3.2978065013885 5.7075052261353 6.4776382446289 -2.4693551063538 -1.6042420864105 -0.4675814807415 
0.19889925420284 5.7464361190796 1.5337650775909 0.44358012080193 -6.909526348114 2.172684431076 9.6080856323242 4.2481336593628 1.5063297748566 8.7393398284912 
4.9757046699524 1.2673845291138 -6.7182130813599 5.7521300315857 1.7231895923615 -1.1958919763565 7.2079553604126 4.6637682914734 9.6058835983276 -5.2928333282471 
-5.0751252174377 -9.6971035003662 -1.3691788911819 3.6783361434937 -0.15663921833038 0.30159708857536 7.0434923171997 2.3058300018311 -9.2797050476074 -4.8425345420837 
0.64710694551468 -8.4448595046997 4.5140771865845 0.6126549243927 5.3974719047546 -9.8070459365845 -2.6814541816711 -0.72454255819321 3.0235722064972 -6.0214238166809 
-3.860865354538 6.9971871376038 4.8818221092224 2.4624676704407 -5.7328677177429 -2.6293241977692 4.6122913360596 -4.9314098358154 2.1626381874084 5.9450721740723 
-0.10129342228174 4.0185871124268 -7.9087443351746 8.3844194412231 -0.7084721326828 -7.2259836196899 -2.7349543571472 8.4732437133789 -9.3986015319824 -1.5141981840134 
5.6551518440247 0.4632688164711 -1.4240456819534 7.73983335495 1.81964802742 -3.2901012897491 5.8206844329834 -8.662579536438 -6.4017815589905 -9.1184434890747 
