16 16
0.98248451948166 0.22019393742085 0.22060559689999 0.77636229991913 0.7607449889183 0.69221436977386 0.86355602741241 0.22798185050488 -0.74680924415588 -0.014874367974699 -0.86056524515152 -0.22836062312126 -0.5180379152298 -0.21334677934647 -0.97301316261292 -0.55077505111694 
-0.86730992794037 0.71707689762115 -0.35320261120796 0.30269026756287 -0.79581290483475 0.33482664823532 -0.76306200027466 0.16707788407803 0.61108243465424 -0.11215300112963 -0.57519775629044 0.81045538187027 0.17213596403599 -0.0013887070817873 -0.89564692974091 0.55922412872314 
0.42021551728249 -0.56546038389206 0.57923811674118 -0.85396927595139 0.087526649236679 0.032368537038565 0.98413562774658 -0.5719575881958 0.57074642181396 0.87240606546402 0.9234938621521 -0.29227766394615 -0.13252386450768 -0.4286088347435 0.50561398267746 0.82422786951065 
0.04416910931468 0.53553313016891 -0.16305758059025 0.26983091235161 -0.045988839119673 0.42847090959549 -0.26672580838203 0.83161520957947 -0.25768631696701 -0.64003014564514 -0.78996086120605 -0.16269853711128 0.49896422028542 -0.56947058439255 0.17448298633099 0.54878431558609 
0.26306799054146 0.94718271493912 0.29835465550423 0.89273744821548 -0.10406854748726 0.99171584844589 -0.3040916621685 -0.82930034399033 -0.42418178915977 0.80916684865952 0.75282490253448 0.049264315515757 0.70990765094757 0.30445691943169 -0.52713721990585 0.79247754812241 
0.50351041555405 0.59898626804352 -0.47311043739319 0.99532163143158 -0.88771843910217 -0.98250818252563 -0.54192024469376 0.98216873407364 -0.36512783169746 -0.18372046947479 -0.96302211284637 0.16831287741661 -0.78976529836655 -0.44555094838142 0.22121711075306 0.40896692872047 
-0.61086440086365 -0.4231461584568 0.25502359867096 -0.29852047562599 0.03173316270113 0.6289666891098 0.20425958931446 0.74095767736435 -0.87683862447739 0.84602969884872 0.79081279039383 0.26658940315247 0.40221351385117 -0.61560052633286 -0.11676496267319 -0.15540878474712 
-0.27105167508125 -0.090803675353527 -0.83899742364883 0.562912940979 -0.53759920597076 -0.86152064800262 0.90657538175583 -0.19332014024258 0.2137314081192 -0.43483796715736 0.28374606370926 -0.31309568881989 -0.13665270805359 0.30684205889702 -0.79204016923904 -0.1973397731781 
0.92922031879425 0.72743010520935 -0.31315335631371 0.29516986012459 0.082401812076569 -0.076485432684422 0.42395105957985 -0.2176525592804 -0.35739317536354 -0.95182466506958 0.92976254224777 0.76283520460129 0.43843698501587 0.54997289180756 0.95002591609955 0.9976978302002 
0.47597748041153 -0.32828152179718 -0.67534083127975 -0.75002121925354 -0.46861752867699 -0.35099947452545 0.805688560009 -0.22104954719543 0.30701366066933 -0.25297325849533 -0.64439624547958 0.71524733304977 -0.077120438218117 -0.28616714477539 0.88247048854828 0.25332191586494 
0.56140631437302 0.84391093254089 0.46695032715797 -0.17699344456196 0.42288598418236 0.034082364290953 0.28067722916603 -0.81236153841019 0.98015069961548 -0.29952666163445 0.50737619400024 -0.87152862548828 0.78854513168335 -0.29178342223167 -0.43243071436882 0.54998272657394 
0.88308042287827 -0.58491975069046 -0.55432558059692 -0.2517101764679 0.26176384091377 -0.54203021526337 0.90943330526352 -0.8017640709877 -0.66457813978195 0.94814115762711 0.6769340634346 -0.62977719306946 -0.37244811654091 -0.65126514434814 -0.82668173313141 -0.017786245793104 
-0.62187379598618 -0.78228068351746 -0.49611946940422 -0.24644041061401 -0.47004055976868 -0.45441380143166 0.84095239639282 0.6650812625885 -0.99898326396942 0.46160152554512 -0.09128949791193 0.16733033955097 0.78332072496414 -0.84150916337967 -0.64478170871735 0.26209408044815 
-0.039292339235544 0.27746742963791 0.046276491135359 0.49627360701561 -0.48230901360512 -0.14824451506138 -0.81669580936432 -0.90031158924103 -0.6604009270668 0.15227422118187 0.67282229661942 0.15707643330097 0.72954678535461 0.97682958841324 -0.66564983129501 0.97728109359741 
0.50463843345642 -0.70770120620728 -0.32964196801186 0.77286398410797 0.32343941926956 -0.6214964389801 0.2424933463335 0.0029231796506792 0.5838817358017 0.8512259721756 -0.061466477811337 0.094683319330215 -0.71226155757904 -0.87241113185883 -0.71602135896683 -0.17263649404049 
-0.65715724229813 0.46547955274582 -0.024887423962355 -0.90040910243988 0.82371002435684 0.21929378807545 -0.43547081947327 0.46432167291641 -0.5702018737793 -0.60663723945618 0.17102774977684 -0.0060669216327369 -0.04239758849144 -0.058672454208136 0.99343812465668 -0.056456480175257 
