10 10
25.169137954712 -85.167083740234 -2.2002768516541 -30.614236831665 -0.085028201341629 55.393482208252 -76.876739501953 73.640777587891 -18.255229949951 79.941841125488 
48.376441955566 0.68743205070496 -23.481130599976 -54.66773223877 -45.062316894531 -75.146774291992 -12.591113090515 -72.675895690918 43.242835998535 -4.5408444404602 
-31.73709487915 -45.353702545166 -49.243740081787 -17.47677230835 87.038162231445 -62.876804351807 37.99728012085 -13.926115989685 87.984970092773 -95.526008605957 
33.55574798584 73.398666381836 35.299350738525 -29.404304504395 96.861968994141 -90.624473571777 30.032997131348 7.9537992477417 -82.917213439941 58.738006591797 
-97.00407409668 48.314052581787 -93.790405273438 -97.483383178711 51.144577026367 -92.496482849121 64.919746398926 -46.484886169434 44.34232711792 -83.492309570312 
-41.11644744873 -82.248458862305 31.65979385376 -43.243053436279 -92.684295654297 87.725891113281 42.912761688232 -96.291999816895 -38.565486907959 -21.992527008057 
14.203101158142 66.472969055176 -79.743759155273 -22.036478042603 -7.5222864151001 -20.558294296265 -24.733488082886 -2.9588449001312 72.335144042969 -48.098278045654 
-97.126670837402 3.0646164417267 19.247676849365 -48.237518310547 -74.90731048584 57.049945831299 -67.874946594238 73.568801879883 -50.601337432861 62.634830474854 
-40.694976806641 -55.392398834229 -56.691986083984 -34.06608581543 -28.901182174683 -69.64266204834 -79.331619262695 81.739929199219 -57.876735687256 -18.332139968872 
18.602367401123 59.92115020752 10.344884872437 33.515869140625 -63.377250671387 81.90926361084 -75.076690673828 -71.858734130859 -30.708696365356 -49.400276184082 
