16 16
-33.1868019104 -72.793014526367 80.93928527832 -91.804817199707 -20.062973022461 26.128398895264 87.964660644531 -24.581237792969 92.340538024902 5.9529557228088 -73.69605255127 -17.795572280884 -11.287964820862 2.934157371521 64.347557067871 -37.044891357422 
-57.878513336182 63.828948974609 73.32453918457 -72.124046325684 51.132209777832 92.595855712891 64.500328063965 51.733818054199 25.136987686157 87.47265625 -6.3143653869629 -29.778617858887 25.176099777222 -79.987495422363 -30.385446548462 10.854109764099 
21.335140228271 53.568748474121 73.331428527832 -85.759902954102 -92.166481018066 -15.897938728333 21.475690841675 -87.338722229004 13.479791641235 -11.619364738464 -18.3684425354 3.834691286087 -46.850917816162 6.0435400009155 -98.435562133789 -37.61092376709 
-77.292106628418 99.069686889648 -94.18384552002 -17.147613525391 -37.869415283203 -19.051778793335 81.241729736328 -90.228904724121 -18.692182540894 98.294540405273 -15.144913673401 41.232238769531 85.065452575684 -14.857738494873 -22.218725204468 17.694181442261 
15.876359939575 -59.181980133057 64.114540100098 86.617874145508 -56.292568206787 -46.040405273438 -97.268783569336 4.3128848075867 29.576902389526 82.452003479004 80.405967712402 -88.477874755859 78.73770904541 65.291488647461 -59.340129852295 -51.490711212158 
23.418617248535 -24.428596496582 -40.895126342773 -0.6443138718605 54.129039764404 -64.164710998535 83.298431396484 -99.344039916992 -5.852062702179 -85.67781829834 66.754371643066 -64.609535217285 82.50072479248 4.4754853248596 81.253189086914 26.37047958374 
48.125659942627 -84.668998718262 89.69507598877 77.474334716797 -70.486770629883 68.131942749023 33.074546813965 44.485664367676 94.80834197998 -7.474790096283 85.176467895508 -14.338871002197 98.511978149414 -27.289934158325 37.527824401855 -69.374366760254 
58.7356300354 71.518280029297 -12.554520606995 -35.75080871582 18.940221786499 35.046760559082 -56.974922180176 -1.1851402521133 24.18109703064 -88.818145751953 -14.79895401001 70.083267211914 85.445098876953 -2.5837490558624 -35.477409362793 91.565711975098 
-33.767467498779 95.053108215332 -81.491088867188 -12.144660949707 -97.092025756836 63.527503967285 74.507789611816 -87.571380615234 -25.962461471558 34.138355255127 1.7551485300064 -14.723209381104 52.338829040527 -84.358764648438 -9.043041229248 -35.834812164307 
11.361351013184 -63.091918945312 -50.170108795166 -89.55029296875 28.619846343994 27.077278137207 -86.337776184082 14.582172393799 -4.3536925315857 53.781349182129 33.215034484863 84.067764282227 -99.010810852051 99.787467956543 35.808544158936 57.162994384766 
-64.014663696289 -63.672473907471 -2.4323604106903 -12.118084907532 40.832515716553 -54.311763763428 -26.710456848145 87.955863952637 19.266235351562 -16.02882194519 65.962478637695 39.402442932129 -80.377182006836 -27.295419692993 -6.632227897644 46.293262481689 
44.354877471924 47.128921508789 92.60132598877 -60.014560699463 -9.4483737945557 93.970481872559 33.287536621094 23.470792770386 -61.625373840332 14.578309059143 17.467681884766 -18.40650177002 80.681823730469 45.284400939941 -32.201225280762 41.176120758057 
-43.406784057617 -3.1471049785614 -88.373321533203 -91.57292175293 -64.467391967773 -97.755165100098 -60.921325683594 -2.4843394756317 -91.227767944336 45.318004608154 -23.340049743652 5.3649020195007 -94.636131286621 -58.169986724854 -46.043964385986 -38.3684425354 
-77.189376831055 99.519470214844 -10.08239364624 -67.095932006836 82.208213806152 94.020324707031 13.455652236938 -76.776473999023 31.350229263306 -75.998825073242 77.907157897949 69.258750915527 -0.241425588727 -11.001810073853 46.315731048584 -84.876602172852 
-33.918361663818 -6.8387393951416 38.740615844727 96.875267028809 -10.818530082703 53.006565093994 89.278747558594 -46.93550491333 -87.323905944824 48.050476074219 -70.849296569824 -62.201206207275 -91.643135070801 11.571687698364 86.03044128418 83.950675964355 
69.872718811035 -92.876434326172 32.57328414917 -45.589538574219 -14.067029953003 99.50422668457 -32.337554931641 -53.862270355225 -2.1622905731201 91.424644470215 -10.157609939575 -1.46979367733 57.389602661133 -98.12572479248 -9.8529329299927 79.680297851562 
