10 10
-0.79880893230438 -0.57224869728088 -0.10431642830372 0.34832286834717 -0.60232692956924 -0.86801844835281 0.9546018242836 0.77394390106201 0.8654043674469 -0.09072432667017 
0.86040151119232 0.90774911642075 0.978899538517 0.56384319067001 0.9153408408165 -0.62875539064407 -0.0094223553314805 0.40757611393929 0.68087750673294 0.19637851417065 
-0.22353291511536 0.59586125612259 0.37282925844193 0.56121355295181 -0.42691937088966 0.99292373657227 0.46768859028816 -0.84101808071136 -0.74365538358688 0.64778792858124 
0.31159377098083 -0.89228367805481 0.22575888037682 0.19779404997826 0.98673629760742 0.0035883877426386 -0.69180291891098 -0.82402390241623 -0.049237720668316 -0.16660729050636 
-0.81797802448273 0.46876528859138 -0.94139462709427 0.46664619445801 -0.48862048983574 0.062943860888481 0.95541626214981 0.1465872824192 0.023893343284726 0.0088861435651779 
0.38710537552834 -0.63287484645844 -0.72739553451538 -0.027497742325068 -0.15784701704979 0.38315626978874 0.19930830597878 -0.62442499399185 -0.83017003536224 0.68139660358429 
-0.39113348722458 0.09791911393404 0.1308659017086 -0.16448982059956 0.60548108816147 0.88333022594452 0.56222862005234 0.96559381484985 -0.31175261735916 -0.52644366025925 
0.25151795148849 0.72413831949234 0.37196928262711 0.46407046914101 0.083355396986008 -0.45706450939178 -0.21963158249855 0.87647277116776 0.015952562913299 -0.66655814647675 
0.54574590921402 0.97448348999023 0.42738807201385 0.67733389139175 -0.3676446378231 0.73449981212616 0.57441574335098 -0.90424901247025 -0.48640513420105 0.58617460727692 
-0.47113844752312 0.37017568945885 -0.85023063421249 0.71066701412201 -0.17182806134224 -0.33239394426346 -0.5460576415062 -0.7501585483551 -0.92572832107544 0.32973530888557 
