16 16
-2234.8208007812 9488.5341796875 -1582.7199707031 286.40173339844 5169.5317382812 1434.5640869141 -7975.9838867188 5035.8310546875 -8968.7060546875 -507.64950561523 7398.7192382812 -1066.2447509766 5447.2724609375 1518.5231933594 -8076.5927734375 -4572.951171875 
6911.6318359375 2727.2973632812 -6353.3305664062 8035.111328125 2575.9916992188 -8426.97265625 -6940.9868164062 4806.603515625 -1767.7983398438 -8117.8330078125 -9080.07421875 2903.2751464844 7795.3461914062 9600.158203125 2515.0942382812 -6009.1411132812 
43.702713012695 -669.65289306641 -5944.671875 -9884.0068359375 -6501.3701171875 -9568.14453125 2311.6018066406 -5269.9750976562 8265.7158203125 544.07489013672 -2632.6130371094 831.77850341797 -1394.6861572266 8829.7744140625 8221.322265625 9896.5439453125 
4448.4809570312 -2884.6162109375 5435.3432617188 -4050.0061035156 8704.0283203125 2522.1086425781 -4813.4150390625 -6980.75 -173.13470458984 9530.27734375 5318.8579101562 -6439.5927734375 9139.0107421875 -6352.7680664062 -8887.740234375 535.255859375 
-8377.85546875 4506.4067382812 -2870.1672363281 -591.74645996094 -5914.7045898438 1953.3654785156 8281.337890625 -3641.6755371094 -2193.6821289062 -6002.2680664062 -8625.111328125 2477.6633300781 8861.2109375 -8959.06640625 916.22900390625 -8044.5747070312 
-7243.8286132812 5449.6176757812 -1054.6105957031 2959.2692871094 8993.875 -3642.1042480469 8838.1796875 1481.6352539062 9527.513671875 -8323.3271484375 -4609.9233398438 -5472.4833984375 7194.5830078125 1019.1188354492 -2766.7897949219 -1645.5490722656 
-3799.3566894531 3751.333984375 -3771.7954101562 -6668.23046875 9528.9716796875 -2267.2426757812 -8796.060546875 6606.4013671875 -5952.9086914062 -8061.330078125 9591.857421875 -890.88842773438 2976.9916992188 -139.09991455078 -189.08274841309 4606.8188476562 
-356.22155761719 7904.5390625 -5820.9526367188 245.26481628418 7184.9389648438 -7735.7407226562 -1758.5219726562 9696.3623046875 -3487.2614746094 2497.4621582031 9215.0732421875 2185.0805664062 614.66918945312 1759.4866943359 3933.0710449219 -604.44274902344 
4359.3984375 483.90734863281 -3347.5041503906 -2345.5891113281 -9184.6279296875 2602.2231445312 -3425.8337402344 -273.12564086914 8662.6875 -7770.6665039062 5102.5 1673.2202148438 -7465.455078125 649.69488525391 -4010.0424804688 -1478.0280761719 
-6068.01171875 1094.484375 -9098.169921875 1929.5593261719 -6431.7998046875 5066.9907226562 -3449.8452148438 124.43141174316 7429.3813476562 -814.75073242188 4255.3774414062 4584.556640625 -4066.7019042969 -4727.5620117188 -8206.1494140625 -1892.4727783203 
269.20007324219 4389.7348632812 9040.470703125 2533.4140625 -8305.970703125 7758.5649414062 9839.0126953125 4740.5219726562 4189.8247070312 3525.8234863281 6451.1552734375 3579.7114257812 -7315.1962890625 3860.1396484375 7345.1000976562 -8748.181640625 
9491.640625 4783.5693359375 5619.0942382812 -5744.0014648438 -8488.3447265625 -1022.5793457031 -7375.7749023438 1601.0916748047 3229.0073242188 -3287.3054199219 5339.5009765625 4954.9506835938 -3155.8957519531 1602.7198486328 -2513.2114257812 -2289.2373046875 
-8167.1040039062 -6675.921875 -6739.3725585938 -6220.7250976562 -8901.4736328125 -9582.7900390625 5052.9409179688 -9377.49609375 -8541.7861328125 -9232.9560546875 -7615.9091796875 5988.5444335938 1602.7745361328 7098.9140625 4203.59375 -3412.7099609375 
-8650.4775390625 1103.4331054688 8388.052734375 -1011.0504150391 6407.9072265625 7585.6284179688 8125.4262695312 3909.4367675781 5057.451171875 -6706.2436523438 2341.1391601562 3794.7717285156 -455.98452758789 -6177.896484375 474.10260009766 -7481.7426757812 
745.50091552734 -9762.90625 1064.4201660156 410.49340820312 7175.640625 5612.623046875 8106.357421875 2600.7863769531 -2544.4211425781 2292.5861816406 -159.30487060547 -2851.5778808594 -8215.4482421875 -5411.6030273438 -4417.376953125 2739.4331054688 
2125.86328125 -4177.3608398438 -3291.3999023438 -1176.7320556641 -3353.2150878906 7793.572265625 5287.7416992188 683.97808837891 5980.2685546875 -1070.423828125 8127.2426757812 -6545.3935546875 -9284.2109375 5465.9243164062 -4546.6098632812 -6346.7543945312 
