10 10
0.24671939015388 -0.35496959090233 2.7460081577301 4.5941405296326 -7.4217939376831 -3.3829176425934 -9.8990573883057 0.18714866042137 -1.7823895215988 6.4135661125183 
7.0095672607422 1.8611222505569 5.3980555534363 6.8712005615234 1.2154873609543 -5.6265811920166 6.3390030860901 1.1878135204315 0.95327043533325 -0.24630489945412 
7.7379522323608 0.4517166018486 -1.7282382249832 -5.3118810653687 3.8160238265991 -7.025749206543 -4.909095287323 -2.8744058609009 -1.6574791669846 -6.2353801727295 
5.980498790741 8.7685384750366 -6.2507247924805 -6.6849751472473 -1.6980977058411 8.8004665374756 4.9871573448181 6.2586116790771 -2.5329673290253 -7.7532353401184 
-6.2481813430786 -8.3587865829468 -4.0505466461182 9.8396587371826 -8.5194177627563 -1.5253690481186 -3.2770862579346 -9.9458742141724 -6.2673168182373 5.11310338974 
-1.4338232278824 -5.3974285125732 8.5059957504272 5.3956813812256 -8.1467456817627 0.91166388988495 1.4421938657761 -4.9019598960876 -6.8470945358276 7.592303276062 
3.2514493465424 -0.044965893030167 -1.7531917095184 5.5300259590149 9.8213596343994 -6.9727606773376 7.9516282081604 1.5532536506653 2.3837170600891 -0.2048137485981 
-6.692093372345 -6.0150561332703 -3.3486812114716 -9.0711832046509 -2.0030443668365 1.0032052993774 3.0103397369385 -5.9183502197266 3.7940945625305 -6.5480718612671 
7.8774018287659 7.051344871521 -7.0010185241699 0.84674376249313 -7.2512516975403 -4.102059841156 -3.623476266861 -4.0857539176941 4.0429892539978 5.345787525177 
0.43266519904137 1.3935828208923 -3.0141263008118 5.8510012626648 2.9518866539001 2.4367170333862 -0.64778816699982 -2.1236944198608 -6.9868593215942 9.807731628418 
