16 16
7049.2236328125 5091.1860351562 -2017.0108642578 4456.693359375 3809.2458496094 -7450.9389648438 6167.3754882812 -636.54040527344 3965.248046875 -9388.09765625 8638.53515625 9903.2373046875 -2528.8286132812 1947.6130371094 -1372.0170898438 -7398.5444335938 
6941.8125 4936.1118164062 -6122.3383789062 8784.0078125 5315.013671875 2597.2707519531 2872.3332519531 -8862.6259765625 7588.9521484375 9339.625 -8781.505859375 5123.2016601562 1646.6207275391 -4222.8334960938 -7390.4985351562 -7981.119140625 
-4787.3637695312 -4843.2709960938 -7559.5317382812 9300.505859375 -1571.7484130859 -6370.2426757812 8119.8608398438 -4738.3017578125 -899.56597900391 -9910.201171875 -4958.49609375 6088.1171875 -9866.37109375 4590.5263671875 6421.5830078125 4361.16015625 
-2238.2683105469 6241.5659179688 6844.0698242188 -4846.2451171875 -9334.92578125 3945.931640625 -2927.2426757812 -4551.4638671875 -6366.7729492188 -7483.3999023438 -9810.4990234375 3816.5834960938 -6525.1240234375 2684.8215332031 5262.3520507812 4624.2827148438 
1380.1127929688 -1364.6591796875 6929.0737304688 1066.4281005859 5433.1469726562 8499.0654296875 -709.87585449219 4156.7221679688 -7097.4721679688 -7550.1313476562 2275.3774414062 -4929.083984375 1424.0445556641 -2021.6049804688 -8680.06640625 5271.8759765625 
-8801.822265625 -4988.7978515625 -5780.837890625 9010.4775390625 7924.3188476562 -5064.4072265625 4770.5541992188 3086.3015136719 9692.9609375 3790.5656738281 -747.0322265625 -4548.0493164062 1754.2410888672 -6606.5302734375 -1640.6960449219 9079.775390625 
-4009.0170898438 8886.0185546875 5111.9423828125 2466.5681152344 695.46936035156 9142.060546875 2722.9252929688 6090.0981445312 1573.5831298828 -5372.3442382812 -5701.4775390625 7964.8422851562 9471.03515625 7412.21484375 -4230.3598632812 821.66467285156 
135.22756958008 7348.4951171875 -5664.7216796875 -1848.3310546875 -6059.0229492188 4976.5258789062 9188.853515625 -1559.9930419922 8489.564453125 -2324.9140625 3531.3837890625 -9984.6552734375 -9308.56640625 -6244.341796875 6700.6264648438 -3265.4221191406 
-3146.748046875 9645.3759765625 -9606.2841796875 -8123.1650390625 -8106.5424804688 -413.59844970703 -5247.1782226562 -7440.38671875 -3298.6901855469 9506.6162109375 6647.375 6457.6108398438 -6475.865234375 -6684.4248046875 4548.3530273438 1511.0372314453 
8978.115234375 8691.267578125 -4128.4970703125 7440.6513671875 -8951.3759765625 2833.3032226562 7163.08984375 -6848.2553710938 -7214.4443359375 -6810.1337890625 -1140.6511230469 8012.2065429688 -3805.8698730469 7197.4946289062 8108.0375976562 -5424.6508789062 
-2553.41015625 -8392.05078125 -9775.23046875 5462.7924804688 5022.5161132812 2499.3056640625 3770.1999511719 8083.1875 -2073.1931152344 1645.4663085938 -3065.5581054688 -7410.8193359375 3486.9328613281 -3502.0146484375 -1951.1099853516 3392.578125 
1184.4453125 2541.4768066406 -767.87152099609 -113.41673278809 -1781.8840332031 9137.111328125 -8949.16796875 -9891.560546875 3503.4321289062 9637.3359375 4482.6733398438 -1024.4837646484 -9684.984375 5464.5600585938 -2412.216796875 -2072.9763183594 
-2144.265625 4641.7250976562 3528.3293457031 72.975944519043 506.16455078125 9222.9091796875 6200.328125 5251.759765625 -6387.9477539062 -8520.5869140625 -5285.0498046875 -6394.8305664062 -3355.2709960938 1435.1467285156 6325.033203125 6897.9331054688 
-5332.4018554688 -4452.1826171875 5048.3217773438 -9980.138671875 -8564.8544921875 6498.7778320312 1611.4321289062 -1103.3654785156 -9771.89453125 7794.060546875 3103.5300292969 -1046.4895019531 -6025.7211914062 3162.7446289062 -2640.068359375 -991.33941650391 
3247.0529785156 3500.7233886719 2683.263671875 -6987.1713867188 8747.984375 7361.6040039062 -6984.9897460938 -5794.0307617188 -6529.5698242188 6873.37890625 -2566.6520996094 2558.7944335938 -3506.9396972656 -846.88012695312 8049.4931640625 2487.9069824219 
-1335.5098876953 -730.47479248047 640.95373535156 1275.4033203125 2259.931640625 -1063.2797851562 2356.8100585938 -8990.30859375 844.78393554688 6476.14453125 4522.759765625 6271.0659179688 -9750.1220703125 -6033.255859375 5007.6967773438 111.15488433838 
