16 16
-528.62811279297 141.48258972168 -91.405364990234 -797.11981201172 -417.19906616211 -106.19178771973 -664.04779052734 -915.26977539062 -106.71467590332 568.87390136719 564.92492675781 -372.11880493164 -254.20431518555 -79.872375488281 898.15612792969 970.00024414062 
918.06726074219 449.48706054688 -996.26519775391 -704.11077880859 -514.67456054688 -601.49035644531 -971.18518066406 110.54424285889 -169.58396911621 815.28527832031 639.19512939453 990.01513671875 -25.697179794312 -717.32794189453 -340.77963256836 225.61291503906 
-753.97406005859 -617.06591796875 330.19357299805 414.76892089844 -185.17985534668 -359.28677368164 593.73333740234 -328.46417236328 -694.29614257812 -672.12469482422 -834.1708984375 -693.46704101562 202.27734375 -619.78936767578 357.67868041992 217.10842895508 
-440.3395690918 209.4464263916 -739.45513916016 -708.66638183594 443.60241699219 127.87300109863 -252.20893859863 556.45971679688 -632.56726074219 -114.47664642334 353.90072631836 -546.03759765625 107.62077331543 121.6429977417 -593.65350341797 420.83145141602 
916.18988037109 913.43157958984 636.05706787109 110.88331604004 718.45458984375 916.35534667969 384.68899536133 -814.07629394531 -973.04144287109 571.31420898438 475.18057250977 791.17474365234 30.08741569519 -753.44519042969 -203.40548706055 -644.42602539062 
-82.536231994629 269.58587646484 -501.63671875 -390.6418762207 -335.97439575195 -326.48358154297 671.97033691406 488.77249145508 569.2353515625 364.09176635742 -852.50866699219 -533.78784179688 299.59185791016 334.85494995117 618.09362792969 -14.284899711609 
-494.03817749023 -694.60418701172 832.18280029297 257.04080200195 108.0539855957 489.34078979492 510.29986572266 333.07958984375 -696.21282958984 495.18887329102 -130.51202392578 444.93029785156 999.98034667969 31.944110870361 668.55853271484 -320.78018188477 
966.35406494141 515.04351806641 960.62225341797 -330.10079956055 -801.22406005859 235.46049499512 664.93682861328 697.10961914062 573.68426513672 764.11724853516 253.78453063965 857.55358886719 -415.4365234375 -884.8857421875 -315.86669921875 458.68341064453 
-437.0920715332 938.41021728516 859.19439697266 -206.92063903809 226.46492004395 737.31518554688 -428.51699829102 394.39041137695 -781.60052490234 -270.96539306641 -598.36676025391 31.309284210205 -198.64492797852 -359.3688659668 -926.40167236328 435.61297607422 
792.72631835938 409.20574951172 790.87353515625 -230.03044128418 -207.35667419434 691.41143798828 853.57464599609 -33.957366943359 -680.22381591797 -406.08804321289 204.0597076416 -716.79876708984 -485.96237182617 581.54595947266 426.45202636719 -660.83111572266 
957.96203613281 804.626953125 -355.23217773438 -354.88980102539 732.95355224609 -774.91217041016 353.54583740234 -755.14044189453 -147.30299377441 -177.18850708008 -10.19001865387 503.67041015625 476.50012207031 -118.20653533936 640.1552734375 117.94245910645 
-201.93473815918 693.27325439453 -108.90882873535 341.81958007812 -828.30364990234 771.39270019531 817.51501464844 -913.20825195312 715.70843505859 -524.29119873047 -435.82077026367 -441.59902954102 855.74066162109 -746.44195556641 91.204711914062 -535.54058837891 
201.79454040527 886.61413574219 869.49420166016 -35.218730926514 482.70446777344 -935.42364501953 -621.03143310547 489.58276367188 -248.21659851074 517.763671875 -579.45831298828 797.92559814453 -242.3487701416 742.60076904297 500.87271118164 202.30563354492 
462.01525878906 8.5414257049561 905.783203125 937.376953125 487.07604980469 -85.07112121582 -581.41528320312 -831.41705322266 -564.4892578125 853.87377929688 -38.952079772949 -511.94342041016 406.43542480469 812.54705810547 246.93910217285 400.08792114258 
103.9239654541 -546.78552246094 -298.10488891602 431.42556762695 -404.24957275391 -503.21728515625 899.11242675781 -780.29705810547 683.01342773438 -115.56564331055 -701.73114013672 -461.82846069336 -772.15161132812 909.01257324219 -299.82476806641 -586.30590820312 
721.77795410156 914.14013671875 -77.833511352539 844.19982910156 -599.00512695312 788.20623779297 -867.49127197266 278.78451538086 886.60211181641 -69.640625 897.15612792969 -894.79498291016 567.65783691406 146.97204589844 806.03649902344 358.13049316406 
