16 16
-36.304374694824 75.32649230957 48.942161560059 -32.59447479248 9.9782838821411 86.259208679199 -8.4470901489258 -98.570243835449 22.350448608398 34.318344116211 54.192783355713 -74.24040222168 81.08373260498 -94.106468200684 84.796760559082 41.597080230713 
-28.426500320435 -56.926818847656 -0.20808736979961 -65.863792419434 -49.202362060547 12.895709991455 60.218772888184 28.806085586548 -53.04354095459 -35.805637359619 -71.686828613281 -59.938640594482 89.910713195801 95.172966003418 -18.886863708496 80.2421875 
-11.685318946838 10.697118759155 40.606132507324 42.316474914551 87.982704162598 -84.507911682129 -65.107818603516 -50.224449157715 91.660621643066 -94.125816345215 -17.543025970459 53.167533874512 -93.701332092285 -60.676113128662 73.000984191895 -12.321106910706 
-86.604652404785 -71.781272888184 -90.949432373047 6.8070721626282 -87.451110839844 99.904968261719 -80.052467346191 -93.046890258789 -2.2474844455719 17.782455444336 -54.84334564209 37.457099914551 -52.847629547119 63.139602661133 19.903991699219 79.422500610352 
62.573570251465 -84.542045593262 23.051959991455 -94.624588012695 -27.574003219604 -9.4621162414551 33.337852478027 -20.399251937866 -63.137390136719 -5.5758662223816 23.811267852783 -98.018760681152 12.436264038086 -77.832489013672 -90.876350402832 -73.423164367676 
-85.636993408203 -11.228034973145 24.041576385498 -39.126682281494 67.519828796387 27.655963897705 85.803413391113 -24.071105957031 -72.551383972168 -78.466239929199 88.657081604004 47.081531524658 -84.910247802734 2.2611002922058 -85.97599029541 -9.7372264862061 
53.533145904541 -61.483467102051 92.240623474121 69.521949768066 87.605049133301 -89.873603820801 -42.294235229492 99.879249572754 -64.387397766113 -20.258396148682 45.267738342285 -55.140720367432 86.193946838379 -12.311367034912 -28.852941513062 -82.054176330566 
-74.116233825684 -92.533866882324 59.902507781982 0.19150677323341 -50.539882659912 3.104052066803 -20.725217819214 14.306414604187 20.73729133606 73.021995544434 -80.189796447754 -72.493995666504 82.47534942627 -34.067733764648 83.430030822754 -45.573593139648 
-5.0472960472107 -0.30224552750587 -82.177947998047 75.739181518555 -28.036870956421 -29.897764205933 -19.430488586426 22.281379699707 -41.791721343994 -84.990982055664 59.222110748291 -27.517560958862 -60.314414978027 79.58763885498 0.96789628267288 -25.608619689941 
41.269016265869 62.866359710693 -47.805606842041 86.27033996582 -77.815216064453 85.785690307617 -23.033588409424 28.821174621582 32.321689605713 -73.783889770508 -47.203750610352 -28.958032608032 -9.2547569274902 -46.99365234375 64.504936218262 -28.363622665405 
-74.299507141113 5.5021572113037 57.839767456055 62.259536743164 -54.666820526123 48.473106384277 99.733741760254 -0.017877133563161 27.748176574707 40.622928619385 38.93879699707 99.769958496094 87.824584960938 -73.698951721191 7.5719394683838 94.558547973633 
-91.370018005371 -80.174957275391 -74.716201782227 -8.8150777816772 -21.440984725952 -6.1357550621033 71.51220703125 -78.555061340332 97.963493347168 61.012649536133 77.300033569336 63.409435272217 67.787330627441 75.202728271484 -71.313316345215 62.051517486572 
-82.322242736816 -27.932950973511 36.615341186523 11.218022346497 -59.78902053833 -99.842010498047 71.254547119141 77.574531555176 -85.346153259277 71.520530700684 -77.280014038086 25.786918640137 7.3263096809387 -97.89737701416 -0.82484900951385 96.719413757324 
31.836044311523 79.582534790039 -39.012187957764 42.037353515625 68.596176147461 -48.355403900146 -76.803863525391 -15.399249076843 52.172027587891 -5.6030225753784 -98.557884216309 -84.475242614746 84.322898864746 68.985237121582 -50.024631500244 -93.262641906738 
6.2790679931641 -63.879440307617 83.377082824707 -80.592842102051 35.357532501221 47.914989471436 -2.0573904514313 70.288627624512 -89.515068054199 78.995185852051 -35.791812896729 -7.252290725708 13.844491004944 93.050102233887 3.0232677459717 -88.093490600586 
-6.5521850585938 -92.010482788086 63.415863037109 97.88404083252 -86.349884033203 -7.3162126541138 39.485664367676 29.823417663574 -91.334861755371 -95.556671142578 -47.798511505127 61.749855041504 29.791625976562 92.342643737793 67.590637207031 -82.334953308105 
