16 16
-0.55536323785782 0.58134418725967 0.58727651834488 0.70437306165695 0.44990241527557 0.50629407167435 -0.50808137655258 0.62164902687073 -0.59176456928253 0.55078202486038 0.061645824462175 -0.52715528011322 -0.3372631072998 0.37051182985306 0.46266442537308 0.045243378728628 
0.35492834448814 -0.34551548957825 0.020879516378045 -0.24664318561554 -0.19014990329742 -0.15146136283875 -0.32894843816757 0.32041177153587 -0.47005146741867 0.42575705051422 0.87128835916519 0.88938415050507 -0.76340103149414 0.37403652071953 -0.18185092508793 -0.64542204141617 
0.52218544483185 0.2587171792984 -0.81645721197128 -0.14408431947231 -0.65747565031052 -0.98181700706482 -0.58525532484055 -0.42003390192986 0.2002369761467 -0.88051408529282 -0.41129577159882 0.40776553750038 0.90157848596573 0.36322808265686 -0.1480767428875 -0.81572371721268 
0.16026079654694 -0.091268755495548 -0.99757951498032 -0.20006603002548 0.80278933048248 0.26077780127525 -0.15438950061798 0.36577522754669 -0.48119696974754 0.65310078859329 -0.40847015380859 0.58812987804413 -0.40068945288658 -0.17140303552151 0.015172388404608 0.94775748252869 
0.312798589468 0.4544885456562 0.39771923422813 0.99389231204987 -0.37822276353836 -0.95114654302597 -0.77701592445374 0.50318294763565 -0.76327514648438 -0.082948140799999 -0.37375828623772 0.26066845655441 0.8660324215889 -0.22786247730255 -0.6746581196785 -0.084579713642597 
0.97171151638031 0.066722646355629 0.39606216549873 -0.46619009971619 0.24197244644165 -0.86605161428452 0.76167166233063 -0.094509288668633 -0.96084451675415 -0.1611202955246 -0.42245170474052 -0.13253033161163 0.13054277002811 0.45853033661842 -0.72546190023422 0.11562364548445 
0.17353156208992 -0.22072158753872 0.15075072646141 0.21980322897434 0.7237623333931 -0.36500304937363 -0.71858310699463 0.97800552845001 -0.18104901909828 0.33394998311996 0.63798576593399 -0.57281172275543 -0.49149623513222 0.90819621086121 0.42247849702835 -0.63093000650406 
-0.86666285991669 0.87652468681335 0.96396714448929 0.20761322975159 0.57592499256134 0.11374954134226 0.57870870828629 -0.96643882989883 0.69505888223648 -0.33929342031479 0.51133763790131 0.32950034737587 -0.67123264074326 0.638199031353 0.5474681854248 0.2425080537796 
0.47734263539314 0.75189900398254 -0.64267748594284 -0.93665140867233 0.78277808427811 0.79777532815933 -0.8531681895256 0.049269005656242 0.64654076099396 -0.73642802238464 0.8901059627533 -0.85508698225021 0.69984751939774 -0.51599532365799 0.62482112646103 -0.10612236708403 
-0.366659283638 0.92747151851654 0.085710093379021 0.067351214587688 0.42714911699295 0.31683468818665 0.70419484376907 -0.019358284771442 0.12221901863813 -0.47445240616798 0.87123829126358 0.8876616358757 0.51351803541183 0.61644941568375 -0.27247014641762 0.95371872186661 
-0.79644083976746 0.029428096488118 -0.15740866959095 0.78805422782898 0.1601997166872 -0.60716861486435 0.83376443386078 0.84822034835815 -0.38537168502808 0.14168500900269 -0.65582758188248 0.84180223941803 -0.65276575088501 -0.65586376190186 0.71160709857941 -0.53421103954315 
0.89831757545471 0.99213016033173 -0.17227153480053 -0.34585493803024 -0.81156075000763 -0.83939361572266 -0.58235222101212 0.35032218694687 -0.50296771526337 -0.38145646452904 -0.080134928226471 -0.94764447212219 -0.21635310351849 0.13401848077774 -0.62002432346344 0.37818905711174 
0.64260733127594 -0.48077368736267 0.50989139080048 0.50817173719406 -0.37424373626709 -0.40769344568253 0.5432363152504 -0.573750436306 -0.011376417241991 -0.78934878110886 0.22988341748714 -0.40755179524422 0.012967785820365 -0.087715186178684 0.029622249305248 -0.55799788236618 
0.97714054584503 -0.20695550739765 -0.19378124177456 0.40232992172241 0.94571185112 -0.045834451913834 0.59685462713242 -0.11425661295652 -0.28329491615295 -0.16861653327942 -0.060775436460972 0.24921225011349 0.42291820049286 0.74897903203964 -0.26795214414597 0.30543294548988 
-0.0035377719905227 -0.62110495567322 -0.59660315513611 0.56867617368698 0.086369641125202 -0.35259053111076 -0.3251171708107 -0.40166425704956 0.6409877538681 0.19863913953304 0.72576642036438 -0.93466258049011 0.20300503075123 0.77894139289856 -0.21707788109779 -0.92080193758011 
0.83999735116959 -0.47337445616722 0.44698175787926 0.43429261445999 0.81376403570175 0.68206173181534 0.85727614164352 0.14941684901714 -0.38044381141663 -0.86330705881119 -0.81950157880783 0.23353968560696 0.99572443962097 0.47319188714027 0.7513964176178 -0.85224741697311 
