10 10
6.1069731712341 8.2117223739624 -9.8256759643555 1.609437584877 1.1078672409058 9.4772338867188 -6.611807346344 1.7345772981644 6.9401240348816 7.0021257400513 
2.5082335472107 9.2169790267944 -6.7336730957031 -3.8717641830444 8.5120038986206 6.2973637580872 -2.5230338573456 8.7382650375366 -8.9623470306396 -5.8158931732178 
3.7227313518524 5.1804518699646 -5.9323720932007 -5.6963424682617 -6.0210480690002 -4.3055577278137 1.3509610891342 2.4255049228668 -6.8563179969788 -4.9564371109009 
-5.9315052032471 7.7174725532532 -4.1453895568848 0.11162845790386 -6.6319127082825 -6.0922379493713 7.1122188568115 6.2385745048523 0.49920895695686 -3.8712451457977 
-7.1097965240479 1.542400598526 6.3973703384399 -3.749577999115 7.9401116371155 4.1229839324951 5.775767326355 3.7397661209106 -6.268226146698 8.6444692611694 
6.5676274299622 -2.9652371406555 -6.1549587249756 9.6695880889893 8.7778453826904 -9.4227924346924 -1.5335737466812 -5.7121739387512 -3.5133998394012 9.9731721878052 
8.1581172943115 0.40745279192924 9.0918188095093 -6.3755211830139 7.0094680786133 -0.731724858284 9.3305788040161 -7.0301308631897 -3.7263312339783 -2.5415351390839 
8.3104305267334 -6.9606685638428 2.9728147983551 3.8940298557281 0.15222841501236 -1.2650760412216 8.2822456359863 5.8250684738159 -9.8545427322388 -4.0603427886963 
-3.7104952335358 3.5746591091156 -7.6877541542053 -0.66390180587769 -2.8854188919067 8.200159072876 -5.7372031211853 5.2691497802734 3.6227200031281 3.2928879261017 
4.0686192512512 5.0213346481323 9.6660938262939 -1.5231232643127 8.2251329421997 -8.7565393447876 7.5022010803223 -0.43067172169685 -0.88009756803513 -4.7731652259827 
