10 10
-0.89008140563965 -0.87367498874664 -0.68753969669342 -0.004197655711323 0.74553829431534 -0.021233784034848 -0.91008108854294 0.3795540034771 -0.41252815723419 0.71136689186096 
0.78968888521194 -0.10039187967777 -0.16334603726864 -0.57059633731842 0.69809454679489 0.23745176196098 -0.17473781108856 0.50459009408951 -0.43644148111343 0.15401719510555 
-0.060487918555737 0.68461138010025 0.88983559608459 0.80169540643692 0.031249905005097 0.63350516557693 -0.84619897603989 0.21327458322048 -0.7980318069458 -0.42806780338287 
0.60632687807083 0.47038504481316 -0.79133230447769 0.60126405954361 0.34362718462944 -0.29585555195808 0.87441724538803 0.54076051712036 0.76440757513046 0.57757776975632 
0.63581901788712 -0.59945517778397 0.83760172128677 -0.15266580879688 -0.1599560379982 0.087805405259132 -0.65247088670731 -0.19062365591526 0.17490985989571 -0.075799740850925 
0.7053148150444 -0.6121591925621 -0.16837902367115 0.39978039264679 -0.98536062240601 0.93227910995483 -0.66465985774994 -0.71609944105148 0.94681030511856 0.22968319058418 
0.3195760846138 0.29671561717987 0.82791769504547 -0.39323097467422 -0.96405589580536 -0.20891547203064 0.60868239402771 -0.4977642595768 0.0074088382534683 -0.2074778676033 
-0.49328345060349 0.36838346719742 0.34106349945068 0.024800878018141 0.93947619199753 0.087555304169655 0.419094145298 -0.60754078626633 -0.20153801143169 -0.38109487295151 
0.16759847104549 -0.042657174170017 -0.41783687472343 -0.41230282187462 -0.8960382938385 -0.030776491388679 -0.56414836645126 -0.3321850001812 -0.48612698912621 -0.77013486623764 
0.87489014863968 0.69351470470428 -0.15149688720703 0.33466273546219 0.11419048160315 -0.83467817306519 0.017604183405638 0.97503745555878 0.1716148853302 0.34788993000984 
