10 10
74.724891662598 54.445892333984 54.316318511963 -23.962879180908 -42.955089569092 -5.0495924949646 19.658578872681 91.003517150879 -74.215469360352 -5.407407283783 
-33.308708190918 -62.556938171387 39.5475730896 -8.1018943786621 -41.98123550415 -68.020095825195 89.800857543945 -50.034267425537 -1.7068061828613 7.4115705490112 
37.423976898193 14.207041740417 11.057621955872 -65.117149353027 -67.187286376953 -60.541450500488 -18.193452835083 -5.1600856781006 -49.939086914062 -16.043468475342 
-42.653938293457 -31.773149490356 45.16752243042 94.472618103027 44.932312011719 13.955954551697 -93.676300048828 54.549716949463 97.333106994629 -93.892044067383 
99.082191467285 55.620800018311 -75.288688659668 -80.707717895508 -7.2880415916443 81.574478149414 -6.1028470993042 46.667217254639 -22.893175125122 -77.61336517334 
-4.6008987426758 -92.560356140137 -28.668487548828 95.518829345703 -8.0643167495728 -42.380783081055 -86.21590423584 -11.178444862366 69.6806640625 12.21417427063 
90.080696105957 -67.052467346191 -99.18342590332 -59.045127868652 -81.380714416504 38.126552581787 22.501262664795 -42.429473876953 -28.078880310059 48.657325744629 
20.952375411987 93.950393676758 74.25626373291 98.276870727539 97.293273925781 -16.533365249634 75.341468811035 -66.019622802734 3.6009125709534 2.510883808136 
46.945762634277 7.2758836746216 23.217323303223 -94.408058166504 -18.981874465942 -98.512313842773 59.71887588501 96.040504455566 78.724113464355 27.971189498901 
41.036933898926 -54.689407348633 -33.466106414795 73.061454772949 -64.462356567383 -89.519149780273 -82.136009216309 37.54386138916 31.167644500732 -27.204151153564 
