16 16
378.39028930664 6799.8881835938 -9608 9340.6806640625 -5729.0327148438 404.94805908203 -8547.5810546875 1390.6696777344 -7716.6171875 7869.392578125 -54.453670501709 -5999.947265625 -9414.8046875 7276.9682617188 7839.107421875 5843.4624023438 
-4781.5747070312 -4836.8168945312 8172.6171875 4956.2583007812 2789.8544921875 -9313.3291015625 -6706.9243164062 -4487.8271484375 9087.7470703125 1385.9233398438 8841.59375 -7065.55078125 4183.4350585938 5742.4521484375 -9298.5107421875 5685.826171875 
2577.9099121094 -5755.970703125 -3446.2026367188 -7147.3354492188 -6013.5014648438 -2925.0034179688 1190.6265869141 -8225.34765625 -3514.8461914062 886.78186035156 1363.7465820312 7769.9560546875 2998.2788085938 -1179.7219238281 7099.9204101562 1434.6293945312 
375.98178100586 265.77926635742 712.48571777344 -7890.9545898438 7325.419921875 -9567.1005859375 -8542.6103515625 4555.4233398438 2383.7868652344 -8330.9521484375 -6678.2768554688 5388.6723632812 -2488.7756347656 6499.0366210938 8564.1884765625 -2085.4772949219 
2235.7631835938 -4219.2553710938 8820.8134765625 6286.2294921875 8286.1455078125 9324.3427734375 2697.3107910156 3574.33984375 -7635.5361328125 -7187.6899414062 2013.2215576172 5689.0502929688 7255.779296875 -9273.5009765625 8533.921875 2932.4699707031 
-5799.1127929688 -3061.3503417969 697.69439697266 9489.9091796875 1894.8209228516 -2035.9572753906 -2706.150390625 -9046.6962890625 -1753.8012695312 3156.0441894531 4156.3447265625 497.3049621582 -1148.0050048828 8364.94921875 5590.9482421875 5620.087890625 
-7720.892578125 8016.814453125 373.86209106445 -4041.423828125 1843.6900634766 -8144.716796875 9062.728515625 -8505.9638671875 -1080.7030029297 9532.5185546875 7312.1611328125 6610.3837890625 -2938.0986328125 -936.39886474609 -6572.552734375 6247.4018554688 
4516.2055664062 2644.8286132812 -3300.5361328125 3871.7216796875 1222.79296875 -1735.8629150391 8671.6845703125 1255.22265625 6794.5268554688 -2615.7563476562 -1923.5048828125 -5473.5219726562 -4893.615234375 -3250.0063476562 -6503.5751953125 -6718.083984375 
-6246.4775390625 -5308.5498046875 -1253.1873779297 -5265.1616210938 -4982.1772460938 1771.9984130859 8496.7763671875 3987.0083007812 6756.4838867188 -3377.0888671875 -9822.095703125 1690.1343994141 9586.08203125 -7268.6479492188 5159.5927734375 -6873.5830078125 
6449.3842773438 6876.267578125 -7169.6884765625 -2548.3200683594 9404.9931640625 8268.9013671875 -2197.9428710938 -1007.3880615234 -6984.7709960938 7622.021484375 7830.4765625 -3798.8161621094 -8473.263671875 -9582.4345703125 -5461.75390625 1148.1594238281 
299.72994995117 -2465.8913574219 2064.8178710938 3023.58984375 4803.8559570312 3380.95703125 9682.9716796875 -6321.4399414062 -2507.3625488281 -5409.1743164062 6607.5024414062 6878.283203125 9461.119140625 1407.7043457031 -6375.6787109375 -2869.375 
-8491.2109375 9693.1796875 -9188.1904296875 -3729.181640625 -4869.8813476562 -471.02825927734 214.23304748535 6066.8779296875 605.47991943359 -9884.7724609375 3145.748046875 3170.0881347656 -5611.2348632812 9338.16796875 5092.9116210938 7423.939453125 
7876.1215820312 3052.5432128906 591.65478515625 6426.7661132812 -4549.3706054688 9390.1796875 -8289.623046875 -5667.5258789062 7640.9799804688 -2666.2468261719 1789.2017822266 -1205.3110351562 1846.1506347656 6717.85546875 -1284.7541503906 -164.04319763184 
-8837.1884765625 -933.10278320312 -9891.025390625 9188.7958984375 6659.1459960938 5618.0922851562 6533.8784179688 -4137.6791992188 -4092.2087402344 2055.0278320312 -3881.3620605469 9804.654296875 -237.75869750977 -7028.7583007812 1729.8497314453 509.92971801758 
-9004.998046875 -5993.30078125 8458.4287109375 6155.9111328125 5497.99609375 5934.9311523438 -1880.6872558594 129.76448059082 -3140.9621582031 -2174.0158691406 511.37619018555 7291.7763671875 6116.6782226562 1796.6528320312 -387.86410522461 -1773.8186035156 
5169.255859375 -4985.7124023438 -7167.62109375 7990.1831054688 2702.8032226562 2197.0607910156 -2763.6203613281 -3586.2946777344 7868.0263671875 -6960.8896484375 8680.8876953125 -2999.1379394531 2705.8603515625 7436.0712890625 -9414.0126953125 -9533.5283203125 
