16 16
-34.896091461182 575.61273193359 203.67840576172 972.41473388672 969.47216796875 250.02467346191 -354.16442871094 629.30889892578 -972.49914550781 8.0172805786133 891.22198486328 633.56866455078 818.04705810547 61.236137390137 264.2180480957 -372.38885498047 
68.018188476562 274.77124023438 764.43774414062 -462.44348144531 151.22622680664 -636.181640625 348.45162963867 999.14733886719 34.644798278809 3.3368074893951 -662.90698242188 -299.02169799805 -604.12365722656 229.55735778809 170.90893554688 -35.465881347656 
-659.74334716797 596.04608154297 -846.80773925781 741.53582763672 -968.89068603516 442.53060913086 300.19860839844 337.12728881836 643.68365478516 -171.52261352539 -827.96234130859 -177.86311340332 841.25500488281 -487.64813232422 -60.908195495605 -502.03854370117 
47.824031829834 195.03135681152 -459.42422485352 905.501953125 827.89959716797 -73.945098876953 154.60720825195 -35.930458068848 -813.21545410156 556.46893310547 -262.08605957031 508.91027832031 450.61700439453 -656.47155761719 -443.61093139648 -901.95190429688 
632.9482421875 603.19769287109 -105.00366973877 -111.48595428467 27.291696548462 999.75 -541.03656005859 -129.54597473145 -127.17989349365 -559.38262939453 -16.877426147461 -661.59436035156 -668.26092529297 858.37884521484 -31.400758743286 424.33517456055 
240.10018920898 267.62414550781 796.61157226562 -378.70471191406 593.27606201172 -64.236961364746 -583.83221435547 -201.23301696777 172.44512939453 -278.14276123047 964.09356689453 -883.74230957031 -626.80017089844 -700.79052734375 -64.234130859375 923.65325927734 
144.99926757812 624.396484375 0.90775322914124 -19.126420974731 -350.63854980469 395.85147094727 -418.19445800781 20.324396133423 -279.59164428711 -909.66412353516 774.64685058594 -108.58981323242 -308.18078613281 -907.4951171875 -77.24275970459 -779.97302246094 
648.98577880859 164.67906188965 921.98059082031 -493.88171386719 119.80066680908 -764.60113525391 746.10394287109 -765.12939453125 874.62738037109 -695.849609375 -31.364080429077 260.28930664062 677.1728515625 -248.42864990234 -878.66772460938 610.07733154297 
-612.85046386719 -118.0941696167 -9.4770183563232 618.43603515625 216.28419494629 893.443359375 367.79461669922 -843.79888916016 -680.07580566406 -849.07757568359 659.93817138672 8.0147228240967 -106.9886932373 -95.565017700195 -958.17980957031 199.16821289062 
893.83428955078 -33.875164031982 -72.041435241699 -50.568489074707 -239.89933776855 907.95104980469 280.08120727539 -905.1884765625 -391.38397216797 932.68115234375 -756.96612548828 775.31079101562 -454.74267578125 204.32887268066 249.64981079102 14.080370903015 
201.59559631348 -376.95791625977 867.4765625 906.66619873047 -621.064453125 804.78497314453 385.99530029297 -767.349609375 -319.25445556641 595.51837158203 381.82287597656 842.35406494141 581.67584228516 -662.96270751953 -9.8743553161621 470.36068725586 
-287.77352905273 -836.30145263672 -637.64385986328 -174.38996887207 43.451293945312 -644.69177246094 619.77593994141 245.31986999512 -384.34524536133 958.48834228516 900.33630371094 -926.09527587891 889.09637451172 509.7184753418 -339.54626464844 190.80374145508 
-426.17709350586 -11.129695892334 123.24580383301 416.0387878418 -696.36553955078 -406.7024230957 601.50347900391 546.12127685547 -238.97583007812 662.39038085938 -570.77197265625 -562.11181640625 -235.59635925293 567.05206298828 964.46539306641 -255.3077545166 
348.37762451172 -316.89175415039 569.16265869141 -942.64727783203 -603.75634765625 546.48010253906 -322.17318725586 -673.37664794922 -906.87316894531 -989.78918457031 661.12487792969 823.74835205078 267.52197265625 976.62054443359 274.87942504883 863.54193115234 
935.22711181641 -85.946754455566 -959.30389404297 -942.60986328125 -246.4676361084 -487.40689086914 -749.00695800781 -699.38586425781 318.60720825195 340.95092773438 -658.28692626953 927.36193847656 -689.05419921875 199.63581848145 -541.12524414062 -688.771484375 
120.54920959473 -803.251953125 41.776935577393 -250.71415710449 -601.53009033203 699.73468017578 -429.39627075195 464.04748535156 371.4709777832 260.63140869141 -444.90756225586 794.38153076172 -219.7296295166 -875.75933837891 -521.658203125 -227.39567565918 
