16 16
4.6921453475952 -4.7783570289612 2.9919564723969 4.7550120353699 -8.3700590133667 4.4335675239563 0.68873065710068 -2.639878988266 -9.3832397460938 4.7012734413147 -5.1745524406433 8.0175914764404 -7.6789011955261 9.864405632019 -6.6278591156006 0.49248275160789 
-6.579653263092 2.9596168994904 6.6022338867188 -5.9649548530579 4.9955525398254 -8.3404417037964 -0.4431471824646 4.9787931442261 4.496063709259 -7.4396281242371 0.070699296891689 -8.2396450042725 8.1926116943359 1.5244834423065 -1.6385886669159 -3.3742213249207 
-8.5035152435303 -5.2267637252808 0.23201070725918 8.5849676132202 0.4848647415638 -1.7340121269226 -3.0565989017487 1.604860663414 3.9678318500519 -6.4362368583679 7.796094417572 9.1277599334717 2.5350391864777 -0.77208840847015 -3.3611783981323 7.4729819297791 
6.8517708778381 -9.6295671463013 9.0118732452393 -5.9470143318176 5.4695444107056 -0.17853178083897 -8.4598388671875 5.7919759750366 2.5483732223511 -3.8012483119965 0.2422641813755 -6.6115007400513 9.6848154067993 -8.5040111541748 -4.715603351593 -3.8926749229431 
-9.3304128646851 7.4235610961914 -1.3965952396393 -5.0967869758606 -7.8734993934631 9.0893507003784 -6.8592262268066 -1.920158624649 4.5086188316345 5.072350025177 2.6255187988281 -6.3853936195374 -6.7603983879089 0.60958862304688 5.4270005226135 6.0878944396973 
-8.0971803665161 1.6010926961899 -2.8970086574554 9.5864067077637 -2.1678192615509 -7.5859246253967 -7.9475059509277 -0.70824360847473 3.2987580299377 4.4153828620911 0.6256650686264 -2.8020145893097 4.6565141677856 2.6163713932037 3.3940153121948 6.6283431053162 
-4.5674390792847 -3.9878568649292 5.4140377044678 -8.5242233276367 -6.673921585083 -0.53525620698929 7.1544923782349 -6.4665265083313 6.2935314178467 -5.9742932319641 -9.4142608642578 -5.4341139793396 8.8306713104248 -4.791362285614 5.732807636261 -9.9579133987427 
1.8685150146484 7.3632535934448 -1.1650499105453 -8.7918176651001 7.38494348526 9.5004777908325 -3.4790630340576 5.9055190086365 9.1781930923462 9.6271934509277 -0.22073294222355 -4.7056512832642 -5.2876334190369 0.379917293787 8.6084175109863 -2.2437634468079 
7.6280436515808 -0.70215499401093 -3.8234989643097 4.5209469795227 4.7426567077637 0.55487012863159 8.922251701355 -9.4085206985474 -3.0841426849365 -9.8704137802124 5.1098957061768 -5.7590990066528 8.152663230896 -5.6934337615967 -7.4261755943298 1.2011443376541 
6.0982646942139 -2.2573506832123 -6.5873422622681 -6.8536200523376 4.5506553649902 0.64674150943756 -8.7135429382324 -3.3450739383698 -3.0954561233521 -3.4262483119965 2.139997959137 -1.5283901691437 6.600658416748 -9.9248313903809 -7.9813799858093 2.2125604152679 
8.2236433029175 -0.758753657341 -5.6442604064941 -2.8355619907379 2.1267638206482 -1.6246113777161 5.9251103401184 -3.9207928180695 -2.8914682865143 -8.3466644287109 -7.8376884460449 5.4433555603027 -3.3482148647308 -6.9649291038513 -1.4901213645935 4.629029750824 
-8.10671043396 -4.8849062919617 0.0086833769455552 4.9424829483032 1.0442467927933 2.9480502605438 5.5979585647583 1.5237715244293 0.75316071510315 1.3053859472275 -6.2266826629639 -0.45062354207039 -1.6038872003555 4.4625597000122 -5.0146160125732 -7.8846597671509 
-8.3134298324585 6.153139591217 -2.5373589992523 9.1104555130005 -4.0212106704712 -1.9162200689316 -4.6417174339294 -9.4039516448975 8.3652620315552 4.8805480003357 2.5926439762115 8.9608888626099 -9.3505182266235 8.9850635528564 -2.2045605182648 5.8513441085815 
6.8344564437866 8.3366441726685 -8.9757242202759 -7.9499888420105 -1.8225338459015 -3.2050287723541 5.1085734367371 -4.378972530365 -7.1018252372742 4.0133285522461 6.560601234436 3.702497959137 -4.8692288398743 -1.0292477607727 -7.3533506393433 7.6233434677124 
-8.4477033615112 4.9523496627808 -6.7986397743225 0.31129235029221 -3.3523604869843 5.7390484809875 7.6456260681152 9.0028696060181 7.2929272651672 -5.9813694953918 6.061297416687 0.64597707986832 3.7185916900635 5.4147047996521 5.9689092636108 -6.0361280441284 
6.9698162078857 -6.4269137382507 -1.8259751796722 -7.0171790122986 1.1264762878418 -7.6686773300171 -8.2938814163208 9.5915470123291 0.83438169956207 2.3083565235138 -5.3190889358521 6.1279439926147 8.0296955108643 1.5872610807419 9.7628374099731 -9.3376893997192 
