16 16
-0.35904684662819 0.58354389667511 -0.91861581802368 -0.76308542490005 -0.074010767042637 0.8786289691925 0.94177639484406 -0.86483836174011 -0.58643317222595 -0.38800072669983 0.32121929526329 -0.63882356882095 -0.36066070199013 0.73344403505325 -0.43635910749435 0.94524413347244 
0.72276502847672 0.49594062566757 0.51395744085312 0.4597444832325 -0.17873331904411 -0.7385361790657 0.45575949549675 0.52233469486237 -0.24958008527756 0.74485439062119 -0.328966319561 0.52339118719101 0.9085705280304 0.64782577753067 -0.5910696387291 -0.2941280901432 
-0.54834616184235 0.72755229473114 0.70474684238434 0.25540211796761 -0.35249379277229 -0.8745864033699 0.44247749447823 0.13853013515472 0.88908362388611 -0.40672722458839 0.62358659505844 0.2456169873476 0.78067445755005 0.7157194018364 -0.60881590843201 0.67420542240143 
0.34011834859848 -0.1263819783926 0.71228963136673 -0.3103863298893 -0.85819053649902 -0.49908602237701 0.93109911680222 -0.7684531211853 0.50380367040634 0.72266620397568 -0.3693782389164 -0.69970256090164 0.56644022464752 -0.78260588645935 0.8413987159729 0.43765020370483 
0.1933159828186 0.48727652430534 -0.25519567728043 0.33914604783058 -0.34960949420929 0.41475939750671 0.86045634746552 0.79142636060715 0.88534498214722 0.84779608249664 0.63177120685577 -0.095516994595528 0.098170571029186 0.50372785329819 0.84124362468719 0.97916501760483 
-0.6069650053978 0.72117894887924 -0.86921679973602 -0.22333383560181 -0.6308319568634 -0.14176996052265 0.52626013755798 0.079366013407707 0.30645057559013 -0.42235961556435 -0.71408975124359 0.84114825725555 -0.90460246801376 -0.6662785410881 0.87853610515594 -0.69864773750305 
0.063290260732174 0.89368510246277 -0.056621942669153 0.45135945081711 0.48869055509567 0.42954894900322 0.22700014710426 -0.28537967801094 0.70624357461929 -0.66435432434082 -0.75615149736404 0.88892197608948 0.068357929587364 0.41908222436905 0.30318889021873 -0.21933495998383 
-0.092903666198254 0.66522997617722 0.75313156843185 0.25715509057045 0.30230686068535 -0.22203640639782 -0.41148266196251 0.71585935354233 -0.48713439702988 -0.52158534526825 0.28972712159157 0.15045268833637 0.56124812364578 -0.80834925174713 -0.26842406392097 0.38069215416908 
-0.2703965306282 -0.7884281873703 0.15060703456402 -0.79400247335434 -0.51634305715561 -0.62858861684799 -0.10717753320932 -0.96453636884689 -0.51292705535889 0.064758606255054 0.14420641958714 0.33570596575737 -0.75811129808426 -0.37719228863716 -0.98456674814224 0.25157889723778 
0.24049811065197 0.40690991282463 -0.35300880670547 0.25705030560493 -0.93063247203827 -0.47283244132996 0.38784968852997 -0.25596916675568 0.087549313902855 -0.758072078228 0.83788108825684 -0.85324460268021 0.82306659221649 -0.42847838997841 -0.41557559370995 -0.20673099160194 
-0.98888099193573 0.29701390862465 -0.78645890951157 0.1264123916626 0.71618515253067 0.044221479445696 0.94463402032852 0.87471717596054 0.022811409085989 0.38531309366226 0.86472004652023 0.94305276870728 -0.54082751274109 0.88914597034454 0.58788859844208 0.45747420191765 
-0.19083319604397 0.12376876175404 -0.40214532613754 -0.0013138107024133 -0.44659158587456 -0.46619364619255 -0.25626349449158 0.30767878890038 -0.36508283019066 -0.85867893695831 -0.83109873533249 0.85592812299728 0.39265096187592 -0.73355889320374 -0.26624867320061 -0.1183964535594 
-0.014292800799012 0.67536473274231 0.44524636864662 0.1761344820261 0.85071003437042 0.18877643346786 -0.20696286857128 -0.21667240560055 -0.40551552176476 0.70917838811874 -0.9664181470871 0.63904577493668 0.36253643035889 -0.29381608963013 -0.29722535610199 -0.36713954806328 
-0.0099909799173474 0.26353761553764 -0.54889446496964 -0.26027575135231 0.95755153894424 0.61914944648743 -0.49331533908844 -0.99386364221573 -0.76563572883606 -0.68953287601471 -0.26698040962219 -0.61917525529861 0.67524337768555 -0.9702216386795 -0.32400068640709 0.24872666597366 
0.75501626729965 0.29246744513512 -0.38263300061226 -0.045751474797726 0.69903242588043 -0.11757200956345 0.91652637720108 -0.25790876150131 -0.090012528002262 -0.74868142604828 0.72399324178696 -0.16782097518444 -0.16219256818295 0.71742475032806 0.84552878141403 0.52799487113953 
0.91118675470352 -0.95139914751053 -0.8060684800148 -0.0058290786109865 -0.52854323387146 0.88365161418915 -0.29994478821754 0.29992735385895 -0.084888197481632 0.37545195221901 -0.7398886680603 0.50981819629669 0.89697164297104 0.98333233594894 -0.77796316146851 -0.76343697309494 
