10 10
541.49865722656 -599.80609130859 -554.90466308594 -313.06378173828 456.82751464844 -705.23022460938 -869.4951171875 133.43556213379 -110.57600402832 -233.90191650391 
813.06030273438 -137.29046630859 -734.20690917969 67.328559875488 278.75787353516 561.09515380859 -185.68634033203 56.62353515625 189.55172729492 -961.34552001953 
-69.90885925293 165.67066955566 -389.06100463867 706.53143310547 -236.82487487793 -210.34317016602 310.06274414062 -190.71926879883 -177.35359191895 -353.54116821289 
739.50213623047 693.62866210938 316.14767456055 502.03833007812 -353.20492553711 -818.77667236328 546.47235107422 438.52203369141 747.19836425781 449.11907958984 
110.79915618896 -515.81951904297 -856.86029052734 -730.25494384766 313.99377441406 -30.306701660156 -217.31076049805 -29.527145385742 -924.78375244141 360.42163085938 
-692.18530273438 -961.06579589844 119.69570159912 -269.09234619141 -918.30670166016 504.64416503906 211.8126373291 -811.5986328125 233.33471679688 602.71478271484 
-496.19323730469 -236.70922851562 -612.44207763672 788.83117675781 332.17971801758 857.63452148438 -367.5276184082 -991.93896484375 -476.77096557617 824.09735107422 
-122.68867492676 446.89526367188 -173.07089233398 -197.73014831543 186.32453918457 -404.8127746582 198.57019042969 311.15151977539 -250.01400756836 -402.75018310547 
-731.06384277344 868.27398681641 384.07220458984 -456.08197021484 295.78973388672 258.3122253418 156.22189331055 -828.07110595703 -227.39894104004 495.93319702148 
-603.93084716797 343.76235961914 372.50833129883 -952.41162109375 -2.9669063091278 699.07879638672 -933.36590576172 -187.48754882812 121.64916229248 -593.96197509766 
