16 16
4.6552948951721 4.7405014038086 5.2782869338989 -1.5647293329239 -5.0539193153381 -9.785174369812 9.8931617736816 6.8982582092285 -8.8043155670166 -8.2442264556885 3.3138070106506 -2.810720205307 -7.5919051170349 8.8113889694214 4.8214058876038 -3.4718291759491 
2.4867386817932 4.5619196891785 5.3876285552979 1.0855550765991 9.4726305007935 -7.9462237358093 -6.4452495574951 7.2591466903687 -1.3343937397003 -8.1537714004517 5.8787498474121 4.8956980705261 0.605408847332 9.061541557312 9.7681894302368 5.1295213699341 
-5.5717754364014 4.7273173332214 -4.0335450172424 -1.0213450193405 9.837818145752 -6.5545392036438 -2.2990174293518 5.5074291229248 8.665018081665 1.7457336187363 -8.6368064880371 8.3005514144897 7.9996008872986 -6.2171635627747 -6.7174444198608 -9.8912076950073 
8.3037767410278 -2.0212881565094 -7.907509803772 -2.9052317142487 1.9747692346573 8.2770147323608 6.2589411735535 -2.5524837970734 -8.6468105316162 -7.9517741203308 1.1817276477814 -8.5323734283447 -2.0131084918976 6.5844097137451 -6.6955099105835 -4.4002628326416 
4.221387386322 2.9287691116333 -1.188680768013 -3.6859064102173 1.2361054420471 -2.1752059459686 -3.3137080669403 -0.99124085903168 6.3171854019165 -4.5596942901611 3.8017547130585 -0.65122473239899 5.2042226791382 -6.8827729225159 -5.5331645011902 -6.0123620033264 
-7.229088306427 -2.1688511371613 0.91456139087677 -4.5507984161377 -7.7170653343201 -7.7674508094788 -0.73421746492386 -8.9618978500366 -8.2096080780029 -7.5493717193604 -5.9214859008789 4.6003828048706 0.24664375185966 6.973991394043 9.4101600646973 -8.6123943328857 
0.095628894865513 0.45445594191551 0.36098715662956 -5.8200044631958 -4.3694586753845 4.8796048164368 -9.3402347564697 -5.8353085517883 -7.7151021957397 -4.5670537948608 9.7521276473999 -7.23424243927 -8.5263547897339 1.984283208847 8.3539018630981 8.0797986984253 
-1.5049613714218 4.2144150733948 8.2586574554443 -6.4914870262146 -1.752596616745 -9.8025646209717 -2.295440196991 1.3804514408112 -9.1689395904541 -9.0146884918213 -4.1190905570984 1.2127009630203 1.0133197307587 -7.5696024894714 8.6442956924438 9.8023872375488 
-1.8702793121338 3.3940808773041 2.1906924247742 -4.0218820571899 6.3940620422363 5.3934168815613 9.3264617919922 4.1499996185303 4.536190032959 -6.0605907440186 2.4209084510803 -8.1488342285156 -3.2279365062714 2.2067067623138 6.1210360527039 1.8505456447601 
-4.7147979736328 4.7605676651001 3.9845662117004 5.5737061500549 -7.8808379173279 3.2005844116211 6.8974499702454 4.1827917098999 -8.2866888046265 -8.1100158691406 5.4722528457642 6.0294623374939 -3.0780074596405 6.6600317955017 0.32987356185913 -7.1393799781799 
7.8703799247742 8.2604446411133 -5.964653968811 5.6843075752258 3.6657960414886 -5.3049345016479 4.7644400596619 3.219961643219 3.9738047122955 3.9733512401581 -2.3262736797333 8.7798843383789 5.0862851142883 -3.4422991275787 9.262152671814 -9.6578388214111 
-1.8561019897461 2.2257769107819 8.9913396835327 3.5138442516327 6.6969389915466 3.4769494533539 3.3045735359192 -1.9259659051895 9.5295095443726 0.34591421484947 7.3369150161743 -0.63598132133484 -4.3756613731384 -3.056615114212 -6.0276145935059 6.7342619895935 
-6.6092734336853 -2.6966533660889 0.54320180416107 4.926540851593 5.351713180542 -2.1292695999146 -0.97773993015289 -7.8847970962524 1.1965501308441 -0.64368718862534 -3.4525246620178 1.7114107608795 -1.6911356449127 0.44436568021774 -3.9704172611237 -0.93179160356522 
1.0779749155045 -7.4416666030884 7.5310635566711 1.7172133922577 -0.84560358524323 -0.59312665462494 1.3073321580887 1.7925653457642 -4.6147637367249 -4.5839257240295 -3.3595168590546 0.66580337285995 8.1973371505737 6.9398078918457 -1.9353857040405 -6.3744792938232 
3.3053410053253 9.849573135376 7.0819044113159 5.296088218689 -2.7995209693909 -6.9861102104187 7.0184030532837 6.5965995788574 6.0250701904297 6.1675119400024 9.5846872329712 0.54616743326187 9.3847522735596 -7.7402029037476 -8.6732349395752 7.0839376449585 
4.9950079917908 5.3252115249634 -9.6904993057251 -9.9520626068115 -3.2300624847412 -3.2359638214111 1.82890188694 -4.0399541854858 -4.2500581741333 7.8846049308777 -8.986364364624 6.1663150787354 9.8650779724121 4.1072878837585 -1.2868633270264 0.2556144297123 
