10 10
-65.381500244141 -139.93299865723 273.06912231445 -523.93115234375 864.70068359375 579.72882080078 -80.749198913574 -312.4778137207 -749.94909667969 -472.82928466797 
186.81649780273 336.92852783203 114.1296005249 -997.46856689453 59.904033660889 657.99163818359 -221.15731811523 607.82757568359 414.95364379883 486.7463684082 
2.103458404541 732.42138671875 -361.03823852539 -175.02352905273 804.63934326172 65.838310241699 -558.04132080078 340.73873901367 775.6767578125 199.95962524414 
-248.00270080566 513.40753173828 627.111328125 -446.62692260742 502.79840087891 161.26054382324 -143.99606323242 -117.25969696045 -330.02780151367 75.957984924316 
-298.18731689453 -910.77490234375 64.159194946289 -5.2396569252014 -665.26110839844 -743.71966552734 81.298774719238 969.47613525391 644.93383789062 -623.42504882812 
-318.94421386719 954.56555175781 -954.49334716797 514.69470214844 -717.74505615234 46.79398727417 417.52593994141 -604.31481933594 -869.77764892578 273.23040771484 
383.27215576172 -366.82562255859 527.09173583984 -979.9033203125 -463.48831176758 -596.99377441406 78.322738647461 -732.74029541016 106.03577423096 -437.64834594727 
-743.77899169922 824.94158935547 -503.23519897461 510.33959960938 451.31600952148 661.83447265625 929.62335205078 -34.915802001953 -507.82974243164 -135.2350769043 
163.13243103027 866.43377685547 342.0012512207 581.72973632812 911.14361572266 281.99304199219 59.442817687988 98.672592163086 -393.75909423828 -6.0572595596313 
210.85723876953 -907.89569091797 676.82397460938 -178.4183807373 917.66320800781 344.33874511719 646.95489501953 -828.43127441406 -452.85263061523 -50.308750152588 
