16 16
-0.7106249332428 0.55425715446472 -0.75649678707123 0.81073760986328 0.76819896697998 0.14597299695015 0.10808652639389 0.72695183753967 0.089564435184002 0.23371434211731 0.92597043514252 0.63232666254044 -0.96154153347015 0.58179235458374 0.49659180641174 0.53032052516937 
-0.59617388248444 0.96315211057663 -0.17662996053696 0.37177881598473 0.83185160160065 0.80525118112564 -0.60877776145935 -0.018534202128649 0.38759803771973 -0.43096712231636 -0.3808017373085 -0.075730606913567 -0.52696084976196 0.91414821147919 -0.92795598506927 0.7051745057106 
0.30831795930862 0.024936014786363 -0.30365258455276 -0.75339233875275 -0.85036283731461 -0.98125541210175 0.085945583879948 -0.98233813047409 -0.35136324167252 0.98700171709061 -0.90169781446457 0.071678906679153 0.75832617282867 0.81169325113297 0.19026634097099 -0.97443562746048 
-0.92155122756958 0.74517202377319 0.85556793212891 -0.67617744207382 -0.0073736482299864 0.10965963453054 -0.44250795245171 0.4876734316349 -0.84716820716858 -0.78883880376816 -0.27259340882301 0.86443042755127 -0.30148264765739 -0.85317432880402 -0.97776174545288 -0.95786553621292 
0.94617474079132 -0.90028256177902 0.52105087041855 -0.03160909190774 -0.41315200924873 0.48762691020966 0.58122724294662 -0.97219610214233 0.098580695688725 0.62246733903885 0.29163447022438 -0.6862331032753 0.93271243572235 -0.018460405990481 -0.0099914921447635 0.5577786564827 
0.89547818899155 0.70159566402435 0.35230773687363 -0.73157215118408 -0.043016348034143 0.86368447542191 -0.67286884784698 0.72729533910751 0.52729761600494 -0.12718720734119 -0.92935335636139 -0.5797079205513 0.17395164072514 0.23191034793854 -0.18330942094326 0.88048583269119 
-0.7251872420311 0.16562113165855 -0.48113068938255 -0.4675689637661 -0.19351083040237 0.065287955105305 0.48141926527023 -0.71285313367844 0.88380759954453 -0.38175317645073 -0.33504179120064 0.71038955450058 -0.67509263753891 -0.1144979596138 -0.091491281986237 -0.94385701417923 
0.86862564086914 0.88966536521912 0.38036528229713 0.011472906917334 0.19307091832161 0.759616792202 -0.35420763492584 0.50913161039352 -0.1842283308506 -0.75335597991943 -0.75491654872894 -0.042509883642197 -0.3140429854393 -0.19891878962517 0.73754942417145 -0.38555943965912 
-0.60167986154556 -0.75629925727844 0.68456101417542 -0.042849104851484 0.097729444503784 -0.26592981815338 -0.57053279876709 0.4438981115818 0.88275462388992 -0.0073788864538074 -0.3353283405304 0.71384751796722 0.85711991786957 0.35448145866394 0.18310639262199 0.46149289608002 
0.85871469974518 -0.044276002794504 0.43583089113235 0.57762748003006 0.8224259018898 0.016497334465384 -0.22469453513622 -0.12053903192282 0.7622657418251 -0.33537283539772 0.97222858667374 -0.91518801450729 -0.95266878604889 0.94932991266251 0.56732594966888 0.54780668020248 
0.33674022555351 0.90318864583969 0.41620090603828 0.24190701544285 0.37419477105141 -0.45498296618462 0.69875371456146 0.90044742822647 -0.53080916404724 -0.41517853736877 -0.43864431977272 0.28263002634048 -0.8221407532692 -0.95418757200241 -0.54666668176651 0.7924622297287 
-0.85322272777557 -0.23013630509377 -0.33466944098473 0.86756837368011 0.88394999504089 0.75898838043213 -0.23607902228832 0.94370955228806 -0.77455550432205 -0.5656670331955 -0.95792770385742 -0.5118271112442 -0.22919631004333 0.078664258122444 0.40559133887291 -0.61691206693649 
0.79976809024811 0.20015075802803 -0.16905705630779 -0.28824925422668 -0.067903973162174 0.48435470461845 -0.35039669275284 -0.43032297492027 -0.65377175807953 -0.62970721721649 0.093165494501591 -0.49043944478035 0.8202942609787 0.33457237482071 -0.90198171138763 0.046008359640837 
0.1317971944809 0.61146080493927 0.96361976861954 0.76931911706924 0.68199825286865 0.33575585484505 -0.80319744348526 0.4912471473217 0.5137186050415 0.17385305464268 -0.49809250235558 -0.5564466714859 0.52075386047363 0.53089940547943 0.68343317508698 0.0048061800189316 
-0.68112736940384 0.071670681238174 0.74514454603195 -0.60990500450134 -0.48986318707466 0.60539543628693 -0.32549503445625 0.017478261142969 0.67020499706268 0.43329074978828 0.8191722035408 -0.11345601081848 -0.20432618260384 -0.081834174692631 0.63199132680893 -0.2771962583065 
0.04950874298811 0.58259290456772 0.63023883104324 0.39285346865654 0.98747032880783 -0.83663201332092 -0.48608148097992 0.30144444108009 0.9611114859581 0.97181302309036 -0.81163549423218 -0.75832480192184 0.62578397989273 0.21000999212265 0.802510201931 0.53874933719635 
