10 10
5.319842338562 -7.4343156814575 9.3654546737671 3.3504176139832 -3.6330997943878 4.3007769584656 -9.5758152008057 2.7073633670807 0.27736368775368 6.9628081321716 
2.493358373642 -4.3449501991272 4.3091778755188 8.1190643310547 8.9580869674683 -4.1567778587341 9.5288858413696 9.6536779403687 2.9100253582001 -5.630955696106 
-2.9785158634186 -7.6656489372253 -7.856333732605 8.3575849533081 -5.177978515625 5.582103729248 -7.9988250732422 0.48133066296577 -1.9015947580338 -4.1861577033997 
1.4319489002228 2.9870302677155 4.7748742103577 -1.9024639129639 -7.4563775062561 1.9899346828461 4.2651438713074 -5.6426830291748 2.8852624893188 -2.504369020462 
8.6836547851562 -8.6200742721558 9.6385135650635 6.7829003334045 2.4998700618744 8.2005090713501 -5.5523204803467 -6.6883535385132 -8.3075475692749 -1.3635574579239 
-1.1943056583405 6.8446650505066 2.8146743774414 0.2260190397501 -5.638810634613 0.3505112528801 -3.8218955993652 -4.9475660324097 -7.9792156219482 -4.4475960731506 
3.2451276779175 -7.8544192314148 -3.6517741680145 -5.2046284675598 -5.2914638519287 8.9629974365234 1.7265791893005 6.6001253128052 -9.970664024353 8.9253005981445 
-3.2568399906158 -7.8986496925354 -9.2025175094604 -6.4107999801636 -6.1661977767944 4.2991261482239 5.2900242805481 7.2334547042847 -1.3451466560364 3.346182346344 
6.2419400215149 -0.26422277092934 1.9494253396988 -3.5831956863403 -5.4692950248718 0.5647828578949 -6.2179040908813 9.9877681732178 -9.6539831161499 -2.2272222042084 
-3.3186728954315 -7.5756902694702 5.9009490013123 -5.1952233314514 -4.9161128997803 1.9260876178741 6.0481534004211 2.0163345336914 -8.9871273040771 4.3074789047241 
