16 16
-58.944103240967 15.272756576538 -66.657363891602 -81.701713562012 -31.060995101929 85.908180236816 -6.6563138961792 10.887273788452 -35.662818908691 95.433029174805 27.129077911377 -46.759952545166 69.821472167969 -93.515289306641 -89.133529663086 71.298248291016 
-61.086330413818 76.362846374512 -19.269483566284 50.747966766357 -28.042037963867 -22.05729675293 8.6829977035522 17.565925598145 -16.493883132935 -78.392997741699 -20.67024230957 30.284744262695 -60.279922485352 37.17357635498 -11.872071266174 -48.953998565674 
77.802146911621 14.581016540527 -20.879486083984 31.236158370972 99.077270507812 -13.548360824585 0.48947590589523 36.141361236572 15.201849937439 -8.707914352417 -65.828735351562 -6.4308395385742 -90.166061401367 -93.758148193359 -99.73120880127 -35.692417144775 
-82.002082824707 -94.030555725098 61.03254699707 54.676708221436 -1.4220348596573 87.412696838379 24.384653091431 0.7732920050621 97.582801818848 -70.889015197754 86.198364257812 25.890598297119 95.056716918945 -8.6013708114624 9.5547637939453 -11.269244194031 
43.44164276123 64.264030456543 -4.7138414382935 -83.859985351562 54.000347137451 45.0666847229 2.643045425415 -85.507064819336 83.556755065918 -12.129768371582 -23.316495895386 18.746416091919 56.91442489624 57.496253967285 91.857368469238 0.66975390911102 
38.632564544678 -28.54610824585 48.315982818604 93.607460021973 -21.895990371704 -91.758476257324 -21.354293823242 -55.208507537842 -23.479793548584 -92.493263244629 -72.44132232666 0.064049050211906 28.69472694397 48.977428436279 -53.117000579834 -14.852717399597 
99.686882019043 40.417140960693 78.623916625977 -55.130485534668 -92.418128967285 83.292877197266 62.842704772949 52.758434295654 98.428146362305 -32.03784942627 20.860767364502 98.321250915527 84.228813171387 -39.403144836426 21.508769989014 60.712142944336 
-66.164138793945 -46.925868988037 25.893117904663 5.6390347480774 -99.981117248535 20.910116195679 12.119235038757 -10.683130264282 -65.833862304688 -39.553134918213 -7.2370409965515 56.489040374756 -20.848239898682 -36.328968048096 90.602851867676 -60.789505004883 
-42.638023376465 -47.823669433594 60.561573028564 -57.575218200684 -18.401403427124 -48.013031005859 32.123863220215 -5.0756363868713 73.82341003418 -79.46752166748 42.411972045898 -57.346950531006 -43.805305480957 -86.701698303223 -89.97509765625 25.220247268677 
72.373023986816 -88.295555114746 63.485958099365 45.382225036621 -2.3565490245819 -23.280708312988 -33.45902633667 -76.575271606445 -28.283445358276 -8.2903461456299 -83.000335693359 -50.44059753418 -88.284271240234 -13.894884109497 -70.68342590332 -18.783845901489 
-63.137638092041 97.985961914062 71.91096496582 -37.302143096924 -77.271545410156 -41.423938751221 -44.423824310303 65.457382202148 -79.962844848633 30.335922241211 -32.904888153076 1.1585801839828 -53.995872497559 99.763092041016 3.4073927402496 -33.723636627197 
97.452041625977 18.086473464966 58.449615478516 -45.122062683105 -1.6249856948853 -94.007835388184 50.018581390381 62.573040008545 -51.469173431396 -30.581352233887 38.415077209473 38.880241394043 73.368041992188 -90.400566101074 92.749351501465 7.9775795936584 
-11.79137802124 20.080198287964 56.139461517334 99.885330200195 97.489273071289 -80.468215942383 -75.180847167969 48.832485198975 40.645778656006 49.244228363037 -21.574934005737 -83.320083618164 -83.68391418457 -41.621559143066 76.652908325195 -8.0419654846191 
64.158638000488 -79.883056640625 -15.944648742676 33.508598327637 -36.219890594482 70.405853271484 46.563293457031 -3.678854227066 2.2033977508545 84.075416564941 22.219476699829 -30.418611526489 -30.108991622925 49.404392242432 -72.601173400879 -88.058456420898 
44.467082977295 57.918781280518 66.191261291504 76.893783569336 -18.671144485474 85.431213378906 -99.457328796387 -81.683242797852 -61.134456634521 10.834728240967 51.756359100342 -56.038913726807 -80.537658691406 47.912017822266 78.683441162109 -29.26030921936 
-76.025680541992 -80.181846618652 1.4777809381485 70.197578430176 -50.283115386963 82.633155822754 -1.0010861158371 -28.191102981567 -78.398048400879 74.522636413574 -40.859050750732 -38.848106384277 -90.169471740723 -25.169061660767 -84.478805541992 -81.939002990723 
