16 16
8921.353515625 -5436.666015625 -8513.349609375 1282.37109375 -6999.640625 5468.951171875 -6824.5815429688 -1716.8627929688 6878.5107421875 8220.3134765625 7503.2622070312 2603.4038085938 -249.7325592041 -4215.6499023438 -5333.255859375 -1582.0831298828 
-9336.1494140625 -7247.9399414062 1166.513671875 8295.7001953125 -7335.4575195312 297.25756835938 2847.3283691406 5485.86328125 -3438.53515625 3147.2814941406 8630.3095703125 -7018.021484375 8107.1552734375 -9603.447265625 -7111.1826171875 1572.4515380859 
-4427.6567382812 -8098.1235351562 -943.46789550781 1326.7346191406 2933.5046386719 997.04309082031 -3293.7189941406 -2773.4665527344 -7513.0502929688 -7270.1220703125 3514.5715332031 8675.3623046875 4137.259765625 -3003.5834960938 -385.46356201172 -7593.9409179688 
6128.158203125 -7655.3803710938 1794.6560058594 -1230.4403076172 -8762.142578125 -8366.1298828125 7085.5747070312 -3430.0278320312 4769.76953125 4702.3559570312 8536.6083984375 -5206.7114257812 7557.0278320312 -6601.6157226562 1439.24609375 -4521.9116210938 
-9868.8447265625 -7302.0380859375 3189.8649902344 -489.62100219727 -1402.1884765625 7640.326171875 3271.9106445312 -9604.939453125 -4613.9321289062 -1731.7025146484 884.6630859375 -4783.1010742188 7298.1357421875 -4432.5078125 853.18927001953 -8905.783203125 
-8778.1962890625 -8852.9482421875 -3020.4985351562 6511.0810546875 -6253.6416015625 -6545.1123046875 926.75366210938 -342.6623840332 -3636.1091308594 -5997.2700195312 -2628.3354492188 -886.49554443359 6789.880859375 1836.5432128906 1036.2126464844 4497.7856445312 
-6423.2260742188 -6459.91015625 -1649.568359375 2017.1591796875 -3322.2902832031 -3449.7229003906 -150.52960205078 -8455.9052734375 -5517.896484375 9019.1220703125 175.82263183594 1575.2650146484 4623.5786132812 8915.7099609375 6719.9516601562 8406.4814453125 
-3536.8459472656 4865.9365234375 -3488.1437988281 2127.7517089844 -5691.541015625 5262.7192382812 -2595.4086914062 -3617.9431152344 -5123.7333984375 4901.6494140625 6802.2177734375 -7978.5634765625 6083.1518554688 -7470.2900390625 9207.5234375 -8027.8095703125 
-3161.740234375 -5768.4272460938 -9148.4599609375 -9996.814453125 4672.259765625 3934.1867675781 5646.9501953125 -5859.6015625 -3853.8198242188 4551.4301757812 7839.5205078125 1122.6077880859 5260.0629882812 -8978.1845703125 1812.1002197266 6149.5200195312 
-7382.72265625 -4648.5659179688 -8843.888671875 -4002.2934570312 -3294.4272460938 5864.896484375 -6587.7368164062 -3351.0244140625 -6845.5380859375 -2465.9040527344 -1021.6928100586 4203.5 2479.2897949219 9791.7919921875 -3077.2043457031 3825.7185058594 
131.67086791992 -5396.1157226562 897.65368652344 -944.15350341797 9752.509765625 1482.4921875 4539.7788085938 -3083.478515625 -1285.6041259766 1603.2902832031 3937.6381835938 -642.59442138672 5597.1782226562 1559.7745361328 -9116 2649.2592773438 
6440.0844726562 8528.58203125 3525.8107910156 8874.37890625 -7756.9951171875 7267.1689453125 9673.4912109375 -2361.3400878906 9515.955078125 -4999.330078125 -1689.6060791016 -1565.3898925781 -3583.029296875 -381.70593261719 -5048.1733398438 -8000.384765625 
-1216.8101806641 -1357.5416259766 -6983.8208007812 -7066.7993164062 4976.8974609375 -9406.9951171875 -8277.50390625 -2165.5871582031 7771.3754882812 9521.439453125 9295.119140625 7750.71875 -6113.4799804688 2695.2158203125 2585.6433105469 -6771.0981445312 
-1471.1363525391 2274.7690429688 3169.6201171875 -7031.7099609375 -9646.4501953125 -6240.91015625 -2448.537109375 9678.8486328125 -5734.5932617188 -573.51922607422 -7968.2646484375 -3143.6845703125 -5680.7944335938 -8665.5634765625 7772.5439453125 -2363.0104980469 
-178.47378540039 3182.0263671875 4892.6489257812 -9693.6484375 -7876.416015625 -7846.7734375 -4442.0297851562 9307.1435546875 -9588.4404296875 3015.6831054688 -2781.3024902344 -439.33044433594 4944.9526367188 7167.4833984375 5806.1684570312 -3976.3664550781 
-2781.9304199219 8201.052734375 -6358.8598632812 -871.21051025391 7614.1953125 4871.9995117188 -2223.6589355469 -1004.8473510742 -1438.9993896484 7910.8720703125 -5805.4624023438 9767.9697265625 9813.525390625 -6094.5546875 -8844.984375 -3992.7692871094 
