10 10
43.552230834961 21.306091308594 -23.667232513428 -43.032825469971 -75.168014526367 28.163328170776 -60.946746826172 89.045532226562 87.611885070801 63.356513977051 
23.130378723145 24.908525466919 -13.680690765381 -82.817260742188 39.93367767334 -93.024368286133 81.960647583008 47.530540466309 -47.167602539062 -74.898574829102 
65.795875549316 -40.317012786865 53.688262939453 -13.238953590393 -43.774482727051 74.360214233398 15.022476196289 70.797645568848 -47.947463989258 0.26828795671463 
43.882572174072 -23.219598770142 42.868030548096 -15.395660400391 -87.774871826172 -49.101879119873 50.823810577393 -31.835874557495 -8.7256135940552 33.772830963135 
70.605270385742 -36.331130981445 -72.194808959961 43.283672332764 31.054344177246 -72.405250549316 9.4968252182007 98.349914550781 -36.552364349365 -78.588180541992 
75.212860107422 -41.401668548584 -69.582473754883 -95.150024414062 5.7470202445984 -96.109107971191 -42.125442504883 -22.987668991089 99.71558380127 -61.456596374512 
-72.190696716309 -5.2228407859802 67.019645690918 98.590202331543 25.556127548218 -30.215534210205 46.124729156494 -14.606682777405 -14.658893585205 -39.928249359131 
-57.858741760254 -92.393394470215 -68.49535369873 79.711784362793 -71.908737182617 -66.117195129395 -3.2993869781494 -71.996063232422 -64.558174133301 -20.657279968262 
-74.486854553223 -82.060272216797 89.910316467285 31.214786529541 -31.163190841675 43.534778594971 64.287422180176 0.36888155341148 8.6438941955566 -80.311958312988 
-3.5527501106262 -49.354381561279 -97.458160400391 64.382514953613 67.957740783691 48.947315216064 -59.434375762939 -79.762535095215 48.529689788818 -92.403282165527 
