16 16
-9.7911033630371 8.7247076034546 -1.1704864501953 9.2689752578735 -9.4493312835693 7.9709749221802 4.3100304603577 2.1256580352783 -4.780294418335 -7.7101092338562 7.3656425476074 2.5094399452209 2.3751873970032 -3.3848607540131 -0.10543923825026 -6.6787333488464 
5.5625524520874 5.1706690788269 -1.2291703224182 1.9370549917221 0.90206271409988 -8.2059278488159 -7.1927580833435 1.1490744352341 7.3616480827332 -4.1386637687683 -1.327339053154 1.5462092161179 -8.0991382598877 -1.6177024841309 -8.0347356796265 -1.3895329236984 
-1.2724277973175 6.5868501663208 7.9626631736755 -3.6838176250458 2.7899835109711 9.3692426681519 9.1267957687378 5.4348096847534 5.7697653770447 0.5027557015419 -4.0184497833252 -2.8245992660522 -3.5477123260498 5.0470018386841 8.058988571167 5.0759143829346 
5.6854224205017 5.8393106460571 4.6090006828308 5.1712603569031 -4.1012353897095 9.7290306091309 9.3447589874268 -2.6284012794495 -4.8825922012329 -1.0314041376114 -5.8227381706238 7.1281099319458 -6.6058487892151 -0.052672494202852 6.5193243026733 -0.61554020643234 
-1.7582055330276 5.8442573547363 -9.2889404296875 9.109827041626 -0.0054889870807528 9.1553964614868 3.1553621292114 9.9177007675171 -7.8558359146118 -0.45752584934235 -1.883912563324 4.979208946228 3.1673078536987 0.94077032804489 -1.1072188615799 1.6094959974289 
-9.020414352417 8.8602819442749 -4.3392386436462 3.8271269798279 2.8825421333313 4.7303304672241 6.9318828582764 -1.0919015407562 -3.5246026515961 6.5220623016357 9.3698482513428 4.5775842666626 -9.3484945297241 8.9895725250244 5.4388427734375 3.7858376502991 
-7.5155167579651 7.3435196876526 9.4187755584717 2.9850215911865 -6.0958042144775 -2.8105792999268 -1.8747410774231 -3.1128447055817 -6.4350256919861 9.985933303833 4.7438244819641 4.9308323860168 -8.3170986175537 -5.3987355232239 2.3517520427704 -9.3444681167603 
-9.0278759002686 5.493908405304 0.89245569705963 7.3357925415039 0.54990118741989 -8.5334730148315 -3.6950340270996 -9.5261640548706 -5.9384059906006 -8.0768871307373 -9.7749691009521 9.0745496749878 -7.0643382072449 3.9868452548981 1.997985959053 -2.988516330719 
-8.8298254013062 2.8339335918427 -9.512451171875 -6.1591553688049 4.4482908248901 -6.7355484962463 7.0542368888855 -5.7652292251587 -2.001371383667 1.7774021625519 -5.6445417404175 -1.6192691326141 -3.1111764907837 -3.1957039833069 -0.097328007221222 -8.5555400848389 
-9.4210052490234 1.9867694377899 3.4024746417999 -7.9829940795898 7.3620004653931 2.8396153450012 0.71836882829666 0.16698127985001 -0.62558972835541 4.4535837173462 -6.2874326705933 -3.223699092865 -9.7164707183838 3.4268126487732 -1.9265625476837 4.2550182342529 
-9.8544998168945 -6.9925441741943 3.0569059848785 -7.3988099098206 -5.8405709266663 0.98491507768631 -9.6225748062134 -8.8337354660034 -4.507128238678 -4.2980990409851 9.8979778289795 9.9015779495239 7.3321585655212 6.8394999504089 1.1881257295609 -9.891526222229 
-8.3817024230957 3.3485753536224 1.1954925060272 -1.2402349710464 2.5116586685181 9.6830253601074 5.5381178855896 -0.42480054497719 -7.9522109031677 -0.14064230024815 -9.7690830230713 -3.7617864608765 -2.1998507976532 0.64068329334259 7.6263446807861 3.1013040542603 
-8.0579385757446 7.2442798614502 -0.50315284729004 1.5432243347168 5.3986072540283 0.93511718511581 1.5588812828064 5.0413508415222 9.5620241165161 -8.8926420211792 4.7586979866028 7.6817855834961 -8.6705169677734 -6.1285834312439 0.71698158979416 -1.7029110193253 
2.3866496086121 -4.1394591331482 -1.0368474721909 3.9617009162903 1.4402869939804 7.2187976837158 4.9732823371887 7.9766750335693 -1.0981757640839 -3.5339782238007 1.4903583526611 -9.9150114059448 6.9178395271301 1.8035842180252 -5.5797672271729 3.4143495559692 
-7.4019289016724 1.7131191492081 -4.8456120491028 -3.0956537723541 7.101686000824 4.4817814826965 -9.6613483428955 3.880544424057 8.520489692688 -8.6747560501099 5.9335904121399 7.1820039749146 5.457426071167 5.1610641479492 -7.3277997970581 -3.5928022861481 
4.4931931495667 -1.0613404512405 5.5010027885437 -6.3435454368591 0.80648583173752 -8.1887350082397 5.1808891296387 -1.7554875612259 -6.5526881217957 -5.5935535430908 -6.8672046661377 3.115686416626 -8.1460227966309 -5.6642575263977 5.7073588371277 -2.6224255561829 
