16 16
-0.40371808409691 -0.75816613435745 0.031531672924757 -0.91177767515182 0.0046691014431417 -0.023311538621783 0.8935928940773 -0.99174702167511 0.068830870091915 0.77573031187057 0.38063764572144 0.30052265524864 -0.85352563858032 -0.34849885106087 -0.8200746178627 0.53285676240921 
0.039384119212627 -0.55180615186691 0.75321251153946 0.97837382555008 -0.86039614677429 0.96541601419449 0.55078685283661 0.86853283643723 0.18112330138683 -0.97805202007294 0.49359798431396 -0.39106380939484 0.013479147106409 -0.72407764196396 0.25420716404915 0.98865580558777 
-0.88747274875641 -0.93045806884766 -0.71868121623993 0.30779099464417 -0.055033944547176 0.10942856967449 -0.7342272400856 0.48943078517914 0.43239480257034 -0.12317454069853 0.43978345394135 -0.46345847845078 -0.60875594615936 0.21417430043221 0.13838608562946 0.95126557350159 
0.56082230806351 -0.010430144146085 0.33081528544426 0.63891834020615 -0.30470553040504 0.042669307440519 -0.48686292767525 0.88607060909271 0.3145943582058 0.14928875863552 -0.93648928403854 0.48981761932373 -0.30255597829819 0.88213402032852 -0.92241728305817 -0.46750915050507 
0.77555513381958 0.28216660022736 -0.17669650912285 -0.59513890743256 -0.6364198923111 0.51623672246933 0.78856712579727 -0.46083283424377 -0.21237832307816 0.11341747641563 0.91883504390717 0.33254343271255 0.64249229431152 -0.89701008796692 0.86000269651413 -0.45306023955345 
-0.36646139621735 0.27628076076508 -0.1846546381712 0.080231964588165 0.5195916891098 -0.47606226801872 0.55877327919006 -0.0039949975907803 -0.79246467351913 0.77299451828003 0.83737677335739 -0.77787357568741 -0.81957280635834 0.64972931146622 -0.56455230712891 -0.75058388710022 
0.61223870515823 0.56101721525192 -0.2775431573391 -0.10471376776695 0.88050711154938 0.026505578309298 0.91975492238998 -0.86676955223083 -0.60854756832123 0.072050899267197 0.59019470214844 0.91393971443176 -0.89426934719086 0.43443384766579 -0.97369688749313 -0.0021532450336963 
-0.061753988265991 0.84973847866058 -0.6966210603714 -0.26947072148323 0.55689400434494 -0.091534405946732 0.030962916091084 0.9650331735611 -0.65948301553726 0.027518529444933 -0.16368812322617 -0.6389701962471 -0.82727354764938 0.92285686731339 -0.26101860404015 0.0042235287837684 
-0.1725989729166 -0.27298936247826 0.45318329334259 -0.23748956620693 -0.54863995313644 -0.32616984844208 0.35269871354103 -0.12675210833549 -0.94900351762772 -0.5688539147377 -0.46201300621033 -0.3222014605999 0.87734973430634 0.98794370889664 -0.88266175985336 0.32806259393692 
0.54008990526199 -0.67644762992859 -0.0044315988197923 -0.53652203083038 -0.82750111818314 -0.77516931295395 -0.25857040286064 -0.1460270434618 -0.46393942832947 0.21789847314358 -0.3463439643383 -0.69919699430466 -0.52002018690109 -0.12506732344627 -0.48683416843414 -0.87038946151733 
-0.038713913410902 0.35456040501595 -0.30656909942627 -0.077375173568726 0.41317790746689 0.76557201147079 0.25743982195854 0.032816462218761 -0.77244913578033 0.36446416378021 0.57668197154999 0.30515393614769 0.93384402990341 0.86678725481033 0.60343217849731 -0.91329050064087 
0.24376194179058 -0.30671888589859 0.0041247582994401 -0.23532190918922 -0.1577472537756 -0.26493921875954 0.99930888414383 0.51229107379913 0.48691511154175 0.78901225328445 -0.45289126038551 -0.342289686203 -0.57183247804642 0.74905252456665 -0.57611447572708 0.012629074044526 
-0.9905731678009 -0.18109677731991 0.89577114582062 -0.36425876617432 -0.29394888877869 -0.61983901262283 -0.18990737199783 -0.53090906143188 -0.64428675174713 0.82365155220032 -0.96521538496017 -0.49708804488182 -0.12156744301319 -0.89147293567657 -0.4911260008812 0.24928894639015 
-0.052448272705078 0.25920352339745 -0.84501421451569 -0.52896559238434 0.44532871246338 0.083207942545414 -0.49228048324585 -0.28018513321877 0.47208532691002 0.27178287506104 -0.34540957212448 -0.28739461302757 0.83633357286453 -0.42271623015404 -0.81526631116867 0.34460014104843 
-0.81635558605194 0.60962861776352 -0.13246756792068 0.6747522354126 -0.55809736251831 -0.16484016180038 0.44236800074577 -0.86097741127014 -0.53760486841202 -0.64525854587555 0.095339328050613 0.11098852753639 0.77994912862778 -0.21492482721806 0.512355864048 0.40513384342194 
0.74323219060898 -0.049062181264162 0.3456814289093 0.10191847383976 -0.55732887983322 -0.51531660556793 0.86847430467606 0.58187657594681 0.78508430719376 0.21300216019154 -0.82155954837799 -0.42382749915123 -0.46274599432945 0.011094443500042 0.58022421598434 -0.9561585187912 
