10 10
-0.27249255776405 -0.29753938317299 0.21857398748398 -0.70425355434418 0.067002102732658 -0.57003861665726 -0.44081124663353 -0.097122848033905 0.29600128531456 -0.64971739053726 
0.07550997287035 -0.86783272027969 0.96343821287155 -0.36221253871918 0.14440193772316 0.56999808549881 0.50234919786453 -0.091454699635506 -0.79465228319168 -0.14944730699062 
0.91814005374908 -0.080658756196499 0.34966504573822 0.42583933472633 0.31589570641518 -0.21606341004372 0.35121473670006 0.80444723367691 -0.20034195482731 0.82504934072495 
-0.0014531840570271 -0.8286851644516 0.49535515904427 -0.78435063362122 -0.39892229437828 0.87114953994751 -0.68500345945358 0.25045174360275 0.26546424627304 -0.40270492434502 
0.55227899551392 -0.13104239106178 0.056718725711107 -0.79693478345871 -0.65119552612305 -0.16923396289349 0.22445093095303 0.37438023090363 0.098796993494034 -0.1450353115797 
0.16339085996151 -0.54597890377045 0.23699162900448 0.54122513532639 0.87015110254288 -0.97005569934845 -0.67061859369278 -0.50624245405197 -0.53603434562683 0.17363135516644 
-0.74648076295853 -0.8532367348671 -0.98581713438034 0.69745147228241 -0.72449088096619 -0.43226602673531 0.82659578323364 -0.04044359177351 0.89357978105545 -0.94759166240692 
-0.76785331964493 0.97161030769348 0.99188947677612 -0.59490931034088 0.70113760232925 0.44227996468544 0.60483652353287 -0.73342317342758 0.40027543902397 0.58963650465012 
0.51715141534805 0.66790050268173 -0.69505423307419 0.37138360738754 -0.37780138850212 0.53117477893829 -0.69750624895096 -0.53360509872437 -0.11703975498676 -0.48390793800354 
0.78145599365234 0.45732349157333 -0.77293360233307 -0.082834109663963 0.88258266448975 -0.6201336979866 -0.764504134655 0.45428705215454 -0.88445293903351 -0.43659436702728 
