10 10
7.31267786026 -6.4859938621521 -4.5617327690125 7.4530334472656 -0.34552401304245 3.052871465683 -0.44273173809052 9.2292699813843 2.2452445030212 9.9809999465942 
-4.8055281639099 -1.3006395101547 -3.1211445331573 0.70117551088333 -1.933274269104 -8.8422746658325 2.8223068714142 8.8005790710449 -7.364043712616 9.1943101882935 
-0.37095794081688 2.5156991481781 -5.4564056396484 -1.2429254055023 -6.0684595108032 2.8719184398651 2.5310282707214 2.4311079978943 9.897087097168 -2.6138708591461 
9.3611297607422 -4.9093208312988 -2.388876914978 8.8332586288452 -9.1980800628662 -1.521732211113 0.5585121512413 8.1147909164429 -3.6238086223602 6.1468553543091 
9.2556085586548 -5.5637054443359 -1.6361646652222 3.2436890602112 0.99265378713608 7.6432504653931 0.65772372484207 -8.1271028518677 -2.4965000152588 -5.3725471496582 
-1.9577407836914 -6.3708944320679 -4.58882188797 -7.7272152900696 -8.9724645614624 5.1115379333496 -1.4129170179367 7.6302318572998 -1.2495890855789 4.2784562110901 
5.0069408416748 7.7520356178284 -9.2453546524048 -7.1165385246277 -3.3582458496094 4.8311977386475 -3.6474645137787 -1.3845603466034 6.2389960289001 6.7702264785767 
9.1600866317749 8.6902742385864 -5.145115852356 9.2577476501465 7.5901370048523 -0.89937031269073 -4.3770179748535 -3.3965456485748 2.3488521575928 9.3778419494629 
3.9119119644165 8.6460647583008 -4.3051452636719 8.6736450195312 1.0635209083557 -1.0578883886337 -3.8515496253967 1.5500905513763 2.4664199352264 -8.1266031265259 
7.5948224067688 2.4065074920654 -0.37818416953087 -9.7372484207153 -5.4085412025452 -8.8538751602173 -7.7981882095337 -6.9236521720886 8.3376512527466 9.001389503479 
