16 16
-0.28731605410576 -0.74741917848587 -0.53715187311172 -0.010613810271025 -0.16777588427067 -0.68098568916321 0.25549075007439 -0.42579934000969 -0.66799509525299 -0.10945539176464 -0.96477854251862 0.48423221707344 -0.18387244641781 -0.36396825313568 0.73003339767456 -0.875632584095 
-0.81133764982224 0.16621227562428 0.98182392120361 0.16744959354401 -0.2363887578249 0.58977234363556 -0.7148374915123 -0.99367451667786 0.98656922578812 -0.74111121892929 -0.31469416618347 -0.89554142951965 0.66057753562927 0.95503693819046 -0.34765318036079 -0.62041819095612 
-0.10807529091835 0.42578640580177 -0.64233881235123 -0.53703832626343 -0.16763058304787 0.3750291466713 0.68739229440689 -0.21498277783394 -0.96639430522919 0.89914393424988 -0.80452841520309 0.23491053283215 -0.18808570504189 -0.27011930942535 -0.46125838160515 -0.30648237466812 
0.66530430316925 0.26519486308098 0.79488146305084 -0.62051200866699 0.92154026031494 -0.95999830961227 -0.13336858153343 -0.31174451112747 0.94966405630112 -0.69814217090607 0.051897581666708 0.02630958519876 -0.21770015358925 0.64604479074478 -0.75723201036453 -0.88243627548218 
-0.87850457429886 -0.48220890760422 0.21617968380451 0.76153111457825 -0.11889386177063 0.87450557947159 0.2575312256813 -0.47832524776459 -0.44387501478195 -0.84463995695114 0.47904819250107 0.98104047775269 -0.2141457349062 0.13295295834541 -0.55041402578354 0.32109513878822 
0.98919641971588 -0.45868983864784 -0.62979751825333 -0.20891812443733 0.73326796293259 0.83539855480194 0.12005262076855 -0.42740795016289 -0.92343151569366 0.30033308267593 0.47720685601234 0.099274449050426 -0.9736305475235 0.87022721767426 -0.0353346131742 0.15773509442806 
-0.40172383189201 -0.92075037956238 0.10218246281147 0.67822033166885 -0.51589751243591 0.75888168811798 -0.87082678079605 0.96790605783463 -0.49507635831833 -0.24756836891174 -0.53082203865051 0.94779735803604 -0.14078778028488 0.49857768416405 0.63397622108459 -0.61239767074585 
0.034154996275902 -0.86810004711151 -0.63503098487854 -0.34737849235535 0.66081237792969 -0.88150900602341 -0.61284965276718 0.13771836459637 -0.43808045983315 0.88484358787537 0.79071187973022 -0.26513999700546 0.23847131431103 -0.38915529847145 -0.53448504209518 0.69634485244751 
-0.7685175538063 0.81543815135956 -0.94917887449265 -0.25861725211143 0.78004342317581 -0.075855322182178 0.082509562373161 -0.41807812452316 0.35735350847244 0.098650306463242 0.80354940891266 0.39433467388153 -0.4447246491909 0.39072957634926 -0.39398169517517 -0.83648824691772 
-0.84669452905655 0.89868956804276 -0.14866219460964 0.81785023212433 -0.98495191335678 -0.039379116147757 0.14043973386288 0.7183483839035 -0.95146530866623 -0.93748116493225 -0.66763681173325 0.27860295772552 -0.88441038131714 -0.34145653247833 0.16643466055393 0.77888584136963 
-0.11884477734566 -0.19515998661518 -0.56419736146927 -0.038236130028963 0.028290191665292 -0.17117407917976 0.93983215093613 0.16369242966175 -0.64081031084061 0.014809020794928 0.086912050843239 0.63462609052658 0.9729779958725 0.90021574497223 0.38366517424583 -0.088645242154598 
0.75972676277161 -0.36302974820137 0.14842654764652 -0.80847972631454 0.23107817769051 -0.95213538408279 0.89878541231155 0.75365483760834 0.11136090755463 0.20913980901241 0.62401694059372 -0.85339194536209 0.93706619739532 0.72857075929642 -0.94806778430939 -0.91651844978333 
0.48980379104614 0.61461305618286 0.99232065677643 0.60267305374146 -0.17240342497826 -0.72590667009354 0.3922136425972 0.36156842112541 -0.1300041526556 -0.78512525558472 -0.77612555027008 -0.9915885925293 -0.23905009031296 -0.82279372215271 -0.086907602846622 0.57493871450424 
0.99860525131226 0.74020749330521 0.61635810136795 -0.80256718397141 -0.63981062173843 -0.37109830975533 -0.4106732904911 -0.084933318197727 -0.75867533683777 -0.52296960353851 0.70906686782837 0.27220669388771 -0.91214609146118 0.80032271146774 -0.91473650932312 0.93170809745789 
-0.39263144135475 -0.3660432100296 0.17742876708508 0.67239052057266 0.11795914918184 0.34065318107605 -0.65789169073105 0.096236161887646 0.18635152280331 -0.26419022679329 0.42174437642097 -0.028432505205274 0.72413176298141 0.60489064455032 -0.77237844467163 0.11322945356369 
-0.80322051048279 0.66397619247437 -0.77605748176575 0.46007496118546 -0.64957618713379 -0.21519584953785 -0.71317541599274 -0.9245690703392 0.53727024793625 -0.52302044630051 -0.87515842914581 0.92207944393158 0.41221591830254 0.73213136196136 -0.31874233484268 0.90217781066895 
