16 16
4.3587427139282 -0.98761314153671 -8.3877620697021 -6.9056391716003 1.9691671133041 3.6969447135925 -1.0421386957169 -9.1462345123291 3.4789400100708 -9.3701457977295 -1.0586646795273 3.6544301509857 9.886754989624 2.0291948318481 -4.0300459861755 2.5976252555847 
9.9804086685181 -0.37180957198143 4.9688115119934 8.8467254638672 -8.6604137420654 8.4302177429199 -1.9209324121475 -5.8166656494141 9.7876558303833 8.5751066207886 7.3547821044922 -5.4928479194641 2.2111175060272 -4.8200278282166 1.6992285251617 0.59773576259613 
8.173641204834 8.7957000732422 -9.8174953460693 3.6500310897827 -5.265495300293 7.6368598937988 6.3451480865479 -6.3269176483154 8.888819694519 6.3130097389221 -0.73505771160126 -1.5131326913834 8.4020366668701 -3.7736551761627 7.7428698539734 -9.2671566009521 
-7.3400077819824 4.9048762321472 -4.7200260162354 0.82937258481979 6.5522708892822 -5.6588134765625 9.4586133956909 3.8378021717072 3.2759115695953 4.0961542129517 5.9820222854614 1.4064421653748 5.0754609107971 9.5896911621094 3.9388225078583 3.6781733036041 
4.4036831855774 -2.1752896308899 -1.9441699981689 -5.7055058479309 2.8589837551117 1.2931164503098 9.4844636917114 8.4864559173584 2.2679674625397 8.6057481765747 -2.3247313499451 -6.7420620918274 -0.041786208748817 7.0199437141418 -7.3544950485229 -7.715883731842 
1.6644629240036 8.8946542739868 3.3085656166077 2.5534024238586 -3.1466047763824 9.0280303955078 5.6869950294495 8.0382394790649 -4.8060007095337 -6.2430100440979 -6.8896312713623 7.6448173522949 -0.048961494117975 -2.6830673217773 -5.0329184532166 -3.2657952308655 
2.0524022579193 -0.63871872425079 -4.2266535758972 -4.284451007843 -9.7637042999268 -9.6553583145142 5.1849098205566 7.5253438949585 -4.6452322006226 3.1536891460419 0.64025866985321 -8.3620824813843 -3.7255842685699 5.2205195426941 7.275595664978 -4.8969554901123 
-4.4090104103088 -9.8584871292114 0.96101558208466 3.6647231578827 -9.8638668060303 -0.6245881319046 0.74844664335251 0.40842881798744 0.50652194023132 6.525680065155 4.3588070869446 0.77025020122528 1.1694824695587 -7.3247857093811 0.36153617501259 7.4375357627869 
5.3262133598328 9.1205883026123 2.5494372844696 -4.6549553871155 -7.9896187782288 -5.4828782081604 -1.1481773853302 -2.5522668361664 6.2705960273743 -4.0900101661682 -6.1473741531372 -4.384485244751 5.5678100585938 1.0442132949829 -5.7830963134766 -7.7561864852905 
-5.789436340332 7.8305535316467 7.3708682060242 -4.639132976532 0.2810073196888 -3.0336768627167 -2.4113614559174 -6.3749322891235 4.6238875389099 0.25804722309113 9.6145763397217 -0.3477982878685 6.2719035148621 7.9122581481934 8.1774663925171 -2.7624921798706 
-9.9620199203491 1.992379784584 -8.6437549591064 3.0054647922516 7.6709175109863 7.5021677017212 7.4368839263916 -9.8986940383911 0.3260358273983 -0.36834689974785 -8.6374101638794 3.7997343540192 -4.1357274055481 2.6852779388428 1.2793862819672 7.3136806488037 
-4.0048160552979 -6.179874420166 -4.2419528961182 -5.4010605812073 1.7279868125916 -7.1087098121643 -0.40896788239479 5.9303493499756 4.2599778175354 -9.238673210144 4.719584941864 8.8166275024414 -0.05623197183013 5.2806673049927 -5.8886017799377 4.8011364936829 
1.565628528595 1.0125663280487 -6.6710186004639 -2.7375609874725 -0.66083705425262 -3.5220301151276 9.9880046844482 -6.2977242469788 9.5158338546753 -4.0477890968323 -1.6017053127289 -9.1943826675415 -9.0469779968262 -1.2835861444473 -8.1699094772339 -6.7742238044739 
9.3029556274414 -1.570433139801 6.0817141532898 6.3397345542908 -9.7715740203857 5.8326997756958 6.1388940811157 5.186231136322 -9.0911254882812 -7.9953737258911 0.99438220262527 0.88408744335175 -3.5973813533783 -0.39481043815613 -2.7222347259521 -5.076455116272 
6.1313872337341 5.9846215248108 8.6589775085449 7.6875381469727 3.0912747383118 9.4472179412842 0.90082782506943 -9.1591100692749 -6.8028855323792 -4.7444224357605 -7.0033202171326 5.4506273269653 -1.7938348054886 -0.64419710636139 0.91371637582779 -6.1336631774902 
-3.3726716041565 -2.6212022304535 5.2844109535217 -1.5266922712326 -2.9813275337219 -3.3896832466125 -9.753960609436 4.2780704498291 7.9351563453674 6.6212644577026 4.8608002662659 -5.8229637145996 -0.8896062374115 -5.2762384414673 -1.9843497276306 -0.78374552726746 
