16 16
-8939.69140625 7658.8930664062 -1692.4766845703 -2805.2736816406 2544.958984375 -4711.8784179688 4681.0034179688 5919.4233398438 -8215.6923828125 6903.8662109375 8407.9765625 -4680.9360351562 -3424.6813964844 6535.259765625 -2587.6784667969 -4554.3735351562 
-3937.5766601562 639.51000976562 1568.1318359375 -2840.1892089844 -6613.236328125 -6730.427734375 394.22299194336 -5712.3598632812 -2549.5754394531 221.45375061035 6433.6806640625 -9616.58203125 417.89254760742 8575.6572265625 5167.4853515625 -58.005065917969 
8924.712890625 3683.904296875 6850.7490234375 -7013.9028320312 3521.1274414062 7806.7348632812 6508.2114257812 1686.2994384766 -7053.3823242188 3233.4196777344 8487.1494140625 -675.669921875 5563.0717773438 -2832.9604492188 -6681.818359375 -2916.2683105469 
-8701.0830078125 5063.5034179688 -3435.521484375 -3440.5639648438 -7520.0078125 -7227.1713867188 -5684.1640625 -7276.6518554688 -1079.5306396484 9334.9189453125 -317.74221801758 -1100.7258300781 6462.1811523438 -675.19134521484 -3187.6455078125 1740.9409179688 
5084.2783203125 6224.6069335938 8785.8525390625 208.43013000488 596.6845703125 4018.4016113281 673.25183105469 -2064.9841308594 3793.3637695312 5634.6791992188 4958.091796875 -2757.2185058594 2116.7421875 5718.5512695312 2496.6320800781 -7520.3330078125 
7741.498046875 8946.751953125 -4511.1142578125 -8049.7875976562 -5989.2758789062 1330.6538085938 -5267.365234375 -2340.6101074219 7557.720703125 3383.3588867188 -3148.2404785156 -2347.6389160156 -5427.0551757812 -5903.9135742188 -5389.00390625 -9118.259765625 
-2889.4421386719 -6650.7060546875 312.24954223633 2547.5029296875 -9448.697265625 -1234.5895996094 3204.9558105469 -7992.7055664062 6724.0805664062 6508.3754882812 -3967.5895996094 -91.50659942627 -5596.4663085938 1965.9986572266 5906.482421875 -2493.6145019531 
3708.3051757812 -5195.9604492188 3207.1584472656 -6208.9057617188 -9767.5791015625 -4664.681640625 7748.3662109375 -1066.0222167969 7556.6650390625 -3955.4858398438 -3953.2504882812 7516.2666015625 -3877.0354003906 6697.4345703125 -5875.7456054688 6166.8247070312 
-6813.4936523438 -6859.9233398438 8312.5595703125 -7922.0053710938 -7402.9375 -4489.248046875 3658.1533203125 6426.09375 6008.34375 -4984.9545898438 3143.3596191406 5343.623046875 2806.4504394531 848.83471679688 3751.2434082031 -8977.9619140625 
-2403.8176269531 5218.7143554688 8782.5966796875 -3005.8908691406 427.73251342773 2863.6997070312 5721.16796875 4860.818359375 7856.8305664062 4259.1616210938 -3911.6376953125 -4533.51953125 3347.3427734375 -1398.0391845703 5877.12109375 9891.8388671875 
-6480.6728515625 -6791.3291015625 -3772.8488769531 -7074.6831054688 6497.9716796875 1530.9321289062 -3371.8168945312 -7261.4482421875 -48.742809295654 -9744.30078125 -6544.978515625 -1155.1502685547 -5248.3374023438 7678.7685546875 6091.4819335938 4407.2456054688 
685.31939697266 1950.0266113281 5213.19140625 9514.98828125 -3383.2214355469 -1667.5805664062 8654.435546875 -7801.9379882812 1661.4483642578 9226.6875 5887.4868164062 -3503.85546875 6070.287109375 7859.818359375 -4215.3334960938 7821.12890625 
-9061.505859375 -4785.830078125 3133.1750488281 -3160.6799316406 2914.37890625 2736.0869140625 -9149.138671875 2011.1546630859 -7435.1752929688 6266.931640625 261.83874511719 4223.2905273438 -7343.14453125 5919.658203125 7730.8881835938 5000.8056640625 
6527.431640625 -3975.3032226562 8407.9013671875 8565.5478515625 4709.5600585938 -4238.7993164062 -145.72598266602 779.72387695312 8933.029296875 -8201.650390625 -4694.1586914062 -7028.4946289062 -992.90228271484 -4359.4116210938 -99.622177124023 2077.2651367188 
9300.228515625 -2612.0869140625 -4523.6049804688 9222.056640625 -5697.8291015625 -9190.9267578125 6484.724609375 -2875.1630859375 -4827.57421875 -158.61120605469 4885.9643554688 -8392.666015625 4060.1003417969 4798.001953125 8627.7294921875 1378.6785888672 
-1308.0212402344 4195.6821289062 -3430.7966308594 -402.46829223633 -9851.64453125 -1689.0860595703 -1135.2720947266 -1759.94921875 -7957.6665039062 -722.59521484375 -1478.0035400391 5345.9521484375 -3997.8605957031 -9684.421875 4732.6235351562 5895.8896484375 
