10 10
1.1436966657639 -8.5844240188599 6.8735508918762 4.6109757423401 -5.8866114616394 -5.2183632850647 -7.9906325340271 -6.634397983551 -6.3817534446716 5.9075360298157 
2.606997013092 6.2492752075195 -3.1382942199707 6.1414046287537 -6.1732974052429 3.4580683708191 -8.7037086486816 -8.2230577468872 0.083021089434624 1.7919490337372 
-8.4625034332275 -7.7735862731934 -5.3601198196411 0.64370262622833 -0.27275982499123 8.4540863037109 4.2163786888123 1.5934510231018 9.1028118133545 1.0462174415588 
-8.2304191589355 -4.6385865211487 9.6691627502441 -7.5488715171814 -8.3509874343872 7.9109535217285 4.669243812561 -5.2518949508667 2.7608222961426 -2.3876287937164 
-3.3874609470367 -3.002105474472 -1.8821474313736 -5.9171209335327 -1.629133939743 -9.628758430481 -6.6304545402527 4.5190100669861 -1.334747672081 0.79007107019424 
3.965977191925 -8.980525970459 -2.0882711410522 -1.4396282434464 3.085058927536 4.003719329834 -5.2378587722778 -0.31555965542793 5.9884095191956 8.5178337097168 
-4.7146415710449 2.1277859210968 4.6012587547302 -7.3217091560364 5.1283659934998 5.5206017494202 1.4844425916672 8.0549631118774 4.2472281455994 5.7050762176514 
3.6177139282227 -9.5483846664429 6.1955485343933 4.0982937812805 0.28973031044006 2.2179565429688 -7.6602249145508 5.8944163322449 -7.1249060630798 2.6455721855164 
0.32334193587303 -1.5898869037628 -9.0364189147949 9.5007429122925 -2.4622271060944 8.8019361495972 9.505090713501 3.2679932117462 7.7062568664551 -9.7979373931885 
-7.6379175186157 7.9563574790955 -1.2055758237839 7.7014083862305 -2.9642598628998 -4.7448554039001 3.9079437255859 3.8151133060455 2.2238442897797 -3.7680628299713 
