16 16
982.60003662109 981.67010498047 160.34118652344 -259.31353759766 990.07220458984 -537.23748779297 174.90911865234 763.38488769531 442.05493164062 333.65814208984 550.48504638672 59.281307220459 -555.98834228516 -849.09991455078 -6.5174717903137 981.49853515625 
-766.58410644531 -965.91278076172 -276.42984008789 535.86663818359 -780.25531005859 -838.18048095703 -297.46606445312 -531.205078125 -193.89462280273 -828.97161865234 -617.03344726562 874.10540771484 350.34790039062 90.820915222168 -110.05975341797 -29.548372268677 
956.05450439453 -848.03259277344 489.25573730469 224.56707763672 -151.8948059082 916.41534423828 -204.62823486328 599.63952636719 277.78112792969 -823.96862792969 -867.58929443359 308.75900268555 978.55816650391 -731.57373046875 499.57699584961 -369.64266967773 
-546.01361083984 -680.46954345703 -498.91696166992 982.15008544922 -594.9755859375 -348.2575378418 444.09808349609 748.29888916016 -411.54867553711 -545.29937744141 600.22143554688 227.52879333496 292.31576538086 -941.12432861328 -489.02725219727 -121.51277160645 
938.44586181641 -627.86199951172 104.77861022949 908.42553710938 -456.83752441406 -342.75088500977 310.92523193359 -360.42755126953 950.14611816406 -718.93048095703 -800.41833496094 358.57916259766 -202.80279541016 -335.95391845703 -89.175552368164 -914.39624023438 
183.0760345459 -633.80187988281 502.78472900391 458.8782043457 -934.97821044922 487.93719482422 123.77891540527 -14.494396209717 257.41665649414 307.95239257812 -699.26409912109 263.27944946289 -708.76452636719 664.49114990234 568.67150878906 -27.278118133545 
716.53192138672 -290.9013671875 -137.32803344727 847.79620361328 869.494140625 107.96694946289 -755.66375732422 -770.27575683594 -202.79292297363 351.96792602539 69.898445129395 508.76647949219 -39.09440612793 -169.82943725586 769.26501464844 -728.07299804688 
-628.85986328125 280.35272216797 284.67404174805 263.05010986328 -169.57830810547 809.86688232422 632.32434082031 -382.35946655273 -243.69682312012 394.08264160156 0.7486817240715 556.11639404297 -329.33258056641 -388.96343994141 324.36737060547 -807.16778564453 
279.33624267578 -116.67922210693 -280.22351074219 -970.49102783203 -616.21960449219 425.60327148438 945.73754882812 -336.19927978516 742.00787353516 -343.96084594727 675.33038330078 30.110202789307 564.55096435547 -530.72796630859 393.62759399414 -348.03515625 
281.93881225586 -139.32484436035 182.23461914062 -147.06781005859 -878.87841796875 698.85174560547 564.17218017578 -979.07971191406 -128.61148071289 -668.10894775391 517.89721679688 175.98254394531 163.85250854492 -906.48217773438 -391.91888427734 -433.40222167969 
-777.95147705078 -108.83369445801 -182.70582580566 -698.41516113281 77.938232421875 -917.10137939453 359.77127075195 268.30249023438 197.80995178223 -685.70953369141 479.69750976562 -200.51095581055 -1.7182891368866 -482.24212646484 -937.57403564453 -688.96948242188 
241.61584472656 -715.60565185547 845.68737792969 -521.77380371094 215.48199462891 3.4985852241516 970.44464111328 -275.58529663086 657.64514160156 711.74768066406 292.76943969727 391.86959838867 -251.33961486816 -275.72695922852 -553.51409912109 994.81622314453 
-94.579193115234 648.14959716797 286.85537719727 866.51989746094 32.302165985107 -10.581186294556 -794.38891601562 -394.9137878418 -79.095100402832 41.877033233643 -185.64096069336 808.92236328125 -725.05218505859 -934.32196044922 -560.44653320312 428.12200927734 
-148.98698425293 215.15673828125 198.29104614258 759.18798828125 453.83041381836 166.630859375 -839.4462890625 894.08026123047 -962.35552978516 717.96380615234 -911.08312988281 875.22741699219 -691.42901611328 742.8330078125 -844.07861328125 -141.69218444824 
305.78628540039 -571.58197021484 -466.61810302734 -653.39819335938 -238.48513793945 925.41571044922 -320.44409179688 -482.56805419922 -80.611618041992 864.75146484375 -631.69207763672 129.01586914062 -642.86016845703 64.782653808594 -439.99002075195 708.49926757812 
-419.53512573242 368.00723266602 972.48004150391 -970.96319580078 -499.26168823242 -710.01574707031 -206.61700439453 -65.720054626465 38.306613922119 993.40686035156 -196.26014709473 -357.82989501953 773.99383544922 -853.45147705078 -32.919689178467 779.123046875 
