10 10
-966.61999511719 133.51022338867 971.93029785156 18.92901802063 -605.20233154297 -248.42924499512 -869.87811279297 263.75546264648 481.13934326172 411.25283813477 
-270.29046630859 923.22711181641 66.634567260742 -981.49859619141 610.41876220703 -440.22985839844 235.37319946289 -157.46041870117 -487.11050415039 364.09408569336 
479.80194091797 -694.17993164062 -872.16949462891 -827.18737792969 -332.62380981445 -943.86346435547 958.361328125 891.58465576172 245.09143066406 -752.92156982422 
-785.70648193359 788.97149658203 98.911949157715 -14.250363349915 22.584987640381 547.37133789062 -636.19989013672 947.15905761719 -547.46588134766 368.76419067383 
830.70440673828 6.266996383667 744.36676025391 193.53552246094 355.16561889648 748.49127197266 64.555358886719 -479.06594848633 -588.06677246094 209.04106140137 
513.56549072266 -325.36044311523 -502.77230834961 -174.04360961914 158.73483276367 -876.13848876953 -404.21694946289 108.35255432129 -745.04718017578 262.48989868164 
862.22003173828 730.09118652344 834.81060791016 442.16528320312 -846.60876464844 807.70379638672 362.02914428711 675.82739257812 -755.36138916016 77.914764404297 
467.85119628906 -149.25799560547 180.07972717285 -648.85400390625 -791.1171875 -448.01040649414 -645.03466796875 -173.82637023926 -802.44177246094 -550.93176269531 
-538.06915283203 941.77722167969 -445.91073608398 579.64599609375 88.624923706055 -895.54779052734 -420.21160888672 -692.55090332031 906.486328125 833.63671875 
18.783134460449 89.000183105469 204.24349975586 359.64508056641 603.87072753906 -73.725555419922 -787.04937744141 -549.68566894531 -432.14932250977 -0.8700812458992 
