16 16
-2.7484855651855 -9.1281270980835 -9.3978252410889 7.2402338981628 9.5527296066284 9.4789724349976 8.9091634750366 5.6518397331238 -9.4299659729004 9.0322074890137 6.825309753418 3.0790047645569 -5.86110496521 -5.1288590431213 0.8988818526268 -1.4647294282913 
-8.1620082855225 -2.0946795940399 7.9822793006897 -7.9545621871948 -2.5120618343353 4.1205592155457 3.9215137958527 -4.3610329627991 8.4092149734497 2.4493610858917 -9.4542484283447 -7.6205921173096 -9.2310752868652 -4.5473289489746 2.2589068412781 -3.4708650112152 
2.5804781913757 -0.30218935012817 3.5857400894165 -7.0246911048889 -9.5534906387329 -6.1060647964478 -4.3937091827393 -9.0893669128418 0.042326934635639 -7.3399982452393 6.3694348335266 -4.521071434021 5.6758995056152 -2.2359387874603 1.4761937856674 6.244345664978 
3.7628605365753 3.148992061615 3.427695274353 2.1827359199524 6.9273910522461 -1.5106172561646 1.7877670526505 -4.4804730415344 5.3337073326111 -3.6753458976746 2.8314101696014 -7.1569557189941 1.0014715194702 0.39958262443542 -6.0318040847778 -6.4015960693359 
-3.6179623603821 -8.4606380462646 -9.4829664230347 -8.4163818359375 -5.9241571426392 -6.6298513412476 4.464663028717 -4.9385900497437 9.4150171279907 -0.64511370658875 9.8434181213379 -2.442556142807 6.4556474685669 9.5081615447998 -5.1441831588745 -8.230393409729 
-9.2162427902222 2.5584836006165 5.4287142753601 3.8000934123993 3.5702314376831 -3.8323822021484 0.0113510703668 0.53778499364853 1.5605813264847 1.5066838264465 4.0123710632324 -9.4736585617065 -6.2177095413208 2.9398286342621 2.8797750473022 -0.1909167766571 
0.90456932783127 -7.0354337692261 7.1506104469299 2.2218379974365 6.714418888092 9.0366725921631 1.6177878379822 -2.1160385608673 9.4010715484619 -1.0048055648804 4.2710399627686 7.6101999282837 5.5732746124268 3.160222530365 8.010178565979 9.6742162704468 
-6.9075212478638 6.3889617919922 0.28378891944885 -8.501314163208 6.2233457565308 -9.6981105804443 -4.1099495887756 -7.5937385559082 -5.9798278808594 1.2900279760361 0.26876473426819 5.8523812294006 3.8253071308136 -2.2280616760254 5.6917457580566 3.0973813533783 
-9.9127674102783 4.6850700378418 -6.1099944114685 -0.91970020532608 2.1556797027588 0.13999862968922 -8.8847188949585 7.325710773468 -2.1779491901398 0.32449385523796 9.9821548461914 1.1085846424103 0.26449078321457 2.728301525116 -4.9657196998596 -9.0980415344238 
-6.9365425109863 -8.0149955749512 -9.5450305938721 -3.7804095745087 3.9725863933563 -6.0155549049377 9.0762205123901 8.9554014205933 -8.7377147674561 3.3737533092499 -4.4137153625488 -4.5967268943787 7.4031448364258 1.3433946371078 -4.3308930397034 8.9858684539795 
2.8480899333954 -4.8286361694336 -3.0536911487579 8.0263986587524 -5.5669522285461 9.6121826171875 3.6142814159393 9.0585956573486 -5.8433818817139 0.089435838162899 -6.9022789001465 -5.9862504005432 -1.1466120481491 -8.967981338501 -4.099259853363 -3.9840619564056 
-1.3488062620163 1.4238208532333 8.3898267745972 1.2624268531799 -1.6945091485977 7.9684925079346 -8.3705129623413 2.8975994586945 -6.8097410202026 1.2139768600464 -3.6812188625336 4.6717796325684 8.2687358856201 9.1046762466431 3.2849185466766 2.1352753639221 
5.2899188995361 6.4986505508423 -1.158216714859 5.8701586723328 0.42587435245514 -3.8187663555145 -8.5899705886841 1.9705048799515 7.0252809524536 -8.3464250564575 0.94960826635361 5.458703994751 6.5138444900513 -7.1712198257446 -2.7767977714539 -9.2464351654053 
-0.35961246490479 8.4124717712402 -7.811713218689 -5.4979920387268 1.9428335428238 -5.9267811775208 3.6146824359894 -9.9072351455688 6.6406011581421 -3.5735898017883 2.5987756252289 -5.8572268486023 -3.8729226589203 -5.4188690185547 8.7689027786255 4.4998440742493 
-4.2908730506897 -8.4607563018799 8.8736534118652 6.6547904014587 5.286208152771 3.3192138671875 2.5614767074585 -6.3959794044495 7.1024270057678 3.8979852199554 -1.4351304769516 -0.39320710301399 -7.4965887069702 1.7116429805756 6.9847621917725 8.6659879684448 
-3.6191620826721 6.249719619751 2.0350623130798 6.9375987052917 -3.4922938346863 -9.5752401351929 8.8015251159668 -4.8286819458008 7.6448764801025 1.65780210495 -0.35984075069427 2.104603767395 8.6758136749268 0.98826783895493 2.3106088638306 -5.4710187911987 
