16 16
-0.77462500333786 0.59292078018188 0.63953268527985 -0.22578360140324 0.91928625106812 0.020896090194583 0.2282867282629 0.038423765450716 -0.71310251951218 -0.41439610719681 -0.58441340923309 0.92827713489532 0.52207934856415 -0.25553405284882 -0.061386924237013 0.86823010444641 
0.37509143352509 -0.65117186307907 0.24099966883659 0.0075578661635518 -0.76258379220963 -0.78661340475082 -0.075800344347954 -0.6464147567749 0.77573847770691 -0.10942559689283 0.56099319458008 0.85762673616409 0.27083125710487 0.23262406885624 -0.77844232320786 -0.73191827535629 
-0.83252960443497 0.41821181774139 0.54035311937332 0.29633930325508 0.2350509762764 0.91831636428833 0.55815637111664 0.45640623569489 -0.16067235171795 0.072585947811604 -0.61554473638535 -0.37903308868408 -0.20830237865448 0.46051082015038 -0.70581501722336 -0.61217969655991 
0.88022434711456 -0.35687392950058 -0.58057540655136 -0.013740613125265 -0.4859217107296 -0.63661730289459 -0.65739762783051 -0.43444380164146 -0.85000091791153 -0.86372804641724 0.87381190061569 0.52693891525269 -0.11256774514914 0.25358319282532 0.52719295024872 0.70058166980743 
-0.94842797517776 0.81724911928177 0.54489117860794 0.16570307314396 0.50888019800186 0.58563542366028 -0.8637421131134 0.80534040927887 0.88048994541168 -0.017947394400835 0.70864582061768 0.65272951126099 0.70268326997757 -0.62128990888596 0.63693338632584 0.76543378829956 
0.96666383743286 -0.62777435779572 0.062031909823418 -0.93311613798141 -0.94488209486008 0.81598973274231 0.7894275188446 0.62798064947128 -0.51004666090012 0.70062303543091 0.062342114746571 0.28320527076721 0.8234543800354 0.55438953638077 0.057302068918943 0.88269138336182 
0.84459966421127 -0.37765136361122 0.49648353457451 -0.19436492025852 0.6490159034729 0.57368433475494 -0.3109504878521 -0.22130134701729 -0.3096010684967 0.081838496029377 0.12900690734386 0.86340242624283 -0.48718529939651 -0.65678405761719 0.19126152992249 -0.21587841212749 
0.55280518531799 -0.51772862672806 0.89034777879715 -0.014441458508372 -0.91363489627838 0.24437542259693 -0.0072437874041498 -0.55111789703369 0.76077514886856 0.033101700246334 -0.65592098236084 -0.49743103981018 -0.09172448515892 -0.04471255838871 -0.97504639625549 0.35503706336021 
-0.20052255690098 -0.45937746763229 -0.68692851066589 -0.31599479913712 0.88224852085114 0.21669727563858 -0.82092142105103 0.73168808221817 0.95278817415237 0.56108474731445 -0.95332592725754 0.56534641981125 0.58610832691193 0.09855779260397 -0.593121945858 -0.018081864342093 
-0.11169335991144 0.064248494803905 -0.012727003544569 0.49645340442657 0.54630529880524 0.96583425998688 0.40420630574226 0.138367369771 -0.50286549329758 0.70359665155411 0.35764014720917 0.37369406223297 0.87349140644073 -0.37592452764511 -0.44112461805344 -0.21435804665089 
0.43809047341347 0.20391625165939 -0.83347135782242 -0.95531350374222 0.47415989637375 -0.81371349096298 -0.028798617422581 0.51196616888046 -0.013371502049267 -0.66478365659714 -0.041730780154467 0.83713817596436 0.89453631639481 -0.27017173171043 -0.18314988911152 -0.022826988250017 
0.59900343418121 -0.39482846856117 0.41656145453453 -0.023824458941817 0.67125076055527 -0.11411017179489 -0.93855845928192 -0.68775677680969 0.33742755651474 -0.48083719611168 -0.80727505683899 0.41519522666931 -0.50857305526733 -0.28412732481956 0.16542436182499 -0.8132301568985 
-0.42814522981644 0.2202290147543 0.86467510461807 0.93775165081024 0.19435892999172 0.68401259183884 0.22140522301197 0.79738253355026 -0.18648684024811 0.17459893226624 0.90758264064789 0.93949890136719 -0.36970528960228 -0.34925523400307 -0.29923021793365 -0.944395840168 
-0.81775909662247 -0.25325804948807 -0.61957848072052 0.87363618612289 -0.16839438676834 0.5398023724556 -0.97561085224152 0.10174288600683 -0.59325194358826 0.70432382822037 0.64931404590607 -0.42114090919495 -0.89013838768005 0.37883314490318 -0.21516513824463 -0.99321931600571 
-0.94406855106354 0.19834263622761 -0.66583633422852 0.28399503231049 -0.48292806744576 -0.28613588213921 -0.84843975305557 -0.48297736048698 0.98834353685379 0.69921118021011 0.3021202981472 0.2482526153326 0.061917994171381 -0.42115011811256 0.18840697407722 -0.99289208650589 
-0.0025745942257345 -0.82303696870804 -0.69821035861969 0.41023969650269 -0.17943765223026 0.75025224685669 0.68572902679443 -0.25955921411514 0.97880083322525 -0.96180582046509 -0.59815865755081 0.0054923393763602 -0.0067952582612634 -0.44577842950821 -0.34103316068649 -0.88177752494812 
