10 10
826.41796875 658.98077392578 693.87365722656 771.79559326172 -678.84887695312 -283.95635986328 339.32208251953 -383.1842956543 -690.28057861328 -611.99786376953 
-77.671234130859 -537.72796630859 -551.50225830078 -981.96911621094 -516.32562255859 -41.031852722168 931.16088867188 575.08209228516 -442.18548583984 138.96488952637 
-904.9033203125 895.66900634766 -279.70693969727 -814.78594970703 206.99493408203 530.73101806641 58.719604492188 -947.76770019531 -952.07196044922 706.21716308594 
-636.75183105469 -661.24127197266 683.05725097656 -51.906543731689 -730.89068603516 483.83901977539 205.22711181641 -108.22383117676 -245.23075866699 493.16436767578 
-56.732738494873 340.60494995117 -148.90908813477 783.37927246094 499.1653137207 822.97814941406 889.03985595703 -96.427520751953 -570.67803955078 442.10168457031 
360.31909179688 441.47491455078 -295.83865356445 361.86685180664 -452.43951416016 -152.53192138672 709.95147705078 -271.36480712891 -290.5163269043 773.18133544922 
-150.97663879395 -522.05090332031 547.72241210938 -972.14166259766 521.17169189453 365.30932617188 852.78601074219 -261.83862304688 -818.97772216797 -764.41882324219 
521.30645751953 497.51922607422 387.26776123047 304.47784423828 320.93258666992 453.60162353516 23.717679977417 707.90106201172 515.38659667969 -443.63946533203 
180.27844238281 309.33715820312 587.15515136719 697.15277099609 -197.24172973633 -338.93701171875 565.70550537109 971.40692138672 981.21868896484 -806.05322265625 
419.02200317383 587.12524414062 -256.79611206055 743.32196044922 -595.46325683594 -329.00061035156 -885.25518798828 -380.7575378418 -795.65789794922 -784.54083251953 
