10 10
5.9665880203247 -7.6931614875793 -1.7497273683548 1.4419189691544 -9.7605829238892 8.0226945877075 -9.0427780151367 -8.8611040115356 -4.6665978431702 -7.1746673583984 
1.1866172552109 4.4959635734558 -4.7915325164795 1.2706986665726 -7.3763608932495 -1.1244736909866 -8.5831317901611 0.42316907644272 -4.9340124130249 2.1991834640503 
7.8596940040588 -6.5863938331604 -8.5443315505981 2.0376665592194 -0.58732151985168 1.7358773946762 9.4426755905151 -9.4867010116577 2.9077405929565 4.3579711914062 
4.1227397918701 3.2626812458038 -8.0528039932251 -0.61559468507767 -7.1534571647644 2.9892907142639 4.59534740448 -1.9512550830841 -1.2218198776245 5.9493808746338 
-3.7604014873505 0.017530644312501 7.0554413795471 4.677460193634 7.2112946510315 -9.7518606185913 2.2548587322235 -9.2584085464478 9.5943813323975 4.7795753479004 
9.1053867340088 -4.3385744094849 -2.4861168861389 -7.1273865699768 5.8084545135498 2.0171279907227 -5.1905422210693 -0.9152569770813 4.7789168357849 -3.3764042854309 
-7.019907951355 3.7641117572784 4.9320526123047 8.9424896240234 -6.9259123802185 -0.055564347654581 -1.9963464736938 -4.968433380127 6.8207993507385 -5.848060131073 
9.6845731735229 -4.4229946136475 9.164529800415 -8.1397047042847 9.095986366272 0.031333509832621 -8.7052183151245 6.8502111434937 5.2014956474304 -7.9939246177673 
1.9761167764664 -4.8216543197632 -9.027458190918 1.7092269659042 8.0269241333008 8.3804616928101 -2.4437143802643 -4.5512132644653 -8.2279539108276 2.2491261959076 
-6.7333235740662 1.4845628738403 -8.0634231567383 7.4400963783264 2.5731389522552 9.1843824386597 -0.28215423226357 -5.085967540741 -4.8351726531982 -4.3578939437866 
