16 16
-4931.365234375 4462.1806640625 -7345.7416992188 -934.28857421875 1779.8266601562 -7599.3740234375 -3169.6276855469 9098.24609375 -8442.9443359375 7741.0610351562 -809.36468505859 6976.4487304688 -7075.828125 -8702.259765625 -4586.1025390625 3953.7170410156 
-5410.0126953125 4389.9584960938 -3071.6101074219 -5241.3041992188 -5133.380859375 3028.0822753906 -1649.5219726562 4854.2856445312 3818.7106933594 1.9145864248276 5166.2758789062 4346.2587890625 -1018.6478271484 -8611.55078125 8620.0849609375 -8790.236328125 
-6226.8505859375 -8253.7314453125 9872.9228515625 -9050.546875 9280.1005859375 -3085.4282226562 1455.0239257812 7843.98046875 3213.365234375 1917.4095458984 -2075.3823242188 -1407.6918945312 4837.5278320312 4064.8940429688 6651.5502929688 1409.6108398438 
-3121.0974121094 7685.677734375 6960.19140625 -8443.5703125 9231.359375 7130.9228515625 -4695.4995117188 -6469.0478515625 -4826.3681640625 4973.6376953125 -5054.2451171875 3621.8413085938 -9537.34765625 9253.2294921875 8009.4897460938 3757.9208984375 
221.33911132812 -5154.0004882812 -8648.546875 6383.6596679688 -5169.1791992188 2142.4172363281 -5642.7592773438 5997.3500976562 521.91876220703 -3161.5622558594 -8067.0131835938 6849.4125976562 5640.1821289062 -4481.9428710938 -477.08767700195 -4530.2465820312 
-5676.064453125 2449.5910644531 5963.947265625 7370.2231445312 9227.888671875 8313.416015625 9745.4794921875 7413.3486328125 -2936.8139648438 1482.3511962891 -2878.0341796875 -8991.470703125 6177.0322265625 185.36047363281 6810.3037109375 7780.6948242188 
3110.5727539062 -2190.1862792969 -1896.8131103516 4715.2763671875 501.69451904297 -2766.1538085938 2068.2993164062 -3774.931640625 -8308.6689453125 -7596.5522460938 3676.0756835938 430.67541503906 -5662.9052734375 6334.4799804688 -6131.6030273438 -2811.1711425781 
3990.8344726562 -9227.0751953125 7184.3237304688 4806.728515625 -6268.83203125 -4966.6748046875 2953.9567871094 991.98034667969 8613.3525390625 -1067.8592529297 -8856.50390625 -6107.9990234375 2309.3039550781 8504.5341796875 9761.18359375 6014.634765625 
1294.537109375 -322.28497314453 4841.6547851562 -7351.3266601562 755.7578125 5981.3979492188 6020.046875 1138.6011962891 -1261.1240234375 -3022.5222167969 -7098.619140625 3445.1511230469 5170.0307617188 -8404.615234375 1688.4700927734 8307.001953125 
-6462.9448242188 -229.07328796387 -494.47265625 -884.62261962891 -7597.7172851562 -4110.3833007812 4679.8842773438 -1884.4235839844 5267.5717773438 -4544.8310546875 4003.7819824219 607.08172607422 6434.4409179688 5448.857421875 1841.0114746094 -8397.3818359375 
-1660.8126220703 5576.1279296875 -9010.8955078125 6949.3295898438 -5217.8955078125 9690.25390625 4584.4619140625 -6469.4536132812 -9790.2216796875 -6280.9204101562 -8639.30078125 -9644.4375 -3752.87890625 -1582.1318359375 -736.81988525391 -8109.77734375 
1678.4262695312 -2983.3818359375 -7440.3779296875 -8567.2294921875 262.06817626953 -1989.6652832031 -8299.1552734375 2276.44140625 -1496.419921875 -1284.5747070312 -562.68615722656 -6676.5825195312 -1051.6090087891 6820.607421875 -5204.1279296875 2482.9287109375 
-733.07836914062 8911.9521484375 2135.2453613281 -7398.5078125 2396.8579101562 -9591.931640625 -9949.705078125 7964.494140625 9485.447265625 7700.2260742188 8150.6098632812 3383.7778320312 546.25402832031 318.34579467773 -1539.3432617188 2242.9382324219 
-7236.3627929688 -6299.7543945312 4228.482421875 1133.0050048828 -2120.00390625 2790.7744140625 8480.8681640625 1719.7805175781 -5456.7202148438 3216.26171875 2050.4331054688 2235.8005371094 5179.2719726562 9051.8818359375 -3356.8427734375 797.87109375 
9801.4609375 -1277.2296142578 -6328.068359375 -9694.3115234375 -817.09423828125 8251.1689453125 3839.322265625 -606.19006347656 -9702.119140625 -3839.9643554688 8546.490234375 -1061.2534179688 9562.5029296875 6643.0122070312 -5144.1372070312 -221.82196044922 
-6693.1655273438 -916.87829589844 498.13815307617 2311.3005371094 -5073.6567382812 6118.2905273438 -1851.4327392578 -5502.1186523438 92.152610778809 9412.513671875 -7473.5375976562 6920.1767578125 -8429.6220703125 -3754.5476074219 2935.7133789062 -7580.4448242188 
