16 16
0.59396588802338 -0.44310232996941 -0.88963454961777 -0.08255647867918 -0.26104328036308 -0.62707376480103 -0.58440274000168 -0.55662566423416 -0.2997764647007 -0.59899336099625 -0.99277740716934 -0.59885787963867 0.048625409603119 0.61831992864609 0.18463596701622 -0.8610532283783 
0.56753295660019 0.19248931109905 0.0809610709548 0.076838091015816 -0.11898162215948 -0.6809898018837 -0.37019151449203 -0.17148271203041 -0.69674628973007 -0.17530497908592 -0.84840178489685 0.81130331754684 0.39131239056587 0.51871734857559 0.0056736534461379 -0.92207223176956 
0.23717638850212 -0.83457720279694 -0.35566926002502 0.44691637158394 -0.84260553121567 0.05890179425478 0.16802461445332 -0.25669372081757 -0.79117631912231 0.94114303588867 0.072444431483746 0.36329033970833 0.52030885219574 -0.1712012887001 -0.6966255903244 0.83421504497528 
-0.86983495950699 0.81256985664368 0.2451948672533 -0.79434436559677 0.65949577093124 0.37178269028664 -0.33765235543251 -0.72314316034317 0.64516013860703 -0.2206102758646 0.30739399790764 0.97947531938553 0.16681970655918 -0.43989086151123 0.49783048033714 0.58646994829178 
0.63174265623093 0.10255987942219 -0.35168397426605 0.20739455521107 0.69832634925842 -0.27618458867073 -0.70310455560684 0.6626028418541 -0.85598003864288 -0.48339128494263 0.96404027938843 0.30212876200676 -0.45357421040535 -0.59207373857498 -0.10434599220753 0.4884512424469 
-0.086195670068264 -0.37473395466805 -0.61788028478622 0.6035208106041 -0.68724501132965 0.61812770366669 -0.65244722366333 0.94064837694168 0.48957765102386 0.85730892419815 0.55617290735245 -0.75052577257156 0.95429307222366 -0.37236925959587 -0.95697611570358 0.79475265741348 
0.2543793618679 0.15841399133205 0.74601227045059 0.72654283046722 -0.42071297764778 0.69939142465591 -0.73876321315765 -0.52306813001633 -0.40879437327385 0.74541372060776 -0.75235313177109 0.32496294379234 0.67489731311798 0.40338024497032 0.82520925998688 -0.32783323526382 
0.53286552429199 -0.62258380651474 0.46030369400978 -0.83984303474426 0.85955166816711 -0.92407941818237 -0.44810721278191 0.21073535084724 -0.66165369749069 0.075381867587566 -0.61433255672455 -0.16599498689175 -0.50092375278473 -0.7791211605072 0.2426819652319 -0.28381085395813 
0.5987708568573 -0.82421398162842 0.052101485431194 -0.1349243670702 0.74508303403854 -0.37604749202728 0.35977047681808 0.86281448602676 -0.45747384428978 0.94478064775467 -0.11464627832174 0.39319691061974 -0.26849570870399 -0.84121918678284 0.03396075591445 -0.28354638814926 
-0.66381484270096 0.7374792098999 0.21786479651928 -0.7433905005455 -0.94286781549454 -0.78121638298035 -0.071784876286983 -0.74245327711105 0.12609551846981 0.0052568828687072 0.18561983108521 -0.77191877365112 0.92274063825607 0.15681967139244 -0.63232684135437 0.56765329837799 
-0.19141894578934 0.31618586182594 -0.87791067361832 0.37284460663795 -0.8100414276123 -0.31789761781693 0.6152486205101 -0.72803807258606 -0.51491451263428 0.25902357697487 0.53507918119431 0.076231226325035 -0.78761398792267 0.53760993480682 0.60785090923309 0.15279737114906 
-0.94192785024643 -0.020803106948733 -0.77877688407898 0.68460518121719 0.34612032771111 -0.47463399171829 0.63775968551636 0.85338866710663 -0.63362610340118 0.041492722928524 0.53408092260361 0.021952114999294 0.3062596321106 0.74290746450424 0.6133064031601 0.62028360366821 
0.49208998680115 -0.15462966263294 0.92090827226639 0.40132209658623 0.70583587884903 0.31752380728722 -0.11444752663374 -0.056859649717808 -0.74321442842484 0.54719167947769 -0.025793351233006 -0.2989846765995 0.96538853645325 -0.023582819849253 -0.63036948442459 -0.75665533542633 
0.11907851696014 0.23300755023956 0.84472531080246 0.81920433044434 0.28216016292572 0.24621920287609 0.78468555212021 -0.18209613859653 0.75666427612305 0.67400991916656 0.48673483729362 -0.42172673344612 -0.2621343433857 0.643934071064 0.36118429899216 0.51419001817703 
0.086534090340137 0.85682451725006 0.1973819732666 0.54125618934631 -0.69672405719757 -0.37910330295563 0.42895087599754 -0.47106912732124 -0.50899052619934 0.88703268766403 0.58575785160065 0.92895483970642 -0.65968495607376 0.94413030147552 0.67577666044235 -0.23114986717701 
0.54671955108643 -0.88844609260559 -0.73526835441589 0.08931128680706 -0.97700291872025 -0.41192135214806 -0.69460850954056 0.96228784322739 -0.0143819199875 0.99518275260925 0.095817156136036 0.96822285652161 -0.79063791036606 -0.7112221121788 -0.75222367048264 -0.70190370082855 
