16 16
7.6832556724548 0.87986534833908 2.4920754432678 0.64597767591476 -5.7392244338989 4.5093650817871 -7.4343872070312 -8.62522315979 -6.4639964103699 2.0799932479858 -9.3893260955811 -1.7908601760864 -5.2636113166809 8.9260950088501 5.5721945762634 -1.5101087093353 
-9.1725759506226 -2.3081026077271 -3.08509516716 5.1658964157104 -2.6095278263092 8.3071527481079 -2.6825203895569 -7.6188035011292 5.5080318450928 7.8645939826965 -7.9461221694946 -9.3713359832764 -1.4824508428574 -8.9641361236572 -2.3251469135284 -8.4068164825439 
9.900071144104 6.1358160972595 2.3980417251587 -1.8003678321838 6.4066505432129 -6.4913649559021 -1.5502721071243 -9.8157453536987 0.21857365965843 7.5383238792419 5.9636096954346 4.3543291091919 -1.4646074771881 0.13577315211296 -6.9334392547607 3.9397251605988 
2.4821360111237 8.5287446975708 -0.96501362323761 -6.763334274292 2.9222817420959 1.1506196260452 -1.3669021129608 4.7364764213562 -0.3140561580658 -2.9404449462891 5.1770286560059 1.8268352746964 3.6513957977295 2.7345073223114 8.4710359573364 -2.2529699802399 
-7.2233228683472 -9.4289855957031 3.4915199279785 8.6382732391357 -5.0662798881531 2.4899525642395 2.8122794628143 -8.0547342300415 0.22099554538727 -3.7956275939941 2.7190017700195 9.4762105941772 -3.7181510925293 3.7854297161102 7.4603314399719 -8.4707469940186 
8.7662467956543 3.5573053359985 6.737154006958 -1.9721862077713 -9.8803176879883 -2.84055352211 -0.69560515880585 -2.9035816192627 1.2609050273895 4.1662330627441 7.1405892372131 -7.9882726669312 7.2061796188354 -1.4095956087112 5.382833480835 5.8353080749512 
-0.3108571767807 -8.7219676971436 -1.5039451122284 8.8275318145752 -6.2836060523987 9.7037744522095 3.9927756786346 2.5501589775085 5.4373230934143 2.49649477005 -9.0993204116821 4.0925054550171 -7.4738907814026 3.4126930236816 7.0745210647583 6.9038858413696 
-2.7453842163086 -2.8129374980927 8.7008495330811 3.8833694458008 -6.8209400177002 -8.3723487854004 -6.9214668273926 -3.28955078125 -2.423130273819 -8.4686260223389 -5.5038919448853 -7.2832717895508 4.0182538032532 0.76221203804016 -0.46438747644424 7.9714684486389 
-5.510751247406 6.4414939880371 7.7391600608826 -5.7829928398132 3.9377887248993 4.430691242218 2.0529673099518 5.8305292129517 -7.9286289215088 -1.2718852758408 -2.1066524982452 4.2615838050842 3.8693373203278 2.3630599975586 -4.2734804153442 -0.56772434711456 
-8.4574947357178 2.0649769306183 -6.4904847145081 -5.1194438934326 8.9946041107178 5.268711566925 7.2725005149841 9.1077470779419 -5.0577597618103 8.0840244293213 7.5632281303406 2.5671668052673 -2.5875642299652 4.1092953681946 -4.6979570388794 -5.6966881752014 
0.78676068782806 9.9856653213501 4.282970905304 -2.8823883533478 4.8889193534851 7.9373860359192 3.2111265659332 1.6155562400818 5.381175994873 9.8390712738037 7.6706485748291 8.4731712341309 7.2399816513062 4.958803653717 -2.1554577350616 -0.88512057065964 
5.503764629364 -1.8811854124069 5.6130747795105 -0.21407949924469 -7.4670972824097 -0.70297712087631 -1.8098659515381 -3.8598272800446 2.6256790161133 8.5861968994141 -2.8299269676208 7.0042328834534 -8.2451143264771 2.5547068119049 2.9473400115967 -0.79152810573578 
9.5006532669067 -2.7054424285889 2.7922267913818 -6.807008266449 6.4541058540344 -4.0894174575806 -8.8201446533203 -8.262001991272 -5.5387921333313 4.5274081230164 -8.3248281478882 4.8565154075623 -1.6998636722565 4.9377384185791 7.0510749816895 -8.4072437286377 
-1.3849979639053 -3.8554112911224 6.156482219696 6.3001155853271 -3.6726083755493 -8.4065656661987 -2.7812855243683 9.2320833206177 -7.8879446983337 -5.0317535400391 -6.0910181999207 -3.1768660545349 7.294481754303 -6.4427652359009 6.4642944335938 1.6809687614441 
2.2843987941742 5.3068747520447 -8.9696264266968 -9.6596059799194 -8.09605884552 2.2548549175262 2.8638272285461 -2.5981502532959 1.0351285934448 2.1535837650299 -8.8051595687866 0.57609677314758 2.982061624527 5.5490026473999 4.0933980941772 0.61619073152542 
-7.9103407859802 -4.8901829719543 5.9001812934875 8.6084699630737 6.9002752304077 -4.4255404472351 1.459221124649 -7.4815058708191 0.969253718853 -3.4683935642242 -5.1099705696106 -5.7580742835999 -1.4137918949127 7.371919631958 -4.3624773025513 -3.1331012248993 
