10 10
0.47653070092201 -0.58824473619461 0.0043824920430779 -0.64543485641479 -0.93133413791656 0.85059159994125 -0.11401423066854 0.29693856835365 -0.016340965405107 0.12111692130566 
-0.81261909008026 -0.93688648939133 -0.44787403941154 0.5089949965477 -0.14688378572464 -0.56517159938812 0.1258842498064 0.82385927438736 -0.45211857557297 -0.46884182095528 
0.069221578538418 0.40185967087746 -0.093445092439651 -0.39332428574562 0.1044986397028 0.33883228898048 0.74537885189056 -0.66240459680557 -0.66035467386246 -0.81273519992828 
0.35120570659637 0.66473913192749 -0.80878490209579 -0.29466271400452 0.24776566028595 0.56868046522141 -0.43159374594688 0.76517647504807 -0.69272100925446 0.26041299104691 
-0.74511343240738 0.30809190869331 0.17217481136322 0.085778437554836 0.44997689127922 -0.0024919770658016 -0.53597486019135 -0.80865424871445 0.79017758369446 -0.3272223174572 
-0.75762236118317 -0.053969170898199 -0.56307381391525 -0.0035149599425495 0.94851368665695 -0.34336176514626 -0.90878164768219 -0.27870985865593 0.83538496494293 0.056691125035286 
0.64954489469528 0.41552197933197 -0.59952825307846 -0.9167839884758 0.44327849149704 -0.69537365436554 0.36289364099503 0.86668878793716 0.83219057321548 -0.55138295888901 
-0.89973163604736 0.41163256764412 -0.72970128059387 -0.44410440325737 0.21169072389603 0.16263154149055 0.3519934117794 0.40603476762772 -0.25637152791023 0.82025629281998 
-0.78269362449646 -0.33318808674812 0.77504324913025 -0.18852786719799 -0.62135982513428 -0.76751202344894 0.70261406898499 0.1485196352005 -0.65183103084564 -0.89141190052032 
0.41263222694397 -0.42839923501015 0.37974041700363 -0.82118904590607 0.20225676894188 0.98673725128174 0.53790259361267 0.48174822330475 -0.85889613628387 0.80338764190674 
