10 10
0.40856423974037 -0.29197511076927 -0.89044511318207 -0.14833810925484 -0.808389544487 -0.71800071001053 -0.89012211561203 -0.36960032582283 0.053289037197828 -0.13149617612362 
0.40444430708885 -0.035447634756565 -0.74825608730316 -0.50767302513123 -0.042788483202457 0.30221852660179 0.8230100274086 0.76148170232773 0.35993936657906 -0.71820569038391 
0.036608587950468 -0.47187566757202 -0.45233479142189 0.92424207925797 -0.44539514183998 0.88824623823166 -0.94028156995773 0.9311318397522 -0.3885762989521 -0.88786900043488 
0.32603472471237 -0.30002424120903 0.48514187335968 -0.43719637393951 -0.62954890727997 -0.2346449047327 -0.92201429605484 0.30767884850502 0.81842166185379 -0.56466096639633 
-0.34460338950157 -0.1591659784317 0.69199573993683 -0.21144662797451 -0.83305013179779 -0.85344076156616 -0.54516160488129 -0.93060803413391 0.45873576402664 0.69999694824219 
0.69628584384918 0.85140907764435 -0.45213875174522 0.56494212150574 -0.79708176851273 0.0059078126214445 -0.18495555222034 0.75107628107071 -0.95343482494354 0.958347260952 
-0.8298072218895 0.35362756252289 0.26961931586266 -0.15139882266521 -0.0016125520924106 -0.33408001065254 -0.54811108112335 -0.21186044812202 -0.78969538211823 -0.8302618265152 
-0.53407001495361 0.15904520452023 -0.23858965933323 -0.13837860524654 -0.52058660984039 0.23372964560986 -0.22749112546444 0.11178155988455 -0.23812112212181 0.32149529457092 
0.2638486623764 -0.57351559400558 0.24058499932289 -0.068663999438286 0.26229044795036 0.95405715703964 0.27045220136642 -0.43260118365288 -0.93854546546936 0.30932655930519 
0.43906691670418 0.10704442113638 -0.88079166412354 0.56226527690887 0.63148301839828 0.34209749102592 0.57812398672104 -0.21977810561657 0.22589544951916 0.045062940567732 
