16 16
642.76782226562 463.01831054688 -313.79696655273 226.17025756836 -395.20483398438 -380.19915771484 294.36962890625 -569.30963134766 790.20495605469 -929.40740966797 635.80200195312 566.4755859375 -57.89875793457 67.560249328613 513.95904541016 -681.55090332031 
719.04486083984 722.19940185547 -216.14007568359 -710.95263671875 -943.32025146484 793.14276123047 -91.914611816406 56.626647949219 -943.36352539062 -81.901870727539 954.66467285156 841.78765869141 -290.76025390625 -284.84817504883 -235.91465759277 -853.365234375 
-574.31176757812 439.29904174805 102.68286132812 207.94012451172 -603.99749755859 628.92706298828 -648.91479492188 474.26959228516 280.33126831055 839.74200439453 -268.48474121094 822.63366699219 563.42309570312 -986.31762695312 453.64306640625 -979.41180419922 
-203.22267150879 455.62689208984 770.62396240234 -490.95880126953 -40.300365447998 494.02774047852 -283.87905883789 494.64685058594 -792.41833496094 603.63122558594 -343.87762451172 735.80944824219 895.55505371094 749.40356445312 -143.28926086426 -294.58685302734 
713.99072265625 -821.39373779297 -450.24505615234 -484.32077026367 -566.26727294922 262.85491943359 139.23341369629 376.63565063477 -594.29571533203 809.69848632812 -461.80511474609 714.06970214844 899.77447509766 192.78005981445 2.0764706134796 591.798828125 
-584.21240234375 164.56051635742 -169.5064239502 -941.80255126953 -516.72674560547 -904.21673583984 -37.030521392822 -920.09851074219 823.84454345703 311.6448059082 -567.09057617188 940.49780273438 988.57489013672 -418.23715209961 714.80285644531 749.52313232422 
917.63891601562 201.46691894531 -713.3701171875 -943.82745361328 -550.46435546875 905.09497070312 -42.846485137939 320.22341918945 155.8924407959 244.74394226074 843.0732421875 396.78201293945 -374.42205810547 667.52954101562 585.244140625 -787.38269042969 
576.78686523438 292.9606628418 926.33160400391 520.92071533203 -723.48101806641 38.893486022949 538.73791503906 580.12506103516 -235.29502868652 765.54180908203 454.08633422852 -210.16355895996 -463.45892333984 -539.25811767578 99.573852539062 -169.9994354248 
823.38067626953 -340.88214111328 -776.96276855469 -661.83874511719 -370.88122558594 315.81942749023 -572.01190185547 -974.64086914062 -932.732421875 473.47174072266 -358.80996704102 678.93054199219 723.91363525391 -301.88693237305 484.67401123047 -538.85083007812 
-479.62646484375 451.6012878418 50.374439239502 -652.37261962891 -942.55639648438 -181.17617797852 53.646465301514 395.55776977539 255.61155700684 522.09259033203 -653.71881103516 831.77221679688 -424.73187255859 997.38305664062 -949.44885253906 -201.91674804688 
177.0432434082 -32.385189056396 -424.77661132812 -580.20086669922 605.49487304688 -836.43475341797 -876.86016845703 265.32168579102 -447.52938842773 -505.97802734375 -689.72332763672 -579.45886230469 969.83032226562 -993.98803710938 46.808647155762 -760.97503662109 
-681.31243896484 564.23944091797 -422.70947265625 155.24629211426 708.11773681641 -314.66409301758 -268.74267578125 798.07958984375 328.71279907227 158.37467956543 -332.82525634766 -831.68743896484 -996.21423339844 -800.60510253906 -163.72207641602 325.42233276367 
927.40515136719 159.11120605469 131.4658203125 459.4821472168 280.84701538086 698.85577392578 -415.33743286133 108.79935455322 -450.22381591797 -283.60147094727 -560.47180175781 186.52290344238 58.003150939941 336.82382202148 -881.08685302734 955.21936035156 
5.4020595550537 412.15948486328 -690.51013183594 -255.85620117188 -360.02886962891 -729.36340332031 -905.95568847656 -834.20336914062 891.9072265625 651.25024414062 931.03485107422 -647.73291015625 483.1162109375 -53.436687469482 552.71643066406 841.48834228516 
340.73559570312 636.58013916016 40.616806030273 966.65789794922 -839.2294921875 431.03860473633 -199.42289733887 308.75567626953 -921.89562988281 -954.86346435547 -677.18249511719 974.78442382812 -971.44439697266 -569.74047851562 -41.288318634033 799.60040283203 
314.56518554688 777.84259033203 631.12066650391 -848.65777587891 780.30999755859 28.618497848511 426.5104675293 -578.26885986328 -477.0973815918 9.1297931671143 85.535606384277 918.85186767578 -968.70330810547 697.47003173828 -650.80847167969 326.12841796875 
