10 10
-7.1562676429749 4.9483261108398 5.2225890159607 -0.42495343089104 -9.2072114944458 -9.6195831298828 3.6974403858185 6.2038683891296 -1.9484348297119 -8.9961786270142 
-1.6799147129059 -2.8325176239014 5.9799127578735 -9.2628679275513 1.447105884552 2.881340265274 -3.6131210327148 -7.7875418663025 -4.8674397468567 -7.6524996757507 
-0.67234641313553 -2.5415503978729 7.3415560722351 3.3638644218445 -5.4082689285278 -6.5022768974304 8.8520746231079 -0.50931477546692 1.1566882133484 -9.9864196777344 
-7.9395508766174 -4.2386393547058 2.1752445697784 -6.2033967971802 -0.58837056159973 -2.7668509483337 -8.1067705154419 9.8077373504639 -6.3095021247864 9.7666673660278 
-4.7233653068542 -0.87641501426697 5.4398531913757 -6.8884882926941 -7.8964290618896 -1.3570948839188 2.9439933300018 -2.2009265422821 -9.4187850952148 -7.9203758239746 
8.346999168396 8.6848468780518 8.8705005645752 5.1390438079834 -5.9997706413269 -1.3010033369064 -4.0756072998047 -8.6862802505493 2.0666115283966 3.3235313892365 
-8.0668201446533 2.5261907577515 9.6357765197754 -2.5259079933167 0.36669406294823 -8.9388771057129 -4.5310368537903 -8.3279829025269 -9.5786437988281 5.8846573829651 
2.2591609954834 -4.2568774223328 -6.8233666419983 -8.6557493209839 -3.6351487636566 -3.5774011611938 7.308376789093 -3.6700582504272 -0.51116156578064 7.5653319358826 
-6.8146233558655 -6.1932272911072 -1.625685095787 -3.5967736244202 0.96430146694183 6.6388592720032 -4.0483131408691 6.2813262939453 7.1388478279114 1.6714000701904 
-4.0033159255981 -7.3423624038696 -7.183952331543 -4.625940322876 -2.4087982177734 -2.2651119232178 0.57629323005676 9.6691102981567 7.1856732368469 -4.7608456611633 
