16 16
-58.548007965088 -22.271627426147 -29.742683410645 90.166175842285 -69.213935852051 84.36116027832 -35.058032989502 -50.722679138184 39.011058807373 -20.564279556274 32.113304138184 -0.89241421222687 96.504455566406 -84.733451843262 4.2014489173889 54.302169799805 
-45.819778442383 -20.13067817688 -83.821311950684 88.01203918457 -6.8938684463501 -16.861560821533 64.360366821289 -79.401405334473 76.742553710938 39.762115478516 86.075164794922 11.905073165894 17.670227050781 61.659969329834 -34.886009216309 32.562030792236 
-62.878845214844 -80.311683654785 -64.34285736084 -15.478352546692 -1.1132417917252 85.348320007324 27.329044342041 -0.21512074768543 4.0243463516235 54.068695068359 -61.417953491211 -58.476398468018 16.738187789917 17.479190826416 69.463752746582 21.916400909424 
-16.95013999939 -8.1157073974609 23.473333358765 88.345764160156 84.161224365234 -52.454730987549 39.740989685059 48.889976501465 99.875442504883 -17.587757110596 19.096321105957 -51.29944229126 -98.095695495605 -92.369918823242 32.882499694824 -55.196582794189 
-6.4053092002869 98.890678405762 -13.881217002869 31.698934555054 -27.801685333252 -68.334541320801 44.179248809814 -37.636650085449 7.0939021110535 -95.998809814453 -78.000663757324 87.057075500488 -91.039207458496 -88.173629760742 -57.036800384521 -36.150634765625 
-70.439521789551 13.480448722839 -81.853096008301 -89.823257446289 -57.711124420166 -95.820220947266 56.005176544189 75.519332885742 -24.803186416626 42.092296600342 -33.68395614624 14.482497215271 84.939590454102 -48.465343475342 -72.754600524902 -13.415234565735 
4.2518010139465 -3.9784345626831 -96.751884460449 96.958938598633 83.591651916504 -59.306587219238 43.976848602295 63.440483093262 40.346954345703 13.74623298645 -29.90089225769 30.537227630615 -92.211547851562 -5.3065757751465 17.047109603882 50.357795715332 
0.47610539197922 99.429100036621 -19.396812438965 28.873640060425 -80.678741455078 -79.451599121094 33.822231292725 18.927230834961 97.74161529541 -98.316299438477 5.9327254295349 -91.442604064941 -91.405853271484 -45.486999511719 8.1110591888428 -85.406639099121 
-65.402549743652 80.784591674805 14.317139625549 24.15788269043 90.533638000488 -41.861457824707 93.516143798828 50.878890991211 -36.614894866943 -82.105781555176 -63.318519592285 -25.604761123657 -60.811950683594 2.1639931201935 -12.790575027466 -59.013401031494 
-92.724411010742 61.277606964111 -20.351486206055 -4.5691475868225 96.003967285156 21.225658416748 6.4246621131897 32.689235687256 0.23421125113964 37.280208587646 -23.186946868896 97.117607116699 49.163539886475 65.832176208496 64.255966186523 10.792669296265 
52.923759460449 -99.873374938965 -12.480821609497 11.884273529053 39.251354217529 -95.897666931152 16.199918746948 32.683532714844 -30.956285476685 -41.395702362061 98.129989624023 -84.75715637207 -40.6481590271 68.953628540039 44.593589782715 44.461959838867 
20.023632049561 -9.600775718689 -45.030624389648 46.270545959473 89.381820678711 -4.1228971481323 18.524375915527 17.182844161987 73.92618560791 80.019508361816 -18.671039581299 47.667369842529 -70.142539978027 19.135871887207 94.736114501953 14.111419677734 
18.710374832153 77.324760437012 31.361604690552 -48.23380279541 33.017383575439 -19.925760269165 -57.309635162354 -58.298500061035 -67.345603942871 38.028827667236 15.457926750183 -96.248970031738 -79.05046081543 -55.356338500977 1.0723392963409 68.396789550781 
-22.040273666382 -94.086647033691 94.377456665039 -3.3811409473419 -44.949409484863 66.615333557129 -19.26181602478 -55.96390914917 -91.720481872559 95.911727905273 -24.002151489258 47.485336303711 27.83179473877 -39.620658874512 -68.804153442383 95.399757385254 
-17.543939590454 -65.530136108398 73.361770629883 -21.698207855225 -17.465023040771 72.736541748047 67.966064453125 -51.121589660645 17.30951499939 55.839542388916 54.443363189697 -37.869552612305 83.447113037109 17.459804534912 -31.394092559814 44.451755523682 
-2.1512658596039 -97.315925598145 0.11616915464401 55.63000869751 24.386636734009 -46.025806427002 70.011871337891 17.849195480347 3.9236538410187 45.421661376953 -4.2385869026184 -64.225196838379 -6.6830639839172 53.820266723633 41.236568450928 14.738653182983 
