10 10
9.9861335754395 -5.793309211731 5.2633576393127 -4.8082818984985 -2.3892984390259 -4.240355014801 6.4416856765747 7.5030155181885 -4.594642162323 5.7734174728394 
0.20528198778629 -9.7789945602417 -3.1813936233521 4.0018434524536 2.425840139389 -6.4864449501038 -6.514687538147 8.6421642303467 -6.6413550376892 -6.4777979850769 
-7.0619988441467 3.2717542648315 9.2882537841797 7.0036172866821 -0.25780874490738 2.3052258491516 5.8116908073425 9.0354299545288 4.0240035057068 4.0299582481384 
3.2759764194489 -6.1895208358765 6.9428887367249 -8.9525012969971 -3.9975745677948 7.0419478416443 5.3856496810913 -9.4090270996094 -6.145977973938 -6.0129857063293 
-6.9713525772095 6.485625743866 8.0418357849121 9.7792644500732 -7.3169236183167 -6.5956802368164 7.6217513084412 0.50672817230225 -7.5006475448608 -7.5098996162415 
5.7515783309937 2.9651136398315 -1.0492560863495 -9.3158178329468 -6.917742729187 -6.4814195632935 -8.2280740737915 -7.2812180519104 -1.1803745031357 4.3263397216797 
-4.7768383026123 -7.0764598846436 -0.72925800085068 -2.766838312149 -7.1286969184875 -3.1911046504974 6.6957235336304 -0.12634788453579 -5.2764272689819 3.2750451564789 
-7.6865100860596 0.053189273923635 -0.90856289863586 -4.8536128997803 -8.1206121444702 7.9446167945862 9.6671495437622 9.21702003479 4.6945939064026 8.9671459197998 
1.8725166320801 -3.2915217876434 2.0222413539886 -7.6755833625793 -7.1328506469727 -4.9497952461243 -4.7080736160278 -4.9731512069702 8.6577587127686 9.6726722717285 
1.2047473192215 -2.1290836334229 8.6701173782349 2.8469812870026 -8.790696144104 -7.3366327285767 -7.1141152381897 8.5006074905396 -8.4051580429077 3.9871649742126 
