16 16
0.36343941092491 -9.6369743347168 1.1056498289108 5.3622007369995 -5.5265336036682 4.5666861534119 6.5175919532776 -0.84906840324402 0.16318035125732 7.1102232933044 0.90113335847855 2.331422328949 -2.8117706775665 -5.491331577301 -5.7396631240845 -1.1596751213074 
1.2459312677383 -7.7716698646545 5.7538280487061 8.7399053573608 9.6748056411743 -2.1522161960602 -9.1910572052002 -0.42310109734535 -0.32841256260872 -6.9527306556702 6.8469924926758 -4.1889309883118 1.3622543811798 -5.1081323623657 -2.681304693222 8.2968244552612 
-7.0986824035645 -5.2543039321899 0.51308482885361 -6.5438795089722 -0.28880029916763 2.8888239860535 -4.1294260025024 -1.2759202718735 1.5176252126694 5.5523729324341 -0.76630973815918 -8.0815849304199 -8.8874759674072 -6.5433654785156 -0.65586012601852 -8.6101274490356 
6.4918065071106 -8.5730133056641 7.4475998878479 -7.057587146759 7.4975357055664 5.8561677932739 3.0770807266235 3.0525441169739 -1.2479897737503 4.8237414360046 8.2736053466797 9.6857824325562 -5.3564629554749 -3.3422594070435 -6.5650448799133 9.119101524353 
-7.3535389900208 -3.3081760406494 -5.6993103027344 1.2954869270325 7.1668291091919 -4.3075923919678 -1.9485510587692 -9.6941862106323 7.809778213501 -1.8119745254517 -0.99344289302826 -0.23027111589909 -9.4634046554565 7.4273567199707 -6.597785949707 -1.0873162746429 
7.6008152961731 7.1029715538025 -3.034569978714 -2.7442758083344 8.0212154388428 6.1980929374695 -4.109320640564 -3.175713300705 -9.7757167816162 -9.2296886444092 -5.1241631507874 -4.6735715866089 -8.0310935974121 4.1978139877319 1.8544803857803 5.4674849510193 
3.4073433876038 6.6805891990662 -2.7494704723358 -5.0703959465027 -6.0611248016357 1.2907081842422 -9.4314737319946 -1.8907436132431 -8.7373952865601 4.5448985099792 4.0701928138733 7.0812683105469 -3.5197069644928 3.6793773174286 -6.3074932098389 6.9626564979553 
-8.3584537506104 1.4999703168869 0.98917537927628 3.7513935565948 -6.4209012985229 8.2463331222534 -5.3554167747498 -9.0342254638672 1.3167388439178 -8.3139686584473 -6.1866254806519 -9.7915821075439 0.80722516775131 8.0346641540527 3.3988547325134 -8.5419864654541 
-0.87375724315643 -1.6527663469315 -8.5312280654907 9.2390413284302 -0.72051209211349 9.482590675354 -9.4382772445679 9.40260887146 -7.1200361251831 -7.1857094764709 -0.96759158372879 5.0949621200562 -6.2687349319458 -0.39518758654594 4.3952569961548 5.453565120697 
5.0037989616394 -4.8894739151001 -6.6862630844116 -5.7388000488281 6.4848122596741 2.7479903697968 2.2204098701477 -5.6986675262451 9.0688152313232 -7.5930624008179 9.639573097229 -9.9745311737061 8.7864332199097 -6.1671323776245 -1.7438272237778 -0.013155399821699 
-2.5710771083832 0.89523285627365 -7.6407608985901 1.0452505350113 2.2967219352722 -1.4687267541885 4.3835110664368 3.5550718307495 6.486400604248 -7.2816100120544 -6.1902227401733 6.4433274269104 8.5173969268799 1.1038740873337 4.3212857246399 1.8616931438446 
5.3845992088318 9.2902479171753 3.6385188102722 0.41834244132042 1.8260723352432 6.4867191314697 6.8181471824646 0.74887561798096 0.80382472276688 1.9760913848877 7.7124633789062 9.4868431091309 -1.2081558704376 8.410439491272 6.4328489303589 1.1363867521286 
-1.1684830188751 4.3749251365662 9.7480297088623 -9.7236967086792 -4.2014737129211 -4.2541275024414 0.80829530954361 -9.0978536605835 8.2813482284546 -5.2401251792908 -5.5578718185425 -4.9094009399414 -3.6837582588196 -2.7831344604492 4.4914612770081 -6.128023147583 
4.141619682312 5.6833505630493 -9.1061611175537 -3.3314900398254 -3.2221403121948 -8.6949100494385 -1.3198544979095 -6.796760559082 -6.5460300445557 -6.5337529182434 4.6690945625305 -1.1453558206558 -0.33122482895851 -0.021544750779867 -5.4741973876953 9.9596700668335 
5.223813533783 9.8838443756104 -3.1597805023193 4.790548324585 7.7499833106995 0.43893894553185 3.1731052398682 1.7352026700974 -9.3787288665771 -5.5560855865479 7.2531824111938 -1.6371827125549 -4.9005222320557 -6.5746412277222 5.1013112068176 6.9584631919861 
-4.2701301574707 5.7954263687134 2.8621304035187 -9.3460741043091 0.38033843040466 -6.3439283370972 8.8274488449097 6.8514790534973 6.0442891120911 3.7079129219055 -7.6200861930847 -6.9848155975342 3.6218302249908 3.2890646457672 -6.7596163749695 5.8053293228149 
