10 10
8.6469373703003 -10.263298034668 97.820678710938 -64.633453369141 7.7569603919983 -30.44923210144 -95.938705444336 5.1129417419434 79.755348205566 -1.2589120864868 
60.464477539062 64.544731140137 10.727200508118 68.79483795166 17.526517868042 95.490859985352 -61.037754058838 44.451007843018 90.83275604248 49.806922912598 
-72.588066101074 48.183746337891 -26.073165893555 48.919105529785 -65.333282470703 -57.372867584229 83.393371582031 -32.593193054199 36.284816741943 -21.18402671814 
55.742931365967 -99.884269714355 -82.680450439453 -60.520946502686 -56.464153289795 61.047283172607 -47.223529815674 13.686718940735 61.88440322876 24.692575454712 
-97.003433227539 95.827789306641 18.559488296509 -81.054389953613 39.051490783691 57.884521484375 7.8234100341797 -82.949966430664 11.622193336487 -26.50950050354 
-43.6487159729 -25.723194122314 15.313016891479 -12.123888969421 94.347450256348 32.79723739624 52.345775604248 33.795436859131 -12.14456653595 11.436745643616 
55.716453552246 40.089878082275 -8.2836761474609 -31.257215499878 -15.408068656921 86.565780639648 -58.157596588135 63.349864959717 -2.1525330543518 -87.61653137207 
-52.491008758545 71.822914123535 -36.03929901123 -92.108909606934 -63.061061859131 25.072385787964 -68.274894714355 21.349912643433 52.920475006104 -33.737186431885 
53.181964874268 -70.076416015625 86.089469909668 -89.218299865723 -13.96448802948 -40.921802520752 60.409152984619 27.287950515747 -11.813094139099 -21.244016647339 
-40.667247772217 -24.06537437439 59.891082763672 78.032302856445 -68.18968963623 50.738433837891 4.6655855178833 90.200675964355 -82.387870788574 69.444641113281 
