10 10
1.707651257515 -4.7744874954224 -5.8589062690735 5.3063802719116 -5.335159778595 -5.6614389419556 -5.190306186676 1.6254260540009 8.5485601425171 4.8433890342712 
7.910050868988 -8.2171964645386 -7.9068670272827 3.9830231666565 -2.6439347267151 9.4814748764038 1.316820025444 -2.0561361312866 -4.8443546295166 4.5170335769653 
-2.4502105712891 6.8657121658325 -7.0132441520691 7.4996733665466 1.3269406557083 1.2890056371689 9.826021194458 -4.5386629104614 -3.8625328540802 2.3955063819885 
9.2341642379761 -4.1980328559875 -9.6913003921509 9.5412511825562 5.8633980751038 4.5006537437439 -0.95726954936981 8.3756561279297 5.9434270858765 -1.0369786024094 
-2.46883893013 -0.14085641503334 -7.6891989707947 -6.6269855499268 -1.5569363832474 -3.6162049770355 0.60113167762756 -4.187735080719 -6.805100440979 1.8125245571136 
-0.37827780842781 -6.3614730834961 7.2280902862549 -7.8793978691101 8.6352834701538 2.4628434181213 -3.6613354682922 -2.469911813736 -2.9991400241852 4.7539982795715 
-5.3047051429749 2.8378555774689 7.787214756012 0.66088384389877 7.5825200080872 -0.88688391447067 6.3259973526001 2.36701130867 -7.821081161499 9.5817022323608 
-5.5482993125916 5.9242782592773 7.3789591789246 -6.720338344574 -3.6386218070984 4.0090990066528 -3.5827569961548 4.4861164093018 -2.5922720432281 -6.7411618232727 
-9.3935794830322 -8.5891246795654 3.3448762893677 -2.9753115177155 1.4324831962585 -2.6853654384613 -5.2713885307312 1.585161447525 -8.3529462814331 4.0850763320923 
-2.7856974601746 -2.2040815353394 -9.7714672088623 -1.8059440851212 3.2359449863434 2.4523649215698 8.9576539993286 -4.7422690391541 -2.9455010890961 -7.3596653938293 
