16 16
2.8541016578674 4.7362370491028 0.45611062645912 -57.885200500488 18.943616867065 53.575054168701 75.945938110352 85.499656677246 -13.07573223114 -77.856460571289 -20.5334815979 -36.667896270752 60.584625244141 -32.297187805176 -11.930388450623 61.258045196533 
4.5508532524109 -97.807502746582 -40.179096221924 3.2614181041718 -69.829216003418 20.892518997192 -28.081979751587 25.734237670898 61.192462921143 60.270709991455 46.839588165283 17.72190284729 -49.367721557617 -34.957389831543 37.672946929932 42.381732940674 
-21.730617523193 -24.905941009521 62.818866729736 -26.339181900024 3.8656401634216 -3.2094514369965 53.062774658203 -98.88249206543 75.486427307129 -4.0360760688782 46.563343048096 86.637451171875 -75.124084472656 70.370094299316 98.676750183105 -43.446063995361 
41.741683959961 -12.883646011353 24.421716690063 9.5823373794556 32.148380279541 0.31335973739624 2.661128282547 -54.422458648682 67.634910583496 -65.096351623535 77.218605041504 -59.628326416016 54.844711303711 35.51505279541 20.733371734619 -79.115425109863 
71.04655456543 32.82063293457 86.66862487793 -75.777236938477 57.247436523438 -91.920616149902 -94.288833618164 -24.975748062134 -36.664684295654 35.50318145752 20.481397628784 -38.690925598145 -42.058429718018 86.573875427246 -71.068176269531 55.468288421631 
-73.097061157227 10.602027893066 19.263885498047 -21.741241455078 -91.252616882324 16.565626144409 87.702743530273 3.6841251850128 -85.898559570312 20.614309310913 -47.816265106201 46.567852020264 -55.047168731689 28.350177764893 81.375915527344 -32.871917724609 
-84.435569763184 2.7433130741119 -26.45365524292 76.892700195312 -3.4528732299805 16.454730987549 99.049545288086 9.5269842147827 -60.113758087158 76.196144104004 -10.205628395081 90.465385437012 -0.99082654714584 23.734916687012 79.580726623535 -42.486534118652 
-40.448841094971 -23.813524246216 -67.190849304199 -90.751441955566 68.825942993164 19.837261199951 -95.702003479004 -91.48770904541 22.706394195557 30.982849121094 53.509010314941 93.748809814453 41.294620513916 65.965698242188 -11.536219596863 95.491027832031 
-19.420959472656 41.288200378418 -0.22892899811268 -63.190105438232 -95.130424499512 67.77808380127 -1.2113037109375 42.012989044189 -25.065135955811 -10.504920005798 9.589638710022 -59.049049377441 65.137901306152 -61.716636657715 -82.895690917969 -57.125110626221 
48.979629516602 82.341491699219 -6.8011727333069 -19.444200515747 -98.313446044922 97.709686279297 -59.081497192383 -89.801597595215 74.297355651855 16.686637878418 -48.783771514893 -21.998104095459 -70.459762573242 -96.759330749512 92.045211791992 -7.3068242073059 
97.738273620605 53.036319732666 -90.279396057129 -91.230690002441 -52.345798492432 67.640518188477 36.481010437012 45.516254425049 -39.720764160156 -77.390037536621 -2.5108683109283 10.144528388977 -49.136974334717 -49.640991210938 67.489898681641 1.0002455711365 
-72.386093139648 -58.279327392578 97.501266479492 -43.883304595947 50.170604705811 74.270874023438 -4.5533766746521 -59.021423339844 -44.686866760254 -56.259037017822 21.576990127563 -17.462375640869 99.216407775879 56.398490905762 -26.830804824829 -25.401966094971 
72.828979492188 -16.736179351807 -89.532524108887 71.652015686035 72.131530761719 -52.473289489746 28.616662979126 26.209503173828 10.71635055542 29.736288070679 53.092918395996 -38.254737854004 23.119173049927 -46.967132568359 -82.418998718262 -91.300354003906 
-72.724685668945 -22.765439987183 -77.508285522461 -50.153137207031 -5.0645627975464 13.490003585815 -50.009647369385 16.937818527222 -99.469161987305 77.102020263672 34.105575561523 52.692386627197 -40.905261993408 -21.010248184204 -96.794845581055 93.00626373291 
77.501022338867 24.206092834473 2.0324046611786 -56.41231918335 -96.778961181641 -63.082061767578 99.706871032715 -40.35941696167 -56.228088378906 -10.963261604309 36.533706665039 36.506759643555 -59.351135253906 82.755493164062 -16.091905593872 -79.922988891602 
59.697052001953 46.233520507812 -23.643085479736 -38.440898895264 22.704425811768 49.839790344238 -52.392417907715 -11.102832794189 98.642784118652 84.940551757812 -43.529251098633 -57.01224899292 78.646087646484 15.95495223999 -86.493423461914 75.592247009277 
