16 16
-335.22122192383 -503.1091003418 317.95703125 -515.51666259766 928.322265625 377.24502563477 59.107746124268 -190.56289672852 229.26348876953 62.968368530273 -296.98001098633 298.43209838867 258.44592285156 802.30609130859 986.35461425781 -673.28717041016 
-91.835151672363 333.87829589844 -828.59826660156 -660.47833251953 698.05841064453 780.56640625 888.16711425781 -592.87182617188 440.93719482422 354.22677612305 -144.88774108887 -543.28088378906 417.39389038086 63.821998596191 -212.50813293457 427.11544799805 
-39.433094024658 -140.8053894043 272.00006103516 -272.29721069336 -885.77270507812 -682.91845703125 361.23211669922 625.6787109375 33.128856658936 -73.681648254395 922.58032226562 -522.37023925781 -583.56384277344 210.05204772949 933.31683349609 869.29479980469 
-453.57626342773 673.39776611328 659.02593994141 -389.79248046875 -815.556640625 20.806932449341 -594.62097167969 793.64727783203 145.04499816895 511.55133056641 60.542087554932 -689.73767089844 33.24914932251 188.8406829834 -919.43536376953 -342.99389648438 
127.33969116211 294.63070678711 -657.28143310547 603.69421386719 -773.24890136719 874.48797607422 -560.79864501953 468.39233398438 -960.49774169922 945.83361816406 -441.2919921875 -19.305940628052 449.76232910156 -234.01892089844 -480.89028930664 214.56094360352 
-738.83050537109 927.51141357422 -504.11218261719 -461.65151977539 667.41967773438 879.51776123047 -635.98303222656 -931.08013916016 173.93572998047 33.6422996521 -274.86663818359 216.01889038086 -303.67733764648 241.35160827637 -38.742347717285 -407.04388427734 
775.96246337891 -52.361057281494 836.92810058594 -52.818000793457 365.29748535156 -583.56390380859 -34.620624542236 541.29290771484 -446.03237915039 233.2158203125 -392.3952331543 -37.123760223389 -967.39056396484 -502.16424560547 728.63201904297 213.34275817871 
-557.671875 113.22836303711 50.783611297607 510.36526489258 970.49688720703 324.42980957031 44.26233291626 -648.40795898438 -718.27734375 644.63238525391 49.259052276611 -326.83255004883 -686.19659423828 -400.93838500977 501.67425537109 -674.21673583984 
-927.98358154297 -195.42539978027 -379.94958496094 666.72119140625 375.86740112305 231.6265411377 790.56005859375 387.67230224609 843.37329101562 -46.55931854248 -144.71519470215 -109.38055419922 -590.33093261719 850.01312255859 203.70094299316 -8.0201768875122 
206.94432067871 -455.71209716797 -688.42785644531 326.58935546875 -911.66656494141 747.03472900391 427.39862060547 873.15063476562 -190.32566833496 139.7657623291 -187.37371826172 984.10186767578 915.60931396484 319.60357666016 -877.29223632812 907.38391113281 
29.036279678345 -160.76698303223 -772.70245361328 -607.61029052734 -825.15673828125 586.79864501953 -445.26248168945 41.254955291748 965.54821777344 -696.12255859375 708.76513671875 -340.10070800781 -844.44445800781 -477.11401367188 -241.05688476562 -584.06494140625 
750.74993896484 639.38543701172 -846.72198486328 -832.30541992188 -919.99169921875 -392.19213867188 -494.94900512695 -974.67456054688 -343.21859741211 -280.99450683594 -727.12200927734 543.32385253906 -344.02529907227 -706.734375 714.57958984375 -949.32202148438 
-423.93823242188 990.91259765625 632.62847900391 731.86352539062 -554.8525390625 647.93048095703 -24.490327835083 -799.14239501953 -526.87377929688 -310.26321411133 401.62258911133 655.462890625 424.28817749023 -166.54942321777 -855.91235351562 302.83212280273 
-469.72705078125 192.94552612305 881.58166503906 994.65643310547 88.615173339844 524.96716308594 -760.35357666016 -796.37292480469 610.83770751953 -317.09832763672 -546.31579589844 -236.71876525879 943.38885498047 -710.78796386719 -238.07002258301 421.94509887695 
-580.38549804688 947.00823974609 -687.02960205078 -908.43243408203 486.7848815918 -154.48217773438 -581.40960693359 224.33270263672 -473.35403442383 310.33099365234 71.350242614746 -634.08459472656 922.00115966797 287.45001220703 -906.76751708984 451.23413085938 
896.10687255859 -430.89242553711 -325.63464355469 -710.77496337891 -390.66217041016 -560.302734375 -95.606178283691 853.57550048828 895.16497802734 -164.47700500488 -791.32379150391 -624.65698242188 -37.112110137939 544.48706054688 -388.01184082031 766.72314453125 
