16 16
-619.44976806641 604.39654541016 -881.17926025391 -584.63763427734 831.35369873047 580.04284667969 564.77032470703 263.01330566406 654.79772949219 672.63366699219 620.82513427734 686.42016601562 -799.189453125 604.01049804688 803.74322509766 -508.57952880859 
315.80307006836 -482.98867797852 189.6346282959 -804.48937988281 -297.47369384766 256.36935424805 248.27111816406 741.25225830078 861.33319091797 -678.19927978516 -527.59588623047 721.17449951172 -289.62530517578 623.18963623047 796.81072998047 509.98864746094 
86.148811340332 -610.68823242188 -8.1543769836426 535.36077880859 307.12503051758 236.8500213623 -506.81900024414 747.90228271484 852.81378173828 -205.5333404541 -590.85211181641 403.64559936523 477.84634399414 -627.47314453125 -24.92981338501 765.81030273438 
-767.61956787109 -861.25598144531 -343.03070068359 12.883880615234 255.40344238281 160.05116271973 0.77582657337189 -562.29327392578 -741.54675292969 -613.40460205078 -174.65165710449 -492.318359375 -350.18255615234 761.80505371094 -508.67337036133 488.14431762695 
-973.42614746094 632.54571533203 853.50909423828 -725.13311767578 255.9520111084 -383.62475585938 -33.600936889648 -802.87060546875 264.05606079102 -692.02996826172 455.720703125 -211.26301574707 482.03656005859 172.44535827637 408.14672851562 552.95465087891 
340.5231628418 -826.58929443359 542.46014404297 -748.49011230469 -673.88677978516 -975.29925537109 156.83950805664 -760.18804931641 -141.61097717285 -545.27777099609 -914.52770996094 291.44976806641 -378.54873657227 -128.01313781738 -433.42568969727 -753.51806640625 
-883.64337158203 694.03503417969 86.786651611328 76.331344604492 -811.04815673828 962.18109130859 -91.206420898438 -43.742462158203 235.15093994141 -186.21537780762 51.670803070068 883.44689941406 -476.08093261719 968.40631103516 -434.3125 -420.38082885742 
984.84631347656 -680.60583496094 156.13914489746 606.36505126953 280.89031982422 417.2751159668 -734.34387207031 -948.62536621094 290.04531860352 -755.36022949219 910.66009521484 76.607749938965 -440.33984375 -898.53039550781 -692.10260009766 203.20002746582 
-53.044639587402 221.97485351562 -708.22924804688 56.533828735352 -121.32147216797 608.68383789062 851.20562744141 -578.19610595703 346.32620239258 -567.69946289062 81.360641479492 -469.65515136719 -796.90673828125 -337.23791503906 -904.57360839844 583.75122070312 
847.48327636719 -555.42175292969 294.88809204102 -971.01733398438 737.09759521484 248.12805175781 11.058230400085 -53.215850830078 1.2684698104858 -992.91662597656 59.367389678955 542.56030273438 411.58023071289 44.702327728271 812.13873291016 945.20556640625 
716.23553466797 215.0890045166 -281.6315612793 549.26971435547 938.37963867188 -541.48126220703 813.40405273438 816.66723632812 710.53009033203 -943.10931396484 70.917388916016 -547.18591308594 -340.6042175293 160.04893493652 395.99340820312 451.91510009766 
438.24163818359 886.58374023438 -729.04547119141 447.72357177734 16.881462097168 -107.07158660889 938.03314208984 -248.05708312988 764.12634277344 -171.38043212891 340.57830810547 675.25952148438 -248.77923583984 -238.26496887207 -72.75902557373 -75.087997436523 
82.792289733887 693.28955078125 577.78466796875 -515.14447021484 4.4034523963928 -994.76910400391 58.6921043396 -454.01937866211 -164.42839050293 766.43170166016 -624.10778808594 -45.553909301758 -583.76947021484 -201.04727172852 596.01904296875 760.947265625 
-62.202205657959 -113.79522705078 -432.03454589844 116.93521118164 358.94543457031 920.3955078125 -569.85754394531 297.75210571289 563.41595458984 -663.04907226562 -331.7864074707 -750.43896484375 -915.62902832031 767.01885986328 321.60131835938 662.71331787109 
663.94207763672 -260.23153686523 829.37646484375 508.57836914062 -896.92590332031 -545.20404052734 -414.06420898438 -216.48107910156 -483.65512084961 768.80987548828 -164.90423583984 -22.634141921997 -572.70294189453 149.79183959961 -599.47302246094 782.00891113281 
456.85238647461 408.46264648438 137.81646728516 878.56469726562 681.58801269531 149.3583984375 -673.84967041016 -610.14086914062 -955.9384765625 -555.44616699219 390.65908813477 -395.2893371582 230.28129577637 847.58050537109 737.10394287109 267.74905395508 
