10 10
46.072578430176 -27.826385498047 40.497993469238 -1.1793812513351 37.486145019531 46.167697906494 -83.452827453613 -80.578346252441 52.635654449463 51.73770904541 
37.236602783203 -56.951889038086 -24.14666557312 -28.898672103882 -25.696353912354 -46.292392730713 -24.824247360229 -35.452667236328 -45.300964355469 -95.138114929199 
-42.424545288086 57.401794433594 -67.652572631836 -74.874885559082 92.341026306152 -97.741806030273 -62.253932952881 -77.768798828125 -36.819972991943 44.297912597656 
-91.420227050781 36.820919036865 -75.367744445801 67.212989807129 -25.14252281189 -51.189136505127 1.3860268592834 25.398872375488 -71.284797668457 96.178657531738 
-12.614447593689 32.252098083496 -46.107196807861 -24.572738647461 10.719120979309 -95.217269897461 26.902496337891 64.135810852051 54.622173309326 57.309505462646 
-10.657464981079 -17.36686706543 7.5941491127014 -65.773063659668 86.812347412109 11.430248260498 14.960043907166 -33.73690032959 88.267990112305 37.304092407227 
-95.941764831543 77.973991394043 20.243009567261 40.443824768066 -17.832487106323 -22.641895294189 -54.47794342041 -88.810333251953 84.795021057129 -17.853574752808 
48.885662078857 -27.804809570312 -66.003395080566 -84.267372131348 -76.62606048584 -33.174057006836 22.476331710815 26.360202789307 -86.052894592285 -58.843070983887 
84.679054260254 -86.05965423584 14.898018836975 14.102087020874 49.38410949707 -60.92361831665 -17.231472015381 -93.544807434082 2.571305513382 -18.635093688965 
93.566024780273 -94.253227233887 45.196090698242 -6.9411640167236 -39.597759246826 95.070678710938 51.295337677002 77.186294555664 -94.592391967773 10.537939071655 
