16 16
79.536170959473 19.461414337158 54.770076751709 -0.14162151515484 -10.254764556885 -48.535785675049 68.663467407227 -51.298416137695 32.46764755249 67.140548706055 -25.294713973999 -87.497276306152 -64.044708251953 -17.161415100098 4.4158492088318 -37.437225341797 
-68.339744567871 96.365371704102 56.674373626709 85.755111694336 -27.787126541138 -90.721206665039 -32.731418609619 -55.789138793945 53.774047851562 -97.366882324219 82.199905395508 55.257404327393 34.717735290527 16.453233718872 -46.261470794678 35.915699005127 
-36.854267120361 38.431476593018 94.667686462402 61.00182723999 -33.954349517822 72.562843322754 80.793045043945 88.626037597656 -23.439151763916 46.479778289795 -11.523596763611 23.148366928101 92.36701965332 -96.625312805176 -70.435249328613 67.155914306641 
3.3582854270935 48.267570495605 -87.96125793457 -9.9948682785034 49.051567077637 -83.830459594727 21.470741271973 -50.299076080322 72.315460205078 34.354305267334 34.058422088623 71.664970397949 -40.100845336914 64.866226196289 -12.241358757019 17.577249526978 
70.630348205566 37.931938171387 6.9528465270996 -83.324615478516 70.326332092285 47.762283325195 77.654861450195 -13.726128578186 -60.094356536865 42.995010375977 23.986051559448 -23.330102920532 30.452648162842 8.9531755447388 -36.395595550537 94.720993041992 
-7.213737487793 3.3674883842468 -4.4205384254456 -39.325649261475 -57.220401763916 -72.367660522461 -1.1434136629105 -56.142013549805 -98.791007995605 -45.47696685791 87.325202941895 -45.608222961426 -30.199239730835 -34.466758728027 20.622692108154 -93.666786193848 
32.777763366699 -59.774753570557 -24.645683288574 -7.4716553688049 -93.382392883301 -65.543853759766 52.117958068848 85.577659606934 14.64902973175 -36.454936981201 99.531944274902 18.080894470215 97.605041503906 -1.3775125741959 -92.098731994629 91.874847412109 
-8.3905839920044 -2.015944480896 -50.58833694458 15.55650806427 -58.739330291748 -58.404598236084 21.091091156006 95.258193969727 49.195503234863 -25.904043197632 14.058629989624 51.165142059326 -8.5228395462036 -46.117839813232 -32.347179412842 -66.430313110352 
72.47469329834 -85.648101806641 66.898834228516 -34.983135223389 87.442985534668 45.071640014648 -52.098068237305 58.481014251709 -17.271013259888 -2.8794603347778 -50.832221984863 -32.416309356689 46.104949951172 79.057540893555 -8.5529661178589 -54.428157806396 
19.437923431396 77.905487060547 -39.402408599854 78.895233154297 16.330520629883 -73.441474914551 39.157661437988 52.211360931396 39.129512786865 -70.229034423828 -31.091344833374 28.00929069519 -84.928718566895 28.256681442261 49.230396270752 76.594650268555 
-34.760795593262 -1.0385119915009 -5.174192905426 75.007621765137 41.995281219482 67.770629882812 24.505052566528 -13.25404548645 -30.483671188354 61.258926391602 -20.172183990479 20.928123474121 -30.01397895813 2.3016700744629 -20.91575050354 61.233150482178 
-42.413990020752 -56.281147003174 -21.147281646729 9.1685562133789 1.2223753929138 -59.482685089111 -90.244354248047 -11.666275978088 76.652923583984 57.204082489014 -97.968322753906 4.2041797637939 67.577461242676 -15.613264083862 82.753356933594 -42.234657287598 
96.325317382812 7.5677852630615 -79.920265197754 44.427196502686 97.370582580566 92.452781677246 -83.395172119141 -59.991481781006 49.750648498535 83.8291015625 -27.806890487671 -42.005634307861 61.579887390137 75.659561157227 26.54249382019 -37.264572143555 
67.926536560059 84.400413513184 -97.556297302246 49.868301391602 -85.596260070801 -35.830066680908 23.992162704468 -57.467544555664 -63.14701461792 97.518623352051 25.690969467163 -47.865135192871 -49.794532775879 -43.875324249268 -88.878219604492 50.281005859375 
-49.692676544189 18.693380355835 -45.85481262207 -95.617218017578 -72.952964782715 -46.296073913574 82.775604248047 8.8803949356079 -98.002029418945 1.7817875146866 19.588453292847 80.344223022461 60.480144500732 -22.781715393066 -67.722663879395 -74.087516784668 
54.526931762695 -12.507322311401 -86.835418701172 -28.46053314209 31.559978485107 81.218139648438 46.852062225342 -94.244606018066 -51.111854553223 -77.302200317383 59.520332336426 -53.248882293701 5.0955591201782 -96.538726806641 41.37914276123 -69.028022766113 
