10 10
274.09344482422 34.709381103516 -676.2265625 688.33312988281 154.81243896484 -24.749244689941 -541.51513671875 -229.15319824219 382.80596923828 -222.37704467773 
862.16357421875 416.34643554688 582.91333007812 730.50634765625 -607.49182128906 280.22982788086 -588.20062255859 529.58782958984 -644.70642089844 -31.65818977356 
105.54008483887 561.01721191406 450.44497680664 615.38708496094 -880.25872802734 -650.01446533203 821.98297119141 389.05490112305 -801.68011474609 345.87261962891 
894.95269775391 984.03521728516 690.57934570312 -51.487190246582 -588.74963378906 802.63171386719 -291.37524414062 -858.22540283203 -619.98120117188 763.88830566406 
811.98028564453 103.41104888916 -769.12768554688 579.53198242188 -575.96380615234 132.26333618164 -546.42736816406 117.75257110596 -734.04644775391 -553.29254150391 
195.93586730957 481.28475952148 -335.78823852539 966.42437744141 -272.34518432617 942.03045654297 -861.23468017578 694.11358642578 557.71221923828 -262.35375976562 
884.48175048828 -823.57055664062 108.12141418457 -301.82855224609 -827.11199951172 550.17864990234 -693.55310058594 -440.75497436523 -306.55242919922 553.72009277344 
47.894203186035 244.98747253418 -206.41407775879 395.35708618164 -900.0341796875 278.45056152344 675.24456787109 420.44692993164 221.63410949707 -182.50057983398 
203.86930847168 664.42193603516 746.72875976562 536.94848632812 816.43853759766 -337.38592529297 -87.625282287598 904.44860839844 -735.17810058594 -377.37203979492 
-319.48184204102 781.18572998047 644.22998046875 741.18725585938 249.87521362305 -409.8203125 -324.85186767578 -354.21905517578 -316.45648193359 -709.51965332031 
