16 16
-4.2266087532043 -9.2647905349731 9.7444734573364 7.1193046569824 9.711350440979 8.8124341964722 -8.7575244903564 -5.1082677841187 -3.3149197101593 -0.93364697694778 6.2908525466919 5.747082233429 6.5731763839722 -3.1038393974304 2.493768453598 -2.1845121383667 
4.8908085823059 5.4686346054077 0.021033700555563 5.7625603675842 2.328191280365 -2.1608016490936 -8.1695442199707 7.9847249984741 9.6787233352661 5.2307462692261 -4.497082233429 -8.6610450744629 0.95838332176208 -4.3624973297119 5.5735325813293 8.6208238601685 
-5.1479601860046 2.9629220962524 -9.2646598815918 0.53088307380676 -3.8908886909485 6.6412568092346 -0.87870597839355 9.5991535186768 -4.7205410003662 -8.4606781005859 8.8153743743896 9.8659553527832 -3.7390563488007 9.3259124755859 9.5995979309082 -9.0050010681152 
-8.56982421875 -1.9069182872772 -5.7564473152161 0.332364320755 1.2271947860718 9.5981025695801 -3.9128291606903 -6.8572492599487 4.5660433769226 2.1455616950989 9.5752744674683 -6.196394443512 -8.9434614181519 -7.8389887809753 -1.2760696411133 9.5027484893799 
-6.0031170845032 -3.5954751968384 7.1461420059204 -6.6439185142517 -9.2947578430176 0.83111441135406 -7.8710589408875 4.1553120613098 7.8439249992371 2.1739826202393 6.4711060523987 -6.1691846847534 6.2398176193237 -7.5557370185852 -1.2714241743088 -1.2748616933823 
-4.4196310043335 -1.5248050689697 -1.7707897424698 -3.3737268447876 8.747091293335 0.63388174772263 -9.9310369491577 6.1305379867554 -7.2155957221985 -6.954918384552 -2.3321816921234 -3.4121334552765 5.3306474685669 5.5156097412109 -2.5612897872925 4.8158736228943 
3.006386756897 7.226062297821 -1.6791933774948 7.3292589187622 -1.6485739946365 8.8123054504395 -7.4400959014893 -0.94198787212372 6.7624435424805 2.3843352794647 7.1740202903748 -1.3928736448288 2.3322250843048 4.6273078918457 3.1892182826996 0.45798817276955 
5.5007200241089 2.3611226081848 8.4257526397705 -2.2926428318024 -9.9904050827026 -4.0730676651001 -0.82357805967331 -0.16940714418888 4.0817766189575 6.5984921455383 -2.5788962841034 -1.4745600223541 1.600229382515 5.2416305541992 4.4464831352234 9.2014198303223 
-3.09779047966 5.0971093177795 5.156861782074 -9.4676914215088 -0.89167058467865 -6.0278344154358 0.39879670739174 -2.0988192558289 9.917181968689 1.7789447307587 0.9419481754303 5.0715918540955 -3.3295931816101 3.6698293685913 -4.8421354293823 0.66640669107437 
7.7352027893066 9.3492593765259 1.164015173912 -6.5075831413269 3.6862971782684 -4.9982943534851 0.68118298053741 8.9081792831421 9.2322845458984 -1.9653718471527 -4.1344780921936 6.4469790458679 -7.831995010376 8.7652854919434 0.46085679531097 -7.402172088623 
-6.8564848899841 -1.8790712356567 -3.2587280273438 4.6349997520447 -2.789870262146 8.8217401504517 -7.0964365005493 3.3239028453827 1.9100739955902 6.8552069664001 -0.35878255963326 -6.7566647529602 1.8062906265259 -0.38664335012436 -7.507740020752 1.964334487915 
-9.4550743103027 -0.21782183647156 0.75211602449417 -3.892320394516 -2.6301248073578 1.9276705980301 -9.5422811508179 -1.1116991043091 -6.1953949928284 -2.0972154140472 -4.7227764129639 -6.3250036239624 2.8664813041687 9.6418495178223 -7.4845337867737 -3.7546651363373 
-7.7576951980591 0.57209372520447 -1.86829829216 -6.4588260650635 8.382303237915 5.5868072509766 -2.4404103755951 0.67545962333679 -6.2171049118042 -8.819766998291 2.7808616161346 2.3281631469727 -1.5220279693604 2.8448693752289 3.1349160671234 -5.9482588768005 
7.3381757736206 5.5356502532959 1.1304330825806 -6.9483051300049 -7.272572517395 3.5827541351318 -1.8911949396133 7.6090006828308 7.9018034934998 -6.0194339752197 9.5904312133789 -5.0092234611511 6.5140628814697 4.5441832542419 -6.2489771842957 -3.7124254703522 
5.7736082077026 1.4009940624237 -0.97432607412338 0.30571448802948 3.9588191509247 9.2177295684814 7.6827826499939 5.325813293457 -2.256471157074 -0.69869816303253 -7.1379313468933 3.0040900707245 2.9700131416321 7.8644070625305 -1.2640695571899 -5.9834733009338 
-1.225112080574 -1.9693084955215 -4.6504516601562 -5.6382579803467 7.9501218795776 -2.7060968875885 -5.6208853721619 -6.9469676017761 3.3356454372406 3.4794764518738 -9.4030103683472 2.8235640525818 2.8080744743347 0.42625531554222 1.2278778553009 -1.4041956663132 
