10 10
6.8718628883362 -0.1256060898304 -8.5849418640137 0.039426118135452 8.1200094223022 7.4155707359314 -5.5732769966125 -3.6978068351746 -8.4419937133789 6.0411510467529 
-0.64804446697235 1.118243932724 3.6629149913788 -4.0612955093384 4.1154308319092 -9.4603729248047 5.677770614624 1.1382298469543 -2.7347731590271 1.8095891475677 
1.8649176359177 7.4767465591431 -1.9183206558228 -0.91785663366318 5.6218385696411 9.1859397888184 -7.0780591964722 2.5345423221588 3.6176552772522 4.0506930351257 
4.3623518943787 -8.8950691223145 -0.01036874204874 -2.8856678009033 -9.7393655776978 -7.1392207145691 2.6426768302917 3.8604085445404 -0.020711256191134 -5.8934755325317 
4.9845066070557 -9.0535945892334 5.0978603363037 9.7772121429443 6.7232394218445 -8.8973731994629 -5.2628898620605 5.0053935050964 -0.58620268106461 -1.0024594068527 
-3.1352486610413 -4.6347069740295 9.9010305404663 -7.4962339401245 5.7567110061646 -8.0875654220581 2.2921869754791 9.6175012588501 -6.0249934196472 4.1865968704224 
6.2760300636292 -1.7338161468506 1.9992988109589 7.294704914093 -6.9885926246643 -8.5861520767212 7.5761957168579 3.6251921653748 0.56539070606232 8.3386116027832 
8.0199604034424 -3.8010225296021 6.0820455551147 -1.6454428434372 0.60553771257401 9.4447622299194 3.4341351985931 -1.1540464162827 -0.92958974838257 -1.2856011390686 
-5.6857900619507 -0.58906072378159 -7.6590776443481 -7.3482985496521 -5.609290599823 -6.5814661979675 4.8325052261353 -7.4283227920532 -3.4218561649323 6.4996700286865 
-1.7952414751053 -3.2652719020844 -2.7676215171814 6.5911951065063 8.8086290359497 4.7057161331177 1.804554104805 -8.0901479721069 -3.7921793460846 5.011399269104 
