16 16
8753.2626953125 4324.62109375 7255.96875 7028.7573242188 9498.11328125 113.03517913818 7893.7045898438 2414.6789550781 943.92864990234 9778.4482421875 -2735.9663085938 -1936.7982177734 -7207.0092773438 -6006.990234375 -2691.875 -7483.1572265625 
4885.1215820312 7976.3310546875 1145.2706298828 -2307.6174316406 -2674.3854980469 8452.1572265625 6545.1245117188 -2872.6921386719 7551.4750976562 -3729.0964355469 1578.046875 -8123.9404296875 -9650.5908203125 1004.4326171875 6437.8452148438 9589.087890625 
-3286.7121582031 81.007637023926 -6613.6044921875 9201.001953125 209.60536193848 2090.5349121094 -3104.966796875 -7868.2041015625 -4415.2138671875 -9221.96484375 -4679.8364257812 -3105.1147460938 -3085.0847167969 -3304.6469726562 811.98095703125 -7466.7768554688 
4546.0458984375 6541.1069335938 3073.6203613281 6922.958984375 -4647.9365234375 129.30070495605 7940.9887695312 8658.4677734375 -2913.7719726562 6857.4775390625 -2544.5466308594 -4156.3520507812 3608.1701660156 -7007.857421875 762.92846679688 8761.2158203125 
3250.1508789062 7378.3852539062 -5812.6098632812 1126.833984375 -1047.0860595703 6999.1381835938 -4869.8955078125 -763.32305908203 -5258.6201171875 5353.6557617188 9508.96875 -6495.5400390625 6421.740234375 6621.83203125 6218.9018554688 -347.30685424805 
6117.431640625 -1210.3677978516 -824.93939208984 -629.93524169922 3338.8259277344 -4892.8735351562 -4380.5859375 3965.1374511719 99.39038848877 -9529.7998046875 4438.26953125 -1162.5328369141 3908.1335449219 5149.8208007812 -5200.6875 3102.2741699219 
-6759.2333984375 9688.9091796875 5023.3110351562 577.66278076172 5407.8823242188 -3558.4184570312 7002.2543945312 -5134.5048828125 9593.9033203125 -4769.05859375 2363.7109375 7689.1245117188 -3666.82421875 -9744.072265625 1871.3265380859 -5823.7446289062 
-2415.2565917969 -9206.826171875 -1051.04296875 -4332.9155273438 -6871.2641601562 -3042.8483886719 -5816.0629882812 -7611.4711914062 -5452.2978515625 -5792.1572265625 644.48559570312 -5012.12109375 1487.5859375 -7607.4775390625 857.51611328125 5809.0625 
-8120.5151367188 -6668.3203125 -918.13781738281 4729.6948242188 -7870.9326171875 2031.5075683594 -6970.0771484375 5669.6708984375 -8180.2250976562 4208.4555664062 9299.830078125 7841.2993164062 -3494.4067382812 9291.9638671875 5289.6000976562 8182.0200195312 
8264.8212890625 -7129.01953125 2.8183801174164 2946.1694335938 -5158.291015625 4065.6943359375 -2091.0864257812 -2932.9907226562 813.83166503906 5499.0991210938 4405.654296875 9570.2529296875 7611.6298828125 2810.3168945312 9083.1591796875 1835.9573974609 
-1689.3527832031 -7314.353515625 -2712.7514648438 3266.5766601562 -4405.3354492188 -6967.2509765625 8488.595703125 -9480.8427734375 4176.3740234375 -876.12292480469 2893.9030761719 5201.169921875 -3090.1533203125 -6615.5209960938 -1435.6604003906 7985.5083007812 
-639.87072753906 8895.4638671875 5080.515625 5328.388671875 -6487.3974609375 5120.32421875 5258.2895507812 -162.6941986084 6766.6821289062 1272.1333007812 -6209.6357421875 3569.0375976562 -7509.271484375 -7175.1762695312 8745.6630859375 6659.1420898438 
-3960.3212890625 -3490.87890625 8324.0791015625 995.82061767578 2718.1936035156 7973.0532226562 3722.7700195312 9268.5390625 -4854.1791992188 8204.35546875 4993.8291015625 8265.9267578125 4052.6225585938 6927.0595703125 3411.5517578125 7847.5112304688 
8153.8041992188 1768.0286865234 -9730.873046875 -6485.607421875 9039.255859375 -8966.0458984375 -3730.8845214844 -33.153949737549 6249.8349609375 3687.6416015625 9192.1171875 9921.482421875 186.3727722168 -1148.5034179688 1535.9285888672 9705.5458984375 
8244.8935546875 -178.43362426758 -3619.5595703125 -2550.81640625 9152.2744140625 -3633.0185546875 -7332.9536132812 3585.3879394531 6335.3198242188 502.10885620117 -892.90600585938 -2217.3591308594 2184.0393066406 -444.86059570312 9782.818359375 -1365.7095947266 
-7161.2670898438 -3833.4663085938 -7434.7978515625 4659.1748046875 -2784.7980957031 2257.810546875 2933.4675292969 4318.6342773438 9274.205078125 4477.2641601562 6740.4248046875 -6769.5209960938 -5069.1323242188 509.0954284668 3457.818359375 7578.240234375 
