10 10
483.70880126953 200.56454467773 -334.74816894531 -507.4401550293 263.3408203125 738.09747314453 814.0322265625 59.977741241455 274.30166625977 -855.33160400391 
222.43040466309 366.70297241211 -414.32595825195 -996.92340087891 -581.16979980469 -404.48818969727 -232.10536193848 -215.93759155273 799.23291015625 -695.59680175781 
-506.47634887695 -124.39546203613 -988.95037841797 -986.93499755859 -118.40484619141 41.10343170166 -593.40301513672 994.31713867188 -342.98709106445 -269.61669921875 
203.82791137695 640.21228027344 769.97723388672 151.26948547363 238.86294555664 -698.12768554688 213.98637390137 -617.95843505859 206.28309631348 527.67230224609 
-603.86877441406 -320.57211303711 -494.58987426758 -167.68858337402 903.22869873047 -630.0576171875 406.41809082031 -95.210083007812 475.20635986328 146.7805480957 
231.71565246582 -80.231414794922 -11.236788749695 360.591796875 -345.46298217773 449.90982055664 -375.81762695312 -392.09924316406 70.407363891602 -377.88909912109 
-990.49157714844 -115.09826660156 156.63049316406 595.07879638672 -80.103675842285 -419.98245239258 -183.54858398438 214.6057434082 -277.09307861328 -501.18881225586 
410.6965637207 -462.67440795898 -460.69342041016 632.18133544922 914.32574462891 -136.6551361084 -712.21801757812 -86.793746948242 -481.05099487305 -694.48217773438 
-972.4423828125 55.320125579834 452.90643310547 60.001976013184 -466.97998046875 378.74993896484 57.535789489746 -480.75903320312 -539.32348632812 815.72595214844 
886.59838867188 140.18214416504 -42.063488006592 172.61451721191 -663.5986328125 664.13568115234 -400.40869140625 -747.29522705078 719.90155029297 -53.772121429443 
