10 10
75.253913879395 169.29182434082 887.29028320312 543.57385253906 475.97286987305 -108.74925231934 -228.31324768066 -126.20779418945 800.54077148438 720.02923583984 
394.75650024414 498.68301391602 633.84271240234 292.03167724609 -898.21697998047 -962.72576904297 907.45513916016 -387.15335083008 -600.490234375 451.07333374023 
-468.45260620117 -238.42143249512 554.91284179688 584.81768798828 -266.12542724609 -960.990234375 -222.70503234863 555.96038818359 181.11291503906 798.33209228516 
-437.88079833984 -472.97552490234 426.4225769043 948.25323486328 -441.19424438477 -347.71154785156 -77.399124145508 684.12377929688 -152.07565307617 -625.66381835938 
73.361686706543 -78.90601348877 148.11134338379 -293.6943359375 -141.70942687988 -234.96182250977 244.72113037109 253.06523132324 -555.79467773438 826.75848388672 
256.50836181641 475.11923217773 106.12989044189 -189.22215270996 377.87579345703 -216.51554870605 564.134765625 785.96795654297 -898.71252441406 -583.61163330078 
-799.48968505859 483.39868164062 -818.81274414062 701.72863769531 347.77127075195 169.26136779785 -404.94863891602 -617.16943359375 385.5158996582 -653.35345458984 
570.33184814453 -748.29943847656 -477.71478271484 -304.34588623047 -124.84532928467 182.32150268555 57.617874145508 869.31109619141 913.37683105469 949.32391357422 
-990.74884033203 -971.88720703125 373.72003173828 963.115234375 -998.224609375 178.07060241699 -82.565643310547 640.48736572266 29.438529968262 -920.35314941406 
230.32838439941 349.2272644043 -831.22290039062 -26.246625900269 944.95416259766 765.06091308594 -426.85803222656 -791.44732666016 736.00115966797 -557.92315673828 
