16 16
114.14797210693 -127.22006988525 -308.7702331543 678.24926757812 801.79022216797 -851.90979003906 39.185382843018 -870.51647949219 -890.84027099609 798.17425537109 323.67669677734 -765.67254638672 216.40071105957 393.1276550293 474.43460083008 848.42565917969 
162.88342285156 784.64367675781 -89.079444885254 252.52288818359 701.66137695312 -79.31282043457 269.95550537109 45.649703979492 -540.79272460938 472.96719360352 383.84103393555 -475.32946777344 -556.26916503906 -470.15182495117 483.94009399414 -610.5830078125 
434.24877929688 369.19635009766 -253.89448547363 600.29504394531 27.803274154663 -181.55606079102 -608.81909179688 -566.83813476562 684.09893798828 -293.10766601562 -520.85070800781 882.79382324219 -234.38223266602 732.8720703125 -854.81024169922 715.60656738281 
-52.800933837891 464.42880249023 -596.70422363281 -663.24230957031 -43.313579559326 311.26638793945 282.52886962891 987.17956542969 181.0843963623 900.95184326172 -62.156555175781 -212.74078369141 4.6796917915344 -215.35311889648 -82.743835449219 933.04382324219 
-424.4049987793 -264.09698486328 768.38739013672 -534.64923095703 513.34906005859 -135.71047973633 -144.45774841309 -219.22259521484 536.42565917969 634.16271972656 -898.72222900391 -278.94317626953 986.61181640625 659.86743164062 -169.38771057129 720.58740234375 
-487.41683959961 -531.92596435547 -166.59651184082 -316.78036499023 -730.17041015625 376.82315063477 360.8327331543 -175.36758422852 -910.21563720703 423.43887329102 292.18350219727 231.17726135254 -938.06091308594 -536.23638916016 287.64721679688 764.08184814453 
379.40188598633 547.50482177734 -594.84765625 -29.934953689575 887.48944091797 -914.81237792969 213.86058044434 416.87893676758 168.11952209473 -473.49337768555 -629.68579101562 96.020790100098 977.97369384766 -312.06311035156 -891.52069091797 -868.13665771484 
-654.94958496094 -944.75360107422 459.16275024414 823.33050537109 691.68426513672 -423.62847900391 195.17425537109 -510.97677612305 -943.23132324219 -519.26556396484 312.33911132812 -335.09317016602 270.72985839844 335.26550292969 68.633255004883 -784.84246826172 
-263.45989990234 893.29364013672 734.74597167969 298.39587402344 264.48666381836 -506.04739379883 536.5224609375 -561.73712158203 22.659999847412 84.474090576172 -542.02093505859 -686.25653076172 -968.24645996094 -184.46876525879 -197.30302429199 -139.82838439941 
472.63943481445 383.01870727539 -86.817672729492 -427.89859008789 -982.56292724609 -956.64154052734 -839.56427001953 -294.70370483398 -49.835708618164 -286.82388305664 728.34014892578 554.47918701172 626.74749755859 81.765853881836 -422.86477661133 853.84631347656 
-953.45153808594 422.70913696289 709.89764404297 317.64401245117 -987.70111083984 -605.68267822266 -328.61749267578 412.60211181641 -286.43106079102 361.00985717773 596.92376708984 571.91015625 445.6711730957 -33.302547454834 -859.78399658203 -145.70686340332 
616.85858154297 250.78692626953 -867.44757080078 744.20153808594 388.17816162109 694.82482910156 780.40423583984 -764.19403076172 283.21005249023 -403.48760986328 52.537422180176 -966.8798828125 40.787715911865 256.40216064453 -535.42712402344 -111.38756561279 
23.276529312134 196.81558227539 -127.28602600098 674.74371337891 157.62901306152 866.23150634766 463.88677978516 13.401358604431 775.35784912109 373.59429931641 -308.34820556641 607.29742431641 801.53887939453 -735.42639160156 -182.50025939941 -613.54608154297 
-774.12921142578 770.80999755859 -449.21331787109 301.10479736328 -305.9958190918 -629.23461914062 -943.61468505859 -156.3327331543 384.13659667969 211.89414978027 -731.70056152344 -128.72601318359 -99.624771118164 892.07501220703 182.80645751953 40.610191345215 
-664.18481445312 497.41345214844 456.89910888672 -714.55194091797 944.91906738281 420.34243774414 -420.47286987305 -18.856708526611 784.03515625 -786.02136230469 656.40637207031 70.795745849609 -893.61608886719 -821.62438964844 -981.52703857422 -151.18551635742 
642.30169677734 260.38732910156 266.28979492188 694.49951171875 471.95175170898 -136.57841491699 43.64860534668 -695.34069824219 150.09829711914 -404.56192016602 -270.10275268555 54.450309753418 -679.23803710938 656.21771240234 -268.0514831543 -265.64486694336 
