10 10
-1.5476890802383 8.1731643676758 9.6502552032471 -1.2353101968765 -1.1087957620621 -0.77952837944031 9.3897705078125 4.4479923248291 0.25416678190231 -1.0899769067764 
2.3903033733368 7.2591166496277 -7.6280126571655 5.0866312980652 7.0946717262268 5.394492149353 9.1820363998413 -7.2966332435608 -3.4722776412964 9.4356174468994 
-8.4268054962158 -1.0378218889236 7.1670598983765 7.5008111000061 -8.2783851623535 -3.8976564407349 7.1338419914246 -7.3607864379883 7.7747712135315 4.8477325439453 
-5.1179671287537 7.2986254692078 -1.3849761486053 -0.93549329042435 9.2287006378174 -8.6309719085693 -0.95970565080643 -2.28333568573 5.8829565048218 9.3341217041016 
0.7280261516571 4.72847032547 9.9852237701416 -6.956102848053 -6.2451615333557 -8.2319316864014 -5.4087433815002 -6.1342072486877 4.2364635467529 2.890557050705 
4.5378494262695 4.0784220695496 -2.4709782600403 9.2910232543945 -0.73495519161224 -2.4697782993317 7.7085723876953 -5.46728515625 5.3094453811646 7.5639228820801 
-3.101188659668 2.9079217910767 3.6813368797302 -1.2582525014877 -3.6222829818726 5.1703681945801 0.59829920530319 -4.2635440826416 0.60873597860336 -8.9873809814453 
5.839569568634 9.9306058883667 8.2423229217529 5.8042411804199 -4.3723382949829 1.2900891304016 6.7299861907959 -7.7547130584717 -6.11385679245 4.2334752082825 
3.7468807697296 -6.4972324371338 2.3801362514496 2.7774972915649 8.3928365707397 -5.5155138969421 -8.8496437072754 -8.0672168731689 -0.35682258009911 -1.7769216299057 
9.3359518051147 -8.5494356155396 5.7184739112854 -4.3866806030273 -5.8311996459961 -1.7916477918625 -0.6448478102684 6.7731771469116 3.2611050605774 6.9029507637024 
