10 10
-0.83108150959015 -0.86189603805542 0.80724406242371 0.89310771226883 -0.85148310661316 -0.46909219026566 -0.68822860717773 -0.4992658495903 0.37190073728561 0.068465113639832 
-0.13151432573795 0.51983630657196 0.089862182736397 0.66195625066757 0.30942258238792 -0.21004948019981 0.78593224287033 0.39139980077744 0.29987585544586 -0.075061433017254 
0.50375634431839 -0.016243515536189 0.86174917221069 0.679334461689 -0.5583364367485 0.76752179861069 -0.64027351140976 0.65341472625732 -0.55164700746536 0.2117987126112 
0.16719852387905 0.30781185626984 -0.812156021595 -0.88725167512894 0.4356164932251 0.91700345277786 0.45889958739281 0.77547585964203 -0.022884169593453 0.95437842607498 
-0.69320821762085 -0.72865968942642 0.13813975453377 0.3162527680397 0.24425245821476 -0.48531031608582 -0.9423845410347 -0.064716495573521 -0.48976546525955 -0.14469750225544 
0.78355711698532 -0.92824721336365 0.30258342623711 0.93041849136353 0.49108812212944 0.78266060352325 -0.16115538775921 0.34172654151917 -0.44092860817909 0.45368114113808 
0.9742791056633 -0.23298345506191 -0.71483319997787 -0.10339011996984 -0.042672734707594 0.64803725481033 0.85493010282516 -0.43131500482559 0.50897419452667 0.68484604358673 
-0.95968997478485 -0.10801189392805 0.91347771883011 -0.89985525608063 0.20787762105465 -0.50964605808258 -0.35279476642609 -0.70698702335358 -0.19167672097683 0.60396248102188 
-0.3003357052803 -0.40034982562065 -0.35332226753235 0.36455833911896 0.77042984962463 -0.34894183278084 -0.99849051237106 -0.79246705770493 0.81510263681412 -0.35937082767487 
-0.23275297880173 -0.11497328430414 -0.28369489312172 -0.022041406482458 0.55155217647552 -0.98850923776627 -0.0064336103387177 0.47526478767395 -0.49169561266899 0.26509541273117 
