10 10
-582.17614746094 697.65594482422 -642.89196777344 -542.59710693359 195.00231933594 447.63128662109 75.266525268555 -811.85559082031 -712.88140869141 101.35396575928 
135.15852355957 -817.51202392578 -627.49475097656 177.02868652344 23.319482803345 -410.07543945312 96.911399841309 -340.70306396484 451.35537719727 454.76052856445 
830.87457275391 441.49667358398 -858.77630615234 972.29266357422 -76.227096557617 -464.36740112305 -595.91461181641 -921.43621826172 569.65618896484 358.44763183594 
41.806831359863 492.39105224609 -723.98693847656 24.326847076416 117.09178161621 989.38586425781 -836.69091796875 -798.49688720703 -545.87109375 -757.9814453125 
363.328125 -116.83255767822 -615.40197753906 352.08084106445 438.81573486328 243.45724487305 -269.42654418945 864.30584716797 538.76086425781 -170.4566192627 
-715.44799804688 574.39514160156 287.54006958008 -481.42767333984 -843.89227294922 -998.91967773438 411.29901123047 -452.63339233398 -902.5380859375 -295.59115600586 
-469.72601318359 -694.88757324219 -174.93814086914 864.708984375 -740.7294921875 96.659370422363 -453.15298461914 -320.13610839844 659.55505371094 750.93621826172 
-802.64453125 -699.67822265625 -787.44305419922 -261.15316772461 -74.227920532227 336.10070800781 -410.84259033203 68.829551696777 -206.23054504395 -445.72158813477 
719.70928955078 -809.29772949219 537.21350097656 -965.13146972656 220.96148681641 -153.99038696289 -621.41491699219 -623.39019775391 -449.67153930664 541.21252441406 
-19.415363311768 -985.33209228516 -401.57373046875 -921.61260986328 -184.54551696777 244.23445129395 -860.18359375 666.30841064453 252.42744445801 -270.15344238281 
