16 16
564.44250488281 99.075874328613 -551.373046875 590.7861328125 -100.39128112793 -131.35684204102 -825.60375976562 156.65927124023 -739.69390869141 -69.625534057617 -350.84268188477 -857.19219970703 310.06045532227 -421.08294677734 -520.28491210938 199.6064453125 
-217.95231628418 255.09317016602 869.12194824219 -376.36199951172 763.359375 -526.61242675781 -446.88345336914 895.33221435547 -372.50875854492 552.49353027344 -62.630558013916 406.95156860352 -30.368030548096 669.00726318359 -801.1630859375 173.50765991211 
-936.33612060547 -256.10153198242 -556.18463134766 953.19671630859 -859.14001464844 466.39651489258 -78.305511474609 -386.38180541992 644.10620117188 476.72409057617 238.20903015137 -916.13537597656 -586.29772949219 -67.636299133301 -993.16375732422 -572.8857421875 
-576.30230712891 -676.05743408203 684.70574951172 552.53936767578 232.31210327148 453.29238891602 824.56597900391 574.90814208984 -565.18548583984 165.84956359863 996.34234619141 961.84246826172 -531.59826660156 -492.00442504883 105.342628479 721.02282714844 
471.6237487793 -952.97631835938 458.74740600586 381.93942260742 593.66082763672 -731.12030029297 513.75042724609 733.50427246094 -720.29547119141 982.70532226562 -113.46059417725 -243.36616516113 -403.91036987305 -397.84524536133 504.33108520508 -164.91468811035 
828.81768798828 970.90417480469 -764.96520996094 -683.80462646484 -559.55285644531 582.18182373047 17.963987350464 -832.41790771484 -759.70477294922 323.26644897461 456.17776489258 198.73948669434 -951.50805664062 -487.67541503906 -30.54595375061 790.57891845703 
-770.79821777344 -12.029881477356 834.63836669922 558.31854248047 -823.11462402344 -750.20831298828 -84.996025085449 601.65808105469 -680.76312255859 705.01318359375 -333.36331176758 214.10604858398 -428.20407104492 -779.39575195312 695.92938232422 -468.02090454102 
-185.40458679199 -679.11364746094 557.86187744141 146.41157531738 49.598438262939 -807.18292236328 -772.01599121094 -322.05645751953 -228.83067321777 -442.2682800293 -419.6491394043 -208.07412719727 986.17242431641 177.09153747559 2.6558876037598 -552.12133789062 
628.51708984375 871.36663818359 891.81378173828 679.48596191406 -53.603511810303 -832.38391113281 -248.19157409668 841.84020996094 -256.5380859375 243.78173828125 -87.500495910645 -950.15441894531 338.73980712891 790.78424072266 -11.699416160583 -187.17797851562 
333.32055664062 317.25726318359 -137.36378479004 396.4807434082 522.08538818359 486.04522705078 -247.67515563965 -682.25433349609 -699.92926025391 -937.40161132812 826.94836425781 -102.48317718506 -593.09844970703 -648.16705322266 139.02746582031 605.93707275391 
535.19519042969 128.7287902832 -467.49752807617 845.35595703125 -666.802734375 -278.75082397461 102.1967010498 460.32043457031 -392.71221923828 333.96548461914 -162.3663482666 -882.40087890625 866.59197998047 -556.71203613281 568.76580810547 662.76489257812 
-964.97607421875 576.57983398438 -582.955078125 -699.11773681641 139.05992126465 687.38275146484 708.31713867188 -11.693098068237 -466.90802001953 -284.8720703125 28.081415176392 40.447135925293 373.42309570312 -107.36723327637 686.39642333984 668.24060058594 
624.8916015625 283.04364013672 -279.77313232422 713.67156982422 -21.257904052734 579.1181640625 698.6240234375 36.670795440674 672.87561035156 331.72457885742 822.10125732422 -96.850814819336 -257.40377807617 -691.31762695312 -297.92776489258 -755.50433349609 
476.54690551758 71.569519042969 125.82769775391 -26.959419250488 924.72570800781 467.12896728516 -457.49014282227 -211.32875061035 791.32073974609 974.90576171875 661.81707763672 -699.17211914062 -338.20941162109 -831.20983886719 -743.71179199219 837.2880859375 
-779.17578125 365.03457641602 265.71459960938 21.565214157104 75.499374389648 814.01416015625 590.10729980469 574.85797119141 249.58746337891 -851.24932861328 752.25988769531 -113.68271636963 768.19769287109 -332.74295043945 442.85501098633 115.1156539917 
-65.368865966797 -529.328125 819.90643310547 -722.9033203125 16.339267730713 20.638397216797 -218.8745880127 -292.64205932617 105.307472229 131.63165283203 85.985000610352 504.28713989258 -806.42645263672 -911.95184326172 120.31189727783 -60.373847961426 
