10 10
0.67271894216537 0.43622210621834 -0.51217156648636 0.54018408060074 0.4969108402729 0.64213728904724 -0.74513381719589 0.7371438741684 0.51435166597366 -0.42932984232903 
-0.33734181523323 -0.41274443268776 -0.010935757309198 0.26760017871857 0.89749252796173 0.92042505741119 -0.6692071557045 -0.81970852613449 0.62268602848053 0.46163430809975 
-0.31706449389458 0.25156879425049 -0.19488136470318 0.56096881628036 0.17073123157024 0.35070788860321 0.59569621086121 -0.22909413278103 0.027941441163421 0.13655909895897 
0.93964701890945 -0.95588046312332 -0.65500861406326 0.26043540239334 -0.98366063833237 0.64274477958679 0.043995093554258 0.24941799044609 0.26914447546005 -0.039141457527876 
-0.18862070143223 0.79938423633575 0.25862255692482 -0.9884358048439 0.80820035934448 0.24475738406181 0.41013962030411 0.34724140167236 -0.51319122314453 0.35376358032227 
-0.26218056678772 0.15296719968319 -0.75740075111389 -0.47194096446037 0.97790586948395 0.3238607943058 0.77231758832932 -0.66387820243835 -0.30813536047935 -0.46149706840515 
0.65183889865875 0.87168449163437 -0.46859559416771 -0.81245011091232 -0.95349353551865 -0.69465792179108 0.89014762639999 -0.35543152689934 -0.91643303632736 0.16201508045197 
0.65438950061798 0.16654628515244 0.077334940433502 -0.19639450311661 0.71942400932312 0.82255166769028 0.81854486465454 0.21878643333912 0.67040854692459 0.57927751541138 
-0.1291611045599 -0.29776811599731 -0.48921221494675 -0.2823244035244 -0.34070760011673 0.83400273323059 0.4964707493782 -0.33509391546249 -0.080539792776108 -0.41055226325989 
0.35879376530647 0.36190417408943 0.98686665296555 -0.52279305458069 -0.38056612014771 -0.20743747055531 0.030900964513421 0.24799911677837 -0.62378513813019 -0.29972523450851 
