16 16
-0.46918648481369 0.66250723600388 0.58091282844543 0.056974068284035 0.066293470561504 -0.74030154943466 0.69962877035141 0.94004607200623 -0.52092331647873 -0.56713092327118 -0.74726170301437 -0.35200789570808 0.10518626123667 -0.15501019358635 0.10411719232798 -0.50207829475403 
0.018094940111041 -0.17713469266891 0.38041177392006 0.50151985883713 -0.42091313004494 -0.71666634082794 0.78335285186768 0.22741682827473 0.75011390447617 0.47697055339813 -0.25652423501015 -0.85040193796158 -0.16944962739944 0.97621423006058 0.66040581464767 0.69539153575897 
-0.56587302684784 -0.24531079828739 0.94574069976807 0.013741004280746 0.083243899047375 -0.62668740749359 0.37618550658226 -0.44249331951141 0.88748508691788 0.71204769611359 0.78131014108658 0.33503052592278 -0.026242921128869 -0.3668155670166 0.20760387182236 -0.87565380334854 
0.55930584669113 -0.3919095993042 -0.97487366199493 0.96503216028214 -0.96905398368835 0.41294047236443 -0.85855889320374 0.031045531854033 -0.91796958446503 -0.55314940214157 0.028076851740479 0.89251041412354 0.36613032221794 -0.6877515912056 -0.99979102611542 -0.26675951480865 
-0.07562605291605 0.1489751636982 -0.039364982396364 0.87527126073837 -0.87939238548279 0.13310962915421 0.61710029840469 0.93526709079742 0.1129273250699 -0.53648436069489 0.13451950252056 0.98246347904205 -0.56624776124954 0.52377200126648 0.31619393825531 -0.03433395549655 
-0.1224951595068 -0.27808436751366 0.29178839921951 -0.060493234544992 0.12423688173294 0.038719039410353 -0.31736022233963 -0.83649283647537 0.18238343298435 0.86315923929214 -0.18050555884838 0.51489108800888 -0.32309755682945 -0.29577013850212 -0.47376084327698 -0.11879832297564 
-0.33764404058456 -0.72386103868484 -0.31032148003578 0.12119636684656 -0.44686010479927 0.16376000642776 0.24781998991966 -0.055997136980295 -0.40967780351639 0.83581912517548 0.57779455184937 -0.038066316395998 0.98158425092697 -0.50354045629501 -0.51169639825821 0.67862927913666 
-0.46808624267578 0.53074753284454 0.37748417258263 -0.12533664703369 0.44523021578789 0.9991757273674 -0.8089427947998 0.26300090551376 0.96171540021896 -0.40411400794983 -0.74772590398788 0.45931115746498 -0.74337524175644 -0.64730286598206 -0.050099790096283 0.96094232797623 
-0.94300198554993 -0.41202116012573 0.089722894132137 0.73537909984589 0.84488850831985 -0.49087539315224 -0.259242862463 0.024748934432864 -0.26016089320183 0.63282012939453 0.90442645549774 0.35277372598648 0.47151878476143 -0.75681853294373 0.62656229734421 -0.55449157953262 
-0.10898615419865 0.023379702121019 -0.01375219039619 -0.73273724317551 0.34058952331543 0.89611566066742 -0.51500767469406 0.45640423893929 -0.39890569448471 -0.19145439565182 -0.69397276639938 0.10523323714733 0.42865410447121 -0.80058377981186 0.54024213552475 -0.50765442848206 
-0.17994970083237 -0.12128023058176 0.44289913773537 0.21168383955956 -0.6169667840004 0.33731824159622 0.79120719432831 -0.82034891843796 -0.2937773168087 0.65416586399078 0.27167695760727 -0.33648645877838 0.461854159832 0.86269533634186 0.2012564688921 -0.61856585741043 
0.68916606903076 0.29529741406441 -0.59789574146271 -0.034240432083607 -0.54553896188736 -0.63564169406891 0.82680290937424 0.35215663909912 0.19095222651958 0.51036208868027 -0.18898913264275 -0.53424829244614 0.98264569044113 -0.77714562416077 0.1635005325079 0.16715723276138 
0.14041650295258 0.4494606256485 0.56192141771317 -0.56019759178162 0.69387656450272 0.44239616394043 -0.73793399333954 0.37821307778358 0.82717788219452 0.010791074484587 -0.35974377393723 0.12905248999596 -0.67067009210587 -0.9250528216362 -0.96005636453629 0.86424690485001 
0.32180255651474 0.15664905309677 -0.99110895395279 0.24473586678505 0.89059978723526 -0.7930948138237 -0.456926882267 -0.40987130999565 0.54040938615799 -0.5864000916481 -0.45158049464226 0.26757124066353 0.13077828288078 -0.72044515609741 0.11147384345531 0.95896565914154 
-0.67617648839951 0.22758953273296 -0.8845636844635 -0.68358474969864 -0.69953340291977 -0.33524024486542 -0.88820230960846 0.47984638810158 -0.68703895807266 -0.14221774041653 0.30277436971664 -0.024004926905036 0.34558519721031 -0.064540699124336 0.79037028551102 -0.83859860897064 
0.086837396025658 0.40244430303574 -0.36374014616013 0.21537610888481 0.47488784790039 -0.51784950494766 0.16719913482666 -0.46974465250969 -0.58460557460785 -0.77303010225296 -0.9694117307663 -0.56870990991592 -0.55107420682907 -0.3113417327404 -0.70286518335342 0.52496707439423 
