10 10
0.13860677182674 0.039758361876011 0.32692149281502 0.90437239408493 0.85419511795044 0.52102184295654 -0.9475389122963 0.72837507724762 -0.60358726978302 -0.67448079586029 
0.57140517234802 0.71379625797272 0.13803863525391 0.030115950852633 0.20510321855545 -0.48112377524376 -0.075828984379768 0.66750860214233 0.19964049756527 -0.68604969978333 
-0.52699774503708 0.43268337845802 0.44478088617325 0.54951637983322 -0.2644122838974 -0.36279788613319 -0.96391183137894 0.32760462164879 -0.023318210616708 0.5486615896225 
0.0018750184681267 0.19378013908863 0.11154437810183 -0.66576784849167 -0.9663702249527 -0.3245333135128 -0.16595467925072 -0.39147692918777 0.92524802684784 -0.416873306036 
-0.71756160259247 -0.093175746500492 -0.26422050595284 0.33293941617012 -0.06210707500577 -0.83475971221924 0.83575916290283 -0.15957841277122 -0.50743186473846 -0.92088156938553 
-0.51140207052231 0.6693434715271 0.32081773877144 -0.84075838327408 0.70355641841888 -0.82687443494797 0.19423899054527 0.36589199304581 0.55510127544403 -0.7352854013443 
0.40491753816605 -0.78861618041992 -0.088593013584614 -0.00077732629142702 0.75780701637268 -0.24676541984081 -0.18766067922115 0.58764171600342 0.38222444057465 -0.1053866147995 
0.4335715174675 0.79425346851349 -0.66038858890533 0.48483735322952 -0.51621049642563 0.49059110879898 0.58852154016495 -0.97518384456635 -0.38057538866997 0.87805765867233 
0.84771567583084 0.62975108623505 0.13360872864723 0.055962491780519 0.33559131622314 0.85161161422729 -0.7380593419075 -0.19398123025894 0.66607177257538 -0.26556643843651 
-0.0090383822098374 -0.04570384323597 0.15806059539318 -0.54970765113831 -0.85485219955444 -0.36793145537376 -0.66242033243179 0.17474633455276 0.43955373764038 -0.16107526421547 
