16 16
-4.5457072257996 -7.5427918434143 -7.6884799003601 3.0667040348053 -7.7318387031555 -8.1340503692627 -9.969521522522 0.59443771839142 0.75063538551331 -1.5708620548248 0.99215894937515 5.360194683075 3.1858012676239 -7.653826713562 1.9495415687561 -1.1845383644104 
2.8732373714447 3.3380353450775 8.7156190872192 -4.1745791435242 -7.5356736183167 9.4180946350098 9.900242805481 5.6257748603821 -7.2350788116455 8.5703220367432 -9.493914604187 1.3594752550125 2.528240442276 5.0626287460327 -1.9931844472885 -8.7212266921997 
8.8622303009033 -9.8648834228516 1.5648909807205 6.6196126937866 -0.6116504073143 6.6018204689026 -6.3460474014282 1.4572378396988 4.419538974762 2.0368666648865 -0.825215280056 1.0452451705933 -0.67839020490646 -8.4950895309448 -8.430251121521 2.5781042575836 
-8.517539024353 -5.389181137085 -4.7807340621948 -8.953782081604 5.3400235176086 7.0765180587769 -0.826280772686 -6.8035869598389 -9.9381427764893 -9.0433921813965 4.6962351799011 7.1270132064819 9.6640872955322 -3.4224700927734 -4.9754395484924 -1.6129076480865 
3.8837113380432 -5.385097026825 -6.3926601409912 -8.4026746749878 -2.2479243278503 -7.9167346954346 -8.4428825378418 9.7769155502319 -3.7105219364166 -6.6762399673462 -5.1949987411499 -0.56848675012589 -5.283881187439 -1.7500762939453 9.6212863922119 7.5872488021851 
-4.4612889289856 3.6702756881714 8.5564746856689 3.0821301937103 2.6187255382538 -7.3716702461243 8.627311706543 -0.0080847004428506 -3.8245658874512 -9.9219875335693 9.8102006912231 9.9062299728394 7.8244123458862 -1.0457217693329 9.9666919708252 4.3530030250549 
0.94878715276718 -4.1634135246277 3.5233988761902 6.2975506782532 -6.6888618469238 -8.8439598083496 5.6251997947693 6.193473815918 -2.1957383155823 2.6068572998047 0.8009033203125 -0.99815315008163 -0.45984733104706 4.1467232704163 -2.5526201725006 -1.045972943306 
1.762974858284 -8.6020765304565 -1.5079313516617 2.1518306732178 -1.9632049798965 0.76241910457611 -3.1329553127289 3.1708347797394 -2.8816292285919 -3.3079440593719 -2.5331468582153 2.0337257385254 -9.3888473510742 3.4714021682739 -4.0451993942261 -3.4319000244141 
-6.0835747718811 -6.6181936264038 -9.871678352356 5.5507645606995 9.0588912963867 -8.6070251464844 9.1972045898438 8.2050113677979 -8.5716991424561 3.0320625305176 -3.3891699314117 7.9095377922058 4.7309861183167 -7.379723072052 7.5862202644348 -0.32587131857872 
2.3326292037964 -5.0983986854553 -6.4033484458923 0.49927401542664 0.26384723186493 4.4822874069214 -7.4150891304016 -7.9502964019775 9.5506477355957 8.0364933013916 9.1584415435791 2.7221398353577 -3.2438192367554 7.3358635902405 -6.4918699264526 9.6696643829346 
0.90210092067719 6.1555504798889 2.7641875743866 -0.49584034085274 -7.9903531074524 -1.2473894357681 1.8545813560486 2.2031083106995 2.5644388198853 -4.7830834388733 -6.5707440376282 3.2993445396423 -2.3168675899506 -8.4675350189209 0.084214322268963 -7.6590676307678 
-8.061674118042 0.88533234596252 7.2541055679321 6.6899991035461 5.2951517105103 -5.5709729194641 -3.0699470043182 6.0423746109009 -7.2762384414673 -9.2711811065674 1.8267062902451 6.2616848945618 -9.2536935806274 -3.1833510398865 -6.4968333244324 -9.9128942489624 
0.14527431130409 1.1459048986435 3.7926588058472 -3.289430141449 -7.5220470428467 9.6910095214844 5.1780338287354 -2.9115700721741 -0.60804533958435 5.7146525382996 -3.6578624248505 -9.648624420166 1.8787004947662 2.1233689785004 -7.7015819549561 -4.4126625061035 
4.8597536087036 -2.6472220420837 5.4229712486267 -2.688054561615 -2.1554574966431 -6.056565284729 -9.8783111572266 5.0458135604858 -4.1395435333252 -5.9231219291687 5.6760396957397 -8.2843217849731 8.4971799850464 -8.1854248046875 -6.7563214302063 3.5109255313873 
-8.191047668457 -6.8466310501099 6.7837438583374 1.2977179288864 7.8345694541931 -7.6857714653015 4.5110411643982 -3.7453768253326 5.1865491867065 -6.418625831604 9.9902515411377 -3.9845290184021 0.015735473483801 -1.5392514467239 -5.9567928314209 -5.8280725479126 
8.1108407974243 7.4029684066772 -8.4710550308228 9.1894569396973 1.7174603939056 -1.335226893425 -7.803991317749 8.9685134887695 -2.5185081958771 -0.48072183132172 -4.9737462997437 -5.3979687690735 2.7695322036743 1.1398530006409 -1.7254956960678 6.9025416374207 
