10 10
71.865943908691 -54.744930267334 11.570595741272 33.917728424072 -79.460830688477 -66.456077575684 -61.351764678955 49.766979217529 -96.205390930176 66.391120910645 
26.540493011475 97.346885681152 62.524730682373 53.01655960083 17.611406326294 17.781511306763 -96.572334289551 -10.34574508667 -88.449440002441 57.348491668701 
-38.917823791504 -46.4162940979 4.3607568740845 -9.48890209198 -20.208269119263 -62.601432800293 -36.130332946777 76.317176818848 -48.128089904785 40.446712493896 
-42.505020141602 90.365592956543 56.742374420166 -85.566665649414 -66.550712585449 65.417663574219 -75.770942687988 41.557487487793 36.565605163574 -40.726913452148 
-86.871475219727 32.125595092773 -41.501110076904 -76.993232727051 -30.213369369507 -38.019203186035 86.220443725586 53.090328216553 -98.931571960449 -68.471580505371 
-39.616661071777 6.8755788803101 31.36953163147 76.154457092285 -89.89070892334 -93.002006530762 -80.915855407715 -97.133628845215 -37.517913818359 53.080345153809 
0.58593833446503 27.026863098145 -60.496212005615 93.091567993164 -71.004096984863 38.820880889893 68.030296325684 -28.145147323608 71.96898651123 -78.476333618164 
15.094753265381 -68.62801361084 61.457015991211 -15.611566543579 77.049949645996 15.83704662323 29.357488632202 -13.052241325378 69.073028564453 1.9498600959778 
53.56164932251 -8.2649049758911 -3.1673424243927 18.393390655518 60.647640228271 55.986991882324 -62.704086303711 36.637702941895 -36.690925598145 -96.064460754395 
-79.882095336914 1.2250781059265 68.852142333984 21.607788085938 -52.230598449707 -82.662040710449 3.4727578163147 5.1756148338318 -70.940383911133 47.233631134033 
