10 10
358.59106445312 335.49404907227 933.50469970703 -68.059913635254 647.72064208984 -918.08624267578 -120.49169158936 -498.82452392578 433.49975585938 -406.80850219727 
209.5885925293 -502.79650878906 431.00216674805 351.56143188477 -707.23034667969 612.21807861328 480.79443359375 447.53512573242 704.45349121094 -323.79418945312 
-30.143098831177 573.17663574219 -673.10717773438 -458.48895263672 239.47685241699 511.46026611328 -925.9912109375 410.24685668945 -251.0837097168 116.24555969238 
-58.755260467529 353.26654052734 -156.96856689453 -493.28677368164 726.50189208984 886.87750244141 501.69140625 771.5341796875 947.57666015625 -127.33361053467 
229.15510559082 -899.44000244141 744.72583007812 762.79864501953 -601.87097167969 -746.73754882812 472.09902954102 -73.563316345215 858.36199951172 385.69250488281 
243.11401367188 -286.39224243164 -143.57527160645 -204.46138000488 -233.05358886719 -2.9721477031708 -426.16873168945 -909.90063476562 664.44079589844 139.23173522949 
429.88363647461 -611.67065429688 305.89944458008 -495.98583984375 -443.73092651367 616.81237792969 -628.03833007812 860.31164550781 277.59545898438 -451.89639282227 
-766.31707763672 341.07507324219 -537.92932128906 444.82727050781 -810.30120849609 71.775444030762 495.22833251953 -820.9013671875 18.104549407959 552.48583984375 
-329.27450561523 939.65130615234 880.18548583984 406.28341674805 989.91351318359 444.87319946289 450.35250854492 -958.29895019531 735.56219482422 -865.52423095703 
-887.72637939453 -826.54486083984 87.134971618652 219.00456237793 39.652278900146 -915.31787109375 939.34185791016 -372.72463989258 230.10899353027 -519.12182617188 
