10 10
0.6403461098671 0.73186695575714 0.87225049734116 8.9596691131592 -6.7491025924683 6.7414417266846 -3.1804728507996 6.7589917182922 0.57842242717743 0.54281896352768 
-0.24989995360374 -8.2791700363159 -6.09068775177 -3.673668384552 -9.4711990356445 4.6364822387695 -5.389319896698 -2.3421421051025 2.7045812606812 7.1073598861694 
4.0590195655823 5.7764010429382 2.6991565227509 9.6865196228027 -6.3388481140137 8.2229433059692 8.2597999572754 -2.7093133926392 -7.2633438110352 8.1566352844238 
1.2367557287216 0.53807598352432 -1.6619489192963 9.3937282562256 1.1507852077484 5.9681196212769 -5.2867488861084 -9.393967628479 1.081387758255 8.9832983016968 
9.2385530471802 8.405291557312 6.3127598762512 1.1261236667633 8.7543411254883 5.3248620033264 -1.4416345357895 9.2811689376831 5.9775681495667 -4.6507949829102 
0.34477627277374 -3.0577590465546 4.5506806373596 -1.6834822893143 -0.2344916164875 2.335081577301 4.2820358276367 7.7428579330444 5.8066883087158 -7.7631220817566 
-4.5967144966125 1.9864107370377 -8.9976434707642 -0.97530382871628 2.7741949558258 1.2570207118988 8.9852123260498 -6.6493897438049 -3.1579158306122 0.63444149494171 
0.77348262071609 0.71780794858932 3.6839349269867 7.0878496170044 -5.4951944351196 -3.5105001926422 0.63918095827103 -5.761730670929 8.9669780731201 -8.9935998916626 
4.6221442222595 4.7554745674133 0.34869581460953 5.2705755233765 3.6631770133972 -0.11124819517136 4.1298832893372 -4.1389021873474 -6.4445452690125 7.4112191200256 
-8.2312898635864 -1.7132929563522 -0.76116353273392 2.9281768798828 -0.35555449128151 -1.4114140272141 5.1656832695007 -5.3627986907959 2.1611843109131 8.72132396698 
