16 16
4415.4658203125 4497.0698242188 -820.27392578125 2879.3312988281 -7611.7055664062 4518.6440429688 -2419.0068359375 4957.5073242188 9206.775390625 -8848.2724609375 -7027.2041015625 -9273.7294921875 1818.2663574219 5433.2900390625 -4838.3984375 1784.4117431641 
2710.4682617188 9437.869140625 5642.7373046875 -6808.8310546875 8224.794921875 7411.9907226562 8836.2919921875 340.59533691406 -8603.04296875 -5132.7651367188 4906.3803710938 -6507.9946289062 918.77685546875 -7897.1391601562 -2644.6345214844 4417.5512695312 
5721.8569335938 -4051.4411621094 -3889.9541015625 8875.125 -5226.68359375 6290.548828125 1596.7307128906 -5657.2216796875 -2897.1157226562 626.34820556641 -3600.4189453125 2735.5327148438 9924.0498046875 5779.1499023438 9654.23828125 5041.8022460938 
-2090.2126464844 7260.4228515625 704.16564941406 -6468.8872070312 -1013.2423095703 -9833.4560546875 4143.3071289062 -599.53680419922 -1374.5974121094 -2403.1423339844 1862.1848144531 -8852.3505859375 1637.7117919922 -2931.4099121094 -2524.5710449219 -3376.3579101562 
2212.0268554688 8247.30859375 -1966.6733398438 -9422.046875 6914.2602539062 -5218.7041015625 -9157.68359375 1601.8208007812 -2758.2299804688 8643.6923828125 4346.9990234375 -5749.8198242188 -2137.796875 7399.2670898438 -5899.5620117188 -1368.6314697266 
-5371.8549804688 9389.5927734375 -5227.4624023438 -2454.6840820312 -4975.15625 9951.216796875 6480.3525390625 -9138.873046875 -7443.5830078125 -9838.697265625 49.613830566406 2940.4235839844 5438.7475585938 -4126.6489257812 -61.559150695801 -7638.1831054688 
3269.4313964844 -9982.3515625 -2355.396484375 3696.8225097656 1341.2591552734 -1442.0159912109 -2498.5734863281 9348.2900390625 -3336.6931152344 3713.8447265625 -8977.0556640625 -2047.4005126953 6079.51171875 5779.2978515625 8680.205078125 -6417.6069335938 
988.97790527344 1489.7117919922 1236.4913330078 814.10125732422 -712.84674072266 7335.0805664062 -51.859561920166 -5531.6098632812 -3480.2478027344 -5148.3466796875 928.18615722656 -121.30920410156 6638.880859375 5266.4130859375 6695.740234375 1857.3968505859 
702.96057128906 3157.9213867188 -8340.5087890625 3387.4211425781 2116.0219726562 8137.8974609375 -846.68817138672 8628.923828125 -8350.3291015625 -8448.791015625 6088.142578125 5694.9682617188 1250.6461181641 2782.3974609375 8256.470703125 -4382.3994140625 
4206.8745117188 -9877.9921875 -9088.8818359375 3854.3344726562 -8389.2861328125 3111.677734375 219.4190826416 5650.3930664062 4069.3654785156 9928.875 -9275.6865234375 1861.7735595703 -7810.7846679688 8390.0244140625 6855.9086914062 4427.1499023438 
1296.7005615234 -2964.8623046875 -4829.5043945312 3740.9870605469 -8193.0615234375 -4909.294921875 -4788.5986328125 -4573.0888671875 -5209.5395507812 -16.355560302734 -9370.6767578125 -1451.9862060547 -8865.88671875 -4040.7177734375 -3453.6735839844 2034.7125244141 
-4336.2509765625 -8386.9560546875 6849.55078125 8780.822265625 -6771.5239257812 -3645.8781738281 3761.8837890625 -8126.71484375 -5702.7065429688 8216.6259765625 -2830.3540039062 8847.0703125 8549.3564453125 9446.3515625 -6664.962890625 8549.921875 
9520.791015625 -7709.1342773438 1912.8508300781 859.18450927734 5169.80078125 -9740.3330078125 5227.5649414062 7415.5610351562 5751.78125 -9212.3701171875 6010.7524414062 7466.6767578125 -5707.0361328125 5007.7348632812 4676.52734375 -7682.392578125 
6356.8344726562 5023.27734375 3820.5571289062 -1235.2845458984 -2623.4438476562 -4327.0634765625 6121.0161132812 2869.5102539062 8309.25 -8436.12109375 4747.5649414062 1683.7690429688 1923.8129882812 8043.822265625 8411.205078125 -6615.5673828125 
-7266.296875 -833.23718261719 -6153.5537109375 3180.3356933594 980.84143066406 -7092.8745117188 -6943.39453125 -981.42767333984 -5359.2993164062 4010.0078125 9146.2890625 8718.9072265625 3554.0148925781 2349.5593261719 -752.67687988281 -9189.427734375 
6008.0151367188 -4288.8579101562 8239.548828125 -5284.9228515625 -7434.267578125 20.047273635864 -1875.7583007812 6495.51171875 -9592.0517578125 -5258.576171875 -4181.8471679688 -6722.0239257812 7806.5112304688 -5666.0795898438 3937.7543945312 9443.732421875 
