16 16
0.91510444879532 0.22674955427647 -0.83801603317261 0.53104037046432 -0.97382169961929 -0.5622878074646 0.68908166885376 -0.013124512508512 0.88637185096741 0.14607506990433 -0.94912612438202 0.13566417992115 -0.29183080792427 0.87638813257217 -0.63167929649353 0.98383343219757 
0.42971646785736 0.94993054866791 -0.9606773853302 -0.19213737547398 0.89312809705734 0.97803711891174 -0.042165264487267 -0.51947027444839 0.77568376064301 0.067605346441269 0.8862692117691 -0.82870149612427 -0.10283100605011 -0.94150531291962 0.042641118168831 0.32892552018166 
-0.12775330245495 0.013326164335012 -0.094464965164661 0.76779472827911 0.96667683124542 -0.99121022224426 -0.10210916399956 0.61972916126251 0.61346703767776 -0.93313944339752 0.96324479579926 0.30113896727562 -0.28474786877632 -0.62727773189545 -0.74939900636673 -0.70877403020859 
0.3018796145916 -0.13360637426376 0.50758117437363 -0.61475485563278 -0.8151615858078 0.70033580064774 -0.50326305627823 -0.30083307623863 0.48149880766869 -0.95969575643539 -0.72817474603653 -0.43679118156433 -0.15412139892578 -0.031565494835377 0.4948017001152 0.91860926151276 
-0.28295484185219 -0.63087725639343 -0.77868223190308 -0.55166393518448 -0.45915541052818 0.86638063192368 0.73825603723526 0.070564337074757 -0.27941262722015 -0.39543458819389 -0.45177474617958 -0.80774527788162 -0.33156046271324 -0.87682837247849 -0.73944020271301 0.071133978664875 
-0.76463496685028 0.54692137241364 -0.47141787409782 -0.33054345846176 0.50229567289352 -0.36064007878304 -0.32905888557434 -0.05678466334939 0.20213605463505 0.49436169862747 0.097543373703957 -0.21221818029881 0.26248323917389 0.68735361099243 -0.49306416511536 -0.66086053848267 
0.57399612665176 -0.4059893488884 0.66159075498581 0.51015478372574 -0.11820333451033 -0.33659461140633 0.40352874994278 0.86369544267654 0.9909839630127 -0.74324232339859 -0.17547361552715 0.99027073383331 -0.64624434709549 0.99920457601547 -0.62703096866608 -0.054597865790129 
0.10694817453623 0.91197037696838 0.5112938284874 -0.24435344338417 0.0082592759281397 0.55439287424088 -0.81796079874039 0.79866975545883 -0.93959093093872 0.81502878665924 -0.93444210290909 -0.33362349867821 -0.9458144903183 0.30229097604752 0.13066901266575 0.2452984303236 
-0.25791442394257 -0.12537290155888 -0.14048132300377 -0.45618671178818 0.49797737598419 0.88209801912308 0.926538169384 -0.91457432508469 -0.17774787545204 0.80105513334274 -0.1442456394434 0.19064837694168 -0.14231462776661 0.15205456316471 -0.8340876698494 -0.71454554796219 
0.27038091421127 0.45995411276817 -0.35928523540497 -0.15970368683338 -0.2770302593708 0.24691452085972 0.38742214441299 0.86071991920471 -0.37294247746468 0.81916660070419 -0.15576615929604 0.21533396840096 0.56882447004318 0.71057814359665 0.6572647690773 0.93527543544769 
0.92175513505936 0.025476085022092 -0.17933066189289 0.65609192848206 0.20886263251305 0.7593132853508 -0.63384544849396 -0.10581795871258 0.19567030668259 0.13540843129158 0.18645061552525 0.13079281151295 -0.048161670565605 0.81687349081039 0.52108758687973 -0.40649864077568 
0.84202742576599 -0.96035993099213 0.55772984027863 0.6852622628212 0.3223160803318 -0.48012286424637 -0.43853670358658 0.26123771071434 -0.15534396469593 0.075804203748703 0.41574263572693 -0.40213876962662 0.53453177213669 0.90862876176834 0.29572096467018 0.96557372808456 
-0.8294021487236 -0.0073698596097529 -0.066334135830402 -0.29315766692162 -0.19634298980236 -0.65092194080353 0.42846682667732 -0.94013661146164 -0.50127875804901 0.99184656143188 -0.84529256820679 -0.62771254777908 -0.60833245515823 -0.25618520379066 0.13309368491173 -0.89395838975906 
0.16514004766941 -0.86485999822617 -0.34369590878487 0.26817914843559 -0.76868206262589 -0.12845486402512 -0.51403421163559 0.62127381563187 -0.80740231275558 -0.10283119231462 -0.95448499917984 -0.60186970233917 0.45301678776741 0.66889142990112 0.60834556818008 -0.25043630599976 
0.94113343954086 0.28165572881699 0.97497063875198 -0.74665433168411 0.19939811527729 -0.5860236287117 0.45361691713333 -0.23169082403183 0.69067931175232 -0.14257934689522 -0.58443981409073 -0.66321176290512 -0.41789469122887 0.84991478919983 0.96258348226547 0.53660583496094 
0.24665956199169 0.44125649333 0.55363100767136 0.95946449041367 0.0425672121346 0.82892197370529 0.24646207690239 0.34963962435722 -0.0057540955021977 -0.093387484550476 -0.51884603500366 0.68525326251984 -0.0013564644614235 0.751131772995 -0.27595120668411 0.54001677036285 
