10 10
-0.61871731281281 0.26599070429802 0.69254446029663 0.11513139307499 0.88173669576645 0.84794974327087 0.23109185695648 -0.059298727661371 0.17232547700405 0.80411469936371 
-0.77032840251923 0.70876652002335 -0.086127988994122 -0.73818606138229 0.86446517705917 0.39123529195786 0.62799471616745 -0.36001762747765 -0.85558676719666 -0.92716920375824 
0.9325453042984 0.38651546835899 -0.54899549484253 0.58936339616776 -0.37479040026665 0.38811537623405 -0.78126668930054 0.083577834069729 -0.32682251930237 0.87197917699814 
-0.49270084500313 -0.13319513201714 0.87426346540451 0.48592355847359 -0.84572780132294 0.25616163015366 0.67400616407394 0.61500006914139 -0.15828761458397 -0.29983389377594 
0.30827498435974 -0.81024974584579 0.40902826189995 0.12190901488066 -0.61662602424622 -0.15458139777184 -0.14599759876728 0.77730071544647 0.53316754102707 0.70289224386215 
-0.99694615602493 -0.12390922755003 0.36386117339134 -0.54041594266891 0.52692019939423 -0.76410287618637 -0.27474030852318 0.070444993674755 0.58413147926331 0.7671412229538 
-0.42277562618256 0.82642954587936 -0.6247878074646 -0.3323360979557 -0.19613364338875 0.23756401240826 -0.97358566522598 -0.21251900494099 0.10988224297762 -0.68019491434097 
-0.74132072925568 0.34825330972672 -0.87886613607407 -0.14513984322548 -0.73033857345581 -0.96289891004562 -0.66733109951019 -0.80963760614395 -0.39579385519028 0.54429513216019 
-0.85900586843491 -0.5761085152626 0.81583648920059 0.78742909431458 -0.67154234647751 -0.86541366577148 -0.47670099139214 -0.28860172629356 0.40192341804504 -0.042260620743036 
0.8757238984108 0.18480941653252 0.15488985180855 0.32056984305382 -0.3344758450985 -0.51079165935516 -0.76249021291733 -0.40706127882004 0.89554452896118 -0.93621850013733 
