16 16
-0.46173167228699 0.79376572370529 -0.23937371373177 0.68621969223022 0.17353102564812 -0.98764872550964 -0.50288259983063 0.35284289717674 -0.20978339016438 -0.48217287659645 -0.44232150912285 -0.30884584784508 -0.50993406772614 -0.072265520691872 0.63425469398499 0.58134645223618 
0.39595282077789 0.68351793289185 0.032886631786823 0.7673122882843 -0.73219335079193 0.92839848995209 0.18916980922222 0.82516497373581 0.025085059925914 0.20240966975689 -0.94871628284454 -0.46571484208107 0.35956829786301 -0.39666852355003 0.1427974998951 -0.73352581262589 
-0.15281376242638 -0.20028199255466 -0.69614994525909 -0.30119141936302 -0.579869389534 0.015585845336318 0.74915730953217 0.6160461306572 0.86475443840027 -0.34246003627777 -0.76146954298019 0.47678858041763 0.42286968231201 -0.2717025578022 0.10275702923536 -0.33375498652458 
-0.10945262759924 -0.72235506772995 -0.26089471578598 0.67647445201874 -0.17422629892826 -0.24112905561924 0.23664231598377 -0.081083938479424 0.62165009975433 -0.16680704057217 0.17283205688 0.24501873552799 0.87222141027451 -0.82350009679794 0.87124621868134 0.56163340806961 
0.10124024003744 -0.99976599216461 0.52673298120499 0.19829121232033 0.18041537702084 0.95133227109909 -0.200708091259 0.87145602703094 0.14938847720623 0.93255966901779 0.82802581787109 0.14146015048027 -0.82551896572113 -0.24389740824699 0.15641938149929 -0.90651917457581 
0.54876357316971 -0.8305943608284 -0.83853441476822 -0.99959391355515 -0.50045299530029 -0.97303706407547 -0.75619488954544 0.07550548017025 -0.92077231407166 0.26428207755089 0.26962795853615 -0.24849374592304 0.13591550290585 0.1018805205822 0.44774141907692 0.24948896467686 
-0.74482727050781 0.91815549135208 -0.91483986377716 0.82994520664215 -0.59946554899216 -0.11400233209133 0.1957545876503 -0.48110190033913 -0.82273107767105 -0.88236802816391 -0.14184953272343 -0.96832501888275 0.46045213937759 0.015138615854084 -0.11564908921719 -0.68668258190155 
-0.98590290546417 0.44135758280754 -0.99016731977463 0.78183627128601 0.41776019334793 0.75838315486908 -0.9987381696701 0.78101348876953 0.15473142266273 0.24059244990349 0.1103924959898 0.47627854347229 -0.76835268735886 0.81262964010239 0.79257345199585 -0.94125211238861 
0.1375118792057 -0.20693925023079 -0.52052736282349 -0.96542948484421 -0.32869690656662 -0.00088541558943689 -0.97428816556931 0.94359987974167 -0.97749698162079 0.88057577610016 0.2719754576683 0.18445290625095 -0.1779797077179 0.076508656144142 0.31435263156891 0.65526288747787 
0.56569367647171 0.42616033554077 -0.4767798781395 -0.99633032083511 0.26969364285469 -0.42154204845428 -0.093453019857407 -0.1558033823967 -0.46910485625267 0.68077719211578 0.25456157326698 0.29459565877914 0.14072585105896 -0.49457335472107 -0.066717460751534 0.35522657632828 
-0.33385095000267 -0.23605293035507 0.29144567251205 -0.49403631687164 -0.52402883768082 0.67596179246902 -0.43131735920906 -0.30619195103645 0.38344573974609 -0.48062860965729 0.029292233288288 0.43509942293167 0.7154096364975 -0.48638740181923 0.8734604716301 0.6668564081192 
-0.75882458686829 -0.79038906097412 0.84044378995895 -0.50386142730713 0.44409430027008 -0.94642120599747 -0.17634706199169 -0.034457940608263 -0.35220941901207 0.65294921398163 0.63128060102463 0.61411845684052 0.95996743440628 -0.021254548802972 -0.67705327272415 -0.35051333904266 
0.94116657972336 0.72132086753845 0.082450300455093 0.99192470312119 -0.3595475256443 -0.85674864053726 -0.11206547915936 -0.8964461684227 -0.633240878582 -0.014628835022449 0.87915420532227 0.78259307146072 0.72547107934952 0.85355961322784 0.78540426492691 0.72984701395035 
-0.18152022361755 -0.51153302192688 -0.16295440495014 -0.79106134176254 0.4324471950531 0.19741900265217 0.49167695641518 0.015251504257321 0.13093186914921 0.85199624300003 -0.87389862537384 0.81888896226883 -0.75356793403625 0.99137783050537 0.042373053729534 0.20912177860737 
-0.64195960760117 0.44051757454872 0.80475783348083 -0.58410239219666 0.65898329019547 0.63091617822647 -0.59707671403885 0.26854619383812 -0.75019037723541 0.94325762987137 -0.89573538303375 0.30537950992584 -0.70831006765366 -0.89637786149979 -0.70613151788712 -0.018187042325735 
-0.2209165096283 -0.39168193936348 -0.86210983991623 -0.86216956377029 0.87590330839157 0.81350558996201 -0.79662883281708 0.64750230312347 -0.25953081250191 0.12826350331306 -0.89068168401718 0.85730230808258 -0.6868115067482 -0.26022705435753 0.4606286585331 0.84394806623459 
