10 10
-2.3695418834686 -7.8263850212097 -2.3958704471588 1.3081279993057 5.6494493484497 -5.2777910232544 2.8237161636353 8.8962297439575 -6.8140349388123 -2.9995753765106 
8.7328701019287 -4.7142300605774 -7.0787343978882 0.7891252040863 7.755925655365 8.0257043838501 3.8409910202026 -8.1175451278687 -4.536238193512 -8.8108749389648 
-0.83259665966034 -0.6184589266777 -9.8435964584351 6.849579334259 9.3654117584229 4.1741819381714 -2.2194333076477 5.9549050331116 5.0948204994202 7.7453093528748 
1.3131386041641 -6.4906277656555 8.2180204391479 6.5003161430359 6.7149653434753 -9.2628402709961 -4.0851216316223 4.0264487266541 -5.0698547363281 1.5752819776535 
-8.2907295227051 8.3917741775513 -2.0157856941223 -8.3670139312744 4.4081330299377 1.5139174461365 -1.9226341247559 0.10442923754454 -5.3021607398987 5.24192237854 
5.3018307685852 -3.0444712638855 9.2960758209229 -4.2409811019897 -9.4822940826416 3.134340763092 0.26990994811058 -8.7434930801392 -3.0643048286438 -6.7908229827881 
-8.3986825942993 7.8801741600037 -9.3386669158936 0.5293944478035 -0.72625756263733 -9.7859745025635 7.4773335456848 -7.4967060089111 -9.9363374710083 3.3930888175964 
-2.4357178211212 -3.5254356861115 -9.7268590927124 8.124062538147 4.7509689331055 5.485710144043 4.6947822570801 -7.3117184638977 -6.1914854049683 -0.33538624644279 
0.69408851861954 -0.98068290948868 -7.8614373207092 -8.5778894424438 -8.6202430725098 7.41463804245 7.6284928321838 7.5853090286255 7.7698569297791 3.3989417552948 
4.4305462837219 -4.7393655776978 -3.1088669300079 -5.2414622306824 -9.8407793045044 -9.3493270874023 -8.2139205932617 -7.551155090332 9.5249032974243 4.5304317474365 
