16 16
93.095359802246 -38.842105865479 67.905296325684 94.524780273438 78.541404724121 58.134391784668 -56.147911071777 -64.694511413574 80.921432495117 45.744567871094 -25.827833175659 71.627044677734 -52.129013061523 78.092651367188 90.277709960938 77.147689819336 
-59.4641456604 93.724784851074 69.652732849121 12.856139183044 40.78141784668 -1.0081973075867 41.278026580811 -74.210266113281 -77.982925415039 -26.955051422119 -17.495410919189 -4.7647666931152 82.46923828125 -46.871883392334 -18.070003509521 7.3025479316711 
49.281238555908 80.606300354004 -30.895286560059 -19.798028945923 -22.49659538269 71.647766113281 -87.057762145996 98.111824035645 -21.682611465454 85.243812561035 -22.238718032837 -97.451385498047 90.595428466797 -48.09375 90.382843017578 -82.166122436523 
10.837098121643 66.922500610352 45.361396789551 40.400936126709 -89.392112731934 -42.938274383545 -44.525184631348 18.239339828491 -63.288333892822 -18.173402786255 -77.964866638184 -51.570777893066 46.151824951172 2.5246090888977 -72.635200500488 -85.299087524414 
15.428038597107 -35.971282958984 -35.580520629883 58.390811920166 -48.916721343994 -83.494651794434 -1.2772309780121 -82.071846008301 33.549098968506 90.979461669922 -21.993072509766 -64.911659240723 -20.133083343506 -89.349746704102 77.310760498047 62.752147674561 
-54.568092346191 58.275611877441 -60.523307800293 46.025177001953 -29.80523109436 63.571262359619 -9.2397108078003 2.4576418399811 -40.165996551514 -38.022052764893 15.527844429016 -61.081462860107 -7.3424158096313 46.565872192383 84.940132141113 27.266519546509 
92.838386535645 -42.148555755615 8.4055843353271 -47.699794769287 -75.343238830566 61.063331604004 -97.05200958252 25.005712509155 19.669719696045 75.342781066895 -52.733695983887 84.445579528809 37.776985168457 -75.856590270996 56.504524230957 -87.83634185791 
-21.499147415161 -69.228469848633 73.337837219238 -69.194793701172 62.228630065918 94.74193572998 12.913917541504 -68.980773925781 99.673263549805 44.662593841553 -30.21746635437 -42.617092132568 58.726390838623 -82.467422485352 70.040641784668 -18.962472915649 
-55.531734466553 86.933708190918 44.507740020752 -60.985439300537 -23.140823364258 63.244205474854 16.091381072998 65.35929107666 72.715942382812 11.331585884094 -52.208721160889 48.610515594482 -70.075653076172 -69.544662475586 54.687976837158 -50.165740966797 
-76.326591491699 40.986938476562 44.564056396484 1.5048320293427 -58.779762268066 75.380233764648 64.982177734375 -56.917892456055 -0.26184403896332 69.161659240723 96.716278076172 -39.929592132568 14.674744606018 -89.515884399414 -50.914123535156 56.350452423096 
-85.174118041992 -13.266711235046 -79.087394714355 -8.8330106735229 93.910049438477 -48.027202606201 -71.290596008301 20.407472610474 89.942649841309 84.483306884766 55.916919708252 -98.709609985352 -33.236888885498 -94.996925354004 85.266090393066 28.089366912842 
-83.889633178711 21.651870727539 -4.4129590988159 33.849060058594 99.536552429199 -91.951644897461 -18.608896255493 96.031532287598 -31.927822113037 70.93790435791 32.546352386475 -54.422039031982 -97.044044494629 -5.1463832855225 80.896430969238 -19.248762130737 
92.695915222168 3.8542799949646 -54.838756561279 -95.652755737305 29.444036483765 62.848220825195 66.196418762207 -26.127830505371 98.564888000488 -14.56102848053 -12.260498046875 47.865531921387 20.56450843811 84.806243896484 25.38494682312 -34.702396392822 
-52.351303100586 -36.992729187012 72.996658325195 19.219860076904 66.309059143066 72.300506591797 -68.477363586426 27.429874420166 -21.96314239502 63.78299331665 7.989953994751 -27.51379776001 -15.131824493408 -79.615844726562 56.386299133301 2.5662515163422 
73.174880981445 -98.590843200684 88.839279174805 21.354064941406 6.3149180412292 -87.72371673584 -17.556978225708 -72.06721496582 27.537191390991 92.318382263184 25.275812149048 16.308662414551 22.44115447998 54.067535400391 79.887519836426 82.599769592285 
96.213607788086 50.2194480896 -97.300712585449 44.242668151855 -47.303428649902 65.108108520508 47.219612121582 -80.791687011719 -19.036781311035 70.311828613281 99.205093383789 5.975161075592 -84.352157592773 44.274017333984 -16.580476760864 -87.473480224609 
