16 16
0.8095623254776 -0.88181674480438 -0.13680121302605 0.60848569869995 -0.54441225528717 -0.16247287392616 0.074143648147583 -0.82848709821701 -0.26519230008125 -0.60621649026871 -0.16779638826847 -0.48965656757355 0.39418369531631 -0.087073303759098 -0.18131019175053 0.52432870864868 
0.18745763599873 0.88362318277359 0.13585497438908 0.053556766360998 0.76494419574738 0.95853108167648 0.96072524785995 -0.21351844072342 -0.4847409427166 0.78415668010712 -0.20789821445942 0.8849396109581 0.65179014205933 -0.2365845143795 0.648801445961 -0.26349440217018 
-0.77995479106903 0.22034324705601 -0.50548511743546 0.96724075078964 -0.52523255348206 0.93765157461166 -0.68720972537994 -0.43242192268372 0.1326874345541 0.28721415996552 -0.8626481294632 0.64006018638611 0.75039958953857 -0.45560970902443 -0.30448362231255 -0.93414562940598 
0.38466942310333 0.89117759466171 -0.36013266444206 0.59889072179794 -0.96160978078842 0.14448833465576 -0.84951764345169 0.49225264787674 0.19005085527897 0.089658334851265 0.17675963044167 -0.57612013816833 -0.32208231091499 -0.55014753341675 0.43251872062683 -0.47826275229454 
-0.44971916079521 -0.87703686952591 -0.1886090785265 -0.66139906644821 -0.73934972286224 -0.50490599870682 0.34138497710228 -0.041726373136044 -0.58582806587219 -0.67955994606018 0.57444930076599 -0.22778086364269 -0.90801060199738 -0.99149483442307 -0.27515545487404 0.24073560535908 
-0.53383219242096 0.74796724319458 -0.82117968797684 -0.26460686326027 -0.66147780418396 0.61362993717194 -0.40541434288025 0.55972826480865 0.33186480402946 0.43266814947128 -0.37487831711769 0.091652184724808 -0.77360105514526 0.27527749538422 0.89347100257874 0.23410555720329 
0.76805341243744 0.063538908958435 0.52087873220444 0.5331107378006 0.99571919441223 -0.99218547344208 -0.79158341884613 -0.75907820463181 0.1161200478673 0.97516220808029 0.58253389596939 0.37945157289505 -0.49017155170441 0.32841631770134 -0.13128109276295 0.3825089931488 
-0.13623420894146 -0.18078820407391 -0.82121986150742 -0.1025018170476 -0.9522323012352 0.80274397134781 -0.28067737817764 -0.057892400771379 -0.72931426763535 0.35755875706673 -0.27802684903145 -0.078406035900116 0.12823751568794 0.46872100234032 0.73126405477524 -0.99669986963272 
-0.3322711288929 -0.047141782939434 0.20672796666622 0.40724769234657 0.61423701047897 -0.37023290991783 0.062879860401154 0.095605984330177 -0.90733397006989 -0.93834644556046 -0.26398625969887 0.035767178982496 -0.62462246417999 0.43178251385689 0.19925199449062 -0.57811051607132 
-0.68257141113281 -0.22643308341503 -0.76941627264023 0.059305094182491 0.90151393413544 0.65493309497833 -0.65297257900238 -0.75003290176392 -0.15055999159813 -0.24837446212769 0.38821789622307 0.81306123733521 0.1384515017271 -0.32975953817368 0.37880629301071 0.64375233650208 
0.91732197999954 -0.83569157123566 0.23866300284863 0.91918361186981 -0.92005145549774 0.28471252322197 -0.65535265207291 0.58635920286179 0.77261060476303 0.045524101704359 -0.51336508989334 0.37997913360596 0.98230677843094 -0.073891878128052 0.34315490722656 0.43370392918587 
0.45142704248428 0.13913801312447 0.28897431492805 0.35303753614426 0.2042830735445 -0.052242632955313 -0.22080041468143 -0.82249987125397 -0.87007027864456 0.52166944742203 -0.40902242064476 -0.45447757840157 -0.31217902898788 -0.10064355283976 -0.46068033576012 0.76504069566727 
-0.27722758054733 0.21600587666035 0.059758484363556 0.40549266338348 0.40841236710548 0.03460693731904 0.52509164810181 -0.2261783182621 -0.83623027801514 -0.27811679244041 -0.30680179595947 0.22817721962929 0.9573587179184 -0.93713229894638 0.24196353554726 -0.21706329286098 
-0.89494901895523 -0.37736248970032 -0.045377664268017 0.49758234620094 0.8351001739502 0.38085985183716 0.97570818662643 0.53045260906219 0.26627343893051 0.35488557815552 -0.91609913110733 -0.041364956647158 -0.01094451546669 -0.85263842344284 -0.74418413639069 -0.3854238986969 
0.38504460453987 0.68512803316116 -0.070305861532688 -0.24884660542011 0.4166684448719 0.69156092405319 -0.2881735265255 0.24910554289818 -0.12332221865654 -0.24094322323799 -0.71420246362686 0.31514573097229 0.22199507057667 -0.9394171833992 0.25173932313919 -0.55018788576126 
0.54086536169052 -0.81219875812531 -0.68906837701797 0.49214348196983 -0.055509194731712 0.67209231853485 -0.070720091462135 0.6258230805397 0.25547844171524 -0.98310571908951 0.96206456422806 0.28677296638489 -0.3463944196701 0.88526284694672 0.31422147154808 0.88505303859711 
