10 10
-0.44804093241692 0.49831336736679 -0.59370332956314 -0.69070768356323 0.77532321214676 -0.85711747407913 0.10665532201529 0.17476890981197 -0.037636291235685 0.23752458393574 
-0.67105466127396 -0.93934899568558 -0.92309826612473 -0.050422698259354 0.05940829589963 0.1330228894949 -0.88739633560181 -0.84698134660721 -0.53900939226151 0.052997730672359 
-0.39090156555176 -0.21182334423065 0.59585237503052 0.75629556179047 -0.053050875663757 -0.53258407115936 0.83354818820953 -0.26889047026634 -0.24965606629848 -0.51006704568863 
0.10928563028574 -0.29481634497643 -0.50818026065826 -0.73996496200562 -0.77801233530045 -0.1423379778862 0.24414592981339 0.81136399507523 0.92898148298264 0.98556238412857 
-0.072714194655418 -0.0012089512310922 -0.49956366419792 0.12762326002121 0.84531539678574 -0.57143574953079 0.74280232191086 -0.013061231002212 0.62614554166794 0.33540704846382 
-0.48851448297501 0.67960196733475 -0.43669286370277 0.74686628580093 -0.14263658225536 -0.30367264151573 0.42960712313652 -0.49906346201897 0.49468788504601 -0.97118264436722 
-0.68040138483047 -0.25855705142021 -0.47655376791954 0.84948110580444 -0.30827733874321 0.20592726767063 0.47146463394165 -0.7109135389328 -0.89785176515579 -0.99247312545776 
0.33140060305595 -0.42283275723457 0.15446534752846 0.18895716965199 0.077004007995129 0.60251837968826 0.85058706998825 -0.66324889659882 0.62519472837448 -0.184316188097 
0.51459395885468 0.51188278198242 -0.053001254796982 -0.96460866928101 0.28090098500252 0.21133396029472 -0.08776056021452 0.63784259557724 0.62238645553589 -0.014846639707685 
0.65171635150909 -0.56003332138062 -0.87150526046753 0.3901529610157 -0.29354950785637 -0.45132374763489 -0.79224246740341 0.17616820335388 0.94145578145981 0.076132878661156 
