16 16
-0.045670155435801 0.25575613975525 -0.47381123900414 -0.79986053705215 -0.4610461294651 0.46344783902168 0.3860599398613 0.58691596984863 0.24211636185646 -0.56725442409515 -0.073812909424305 -0.19424912333488 0.30762523412704 -0.71582573652267 0.80957317352295 0.15645484626293 
-0.96447849273682 -0.72092628479004 0.11560288071632 0.23649445176125 -0.73401147127151 -0.87493407726288 -0.56625956296921 0.52949887514114 -0.39346632361412 -0.53391790390015 -0.33157187700272 -0.98137813806534 -0.73317062854767 -0.67261898517609 -0.39802813529968 0.90103328227997 
-0.17920260131359 0.62038516998291 0.70872896909714 -0.00087997131049633 -0.77489280700684 -0.33734858036041 0.87531518936157 0.39465045928955 -0.58044123649597 0.26349475979805 -0.72466999292374 -0.98032456636429 0.84288668632507 0.27531880140305 -0.048030357807875 -0.71272766590118 
-0.23166741430759 0.59163820743561 0.023429019376636 -0.39712831377983 0.034395266324282 0.0049440828152001 -0.8315082192421 -0.59829115867615 0.23293223977089 -0.81379383802414 0.26158249378204 0.72032636404037 -0.01853646710515 0.61970049142838 0.98855859041214 0.5887685418129 
-0.78454750776291 -0.45854997634888 0.056757010519505 -0.27929067611694 0.71189278364182 0.22690786421299 0.49404376745224 0.53302043676376 -0.24519623816013 0.3295279443264 0.052352610975504 -0.64529597759247 -0.64285790920258 0.17975977063179 -0.10453070700169 0.66684949398041 
0.46852687001228 -0.61652427911758 -0.6052223443985 -0.4806272983551 -0.56010973453522 -0.18621498346329 0.32925257086754 0.75303244590759 0.76022511720657 -0.72446370124817 -0.44872871041298 -0.088941767811775 -0.88349843025208 0.27506402134895 -0.021995132789016 0.22602358460426 
0.42409375309944 -0.5338072180748 0.56879889965057 0.34061285853386 0.21227206289768 -0.307468354702 0.56962954998016 -0.60654008388519 0.19154153764248 0.6868948340416 0.7284939289093 0.39152273535728 0.86644971370697 -0.69791352748871 0.60351848602295 0.19823780655861 
0.14895291626453 -0.37959036231041 -0.96187973022461 0.88144838809967 -0.31962761282921 0.053240939974785 0.86683177947998 -0.12436479330063 0.90802043676376 0.96532809734344 0.091208539903164 -0.7184841632843 0.16260486841202 0.03343627601862 0.47852900624275 -0.92774266004562 
0.491814494133 -0.20186744630337 0.773277759552 0.035411976277828 0.96330070495605 0.91607457399368 -0.39993795752525 0.21541412174702 0.99345183372498 0.57780790328979 -0.9742448925972 -0.22908407449722 0.38871315121651 -0.62630116939545 -0.52004057168961 0.43327081203461 
0.23989459872246 0.44132727384567 0.41778284311295 -0.41296601295471 -0.11010843515396 -0.81158715486526 -0.73718327283859 0.12135934829712 -0.91959500312805 -0.10604108870029 0.047338709235191 -0.32411497831345 0.43538236618042 0.43150922656059 0.52556353807449 0.37882205843925 
0.56351870298386 -0.59327536821365 0.13005515933037 -0.46104457974434 0.043190836906433 -0.18460100889206 0.11772431433201 0.30648520588875 -0.0081433327868581 -0.83507537841797 -0.23982785642147 0.91947865486145 0.66011524200439 -0.11079722642899 -0.93964630365372 -0.522784948349 
-0.81595104932785 -0.17121636867523 0.63293075561523 -0.40604645013809 0.49287149310112 0.48502746224403 -0.73988604545593 0.26289623975754 -0.63220304250717 -0.78697502613068 0.78536301851273 0.13381452858448 0.52777004241943 0.90461051464081 -0.44241619110107 0.2133347094059 
-0.047679223120213 0.68580859899521 0.38470143079758 -0.31839805841446 -0.56739163398743 -0.88495302200317 0.54296064376831 0.21635664999485 0.11259499937296 0.8657301068306 -0.7359231710434 0.22114285826683 -0.8245946764946 0.45356380939484 0.1983929425478 -0.61035531759262 
-0.94974249601364 -0.29687768220901 0.56003993749619 0.80169898271561 0.44097852706909 0.47389355301857 -0.99371498823166 -0.71416991949081 -0.72620487213135 0.33282050490379 -0.96870976686478 0.61019104719162 -0.6206516623497 -0.35768646001816 -0.76920384168625 -0.81765526533127 
0.83322542905807 -0.38867792487144 -0.41034886240959 -0.31774485111237 -0.74838209152222 -0.41769734025002 -0.43891695141792 0.42313733696938 0.50935125350952 0.64937180280685 -0.82608425617218 0.355892598629 -0.12248999625444 -0.45867767930031 -0.22170671820641 0.94341951608658 
0.46514445543289 -0.81736785173416 0.5614857673645 -0.076241515576839 -0.089382283389568 0.41961181163788 0.0069507891312242 -0.54614275693893 0.29079887270927 -0.35505294799805 0.59400677680969 0.5148292183876 0.26570925116539 0.22995762526989 -0.65684568881989 0.48674717545509 
