16 16
-655.97003173828 -121.92460632324 -779.96600341797 -340.64273071289 194.29823303223 -486.18756103516 208.88056945801 79.96817779541 -152.00442504883 917.36773681641 234.96780395508 592.31524658203 735.06774902344 448.7421875 377.04650878906 -634.48132324219 
-343.76052856445 444.49761962891 718.95013427734 448.73382568359 -894.24743652344 -958.89886474609 -446.33303833008 522.23162841797 -563.10656738281 -376.44198608398 528.72631835938 222.43116760254 -390.92413330078 646.27526855469 -837.63171386719 -195.6312713623 
-375.39141845703 237.23893737793 424.64074707031 703.29302978516 -629.13647460938 -395.73648071289 -478.35977172852 950.99444580078 927.50323486328 673.16040039062 599.30810546875 642.94689941406 31.466249465942 369.24746704102 186.6851348877 -677.49401855469 
307.0862121582 482.86288452148 -474.53768920898 -100.78397369385 813.826171875 901.88073730469 116.42140197754 -785.56927490234 -529.17449951172 977.15026855469 250.1932220459 -49.651229858398 848.48840332031 584.75653076172 -427.99594116211 813.87872314453 
-77.336692810059 134.25593566895 -744.27093505859 -814.85278320312 -922.11798095703 -799.65399169922 21.901250839233 211.83969116211 43.11254119873 799.52978515625 164.04197692871 627.00946044922 453.50048828125 -44.625675201416 39.184970855713 -379.3313293457 
-641.654296875 353.65686035156 892.22802734375 995.2705078125 590.14434814453 -502.06042480469 73.687759399414 -786.65289306641 -188.00689697266 451.50881958008 48.051288604736 411.12194824219 808.904296875 825.466796875 65.569648742676 820.74981689453 
130.54292297363 -841.28063964844 -759.52087402344 -321.78799438477 -851.83453369141 -757.81182861328 113.18822479248 423.73233032227 -598.49609375 91.54500579834 797.38488769531 757.96539306641 860.55114746094 255.3462677002 46.010219573975 -248.60092163086 
-293.09854125977 584.56842041016 414.82153320312 270.72967529297 533.12951660156 606.015625 271.18283081055 881.40289306641 819.63677978516 -851.08721923828 -479.53244018555 883.99194335938 -667.66827392578 -976.12731933594 95.253364562988 -198.86376953125 
471.09124755859 570.71423339844 -652.03631591797 -45.318855285645 -754.41534423828 423.28204345703 302.14379882812 -544.94769287109 717.95623779297 -89.679656982422 527.52386474609 -737.81207275391 -813.810546875 -661.91400146484 -893.62445068359 465.00494384766 
-369.06631469727 -393.90341186523 -752.50109863281 -606.46624755859 -423.84146118164 305.20745849609 903.67840576172 233.41941833496 304.56497192383 -237.11877441406 538.99053955078 -846.79864501953 833.51531982422 52.341648101807 840.52667236328 -88.433052062988 
985.63323974609 797.92749023438 948.61596679688 -714.28497314453 88.791816711426 564.16033935547 -721.73034667969 -257.70788574219 316.79571533203 209.23988342285 648.31140136719 -841.61016845703 959.72479248047 671.44372558594 183.13938903809 -309.22567749023 
650.58569335938 993.57604980469 514.20104980469 382.91796875 931.96643066406 290.41296386719 703.36834716797 -419.64385986328 910.2236328125 774.16717529297 -843.99822998047 -602.13818359375 314.20352172852 -945.79656982422 -547.11901855469 829.28747558594 
889.10461425781 985.36627197266 844.50903320312 -712.64404296875 242.62934875488 -100.23956298828 -559.42590332031 128.46734619141 -915.67974853516 393.17733764648 287.08270263672 687.80236816406 -41.564994812012 259.74713134766 124.62324523926 -538.22662353516 
-440.77084350586 767.19134521484 -257.93795776367 -855.80688476562 -656.98260498047 -32.911613464355 -418.07904052734 -646.37658691406 974.10211181641 252.83752441406 705.86029052734 -703.17944335938 -215.08964538574 -382.88864135742 160.05813598633 807.25335693359 
473.97265625 -912.48754882812 328.35110473633 564.02166748047 873.48693847656 673.08288574219 356.39590454102 -201.13122558594 -74.301910400391 380.58081054688 389.45568847656 157.88180541992 221.05432128906 295.97943115234 -32.101402282715 -759.16528320312 
-353.16775512695 1.8980340957642 -992.38848876953 890.52508544922 940.89440917969 996.22424316406 521.89599609375 -333.35778808594 -750.07360839844 829.88037109375 631.9912109375 -984.33508300781 -104.97221374512 850.84307861328 -931.60656738281 820.11413574219 
