16 16
7674.6293945312 2377.6538085938 2886.5705566406 3849.1689453125 -8245.6875 -7288.2421875 2961.9370117188 2480.7399902344 5055.2983398438 -1922.5278320312 -3586.1333007812 5216.8466796875 -995.57873535156 6537.189453125 -9411.2890625 8732.3076171875 
-7791.37890625 -5037.9985351562 740.00854492188 -3691.4675292969 -4297.525390625 2664.9392089844 9679.326171875 4430.3217773438 5811.0615234375 -9395.57421875 -8824.619140625 -1326.2337646484 9465.548828125 6931.451171875 -5356.6821289062 794.96154785156 
-4845.330078125 6638.0249023438 5420.9931640625 -1824.8773193359 9294.0078125 -6475.533203125 -1949.4836425781 7724.4565429688 2730.7585449219 -6961.4428710938 3328.7097167969 -8525.2060546875 -3918.2509765625 1630.234375 -1687.4252929688 2400.4389648438 
-9650.23046875 -5242.2895507812 7835.3828125 9512.6171875 -3104.525390625 1192.9350585938 5243.2280273438 -7112.0688476562 -688.00323486328 -8171.3139648438 -4640.8408203125 9691.2958984375 -5922.2612304688 -7217.0576171875 -7214.078125 -5795.3720703125 
-7193.4868164062 1079.7935791016 -9810.23828125 -8961.8681640625 2708.6716308594 -3165.2043457031 -2973.1811523438 6587.9633789062 -3260.5205078125 9228.51171875 -2078.7160644531 -4016.9509277344 -785.08410644531 844.23120117188 -7040.9887695312 1936.8714599609 
4511.908203125 -5706.900390625 4686.7788085938 2162.7868652344 4493.7529296875 -7432.80859375 -119.3821182251 4926.4165039062 9375.4609375 -1152.5339355469 -228.93083190918 -7367.630859375 837.26025390625 2297.2800292969 -5384.2690429688 9.0559129714966 
-7397.5532226562 7898.1323242188 -1440.693359375 268.67578125 6355.244140625 3903.611328125 -9180.6845703125 -5950.2299804688 7089.3881835938 6818.72265625 -6354.3666992188 7026.6811523438 -2166.6584472656 -1282.4219970703 -7047.05078125 1418.4644775391 
-6267.4790039062 -599.96606445312 7210.537109375 1160.5218505859 6861.5380859375 7214.5805664062 -2491.3530273438 -6406.3232421875 -2022.1976318359 8821.259765625 -6232.6831054688 9231.779296875 1775.3887939453 -8948.1484375 9540.9130859375 -3746.5988769531 
8135.4541015625 764.74969482422 -2527.5881347656 6283.6943359375 -748.82055664062 -3165.7399902344 -2194.2390136719 8793.748046875 6945.3115234375 3860.9228515625 -5489.7182617188 9110.896484375 4224.3525390625 -231.1912689209 6417.087890625 3543.8557128906 
6413.0854492188 -5662.3735351562 6996.5932617188 -3395.3786621094 -6741.3818359375 -6748.5141601562 954.56329345703 2144.8481445312 -544.60144042969 -8659.580078125 800.55584716797 7788.2958984375 -794.80090332031 -2361.0131835938 3588.1147460938 9962.6962890625 
-1201.5338134766 -7238.7280273438 -1414.7950439453 -9937.8134765625 -7362.2592773438 1634.8854980469 9217.2158203125 7164.7690429688 6965.9521484375 -5620.408203125 9682.25390625 8947.8212890625 -6606.5825195312 7106.8286132812 9314.427734375 4510.2661132812 
9061.8447265625 -4649.6015625 4976.2368164062 -4127.0200195312 -9222.8779296875 -3993.7863769531 4315.0810546875 5292.431640625 -6909.0161132812 4131.75390625 -7090.0439453125 -6112.30859375 -4981.5595703125 -575.77593994141 2674.7492675781 -3211.3234863281 
8365.5947265625 -796.89782714844 -6880.8041992188 2342.9936523438 9332.5712890625 -8893.875 6451.5375976562 322.4052734375 -960.04107666016 -9455.8046875 -3887.6950683594 -414.72937011719 3246.1828613281 7579.8828125 -7672.3427734375 -1625.1019287109 
-2562.658203125 -7730.09375 3758.7309570312 -2024.2900390625 2313.6296386719 9822.681640625 -6582.7407226562 2923.7424316406 -2668.0988769531 2229.2233886719 -6737.6225585938 8716.666015625 7955.5200195312 6641.7783203125 974.06945800781 1712.8604736328 
4730.8359375 336.60757446289 5814.8227539062 -5297.3530273438 -6217.4262695312 898.76104736328 2818.6118164062 5704.9438476562 -3827.6960449219 -7433.4487304688 -214.24000549316 3548.3317871094 -1277.9594726562 -4080.4189453125 -9391.0673828125 8753.8857421875 
-6614.2944335938 -4263.9672851562 9921.55078125 6012.9150390625 -9049.884765625 -8251.9072265625 3607.3688964844 8268.5830078125 6218.5249023438 -2140.8479003906 -6500.3823242188 -6832.478515625 -7021.8872070312 -8769.4091796875 -620.08782958984 3248.001953125 
