10 10
-42.653381347656 28.945167541504 -84.25666809082 32.308361053467 -51.458904266357 -26.986881256104 -36.413837432861 29.480369567871 72.751052856445 40.990516662598 
59.760498046875 19.468259811401 82.791954040527 20.598152160645 -56.795055389404 -86.424407958984 -52.191585540771 16.881772994995 -51.98966217041 -51.306465148926 
-85.389839172363 79.505325317383 -61.248912811279 55.919628143311 -81.959426879883 91.239601135254 92.467834472656 20.458494186401 91.317420959473 -7.7546138763428 
-91.039535522461 -74.836112976074 41.647289276123 84.512725830078 -39.497833251953 -55.615699768066 -58.179027557373 -91.173881530762 -37.757968902588 -62.868473052979 
-25.370727539062 -78.378639221191 -79.113883972168 -92.631149291992 -52.041568756104 66.619956970215 97.165855407715 -49.670375823975 -58.271709442139 66.460113525391 
13.121224403381 -94.030952453613 5.925096988678 -59.011493682861 89.297607421875 -67.453147888184 -6.1008620262146 -8.9826145172119 50.947761535645 83.697792053223 
-56.03702545166 -52.872013092041 49.829875946045 -36.09839630127 -70.42440032959 0.097647793591022 -42.008712768555 99.129989624023 -4.9483771324158 4.7784481048584 
4.8995795249939 -57.163131713867 -20.557832717896 38.345737457275 43.949672698975 -0.35643047094345 22.994283676147 -60.717090606689 4.5477485656738 -43.158924102783 
30.792133331299 65.676742553711 49.043384552002 -74.026809692383 28.109973907471 -78.969612121582 68.918243408203 33.556034088135 62.238067626953 -33.565845489502 
-53.077808380127 39.190505981445 92.888389587402 52.435169219971 -22.994407653809 -21.862464904785 53.430591583252 89.183250427246 -64.209968566895 -50.368927001953 
