16 16
-402.21014404297 971.57073974609 -86.028144836426 -420.57049560547 588.05053710938 913.35119628906 -5.4438490867615 605.78948974609 -288.71716308594 -883.64703369141 291.25622558594 434.93823242188 393.00881958008 703.60791015625 -999.81628417969 471.25201416016 
-567.97125244141 -5.6350069046021 105.15647125244 149.15319824219 -52.499870300293 663.83843994141 625.48583984375 -155.68391418457 -884.08239746094 903.57849121094 303.66223144531 -265.36468505859 721.24041748047 903.87542724609 -884.42755126953 -719.08953857422 
577.42034912109 -291.21270751953 187.56402587891 247.27897644043 564.32836914062 475.72589111328 -258.60678100586 -751.66802978516 -752.35266113281 -520.25158691406 482.18634033203 -249.18437194824 -509.79858398438 717.51483154297 -729.13134765625 -767.13153076172 
-983.83978271484 -109.20767211914 -933.06726074219 -197.59223937988 -433.47222900391 974.22839355469 -899.22619628906 -728.58630371094 -115.34420013428 -200.80055236816 148.09448242188 681.32220458984 613.94769287109 -901.59967041016 360.98489379883 -332.80462646484 
-275.09893798828 418.24447631836 -855.02679443359 463.63973999023 -891.32354736328 510.31149291992 -706.01635742188 669.60125732422 842.58679199219 99.108772277832 821.09399414062 -855.71105957031 -897.39129638672 365.25177001953 842.07183837891 584.31488037109 
-474.77548217773 -601.19866943359 382.29745483398 302.37948608398 -51.073299407959 632.95770263672 -129.18797302246 -710.86248779297 141.42987060547 65.286689758301 -976.90728759766 321.25067138672 548.24871826172 239.41418457031 -175.93486022949 -670.99530029297 
-315.52276611328 -996.06652832031 -711.63067626953 -59.987033843994 -841.72698974609 -572.86859130859 -912.75787353516 569.93591308594 -146.10696411133 97.073669433594 107.30426025391 715.63568115234 305.20562744141 386.0234375 634.65539550781 65.002616882324 
-2.117903470993 -438.99380493164 579.22332763672 -1.698522567749 975.15911865234 177.91525268555 -737.53503417969 901.67761230469 -99.06315612793 277.36450195312 -36.476879119873 -610.07879638672 -647.61212158203 -310.4196472168 729.94342041016 -852.40588378906 
-130.8341217041 139.33856201172 -786.15307617188 581.73553466797 -101.68452453613 220.29777526855 286.69970703125 307.92755126953 -799.51733398438 -233.23677062988 653.22216796875 61.216239929199 997.73107910156 860.96429443359 -996.55242919922 172.36077880859 
-35.591213226318 -803.30053710938 987.26635742188 909.86431884766 375.88888549805 -371.16998291016 -265.11566162109 673.74438476562 950.40423583984 -382.04574584961 246.57725524902 -703.99981689453 -173.14697265625 51.053279876709 -348.01126098633 -22.836042404175 
-431.8078918457 681.94519042969 847.39715576172 693.10919189453 789.19305419922 -94.316612243652 -914.29754638672 -379.78228759766 -106.18363189697 594.26647949219 764.63696289062 119.94908905029 -712.21539306641 442.00103759766 297.08569335938 496.16061401367 
53.776527404785 808.92803955078 201.41146850586 772.26135253906 -930.81433105469 -705.39111328125 86.145797729492 -940.69909667969 -516.33959960938 863.15753173828 396.83666992188 224.26373291016 649.56494140625 -767.47747802734 -950.82763671875 -392.72735595703 
-499.59329223633 -997.31042480469 270.08746337891 330.24429321289 -918.98834228516 -171.42674255371 -347.33270263672 751.86114501953 171.47857666016 -520.68823242188 282.61264038086 576.40295410156 -369.60589599609 -424.60803222656 -452.70233154297 852.91192626953 
172.27998352051 -696.10168457031 591.12390136719 397.43862915039 -709.63708496094 -417.67556762695 -110.75133514404 -651.65344238281 -664.98406982422 -130.17848205566 -852.52697753906 759.07873535156 262.94873046875 524.8154296875 -196.04861450195 822.64782714844 
-320.83682250977 381.05737304688 849.53161621094 -280.59548950195 218.02989196777 -19.130767822266 -213.58377075195 312.96871948242 638.09576416016 214.0122833252 288.16088867188 -710.03491210938 660.37219238281 543.01770019531 -417.52001953125 808.82012939453 
312.23104858398 823.91491699219 -224.12144470215 -5.1185512542725 -106.14746856689 384.33187866211 -920.36285400391 -192.9913482666 -584.77203369141 -893.98828125 -700.30151367188 -938.41510009766 674.04840087891 -934.91284179688 -826.91693115234 731.63220214844 
