16 16
-29.569078445435 15.752014160156 -6.0508060455322 18.086145401001 -21.401069641113 82.216621398926 18.837694168091 28.485202789307 68.550216674805 35.98551940918 51.69361114502 21.438999176025 99.876441955566 -48.841567993164 48.375267028809 67.896118164062 
-18.866125106812 13.29340171814 -65.005577087402 27.367902755737 68.555572509766 -66.382064819336 20.582368850708 -14.652283668518 -72.33861541748 50.930320739746 2.1658582687378 -57.831756591797 44.15128326416 14.811754226685 84.872299194336 -52.983112335205 
-42.906246185303 10.450210571289 29.999431610107 -79.960990905762 -88.802040100098 -66.201362609863 97.180458068848 -83.08470916748 -63.589393615723 23.890716552734 -82.630271911621 10.34153175354 97.843101501465 65.494277954102 87.924385070801 -13.081699371338 
-53.724685668945 89.33952331543 99.216377258301 -14.918378829956 -87.875984191895 30.748327255249 55.030059814453 96.474784851074 98.626594543457 68.592979431152 -64.144737243652 98.489990234375 12.565346717834 6.1804156303406 -13.392732620239 -23.72770690918 
-7.2030906677246 -31.721784591675 17.496255874634 -10.320568084717 -73.034576416016 47.621612548828 42.099594116211 -86.095550537109 -5.3273901939392 -31.390665054321 96.206062316895 95.303199768066 2.0872182846069 66.234771728516 71.545875549316 61.401191711426 
-16.504560470581 -51.367492675781 50.935741424561 -62.989826202393 42.200763702393 29.79238319397 -95.914520263672 92.560394287109 39.42017364502 -86.882530212402 93.756965637207 -6.5078983306885 -63.928203582764 -67.755630493164 -18.428468704224 -18.989700317383 
93.088966369629 35.69605255127 28.293607711792 33.337146759033 19.388376235962 -80.800201416016 -89.08381652832 4.2897434234619 90.997245788574 -74.929016113281 -66.618797302246 45.866146087646 -18.648511886597 -48.430088043213 40.08687210083 86.172737121582 
99.759941101074 43.92138671875 -92.40177154541 35.835411071777 89.348777770996 -59.772525787354 77.402816772461 89.53246307373 82.285346984863 98.136581420898 -96.686141967773 -59.266864776611 86.031562805176 28.464624404907 12.518726348877 80.495475769043 
53.669342041016 -42.86181640625 -94.596481323242 -73.021583557129 -92.644912719727 52.709831237793 10.691571235657 -35.992965698242 -14.438599586487 -75.958839416504 43.555233001709 -72.455337524414 64.16960144043 -85.446136474609 -37.479309082031 -54.84672164917 
45.389015197754 -63.261016845703 -87.505462646484 -32.461711883545 -73.478866577148 85.854873657227 52.708515167236 74.977310180664 -86.106491088867 46.390312194824 -6.8672080039978 -20.037769317627 41.451271057129 -95.01912689209 10.194765090942 55.554504394531 
-85.20304107666 55.329967498779 -98.862030029297 35.314769744873 -47.876876831055 91.013298034668 -65.58226776123 -40.598907470703 27.976230621338 -18.753007888794 10.806888580322 54.810276031494 77.050163269043 68.205528259277 34.830978393555 -18.421276092529 
-92.812683105469 29.263397216797 -5.7780928611755 67.849151611328 -16.848983764648 41.831203460693 76.159164428711 -88.706558227539 85.13207244873 3.4984443187714 80.102821350098 98.714363098145 -75.262664794922 -4.1964731216431 -14.557112693787 25.604349136353 
7.0944595336914 -78.144203186035 -62.657489776611 21.58985710144 84.204803466797 -6.3641667366028 -46.13663482666 -61.0400390625 54.171142578125 -72.281890869141 -61.407062530518 63.437679290771 42.964168548584 43.924709320068 10.044986724854 -57.569725036621 
70.615303039551 -25.142946243286 54.314590454102 -73.264831542969 -2.6037166118622 -60.909660339355 43.360214233398 -7.0592861175537 -63.83570098877 7.18235206604 43.573219299316 -39.009826660156 24.58046913147 51.059967041016 30.539571762085 -55.869049072266 
-12.460034370422 77.420524597168 -55.017749786377 93.454612731934 -9.7497453689575 -22.777708053589 87.521682739258 -24.081518173218 48.82735824585 88.478057861328 83.917457580566 63.106575012207 38.351142883301 74.762107849121 -53.562522888184 -23.499361038208 
-28.110109329224 -31.460113525391 28.844640731812 42.59627532959 76.524322509766 -31.152568817139 3.7646408081055 -99.259941101074 3.4437816143036 -24.004787445068 -74.267677307129 11.491971969604 -14.860558509827 89.295219421387 -66.910766601562 6.3699975013733 
