10 10
-13.750918388367 50.404102325439 -44.884902954102 71.665382385254 -75.493682861328 -90.631904602051 18.26148223877 -98.227722167969 -48.792385101318 77.692741394043 
-79.085655212402 42.461887359619 -63.136241912842 12.339884757996 84.064445495605 69.951286315918 27.494689941406 44.633140563965 37.439105987549 -72.669555664062 
-39.962074279785 82.996536254883 -5.4936804771423 38.851459503174 72.783828735352 91.397239685059 -62.977909088135 -96.471084594727 -85.88304901123 -0.219167932868 
-29.997650146484 82.13737487793 -93.16284942627 -28.979808807373 1.3194568157196 -43.465782165527 -36.232929229736 25.777919769287 -95.772857666016 -20.793622970581 
-69.47925567627 -54.187324523926 7.6027703285217 7.9838862419128 -0.32613757252693 89.927886962891 62.657257080078 7.0882239341736 35.322826385498 -7.5910615921021 
47.917377471924 74.276916503906 69.694915771484 60.255313873291 69.993026733398 9.0347280502319 -48.479747772217 52.50902557373 -68.404495239258 6.4158086776733 
-38.24686050415 -70.010055541992 -20.537658691406 82.133491516113 -59.015850067139 91.690444946289 60.794021606445 -19.481977462769 65.33415222168 51.046276092529 
51.372505187988 -85.47144317627 -40.200584411621 40.765895843506 -38.654968261719 27.612510681152 82.811584472656 69.608612060547 26.390651702881 -31.209892272949 
24.242628097534 60.92081451416 2.8422002792358 -54.598972320557 -0.56337994337082 50.926464080811 -79.441665649414 -37.661128997803 30.158061981201 -19.023979187012 
37.501026153564 -48.731716156006 -73.748474121094 -43.718963623047 -80.871185302734 -95.501457214355 -52.342506408691 -59.060855865479 -81.590660095215 69.319885253906 
