16 16
0.29240697622299 -0.65570002794266 0.71247816085815 0.1378175765276 0.065339371562004 0.23386959731579 0.95535856485367 -0.98600322008133 0.54031944274902 0.92663192749023 0.87925541400909 -0.89744108915329 -0.025249011814594 -0.76723390817642 0.88383853435516 -0.26790881156921 
-0.74491465091705 -0.44131571054459 -0.47031834721565 -0.73201525211334 0.35039055347443 0.85231876373291 0.30102714896202 0.62161684036255 0.17619432508945 -0.43879622220993 -0.36344873905182 -0.5187286734581 -0.58658909797668 0.78880482912064 0.26432511210442 -0.22187648713589 
-0.016824319958687 0.60897088050842 0.46499931812286 -0.540662586689 -0.35879516601562 0.071332484483719 0.22830508649349 0.86789351701736 -0.48044744133949 -0.94669300317764 0.88633280992508 -0.37575909495354 0.69695281982422 0.9576033949852 0.76456809043884 -0.94804614782333 
-0.13886633515358 0.53295928239822 -0.019208380952477 -0.74194741249084 -0.32180398702621 0.66444593667984 -0.64006358385086 -0.41916039586067 -0.020167008042336 0.56714254617691 0.38842537999153 0.85071223974228 -0.24027015268803 -0.43130192160606 0.22014613449574 -0.8704936504364 
-0.47089710831642 -0.032471612095833 0.7431166768074 0.84933185577393 0.83950072526932 0.37883523106575 -0.37868970632553 -0.25991457700729 -0.6844385266304 0.80820691585541 -0.45063009858131 -0.11586853861809 -0.09905531257391 -0.41567274928093 0.96320950984955 0.80071514844894 
0.18177916109562 0.33546331524849 0.66257512569427 -0.79689878225327 -0.70404493808746 -0.7155219912529 0.41498130559921 0.094485096633434 0.84485197067261 -0.17761398851871 0.52128714323044 0.41269692778587 0.44950065016747 0.80157428979874 -0.73870742321014 0.32356044650078 
-0.77647143602371 -0.9724760055542 -0.8996496796608 -0.72764265537262 -0.061048816889524 -0.94116067886353 -0.29207226634026 0.91897618770599 -0.62452244758606 0.041339341551065 0.035787336528301 -0.25015860795975 -0.8489231467247 0.35195618867874 0.020946964621544 0.023355653509498 
0.57044422626495 0.89446949958801 0.0020133163779974 0.15091617405415 -0.47205448150635 -0.32105365395546 0.34085413813591 0.92547124624252 -0.8403645157814 0.42800360918045 -0.54028499126434 -0.26682308316231 -0.875648021698 -0.40579372644424 -0.86639422178268 -0.025900797918439 
-0.68630003929138 0.57931619882584 0.95846599340439 0.91414028406143 -0.81972122192383 -0.25298088788986 0.82343780994415 0.29030328989029 -0.98937839269638 0.37626659870148 -0.72173458337784 -0.14150243997574 -0.33170691132545 0.75804579257965 -0.91963523626328 -0.60334628820419 
-0.81068617105484 0.85496526956558 -0.8623132109642 0.19527761638165 0.95130532979965 -0.47061675786972 0.26372992992401 0.66214752197266 0.71459847688675 0.17765894532204 0.51135313510895 -0.26000806689262 0.20107144117355 0.92822128534317 -0.56922197341919 -0.27988094091415 
0.34117567539215 -0.29768127202988 0.36190405488014 -0.61137539148331 -0.9920574426651 -0.56176817417145 0.69843190908432 -0.82126170396805 -0.091042682528496 -0.25371503829956 -0.27471363544464 0.048872336745262 0.9451921582222 0.67975324392319 0.31363260746002 -0.72844648361206 
0.027186641469598 -0.83097147941589 0.60518759489059 0.71979141235352 0.79239481687546 0.57047766447067 0.65295511484146 0.24403367936611 -0.0904371291399 -0.18613496422768 0.64544320106506 0.80133014917374 -0.1906251758337 0.6289958357811 -0.29500812292099 -0.44210040569305 
0.28846177458763 -0.9930208325386 -0.71294564008713 0.58908319473267 0.70250689983368 -0.62062418460846 0.26441177725792 0.31690913438797 0.84183937311172 -0.12449225783348 -0.17395912110806 -0.87343299388885 0.20686426758766 0.42550137639046 -0.065627723932266 0.10225788503885 
-0.10579720139503 -0.88768196105957 -0.050637003034353 0.93585819005966 0.14075495302677 -0.77604758739471 0.12065762281418 0.6216225028038 0.76252818107605 -0.29865804314613 0.50742435455322 0.75572466850281 0.67449390888214 -0.60861074924469 0.3114278614521 -0.16475716233253 
-0.054156258702278 0.80015832185745 0.24980726838112 -0.8142152428627 -0.19339971244335 -0.4713080227375 -0.53630971908569 -0.66322267055511 0.42149740457535 -0.51841986179352 0.63433188199997 -0.7800133228302 0.31479570269585 0.90133678913116 0.31127893924713 0.41722795367241 
-0.7392355799675 -0.54142624139786 -0.38493618369102 0.059486865997314 -0.34183314442635 0.68338453769684 -0.49178111553192 -0.5836706161499 0.90894424915314 0.20170302689075 -0.030421329662204 -0.14512172341347 -0.6279371380806 0.28222441673279 -0.97644799947739 -0.6913036108017 
