10 10
4.7998428344727 9.1095771789551 6.0725660324097 3.0607349872589 -1.2831313610077 -0.78591698408127 0.30893805623055 6.1899619102478 1.7799602746964 6.5096364021301 
2.2735397815704 7.2999873161316 -7.7965416908264 6.5931558609009 3.8532702922821 -4.5420684814453 -6.9786949157715 1.1528418064117 -3.1182913780212 9.4151306152344 
6.8646893501282 9.0083179473877 -3.6637756824493 4.9803519248962 8.103346824646 -4.4952569007874 -8.2629985809326 5.8356161117554 4.3678798675537 6.6145539283752 
-2.0501780509949 -1.4601596593857 -0.52168995141983 3.0051243305206 -7.6481084823608 -4.6769232749939 -8.19873046875 1.8898772001266 2.4644660949707 -2.9903481006622 
-9.4782667160034 2.3921747207642 8.8631381988525 8.443395614624 -4.833535194397 -8.6355543136597 -6.2462978363037 -0.60524570941925 -5.5959048271179 5.9977188110352 
-4.3900413513184 -8.010178565979 -2.0560448169708 6.2098364830017 -0.16268940269947 2.6009085178375 4.8682870864868 7.5950140953064 3.0554361343384 -9.3310213088989 
4.84108543396 7.2821912765503 -2.7015645503998 5.4105219841003 -7.3938403129578 -3.3523972034454 6.8827052116394 6.5092182159424 5.242645740509 -7.8078942298889 
0.10769893229008 -1.4572550058365 2.9850344657898 -8.9963140487671 -7.3459787368774 -3.6742660999298 9.6796760559082 3.7301306724548 3.9947457313538 5.9314522743225 
9.6027946472168 -4.5734310150146 9.0682468414307 -7.5193076133728 -8.219765663147 4.6699104309082 8.9029474258423 -8.702691078186 1.2835130691528 -6.6187648773193 
4.2937526702881 3.5470268726349 5.8949975967407 -3.7043628692627 -6.6882925033569 -6.4709877967834 7.4047775268555 4.7023038864136 -9.1801738739014 -4.1996541023254 
