16 16
-0.54524630308151 -0.21077091991901 0.56344771385193 -0.21183466911316 -0.37292137742043 -0.53062760829926 0.96797555685043 0.67951589822769 -0.46712359786034 -0.22726795077324 0.80413687229156 0.78120064735413 -0.40590474009514 -0.6838276386261 -0.95169687271118 0.16698753833771 
0.27516984939575 -0.098576255142689 -0.94348657131195 -0.36905416846275 0.91224044561386 0.90315991640091 -0.25597614049911 0.042888909578323 0.13589353859425 -0.36855089664459 0.49346941709518 -0.27890944480896 -0.41244772076607 -0.10310845822096 0.85458111763 0.42831155657768 
0.9896964430809 -0.28161954879761 0.93743109703064 -0.74233347177505 -0.85467499494553 -0.62992906570435 -0.25670972466469 -0.41762155294418 0.1635439991951 -0.3938450217247 0.48668637871742 -0.76909846067429 -0.94707489013672 -0.64689713716507 0.85212504863739 0.25120997428894 
-0.41798478364944 -0.45957854390144 0.13146641850471 0.15134154260159 0.45939442515373 -0.60133856534958 -0.98451668024063 -0.76013815402985 0.45278370380402 0.057381227612495 -0.45127874612808 -0.15441030263901 0.98666137456894 -0.057608596980572 -0.51272946596146 -0.6670697927475 
0.80906945466995 -0.29410815238953 0.2009963542223 -0.044008418917656 0.46201732754707 -0.61744928359985 -0.1233691200614 0.78058433532715 0.84830284118652 -0.37681123614311 0.42908656597137 0.025390056893229 0.41581988334656 -0.96090263128281 -0.21772317588329 0.30162933468819 
0.41478431224823 0.096485555171967 -0.0052500842139125 -0.71186232566833 0.29656407237053 0.54792803525925 0.76564782857895 -0.085880823433399 -0.87469989061356 -0.1354436725378 0.68708431720734 -0.88768994808197 0.15305487811565 -0.84787601232529 0.099306762218475 -0.23185466229916 
-0.65681141614914 -0.70330852270126 -0.44817507266998 0.90133756399155 0.77793514728546 -0.82948225736618 0.45910602807999 0.38121950626373 -0.21219582855701 0.50030171871185 -0.83845657110214 0.13350166380405 0.92583948373795 -0.88023084402084 0.7936891913414 0.33747977018356 
0.8063873052597 -0.099227696657181 0.74171924591064 0.25165876746178 0.026564596220851 0.27248919010162 -0.48706790804863 -0.5681072473526 -0.75279676914215 0.33235129714012 0.97501409053802 0.82162952423096 0.93021988868713 0.022242313250899 0.18843606114388 -0.67566430568695 
0.52034938335419 -0.14423191547394 0.47783321142197 0.60713654756546 -0.37905609607697 -0.38265293836594 -0.58425033092499 0.6524863243103 -0.94290846586227 0.13759584724903 0.84429031610489 0.82495486736298 -0.10577378422022 0.54386097192764 0.16437435150146 0.53758561611176 
0.0025129872374237 -0.96998471021652 0.52625328302383 -0.36705231666565 -0.3303194642067 0.55241042375565 -0.27324512600899 0.59133493900299 -0.54952996969223 -0.723881483078 -0.085163377225399 -0.52998000383377 0.27525901794434 -0.38456529378891 0.61607331037521 -0.77774941921234 
-0.48142176866531 -0.46237224340439 0.41529619693756 0.056985311210155 -0.91025441884995 0.32237216830254 0.56947976350784 0.45457044243813 0.84370642900467 -0.51270163059235 -0.56998574733734 0.43586575984955 -0.57348918914795 -0.29026246070862 0.67529809474945 -0.5008220076561 
-0.72651714086533 -0.93082004785538 -0.65224415063858 -0.3197728395462 -0.84660851955414 -0.15892712771893 -0.29412469267845 0.82801336050034 -0.77590548992157 0.40504479408264 -0.65149831771851 -0.60779684782028 -0.99434852600098 -0.67402029037476 -0.54723560810089 -0.91506946086884 
0.39044070243835 -0.022185387089849 0.68834191560745 0.58784162998199 0.29549726843834 -0.92234581708908 0.94531643390656 0.82004022598267 0.66414868831635 -0.80462330579758 -0.31010696291924 -0.27980771660805 -0.04762427508831 0.34474262595177 0.7321737408638 0.69529789686203 
-0.37360233068466 0.097302511334419 -0.56627804040909 -0.53769373893738 -0.82960534095764 0.8522133231163 -0.52831447124481 -0.63330537080765 -0.280847042799 -0.56261986494064 0.98842930793762 -0.11281288415194 0.28125077486038 0.036157082766294 -0.44475990533829 -0.09625468403101 
0.58334070444107 0.23336860537529 0.75416874885559 -0.37711536884308 0.24674564599991 0.049999836832285 -0.83602118492126 0.14882290363312 0.26125776767731 -0.99821364879608 -0.70905005931854 -0.30144160985947 0.24702300131321 -0.79335522651672 -0.94261771440506 0.99754309654236 
-0.73875492811203 -0.46910771727562 0.4114745259285 -0.021902227774262 -0.77998286485672 -0.42679440975189 0.85194933414459 0.018342830240726 -0.0031576452311128 0.72765004634857 -0.045346137136221 -0.63554573059082 0.70178073644638 0.75779205560684 0.93960523605347 -0.18955397605896 
