10 10
9.4909172058105 -4.215142250061 -9.3520078659058 -4.3100113868713 0.8034588098526 5.1782035827637 -2.5968368053436 -4.9420623779297 -8.2394256591797 -8.8037233352661 
3.234977722168 -0.1484000235796 5.3418154716492 6.8388752937317 5.8712282180786 8.057014465332 2.4590966701508 2.2593457698822 -8.4830045700073 -8.9652996063232 
8.8643245697021 2.2127804756165 -2.4473814964294 -3.5914633274078 3.8039500713348 -3.6729826927185 -2.5911335945129 6.5775246620178 5.2121033668518 9.0891275405884 
-4.9510397911072 -1.1387932300568 -1.4267436265945 2.0418264865875 4.8925590515137 6.2540507316589 -3.537282705307 2.727991104126 7.3017339706421 9.3279829025269 
-5.5198283195496 -4.28706407547 0.44403332471848 6.6699800491333 -1.7324658632278 -4.3059730529785 6.0115170478821 7.8241581916809 0.21757636964321 -4.7573575973511 
-0.076276995241642 9.5638046264648 -8.0694198608398 -5.6114182472229 -2.8351128101349 -8.7701959609985 -2.0578422546387 -4.1458044052124 6.8111233711243 8.7002725601196 
8.6093826293945 4.9213643074036 4.308744430542 -5.1865453720093 3.6847088336945 1.2222200632095 -0.55934208631516 3.6530475616455 -1.6586459875107 1.1542049646378 
4.2746291160583 7.9320921897888 -7.7096753120422 -5.3157682418823 4.4273290634155 -7.1279015541077 5.9067220687866 3.3001718521118 2.0459094047546 2.6040532588959 
2.6025450229645 1.2069079875946 8.4349422454834 4.9957466125488 3.3882551193237 -9.8695087432861 -9.5615367889404 2.1532664299011 -2.2283365726471 -2.1603875160217 
-3.7105741500854 -8.6098947525024 -7.8258056640625 -2.0291359424591 5.7368097305298 -0.27439859509468 -2.8428866863251 -7.6865816116333 -6.0329461097717 -5.8973984718323 
