10 10
-3.6216752529144 -9.1841487884521 -4.517343044281 -2.9051065444946 -6.4048480987549 -0.10838444530964 3.4882218837738 -1.7782424688339 2.889413356781 -8.7624387741089 
4.1241207122803 9.0990533828735 -2.9917056560516 -6.2779030799866 -9.7961082458496 2.4775381088257 6.6291465759277 -1.5537275075912 -4.6013693809509 7.8981642723083 
-6.4445352554321 4.5199084281921 4.5590009689331 1.1113238334656 -8.2579650878906 1.240118265152 -1.4395201206207 -0.4757072031498 0.96783518791199 7.283727645874 
-7.0466485023499 -6.3286018371582 9.5137777328491 -9.9984264373779 -6.5777077674866 2.545117855072 -4.8376350402832 -6.2223563194275 3.244752407074 4.0870280265808 
-7.166675567627 -1.7172882556915 4.2264833450317 -6.1646780967712 8.989767074585 2.5382785797119 -1.9279400110245 -8.5321445465088 -7.3409910202026 -4.5127882957458 
2.4039783477783 3.2885706424713 -4.0797209739685 -1.9407156705856 3.7093794345856 -8.5331907272339 1.7522733211517 3.2698791027069 7.4246392250061 -1.9580075740814 
-7.8558168411255 -6.031653881073 9.3528690338135 -4.2967143058777 5.7900490760803 0.8595398068428 -3.574747800827 0.50294762849808 -0.44550877809525 8.0149087905884 
-8.5989475250244 -7.7360587120056 4.4105134010315 -7.0268287658691 4.2945575714111 -7.1834487915039 -1.1471184492111 5.0461711883545 -0.034176934510469 3.5642585754395 
-3.6302883625031 -8.8862209320068 9.1739778518677 2.292355298996 -8.1586227416992 -6.8705859184265 -0.8988424539566 6.7066822052002 9.3149213790894 -9.1196012496948 
3.7265224456787 -5.2432832717896 -4.5389957427979 4.2616400718689 -4.2108063697815 9.0053310394287 -9.7490434646606 -1.1544313430786 7.8466501235962 -2.8316826820374 
