16 16
3279.767578125 -9810.66015625 -334.83248901367 -3819.3369140625 9653.3388671875 -166.16773986816 -883.16070556641 -8223.630859375 9493.994140625 -4281.4672851562 5450.2890625 2609.1479492188 -364.88629150391 -1488.3557128906 2166.447265625 -5627.423828125 
1822.9271240234 8414.1708984375 1104.9462890625 -8464.5615234375 -3172.8410644531 6084.2290039062 3604.0480957031 1058.1650390625 -1771.7122802734 9045.1689453125 4639.4311523438 8989.689453125 3412.1328125 2834.3073730469 -8455.7890625 -2303.6638183594 
5335.0673828125 -5999.8344726562 7552.8149414062 7347.2080078125 21.18430519104 6957.2622070312 7247.4228515625 7305.2021484375 -4296.63671875 -5218.201171875 -9010.6611328125 -4722.2612304688 -6423.271484375 1583.4373779297 2405.3977050781 8996.15625 
-1578.2932128906 7658.9926757812 5117.244140625 -3099.9333496094 -4915.0283203125 7194.3017578125 8222.431640625 -4649.2412109375 907.44964599609 -9025.150390625 1711.6064453125 5542.6962890625 -161.45837402344 -3915.88671875 6272.5888671875 -4730.390625 
5990.6142578125 -4943.9091796875 2863.3776855469 -6121.9575195312 -9162.857421875 -9176.955078125 5737.5561523438 -6863.61328125 7376.4604492188 -5332.7075195312 -2268.0246582031 5600.4106445312 2808.7490234375 -275.05422973633 -6830.6318359375 1467.5219726562 
-5437.8818359375 6252.2026367188 -3245.4558105469 -3900.8103027344 6164.87890625 -889.25982666016 -7936.671875 5476.8920898438 -6768.6884765625 3223.3278808594 -9648.7412109375 -6775.7690429688 209.4398651123 3258.7583007812 -3920.6137695312 180.68441772461 
-8636.20703125 1323.0108642578 3947.4387207031 -6902.3452148438 4507.9184570312 3548.7199707031 6465.8056640625 2590.12109375 1858.5678710938 -3095.2314453125 -8466.9404296875 -4089.9111328125 -1038.3022460938 -2511.3701171875 -5685.97265625 4990.2260742188 
2888.0834960938 -9532.6494140625 7142.3725585938 1667.2854003906 772.80725097656 6252.2724609375 -4976.7861328125 -6544.7978515625 7218.2436523438 -3710.6962890625 8671.5556640625 6381.736328125 611.96429443359 574.74291992188 -7163.173828125 3593.1320800781 
4875.6088867188 -812.29461669922 4507.0869140625 -7398.9604492188 7047.2045898438 -5404.40625 -1521.0561523438 -7631.1723632812 7199.07421875 -8219.2763671875 2684.9929199219 -4497.0122070312 -257.97924804688 3422.3493652344 -2237.9743652344 4640.9877929688 
-6647.7504882812 9770.2080078125 8484.2275390625 -9497.939453125 -2193.9289550781 -8913.9423828125 2921.302734375 7228.8916015625 -2748.05078125 -2833.6066894531 -1109.5478515625 1611.2109375 -9816.0595703125 -7296.2797851562 8946.23828125 -2920.6909179688 
5409.283203125 -33.872283935547 -4806.2138671875 4131.6254882812 -6249.9013671875 2181.8654785156 -2121.3562011719 1348.0778808594 4016.6330566406 1921.6701660156 -9178.69921875 5133.0361328125 -9626.1708984375 1613.4481201172 8178.0625 5097.7216796875 
7929.4326171875 -7141.6606445312 -7460.3330078125 -1116.8656005859 3883.3046875 4280.310546875 -1359.8021240234 -5511.4331054688 -3172.4890136719 -2989.41015625 -928.28729248047 -3824.6977539062 8888.4150390625 5496.5327148438 9762.8486328125 -8151.1220703125 
-3771.9948730469 7538.9931640625 -4923.1958007812 3953.84765625 7892.62109375 -814.59649658203 8703.1826171875 4071.7497558594 4979.5224609375 3610.7731933594 -2011.9537353516 -9540.416015625 4936.087890625 -6178.54296875 944.42620849609 3549.0598144531 
8249.1376953125 -6003.1928710938 8835.4326171875 7306.970703125 -8469.0673828125 2103.1689453125 9279.2353515625 -3987.6184082031 6722.158203125 -4040.390625 345.09451293945 8117.9853515625 -8302.5654296875 -7693.416015625 -1302.0047607422 -1255.5433349609 
-5240.9541015625 5593.685546875 -9834.7607421875 -6983.0864257812 -2391.2551269531 5121.97265625 -9667.8486328125 -9248.494140625 -8678.2802734375 -1272.6788330078 -2909.7277832031 -8837.935546875 -4408.7861328125 -3332.9270019531 7455.3784179688 6877.4482421875 
7095.3803710938 -9638.6787109375 -9085.47265625 -865.36761474609 -9430.826171875 -461.12384033203 6394.53515625 1285.7587890625 6176.3154296875 9328.6064453125 -4415.205078125 -7210.6225585938 -6723.3764648438 -9349.8134765625 -4607.0512695312 4469.9399414062 
