10 10
-4.0542607307434 7.6239924430847 4.2701783180237 5.2669539451599 5.8984003067017 5.0002307891846 1.2488454580307 9.1041555404663 -1.2230770587921 0.44513028860092 
-2.3895726203918 6.9529404640198 7.8895182609558 -5.6284313201904 0.10622555762529 -9.2282915115356 -8.5923080444336 1.1842414140701 -9.7667055130005 -1.6816517114639 
2.323091506958 6.2652645111084 -5.2249155044556 -1.28317964077 -6.7463502883911 5.0450839996338 1.9171915054321 4.0312795639038 8.3601560592651 8.2925634384155 
8.5773773193359 -0.74850481748581 -4.3626246452332 1.5805202722549 -6.3657717704773 8.4731731414795 4.7840557098389 3.7128736972809 0.067129068076611 6.2721228599548 
6.6990494728088 6.250096321106 0.089015260338783 -8.2103452682495 -9.2917051315308 -8.948525428772 9.8558082580566 -4.5454807281494 -8.1673164367676 -1.9500170946121 
2.6461751461029 8.026162147522 -2.1206150054932 9.1980285644531 -0.48142072558403 -5.0747184753418 8.7329454421997 8.7723846435547 -5.7694730758667 5.0467510223389 
-8.7174711227417 1.0743070840836 2.5681121349335 6.4816012382507 3.6728558540344 -9.6363315582275 -0.50934022665024 -8.417631149292 -3.2910497188568 -0.17627413570881 
-7.3373055458069 6.9143948554993 -8.3246774673462 -7.6929697990417 -3.2092354297638 0.67015016078949 -4.5015897750854 -2.7687537670135 3.7962944507599 -1.3537751436234 
4.3758840560913 8.0900201797485 0.34595039486885 -2.2404887676239 -6.7753014564514 2.10720038414 -1.8845174312592 -5.3696327209473 -8.5527105331421 9.1023502349854 
-2.1628024578094 -1.5840443372726 9.2938985824585 6.5430488586426 1.9917404651642 8.6061668395996 -7.9490575790405 -1.2106181383133 -6.1741418838501 4.3219304084778 
