10 10
1.9231663942337 -1.1457148790359 0.82034879922867 0.3457250893116 0.013686276972294 -0.5352236032486 -0.51001822948456 -0.14512407779694 0.85278630256653 -0.34149146080017 
-0.057464428246021 -0.74506735801697 1.867476940155 0.43043097853661 0.29953575134277 0.099050603806973 1.5790820121765 -2.3355369567871 -0.8077255487442 -0.067281156778336 
-0.79084002971649 1.1910483837128 -0.25966867804527 -0.29354721307755 -0.95531570911407 -0.71544295549393 -0.70948940515518 0.10799717903137 0.291897803545 -0.0085528641939163 
1.4789283275604 -1.25610435009 0.6567890048027 -0.80114388465881 -0.23980817198753 0.53240931034088 -0.82636952400208 0.97624880075455 0.6065788269043 -0.26843339204788 
0.20107616484165 0.22309958934784 -0.49425289034843 1.0750199556351 1.0196554660797 -0.61567467451096 0.45774945616722 -0.54760885238647 -0.10050889849663 0.58285439014435 
0.38541516661644 -0.82733964920044 0.606385409832 -1.284893989563 0.28058236837387 -0.0084110423922539 -0.29254245758057 1.0597910881042 0.019791424274445 -0.84732300043106 
0.1155599579215 0.77363741397858 1.5723495483398 -0.68388640880585 0.29114031791687 1.700595498085 -0.98418134450912 -1.3463025093079 -0.29738736152649 -0.77029359340668 
1.1856833696365 0.99215888977051 0.7090055346489 0.47954800724983 -0.14347518980503 -2.2454807758331 0.55488264560699 -0.53970921039581 -0.5954647064209 -0.30722659826279 
-0.52542024850845 2.2459576129913 -0.74484676122665 -0.034538522362709 -1.151651263237 0.57220238447189 -1.3090879917145 0.88371622562408 0.10200092196465 -0.34101247787476 
-0.95371842384338 -1.3531119823456 0.2287811934948 0.11627341061831 -0.076498925685883 -0.54704427719116 -0.73050355911255 -0.51243615150452 2.7919573783875 0.33009967207909 
