10 10
80.520477294922 -23.168186187744 -37.880714416504 49.097064971924 -2.492582321167 -5.0467557907104 121.77000427246 22.816162109375 -54.445190429688 -3.9229950904846 
69.027122497559 -124.53845214844 68.383697509766 -113.88583374023 -78.309173583984 -122.03255462646 18.835851669312 139.97406005859 106.20829772949 192.01162719727 
174.27445983887 130.71981811523 51.212688446045 -21.53338432312 -55.125469207764 36.700492858887 24.894386291504 -15.226071357727 -35.224807739258 -9.4938926696777 
113.89054107666 -151.65783691406 58.168426513672 -205.04573059082 -106.79588317871 35.808258056641 -133.26954650879 18.466114044189 -8.0415534973145 163.65840148926 
-154.4885559082 33.617225646973 -33.71898651123 -130.5613861084 -60.972003936768 -67.467109680176 -151.84271240234 -66.133811950684 74.18187713623 94.267242431641 
100.88405609131 -105.39912414551 97.407783508301 -151.86528015137 -203.14593505859 80.486221313477 -45.361392974854 74.800521850586 -84.954887390137 117.20273590088 
39.420143127441 294.65057373047 239.54089355469 71.68586730957 -16.592315673828 47.759395599365 36.070785522461 24.063146591187 35.402072906494 -158.0132598877 
-234.61801147461 39.969837188721 101.13148498535 87.128372192383 100.76950073242 73.396865844727 -26.953479766846 -36.250373840332 29.008377075195 -72.185096740723 
74.72013092041 -152.70808410645 -32.641746520996 -93.23600769043 -114.88330078125 1.7217559814453 -50.608150482178 178.17211914062 -15.446544647217 137.34246826172 
10.397838592529 88.043685913086 168.66148376465 68.286270141602 -234.22230529785 58.083549499512 72.968696594238 136.12649536133 -33.816108703613 -50.201179504395 
