10 10
-0.61190140247345 0.68877124786377 -0.15976212918758 0.43369477987289 -0.58455491065979 -0.17347323894501 1.6545963287354 0.79678982496262 0.3561165034771 0.93495386838913 
0.25477692484856 1.4673994779587 1.5646755695343 -1.1837890148163 0.24631115794182 1.1746717691422 -0.26853850483894 -1.3106931447983 1.7057414054871 -0.77074563503265 
0.43884086608887 -1.1339050531387 -0.96843618154526 -0.89087009429932 -0.90567088127136 0.059224054217339 0.60153502225876 -0.62112104892731 -0.51491928100586 0.22989827394485 
-0.23215219378471 -0.014485031366348 0.75664174556732 -0.42412561178207 0.60227298736572 -0.29235106706619 -0.90652507543564 1.3226298093796 -1.3003221750259 0.474718272686 
1.2889506816864 0.41639557480812 -0.29356378316879 -0.34270566701889 -0.45992973446846 1.0825567245483 0.32992976903915 2.743950843811 1.1797684431076 -1.2299107313156 
-0.59307277202606 -0.046206265687943 0.58348417282104 0.095107764005661 0.70139372348785 -1.6419680118561 -1.3140532970428 1.3826670646667 -0.7828723192215 -0.63836467266083 
-0.79977303743362 -0.11140978336334 1.1948919296265 -0.66768014431 0.32652759552002 0.9035975933075 -0.60227334499359 -1.8778274059296 -0.80774492025375 0.76975619792938 
-1.5441925525665 1.8818383216858 -0.23489826917648 1.303187251091 -0.65223479270935 -1.7318543195724 0.96933925151825 1.5400606393814 0.86357372999191 -0.53493356704712 
-0.28772869706154 -0.91324388980865 0.23190951347351 -0.40587297081947 -1.0062676668167 0.6053923368454 -0.16533249616623 -2.7727205753326 -0.6266673207283 2.0714614391327 
-0.41126334667206 0.11538107693195 -0.0064965188503265 -1.4250206947327 -1.0437874794006 0.62696123123169 1.3412308692932 0.12107586860657 0.5256290435791 -0.81008464097977 
