64 64
-256475440 134571408 -241378528 -40042644 521701088 143739760 9211496 24663544 -222771040 -397933696 25018172 359664800 -105363544 8055019 -145538464 -93949496 186860320 247545616 362819136 169890624 -88872560 79898888 -396468384 789361344 -245826352 -159652576 149451168 60906480 114279888 372559296 -13507384 110664160 266478256 325325216 -234126800 -62972196 516593920 180197120 -124910496 546178880 -51934760 -2388198 221035968 -122614728 312069760 229038784 -262215152 101708096 -304321120 242013536 -660538240 -591715904 455760000 9408556 248368992 161200560 112423392 -53886312 -126611496 246186048 -14500344 204712288 -69730120 -98455944 
-186569312 69873592 -162734512 -59938416 164466496 -117720528 -100782504 168213184 -167841184 153572320 -83146768 -107199752 -361667200 274501600 -154842416 -283021024 -21172060 -641148224 33984112 -512764544 213401856 -96220640 268831360 -78251816 302405088 359401856 -32386416 -53557944 182337040 252153712 202382048 -575299072 -422690400 -204928992 -213528224 -183055136 -244707744 -340860160 215711680 -171952544 -287349152 104577392 -85033680 -137576160 28941856 -20086776 311065376 162107456 -302108672 -133283040 342315200 98930592 -381019936 41857932 -181133664 -123276192 173291152 -18301992 74142304 168394816 361957312 95042984 325895936 -58360344 
-106719704 105259920 -98036568 -44152712 41901352 97193280 306589536 -98316752 -216635968 -410727744 397689664 431372576 -176135424 458996896 171445680 9467006 15032857 80559568 -698508864 383899904 -250807968 -85664152 329685568 -74030112 -340159424 -121074464 138874272 -244357136 -196239312 -203014880 185037888 260428208 270108000 -104570616 233923712 -462872160 -371745984 8092950 -363661728 -348091968 -313158880 53529956 -116652824 24932896 262849840 -108760760 126520024 -729876352 -214117952 147218656 -90343888 43704284 -398370144 -298138336 246359904 274573920 -111975360 -220024256 141425856 -228858512 523985344 265104384 -45318272 -129904176 
331987840 -434204960 296488768 264060288 312165408 15343040 176363392 -258220368 -42730456 -15773618 -119694544 -539419200 28681386 8532492 571561344 -169457664 -472385024 173591872 -74922096 53947056 -79571152 12380796 -263776448 11879710 -284735040 339000000 -40020400 196041456 -230547264 -310292480 -149042400 -266917952 -392024384 -83474232 -95547992 -139728240 74993808 192051472 586553984 -27913680 92742088 85228656 -338530656 -20172300 63914576 478732672 -149295552 363324160 179576016 -104458368 -432554048 388273344 213247184 -114087008 -412779456 -42286056 238655680 118985320 199905104 -14615448 -130213296 -252340992 113727848 299521696 
-293211424 148199408 -295383200 148760128 -238982128 131068032 259737600 8091816 -56511180 -155831136 509734592 188361248 -288129824 191830624 -564562048 486962528 42358960 361583488 226349808 164096960 -537464576 -58270308 7594876 265435504 -204877152 -550940288 223101680 -211234608 -47098904 -410809984 264863776 -27035696 507604192 -236313088 -28610720 210481328 252520576 -127203880 -116949696 -375020864 310794688 107461648 297002784 -266006688 -248939136 -175473120 11331077 -401205600 3544729.5 -284853376 502675328 99401872 170485952 154310944 142659024 219872304 -216805104 -262935440 -145976352 94605168 48765176 -73085792 137959712 -93579600 
-652870208 69458304 -281356992 211845360 -252570800 -46558560 -312102912 236284064 148278448 93666448 229820416 248721296 -162407184 -298121280 -158504672 313649984 -34976672 -63310072 266780352 -193717584 130733776 329235008 -401012544 -303496192 205513792 -8347716 -222341616 16970874 66138048 -527348768 -396382848 -107235824 8238801.5 104362784 -279422176 -195371072 155897184 41522392 115197904 155680032 209692928 -334738176 331048320 -117008608 5318620 -130824584 -162249152 -111761232 46869656 259757712 389487680 15844860 -455416512 604437824 115997296 108775376 367924512 329210368 145237056 152490288 -114360008 -228027616 -115605936 -229107888 
165553536 -188071072 43408260 -383324128 232578592 -254728464 17535004 300755296 -234214112 175858176 238499744 -230532720 -416054816 1843306 -88298032 12006672 -480586112 37714360 -70958368 -156372288 -16016376 40311984 235209424 -415379808 -90665360 495285344 67389504 372583840 -554771200 -180878304 147508000 -156515440 -293362784 -177333632 -39308628 207496096 950680 366335104 97257784 2512376 49945256 36439036 340089248 -209018512 191662048 576002880 159490416 274441856 -30868542 -10543394 109452640 262505072 -236308864 -395229696 153509920 -59453660 -118245296 78431352 13057356 186834160 90025200 -102197136 517745280 120942712 
-54363896 85486552 314955424 47289812 683656640 246542352 -553464896 -129499720 124812416 140100544 -213609632 -72991368 37701192 395604992 59159584 406041120 389059616 337077984 334451072 505617472 -366696320 10886341 170113344 80909272 -378004640 218536048 -462625856 -109404448 -360121184 864544128 440510368 -42786888 -105042648 -84111312 79149984 130373816 655417792 -58629776 20594572 58368692 -227741840 366974784 245548224 -120813832 370823456 570915904 23868290 40181828 196888256 -527101056 280901408 -638330624 398830720 -50388872 -51477308 -18018888 163629664 -395341344 167233072 -216691056 -265036752 -69184400 -75449448 -197820064 
-109417184 216161696 -132294952 384204128 169853632 -331963104 69090880 -188310864 333149184 -86972280 -429795488 168044400 -62744640 318153920 -156562096 -411190656 218371120 232059936 83359176 232813584 87669632 -159471776 -431314912 23057668 -144498208 -341858816 -42830040 -360700512 532958048 161500944 276694368 -168048784 -298895552 255386288 9700028 224489360 709564736 19161644 -188266784 -356086528 -381634240 -78066000 -184751552 382916608 28273948 -469095872 318714432 -299340192 -157986064 -121131128 -248884176 142171552 -196672368 186150336 295997632 370946304 592278848 -6683268 30897692 -402780320 250165312 305222144 -393569760 -57006700 
516963808 453995424 169104640 -164297872 -403107840 8159110 292406048 436183296 -348414144 -181580832 -514548640 -158005904 -171391536 440874304 -319802784 -353986464 154421520 315114528 9382291 -381846688 5218504 20325264 -60502756 99283440 208951792 186574944 125232496 32121716 -95970432 62967176 -128028256 106973672 -188603456 -338161824 -195925552 -22738056 -163654016 -763600128 -284303616 -12040592 -182567936 17484750 -453093920 351364128 576224320 -174837216 100713688 32232476 156038272 121710960 -191864976 64844544 -40342644 228052288 -185075040 21446084 -313849408 51708952 465283072 -431417888 98786304 257612512 40978128 -225743600 
391897088 -454280672 -78736456 129809856 450378464 -168371536 18037600 -217935328 247626800 287307424 -403184736 -114594560 -289638688 -32155528 14258912 -200623728 235075840 -12358648 221441376 -45004100 532387424 -31650952 8184860 -78207792 126150288 316026336 239364896 288266048 74759376 -25870400 10565022 -193029104 -622913344 -160307136 -212699408 -187267936 -5955832 -184420832 -94347760 413227040 291150304 267317232 -612316480 -129898680 -508264128 -329328192 -34617820 109739904 133872856 173487568 -626445056 449009504 1888245.5 -392567648 -79899664 -371758656 361347168 -188037632 -7977009 -52314040 53232672 -83755064 -91503320 -112747288 
-221595936 21380156 -35614968 -19638996 162342704 241007488 -194060256 -249021888 -326360736 86208648 409134368 229108080 -642312448 205524800 -396094176 117976000 -133735456 -258816016 369737568 -349310976 109086400 317322240 -107123504 -247418160 19568038 183884000 -88280896 -239941392 390258048 -574179584 -536968576 -638489856 -89793008 260150720 -176539024 -214222320 -323162528 42584816 323975264 -416156992 -51828488 -340622688 -309975168 -317562656 -69684336 282875744 -32141966 128991920 -269548640 183841184 -231151216 57602716 230809472 283398944 215499184 -124689216 -62451892 -11223304 42670012 -76976952 -440178304 -249256496 -279342528 162807200 
102892240 141422304 -107565840 -174314064 -251534208 -13014997 -244430944 76836736 25605556 460725280 291596576 371360320 -112941152 -123251232 -623044800 -31365932 155548800 -656461888 -346925568 -229423968 -565715968 -34276472 -470258208 -87458128 -159312256 -408538656 157796128 -185985552 -69296104 -41120804 319475776 -34448876 -226058640 88384288 228621648 -152876704 59481792 -32985396 137195856 -429845728 -220685824 -104275800 -63660748 288252544 3972704 -223319984 11948136 -341417312 -182532096 51559068 187772448 -749758976 138297808 135054560 212233040 523617568 146241296 -42133632 -320195232 174083472 -84820528 492934176 -213173120 -180696864 
-292259232 -138215968 -149321216 210923712 95793128 -86600056 -407287104 76977776 377184768 -3672996 -43546428 -62744084 -25048154 -19277876 -116117504 496207264 423109728 457381280 -322826432 -414815744 -74375080 64187892 -48867904 -419745792 15032867 16706964 -321586688 -250215360 -345804704 310964352 148779616 90341584 -47759016 23644394 286919392 168942448 -97588064 8210830 279615104 -101404608 -303975104 253784752 81471360 234176256 231474240 290441792 104364128 -93492368 -383025632 95796864 311239712 482188000 14408954 243824592 160428720 -204193952 168658144 -9936308 150208512 -86076256 296293824 213380944 224555920 641201920 
330500928 8611006 418629248 87055808 374795392 -380347040 -98155152 -755065216 373331264 407608544 19892222 -86417376 187145088 -209683136 538843008 53105456 -268233168 -21620408 90041656 -4843494 -158428624 1108731648 204724064 262630304 69923632 -217407776 34644500 -391949568 405142912 -312972992 299527616 -110040120 -448118656 521487328 58469344 -139838160 132971272 -150849328 -350829376 143847808 -473065184 35784608 -156947472 96227928 -300132032 98618056 178792816 -300516448 228231872 25363776 -232331120 -475321312 426007264 -360766528 49981464 228898560 -204930304 -182091280 81024792 -27063132 -208473472 281367936 260791520 -111160560 
-203375904 -270117248 51966740 -502199136 -401599264 -267508720 -91820256 -108817008 232482176 -157425312 -777343680 136298640 372218752 -575100032 456884352 -305269024 136048288 -345275584 -312595104 -134140928 -82485904 -224100496 85897600 454372896 697913472 -150467648 240443264 579881728 -256008128 107203784 -238905680 645175360 409772224 152421488 -128057520 -401867392 221832096 -106677784 -30572104 813584 56769444 172018496 21718756 -39938860 405645952 -429560 216254592 -133996752 14250502 526801536 22247158 -233864128 169103504 325445952 136182928 -160605696 -330047648 7089548 -632598464 -56521600 -78285744 196904832 -64402784 -50854384 
-501787264 336087744 210828608 31222300 -346642592 417485664 386036256 210237856 -86255216 311058368 159676080 -148657552 -128388368 93779544 -378117216 164135168 -226604768 -31404954 693154496 -233106144 211155200 -397565120 -2161856 143570272 115265352 238203680 -411048064 -123907568 197627488 -289270432 -648970560 -256115008 87027080 -15273868 -317815168 -193746112 -270317152 278050304 276891136 67111568 384181856 -215995536 -89293336 -98884024 16410898 299731328 -219057568 361824192 -264660016 -204222848 -109008512 295485920 -205579712 180481600 100470304 -271293184 -9501000 114810192 235323776 -352450624 -227271504 -393557056 235574976 -217468896 
4661027 -413772032 -385256416 282217216 -166163488 -8999746 245319152 -278235552 -425399488 294307776 264551808 -124985544 128586632 -254448752 82364368 -242064112 233417344 -156879056 -101987592 -515307552 331952992 323048288 -28175032 37425292 537069248 -173396160 27334368 -251095264 -197163456 354965056 87546816 -298969856 -77999976 17758170 -192416992 -3027811 412536512 91509728 -180939696 343862080 -178207648 254694992 341027712 319749920 69732032 110991880 -304598816 217401184 -294055040 -616744256 63889052 -127681568 61462384 299850208 -190623328 343301216 -170436896 5355428.5 -185505536 386679744 -446589088 180584768 -159453776 47815444 
-31328080 -85765320 445518368 732543808 137054720 -115305264 -18041480 7884288 337120992 -113065680 -131946240 68569808 -132965152 244155552 -61627204 121336240 324467264 135867200 762849536 468874176 173602832 -439706016 -384030176 404471296 171009824 191304576 -131665248 -327898272 666370688 19829400 -13534180 -341466688 -24123996 1802512 -407555040 12506344 -134668928 -257242656 -14374928 495182368 72670656 75603856 66873392 -112255160 -201785984 -44015300 -60679128 -200835200 274779392 113471256 -336949824 338081856 90269464 385728384 137177824 -302495584 616313088 -627792512 509609888 34029892 -17673006 -133589880 -32515456 -50570428 
-612096192 44549212 123066120 21049250 -108921704 -188351616 -111867584 355965920 300419 -298970240 1433883.5 -50304060 65072048 140486768 -500565152 -375659840 33118250 -110492048 534906592 -483281984 -331445600 64633648 -347356864 128798584 122079280 13105814 -25359552 -470068096 323409888 -329970016 -177398784 130165952 224367472 262514864 -17955720 166340304 -118916704 -417151968 -46666136 353249504 45016120 -503976672 -3299890.5 -771676608 -521139232 -451464576 199370080 -156241584 -136699136 352404416 -344770624 231417168 -145328560 174684368 488430816 89345008 471266304 190411488 -5510357 -383691168 -160521536 349618208 -457530816 -287698240 
55277384 202081872 -404477408 41105244 -350834688 161764192 49471060 192575984 -456293824 -494558816 424223040 -38004208 54526996 -268862528 -270298048 -143894240 -205746512 -242810560 -334907296 -240288480 -531235936 291285568 -456683648 -190550064 -584410368 -275346720 224610592 126438576 -105040648 -223965632 -206740656 97861752 356090368 2486840 104900992 167172464 -84049648 104155024 237951792 -25191666 294213408 -105865000 463149856 -32805650 291786464 -150927008 -58148660 -55679224 62500876 115174408 -159385040 93560784 -133323768 -69466168 -458151232 331679424 77743840 -164702848 -305473760 293773280 -293274944 -198420192 -440071584 361441152 
51099380 -133766184 -244953088 66541216 -185489680 71944168 176258016 -24523000 111385208 -97626936 169605600 383007968 -394093088 -24140108 -372351392 -108998776 242323840 -374913568 351681312 86436072 -114166384 218889056 102589864 372501088 35781832 1503029 -75076512 -66645080 369018464 -50276528 252998752 21752302 31260078 -287262624 -393278208 17585958 -355543488 -304020896 -485737312 272584608 -131318648 17610870 410103456 -296951936 -176268416 -533905056 238657344 -644781632 -94874768 -7228971 269904064 -292693600 104215104 -193950768 244228928 -200345008 115443192 -138508640 143471632 278981376 312496512 177597232 331009280 -160806640 
389078336 112693296 -68695392 224243936 123413032 182406640 402744416 271534752 296542272 -262220496 -106428680 -429221792 -82535400 139395072 -530924000 358576832 281858656 146564912 333630656 519311520 47417328 -595867840 121735488 -40188256 -783095616 -218084784 511685120 253913072 -32868232 -246086656 -20193724 181187872 86270392 -374028576 -150640784 339555904 68786040 -176232048 -364144640 163139840 327383040 113927808 189233600 -172929872 -160560320 -175952752 41363256 -17360116 335118784 462770624 -341196160 467257472 -124655680 -252077536 241479616 -279888192 -146990576 -319467936 395212288 -209829440 -296751040 -128925912 -5936294 -257790736 
194082832 -109240080 -4734916 369768640 -66183052 -275991680 -27478132 -54190772 126695672 -188895904 -332329728 -250658416 153580688 4026752 444940608 -225637072 178590624 10790583 -192665008 216223456 -6523588 519539392 2195384 65962040 122018880 -300096000 188563008 263644864 14626517 30905108 -69834480 164641760 240544160 -103277464 -101134320 382326464 199533200 -10432868 -331310144 -28978612 -224684656 -46499812 43855184 384866176 -66862768 -5101908 -71571392 468807424 302490912 -81863176 -412157504 -2474364 397194240 495090976 265678944 318104608 380882848 249709088 -352840256 -256266848 -208866720 360495392 -115305712 -328482400 
-56956396 -23830554 65565048 -352308192 -269661600 523718304 -118056648 -442249600 -577691520 -54071324 -252930880 -192085840 -3834877 -235486176 224561008 -192071200 -345455072 -37449880 165723408 175130048 -87041768 345206176 322184960 476650048 18515516 18977780 200350448 -71442136 -151943424 -252111552 -39664136 330747680 192110560 77653056 -39888416 -159848992 -552540480 79206224 84594352 306237152 -164145856 -262246480 -88493584 -140332080 -162243776 332145792 -121197800 -25472584 163799104 108180208 -12147672 -104091696 -176666192 -216909344 -37164256 -165470384 -365122112 219655024 216509728 294584160 236730064 174035312 254580432 -192848112 
-319811584 114341.5 -10629144 280508960 -264673664 361528736 31950180 319648928 -385005728 207098912 -196815248 -62962472 34271096 -145978992 -47097720 22792848 256335392 227916784 -569356352 5511866 -340697472 475304000 14204896 -19101452 97395744 -579819008 153919696 23281392 -49105592 -444992256 209298400 175607424 -107486064 -296073216 376629440 109970064 248911856 -176462464 -193815136 -120390128 -174528720 -364886048 523074336 -169768320 33302886 469345440 -386890752 324721664 -91188264 51613444 395662624 -197913920 -49959440 36854544 92756552 768438976 -373786976 303895744 -559985984 62202068 -41220312 -29062528 -110096584 -306321056 
-181791824 -267067264 -220673008 218397792 -124073928 432499648 -43460656 179736128 -284134848 152469248 264492720 -103270464 -108552608 -506753408 -273789760 8309536 235321904 18856896 -297752704 -280311840 -118995328 158280096 -182381312 -446360640 -348684576 -24994520 -43128672 -30459478 -537917184 -517556960 -319375232 -254141216 -106147760 -133659888 99268880 280011840 -289128448 -109676720 672923584 -110471024 -62136264 -245869824 59210080 -130713680 -659285376 185325376 -13598310 -86595216 -235504688 -191800416 40032968 814327040 -397341440 -317912992 -73475264 -233911312 111929920 207522720 -203684560 259609904 2846924 121696016 51883984 307811040 
140620352 79204488 61054452 -169220832 107117224 180274640 -437380992 -67714512 -91448784 156885136 -819996288 -252675152 188637056 -217377424 315197504 69709648 -228952512 46587468 489214784 192414720 373091008 127384192 247466528 -157154176 -59259000 117354656 -107491800 50611488 -151665840 307242528 -75062192 -115036096 -452212896 509503040 55536588 46625808 -149655680 416775680 137275120 90285768 -466974080 -552813440 -426051264 49170264 -241747152 572910848 -51860676 -163312864 326287520 45797424 -139776128 -251236752 296463424 289915744 -13825168 -323721184 -90231712 446272 112587952 63709768 -301733504 -31862920 -298690496 -458422272 
377524704 96678760 -31662702 -95079576 336653728 -39601088 -66496116 146817568 -126709072 -68201952 133994424 170591440 172963616 3221546 550167360 492509632 168136320 98412536 -279290272 292107488 -98564768 209764016 474443552 -59450424 -396416672 -266890880 217916064 205616912 -219890720 212625200 152201104 327418880 -2034116 150133696 321901056 -135906608 495817408 -176591296 101743872 -263503808 -365603296 540598144 251022864 315540640 580519488 515025536 -37208436 379117536 236339200 159947056 183698272 -485317600 255026464 -23250236 -218392176 45192048 -357365024 581998016 148173776 26635362 181521680 61575416 -345476352 -162448336 
225438368 310479488 -114770528 -35533504 -75962824 -305651680 31142868 79089000 403120000 38008560 40384180 -23434632 241894944 62580896 -411639136 317824480 -35025704 67775024 41026396 -181693632 164665952 11453857 340001312 -276090496 290471616 -486820256 -261794416 -255589392 -61790788 623417856 511458048 -142481136 -322414880 173372672 328595136 81390672 173377248 -307080352 206517040 -421407712 -134936496 134801712 -238116224 464610688 382641152 -83147200 154971552 -220483248 54010896 -286922720 462955968 -309575296 -83891296 -92409400 -435385184 160984896 -712956608 -66549020 113134144 225343648 47767152 -324821184 296232096 66207896 
-167273040 5675616 -187658400 -181098624 235213616 111789072 57169584 -69033616 -250825120 100833336 -57088332 128908848 -247416256 36309192 -342339936 190746656 436371264 312020064 86882904 -16183167 -187465584 -23475300 161895504 57280448 -299998880 196398416 23685948 -417597312 -16108810 -92486544 43285728 234379488 -188803856 -124340720 -379034080 -65540348 103650144 84100232 -326822496 19019056 31965306 -192683360 115925760 -221564704 -72149896 100536784 -100601384 -324345376 -225644608 -311855104 -4082923.5 188759152 -215425088 67267392 -78806288 -203136480 -102112424 -98826696 328043616 362415744 -265008704 -36590524 -165007920 52105208 
-205486864 158476640 50153912 -108997504 -12706644 -99721080 19699816 -145246784 78056480 -121914800 530646272 337929504 -436637440 366089248 -133183376 27806696 -151299968 589227136 -833823040 182519168 -85508000 -70274416 140991504 109632120 150170352 155341920 -81333136 -351309952 -140982736 14455228 -30429184 -68960352 -168151072 -704162240 182065216 200306256 114658496 -411412640 -89056696 -125003248 -56732836 224041200 -59024752 -169681536 26043392 4237248 11310812 -373372800 -48126428 -10234629 647969728 -194326208 -150819600 -321564192 -321589600 -7527660 -530503264 255429312 65039336 48873484 413685568 325205856 70877760 97464224 
103240848 66807024 -197606992 -318786816 -106631256 -30399644 -40475956 608754816 -6540042 -375073984 -240090960 -131574728 88302864 -178848416 -384631072 90997000 215275472 61267880 205337040 27009204 -43057244 -305113472 -31917688 63852764 262222160 -272596416 -79286936 -184244176 155926704 121255960 124427056 930345664 349771040 -58491412 71397600 -263358304 -56678796 64193368 -129198208 141063904 141193840 136910640 30554508 -75381888 403615872 -223903760 -179634080 -505992256 15867635 469796512 -115689112 -143697632 -168588640 325814304 358052608 88804872 154395408 -376341472 -65997736 70920800 179521792 412880000 -210078240 57674696 
-70333672 187392336 212738944 58445276 74309200 -287902048 47491496 -364421440 489270368 -331331456 -37841040 288794592 -359412864 257755440 87309224 -98446728 -341326560 416328064 -143994704 185380432 -306724416 -85944696 251484432 -10146505 126668840 -125654704 471611584 -145596592 -46260880 620450816 80890840 241517008 28059834 12767104 289979488 90669624 547934528 -130868176 124506528 -241293888 -109584352 703056640 -104568848 368360928 -116463832 49664128 98520752 -69719144 -74979608 17407028 2557127 -425350048 167428 -70657544 164964224 273143776 -26883712 77951864 -121278336 -101805288 408012992 -35346600 -74398408 -139850224 
234700784 -2191748 301809760 -178468640 -91705032 -411768704 320176928 -39065640 163398896 114209768 -313362784 -302831072 203180176 -82844088 253263136 73785672 -473781120 -34154472 -227109072 -426683424 36267108 130433096 -55629516 -45902408 492502624 -18043400 100101304 -203259104 -167760880 -78631256 302688704 -157323648 -146939856 322144768 6681000 -480741120 -360575936 -247122864 234382288 -227900192 -23049654 209211488 -160476848 237492944 -67047144 -85103816 147599584 -31971804 114332584 244439456 343912352 -309011552 190413616 -193418656 -337047648 19747292 65133824 -242709408 253748064 106741624 370530240 138112544 465150784 125440072 
430776928 406317248 -270619488 -306360448 301194368 93600432 -69704480 -65846356 -124212720 -38514564 273077088 -178166512 -8414804 -174448144 -171371488 -248667392 114105736 364099168 -174285904 -151876176 216158512 131945440 -140810848 -147749872 -195750048 -140664608 -169921040 55373592 -209492640 70344808 61277572 322367968 98322696 480494080 52853132 -516490720 -119024000 -92063352 284488608 117989600 -210754512 71298176 -273083072 326505760 169907648 -119106912 238900944 -450966240 -216644544 367850592 2363734 -806665536 248267248 -69914112 331461920 -73503104 -27177416 107577056 -23126296 75832256 9046972 799438912 -641921472 311132384 
-323918592 522855072 220178336 -244544400 -148408768 -51104756 29139256 -158160288 -220382176 -52224896 448795008 -413058112 -222488224 661001600 -319424000 -205575328 -599730880 -21435580 110028240 279732736 423617408 -357930848 187661696 193051680 183543472 267056544 40102576 -308942240 180454208 -213971168 -335393472 -410259072 120515040 -476696096 81056200 13053518 -492729824 -442119648 -1161592 -128207744 275113280 252592144 -443847168 -771784320 162400736 -39317400 -22128534 -111609680 162771472 -65145292 83636776 -112149456 88291584 229895136 32663950 150142800 -254197376 -195444032 144945584 -308410720 38151636 -153105536 228057280 117589360 
-211704832 -126888656 148788608 -255714496 -451700768 41780592 76436816 -207340624 -263447264 63633684 285258176 -110265920 -204531120 -132191824 235299184 5028220 -43158744 132497936 -240956368 -333427872 -208876944 119939432 -298027264 50932248 304274528 36407364 216129216 -326841952 -226163664 -883777472 -771216192 10739900 472962336 220194432 324375008 -261311552 -61922796 -369405536 69758528 -107775424 251698672 133001144 -314924640 -117494864 -106024928 139570912 -544934976 -124996720 -160325888 349664032 -256401392 473744128 -47967992 -9885584 -22843588 255382288 -203263664 872308 62607616 -327814144 -184630640 -180970160 -159361248 328943872 
-37513400 -102498752 476173856 -202055728 259884656 289655360 -149867920 217639120 251306848 -436696736 365786304 31546590 264605504 431818272 346863296 451094400 178043072 -55192064 -182546768 253346944 -301005408 -29708344 150263792 100053320 101270512 139671728 -106230040 -225985024 3069337.5 -48772844 224720848 115226088 500340352 111617888 -157397824 -177863712 -278305472 -228892672 -568455936 -361348672 220638496 325409888 55403472 -450031616 -24717646 162795216 -79666576 -189250640 75023256 42231308 -132304872 371194592 339543104 -232819728 -82620464 218515488 19287584 -254063024 -81867136 -577318976 -127571712 -79939760 243879488 573254848 
-256466352 131132664 80684400 -505652416 -108333472 55163344 258286656 -40839320 440985344 60838324 127835792 85557504 -125780760 69590784 -238571040 345428384 159033872 -317847040 -279320896 50839108 244681888 -488338048 -170165472 -327772352 -413133408 -452185152 292018912 234780272 -119587024 -95720544 -162815840 -162265568 -219316672 -376010080 494654688 201160144 -445275776 -193988608 -118596016 -665334912 292230752 74945840 -504431520 51014944 -180227040 -235857776 -229750768 -262457312 -9803821 2091528.75 -9649048 459191200 -49329672 -65576552 -458332128 -19925338 -168179920 100575336 -59373264 -385076480 -132760128 -284830688 322728864 -350165280 
374016448 429641376 157011968 -72256144 677528576 -225932336 -137994928 15938818 287409760 54823840 381020416 -204797696 206526672 -100585240 -480301792 7454632 59896560 -109236064 631062912 72577656 -267591552 -418967776 -45191248 383158464 -181016688 -197697920 88926496 -254765952 -284250880 -312789632 473212800 96329528 106097416 593817728 71979288 -157859680 -32649878 411930688 192620160 87088984 -192088016 -66793696 85078512 171546256 65444044 236858336 237641744 -530310656 273498720 -17594076 132057008 -591172736 -17753682 131078112 442445376 92198320 237055408 -583475520 440961952 217266528 -140855888 559690560 -182260640 -4544568.5 
-28437708 -100479680 -486016736 -51418032 318107872 466349888 -196381904 -63170228 168120032 -50343092 -109559256 -255304832 -153411312 149766784 83495032 -44803508 -15432531 87679744 -140129760 282067296 340929888 131650232 329133408 -195858000 -226815888 417336416 230629872 555239424 -24607758 533863360 -131636928 -176620544 -266539088 -827470912 -50286968 511889088 -139973728 -239840160 -312230400 264161088 -41894776 591384640 209371328 -285757824 -27401196 -576279744 312192864 474706208 55415728 -43143532 10015579 94922528 184214368 8069674 -472879712 -433778560 104621064 -81992624 -201398208 153985984 302326816 35710512 118900480 117238608 
150743920 -42191760 -113694696 -77417352 -15141846 -200105120 568262144 -221173952 -55710312 69300840 437369088 -348265728 -249790592 244364016 78454152 -67606048 18158484 212354752 234002608 -437283456 606850240 -223260384 -188208480 -21109744 33419194 232441920 -81152544 -301422272 201909472 119750352 44273072 -580240896 68034576 146060880 -63564824 282253440 -390830720 -613613056 174232704 79015296 -13613296 272987424 -405766592 -23987196 -87576464 29773020 -148863552 36664088 90186304 175136192 -151295968 250306848 84839880 -393118912 -228413168 -433277216 179459488 133682928 205628224 -176159440 222100896 -256133168 104294272 262612288 
50427012 278292480 247453968 9417495 -68482720 -146067456 -223591296 -142609728 -546595392 417264512 -267312528 125640024 386635200 -3737859 66400784 166009120 346049856 -304700576 -418795168 -332273728 -122267264 231423296 101470352 201370528 412602496 -434879936 -5963280 -430500704 -532169248 229418880 156200064 249550800 -255542096 390584768 -33927864 -140541536 -140394000 -173029296 214828016 -127333664 -244743584 -187441696 -202683040 -209850352 -73854128 229645824 -176934080 -184911552 378471648 -400508896 229550368 -510734464 227290528 324904416 257674336 404252960 -463486944 -501912416 -86095288 -45570904 -354424576 265891360 171175856 -98619096 
-374224960 74852344 204268720 -253706352 49282488 315038336 174288384 -250338016 -76151792 -316929152 255871888 282627296 -371260160 165133632 -159066496 -667450944 107374200 -268716224 232631840 136115424 -139204960 -524809920 -322438976 548285696 -172344800 243106448 -59882536 -332257696 -11965248 188982528 -401436512 -52285716 271775616 422264192 -294897856 -221078368 3092228 46511240 181280128 90921552 -92932688 -184377696 -51968864 216410400 -49316584 1320988 115153360 -139750752 -558459776 -265357200 -204782384 -359825632 203339920 -8528224 395814336 -52119072 272402368 193633760 -21598076 -26473208 4021328 538790592 -337909760 115418992 
137623168 -128357384 -64424504 37969548 -350341600 -18770198 105723136 120970424 -210135040 -187966160 -3591986 -165911792 360384384 -128734264 392259968 -45237984 -293207680 242384736 -25980138 -169173776 354510432 327390720 163346016 -205547152 236074736 26054392 -184355248 -96566816 92671440 108676176 303204128 74282528 161452160 -48198068 195298176 -64881812 195503008 280322880 -247939696 -135242064 -244758336 248157008 59960256 269884672 36834832 -4213664 -170686416 364932128 -118338064 -235905536 -94188416 198106304 -123300344 59646768 -329942496 233599296 -202362720 4947680 -108503056 136505584 -473518880 -244385440 -12012744 389348128 
635716224 188372720 325471360 646313408 -7645288.5 68634736 -6251761 64213380 128937448 458837440 -164021792 296170720 77382144 -46531776 -239919008 -166278592 146033824 -438896864 319071360 -224637824 436195904 -175630128 277367360 286316448 447740288 -57629540 -254146080 -388902560 278372128 345975552 600694144 -392767616 321092480 352975968 278176704 -76955824 322235616 137836416 230520688 -91304384 -230587616 -170852640 -262856448 375567808 403461504 518861280 390398496 791437184 -335529632 -359397440 182971824 -219118688 -454402944 259038352 84222752 90447760 -276580544 -113409104 -111196736 390150144 -214330528 -314617344 -261733504 406939744 
-646230784 -127159816 -60013072 -218735456 287509952 -113727792 128437120 -271208832 9659459 20001852 484593888 -338257088 -66085964 290258592 110578512 -420859168 20918278 118120720 -219863216 -375168096 197983984 -120596520 -236855552 -303985952 123806936 410327744 282518176 -127734736 -144214848 -21057440 -244586624 -508304128 -538592704 -483224512 -216168624 172080592 -189477296 -556909696 -425600000 124552736 3158090.5 148742080 135023312 -143851104 280504928 140029264 9415291 -129626088 -240830384 74938192 171364976 315732160 133225568 457118976 -124729896 43331268 358891424 177052704 214176624 -325339040 241556272 517883680 67107812 -51224080 
-43972576 -133657552 -221771200 52341560 473546720 -530110336 251573600 -85857040 500078336 48629484 463504288 -84720184 -94644848 416212608 -47635760 348123712 57595656 162862208 107158912 204161456 11599112 -284105408 118714696 15391308 177525376 -300737216 18084260 -307785312 -293174816 35628648 -43144440 -151472928 208823552 221969456 106931296 339340448 457196672 -101440976 -135374352 -315540032 -174156416 151825248 52377412 -84282784 47134744 -231076720 -14644683 -72459008 -25272350 -334923552 -330590464 -282957600 374888832 -3344842 244507968 63558092 24618866 -271199904 460141472 -30982010 -251393696 79889328 -94416592 -9635332 
-70050640 -131030896 -36459724 98268720 -123408752 -46630144 -383926144 -222396928 -18885774 159764112 -89324504 -88917000 348515904 -68313456 94685744 70858440 254434896 360103680 -342155648 -407428960 -47547868 302506560 151636992 -289398912 373173152 -444728832 -275787424 -372865152 408818688 28245248 -145100320 291041792 -20061166 203525872 7779560 -452147008 -119396208 -3666008 509761600 -340646976 -302819168 -695755 4356756 462874336 317226464 271651200 455644576 -284254752 86814752 25249006 382007136 -32183052 -191866080 -129445528 169917408 181552512 -364379584 100150040 610821376 -315094496 163971616 -41288504 106210856 279114944 
-27610532 -190619168 -343342176 369646176 10046310 -198199760 375553248 495336064 -154368304 -569085632 -430115616 -344798816 -95187888 129246624 -62089288 -114536008 -399755424 380117312 5147243.5 -276938048 434233600 -241868032 440696192 -135435968 198955056 119620144 407172800 527418496 35717400 42418776 279665184 -313051168 -244884352 -501286432 240249696 -121694240 31920096 212442784 -86496648 196872208 -276547136 5527074 330195072 -327826144 218138944 92887152 90040976 579424960 -327233984 164038032 192470960 132369424 155155952 365396960 -148929184 3936536 -265260128 178809696 75751568 -83348400 364856096 -32138708 192597344 -240813168 
11513286 132874792 42393400 72855792 234276272 78731488 30284794 -362819488 76416696 -474736320 -147725456 -112562648 -419708928 -71799464 -310470048 -326820576 -213735552 -24220386 259036256 477909824 -94203712 -57637032 -32029796 222453088 -234216432 119055408 79277312 109621568 128093448 -81317360 -178678176 -296714048 -40101860 -102275664 -259114288 287527904 610202560 233212992 -116786568 -266560656 -37659000 409074240 147585360 -57311512 -297946208 28876432 81358496 -157766816 -231052592 -183107232 -180990032 -396757632 -115394240 -359056128 -138299392 218611552 176518864 -166294272 -536699168 259387232 209982736 -323771232 -618223424 -108019096 
224950144 -88790456 269429824 -182714448 595818432 -145821648 -179234576 -116552496 -202861440 293061088 151731648 256128784 -71583872 699806912 -16825184 -30456574 -282722432 65400224 121863080 460498368 170785856 -62877680 -180697120 287361856 85140568 299799360 -584152192 -86457376 94412440 57151760 564178304 -320886240 -275215168 160530432 -136590944 -137438080 398408640 489205376 -266987584 -31650980 326577920 20591054 -326576704 -105075136 392014656 -76576000 -158115392 -84021256 164429792 -483513856 256758192 -575037696 478515968 -281643776 -51078932 284704512 167410528 -154323648 143400176 94432088 -78820560 76181536 -83330744 216057792 
-148450016 -31761412 23287764 611747712 292881792 194906960 -48451396 -165919728 354382016 -100752064 -25562228 41535092 55747704 193324064 -133585272 -105032928 719551360 10448679 257891552 148753120 669554880 -292672320 -271659840 -234710592 295344288 85654288 -256110992 299820448 134819408 552487680 -280126144 -78539520 144553456 -287942656 -94438304 42659676 352858368 -202129008 -301551168 79923272 -243462048 142156224 -61621804 620293440 509592672 13052158 -38337880 -362755072 14611109 295523936 18859760 285352672 5439827 477731456 212256976 -211528288 412547200 19917530 117977504 -313349472 123567536 -347910112 -447679808 8550917 
-125273112 280948192 4942996 -246887456 84902272 103963288 -118111304 -112455360 48695952 194467184 52337676 -216294832 331747456 -206150032 117023792 -29186460 274643104 -22694338 -71118320 11506399 213190624 -120090368 56086064 -296497824 142862208 -265227472 -163005376 270123136 -574327104 503740896 -64521556 137047552 585589504 604825792 261615840 93729808 -190011056 -79002096 407043744 11657084 -94941576 -63113892 306234240 496263616 263459184 178032160 5963800 -141067792 196482272 99107944 163195072 -596376448 88361440 56964176 398360224 -131339632 -138594816 -176245824 131701648 63792448 -282262240 70333584 -266295744 -155515600 
-238491408 53232904 -147407088 8764628 -327224320 -49157340 -198021664 331773152 -705977920 -145318608 120790064 8631405 91950560 -30590156 -486871520 -402584736 -112001440 -312637216 59691764 -292201056 -594027072 -324072480 108237000 -185581984 -604043968 416370528 287191040 149113888 -327153088 94668640 -416938560 96190672 -289215776 -784610816 262593664 58018244 136119200 -69986120 256901152 455701088 276951552 84469720 237692512 -758351872 325066016 404647360 170913728 65738048 131174480 108883760 286340064 457313216 -147033040 -224051728 66098012 64055480 -25014456 103393592 103992632 -63969368 71768000 96304976 -147082320 54318424 
129032344 19569476 -49646032 -300080000 -215366160 17470902 -194181120 461998304 -346949824 39689720 234023296 -738600.5 199709376 -154751456 181493824 -320584256 -206417904 -397733856 -268337584 -366415072 315468096 -129090432 -49555208 -164334944 98371304 116260368 146436384 -237950976 476680128 224695744 430742688 421234656 -879980864 -184426048 -550738112 128998680 -3032564 -106277376 -60694636 60570936 -158066496 338539680 251239872 -250681024 -96709568 -59544556 -69851904 -66032688 -67199752 273230240 -61572104 -107086496 -210410672 2084044 -146381136 60051276 175309216 352727328 -158565760 103283840 194282304 120184536 71024112 278808928 
575459904 -261680896 93538800 395237248 367606560 107331288 374457152 -204789456 37303196 -321096544 593196800 -276239712 7810643 -399411520 -116645040 -32645818 466237792 229086944 343070016 384120832 -218117248 269358496 96392600 -375637984 -230871120 -206715952 384678880 -279509568 -186908800 -121229232 -47340248 81079880 5450101.5 -53495896 102976904 -60405172 298663072 -384545952 22650380 -362533120 45313296 179850880 262666864 202666512 -367330592 159260608 105807368 -462928128 354124096 -250460176 23857498 95443560 709512192 -288184832 -91547048 127244896 113536272 -116355264 -284530400 203231424 -125033168 38177568 -781550976 471188576 
-347300928 -28986276 -296919616 340487264 -247377824 551139776 133913080 377695520 303145600 -231039264 1205182 390082112 234548672 -158443088 39478112 -19151330 122257344 -287977408 202952192 -171610528 46756740 -222373344 -164129568 -528675264 -234955840 -77962624 -153760480 515605440 34413636 539259840 -64532804 -100639240 -31172914 -249896560 -65846312 -216429760 27148102 -39733276 38748908 55303004 225885952 -304659744 28132668 167541920 125359576 -52414224 191258544 470690848 -285637472 512118464 100533024 569033600 -181377104 596890624 -245062512 -439580608 314092896 559756544 -255155520 -228456672 -10912250 -277553600 -316678240 -398595552 
-2857256 -368167392 -54089776 6725958 -28846622 32566518 45175704 -78222392 -338494368 616496832 8955187 445318528 -51635640 146956512 -130644184 94473272 53269160 -320610816 -459595712 -307913824 88187856 -69864664 37017584 665105856 276078016 -122557000 66727512 -237432192 22520976 -269918304 496785280 -186799168 -89719728 161144192 -321881344 36627000 230375696 -68638720 -162753024 159386912 272851552 114450728 11184768 -563859776 -183891520 48716624 -113194976 417522560 -43995244 -79339376 -110071064 96049656 -194225296 -348718688 275078272 97230152 -649790016 230224304 92513376 67789552 -50483184 192971696 284951648 193530704 
167762896 346821760 26228384 308882336 201014736 188838592 446245152 212313760 57636956 -13534268 -422862208 20540484 -46035704 -111944648 -489666624 -341864416 339874496 133367336 820556608 303129152 -15070320 -46762248 205344000 229249760 -2833048 -136036384 261482528 -130269528 299381184 363939008 61081116 161599104 55834860 259875648 125934920 -73754528 335662944 -325896832 90145376 210495744 -93544264 57615560 -152474720 152550960 -140853408 127538888 415395616 477052768 102519896 122446104 -343007648 32458776 101378208 -111160632 103042112 -123126992 249537184 -14027336 -571927552 511019776 141190080 -69158992 -790161728 -7112514 
-147153504 -204495568 -116303840 173452064 3271284 542428864 191096352 170503712 -37373080 -175899344 447686528 78036600 259595008 -115711208 26461152 117093328 316184448 367688608 240931616 420558720 249984256 -595030272 -560388864 157060640 96981160 -49129024 -207203072 -194122464 188131152 337436224 156029280 257373120 332357088 -173354432 -529133568 -148333488 -138224176 52684648 -83417920 441052096 338318304 96726424 444645344 -39656440 -257850688 -176248768 -181242512 149081424 54582696 217132720 -239749824 166523200 -104961592 439029120 196724848 -245569280 333343200 225398640 315880960 -4198016 295581536 341363552 -277453888 48763796 
-88239368 276180096 -190838304 -410983232 315612352 173675504 42680444 33283812 -58333352 -81202096 482605056 126863152 -94454704 41609992 -187541344 -114288176 53178024 -136923696 100273904 -102262048 -366476032 18653180 -38200368 -208316000 -322071008 124784216 -34000660 232526416 -122708304 152112512 -64094104 126936440 -366523424 -88199424 -445298944 -188771360 152370272 81568800 -107045392 -61421972 -184495680 -372372608 -29936660 80793568 235875024 238457392 108294568 -295519136 -520397984 452415360 -79298448 -93959328 -347756640 -424004128 -167958496 -372579424 37359704 373707648 81545968 -103053808 149048032 -81346096 -314120096 -240652176 
-144227872 41201712 103687616 363754784 -485207296 -2267400 391864128 1795824 -20049284 -133283120 67346432 294358528 -136693856 287712192 -396983904 -289590592 -140722064 -53944000 51149764 -124295712 -144546400 383839104 -470731168 823984832 399835488 38083360 -275450720 -434544160 336485120 -51521456 -26096688 -15499492 169194368 -5485784 -355839680 213847776 -125783264 -383675360 -278517760 650156736 -133712144 -384236576 -248662880 -54265584 -173694528 -686971136 269178336 176540400 -238089152 41138432 -450687872 4365840 -298035936 -111244000 -27332872 -38001624 -204626464 224595904 -146931472 -75461472 150737712 387415424 -141069488 24841746 
