10 10
-96.149368286133 -28.753282546997 99.194244384766 -19.709625244141 50.323234558105 120.11050415039 141.27502441406 -65.662841796875 -163.25570678711 -133.76812744141 
34.799953460693 37.4518699646 -92.110580444336 -58.644966125488 -293.81918334961 -62.877918243408 133.65933227539 -105.12841796875 -10.788642883301 81.523040771484 
-164.29843139648 137.4137878418 -149.7061920166 79.82950592041 76.781326293945 49.216487884521 81.355461120605 -104.04051208496 -208.70890808105 -70.604423522949 
6.8169980049133 41.949619293213 24.23851776123 71.780136108398 127.87568664551 -107.75773620605 -178.68157958984 84.348190307617 150.74446105957 65.512016296387 
122.12619781494 -93.580001831055 180.00277709961 -195.1462097168 38.451766967773 -21.52946472168 -135.52529907227 66.115951538086 79.744537353516 166.85166931152 
-193.42449951172 111.37014770508 -44.534503936768 46.569175720215 33.121105194092 45.346336364746 115.34200286865 -99.33814239502 -92.444549560547 -126.08958435059 
33.327701568604 -136.26838684082 8.6070508956909 -134.23400878906 26.223546981812 51.899536132812 -94.627754211426 -19.698484420776 75.657577514648 125.93202209473 
-146.86111450195 131.09683227539 50.466598510742 43.806701660156 56.178119659424 -10.24328994751 201.26609802246 17.549430847168 -167.96224975586 -124.88836669922 
-60.677268981934 -72.762840270996 61.904800415039 182.88629150391 54.427806854248 2.0047876834869 81.041023254395 -31.280946731567 13.808965682983 -72.857620239258 
117.17601776123 -9.4302997589111 23.935966491699 -169.96893310547 -89.447158813477 48.050159454346 -221.02416992188 -29.499355316162 198.02088928223 -21.754747390747 
