10 10
4306.4624023438 3086.3037109375 13253.87109375 -2883.2719726562 -13962.984375 9609.982421875 -2583.814453125 -12299.658203125 -18476.083984375 31981.6015625 
1092.2938232422 3710.169921875 4310.4375 15394.204101562 6537.7861328125 2176.7109375 -9371.181640625 117.83331298828 -18117.1171875 -814.40478515625 
6913.0932617188 -6893.4794921875 13940.033203125 894.4755859375 -2487.318359375 16438.47265625 -10220.701171875 3689.5202636719 -4188.5654296875 5405.5190429688 
-2737.421875 646.0078125 -10588.374023438 -24967.740234375 -16387.21875 -12372.19140625 9577.8125 -2776.0952148438 -4903.021484375 1245.6586914062 
-6827.5004882812 2384.8247070312 3861.3432617188 -7123.6333007812 -3224.2819824219 -9051.353515625 23221.390625 21718.54296875 -3174.9599609375 -35529.390625 
-5280.2602539062 5160.8920898438 4215.0849609375 14478.96875 1135.5280761719 -16584.123046875 5292.068359375 -2359.5307617188 -21946.39453125 -16007.961914062 
12894.46484375 -2398.1928710938 -7646.287109375 -2402.0837402344 5008.814453125 2637.1669921875 -14743.919921875 -2885.4848632812 -19033.94921875 6142.9599609375 
6852.2944335938 5161.3193359375 -10262.495117188 -16151.244140625 6051.3681640625 3054.4685058594 -9996.4375 5856.5078125 -2230.2202148438 2167.1433105469 
-12895.729492188 -289.62841796875 5124.4912109375 194.38330078125 17021.498046875 -4641.9912109375 4305.4462890625 856.16815185547 7497.2041015625 -13929.171875 
8587.0625 3037.9211425781 -9104.708984375 -9077.6416015625 -4596.3198242188 4918.9189453125 6945.4619140625 12509.29296875 6979.12109375 1145.6245117188 
