10 10
-0.66312956809998 -0.024000704288483 0.85286980867386 -0.89417344331741 -0.25179260969162 -0.55974358320236 -0.61379510164261 1.2416229248047 -1.7289798259735 -2.2130637168884 
0.65435302257538 -0.21445870399475 -0.76796942949295 -0.59894049167633 2.112137556076 0.56904006004333 -0.23419167101383 -0.020186990499496 1.521068572998 0.022072613239288 
0.37667444348335 -0.45231276750565 -0.04805588722229 -0.1175337433815 -1.9463427066803 0.95704019069672 -0.7337800860405 0.31300672888756 -0.13431602716446 1.21373462677 
-0.3502539396286 -0.32545840740204 -0.51533073186874 -0.61665940284729 0.19479459524155 0.089196771383286 -1.4200924634933 0.53683596849442 -0.90596425533295 -1.661682844162 
0.65124577283859 -0.34948545694351 -1.0592591762543 -1.5759477615356 2.4107830524445 0.029509514570236 -0.89510548114777 0.74789655208588 -0.57605051994324 -2.0623545646667 
1.3648912906647 -1.4378974437714 0.021773368120193 -0.38506186008453 -0.51711463928223 -0.38084298372269 0.71823954582214 -0.17459011077881 1.044148683548 0.94443786144257 
0.3465419113636 -0.46400538086891 1.5040448904037 -1.0707964897156 -0.32153937220573 0.10749434679747 -0.089201703667641 1.4213322401047 -1.0821532011032 -1.6245776414871 
-0.35183477401733 0.011250101029873 -0.59059143066406 0.09677666425705 2.6620614528656 -0.64158987998962 0.43310710787773 -0.18496978282928 1.8236691951752 -0.32243350148201 
-0.61091935634613 -0.29970276355743 -0.46062022447586 -0.26156842708588 -0.22936844825745 -2.4536995887756 0.90364974737167 0.73552262783051 -0.73809844255447 0.62335073947906 
-0.41471201181412 0.44378355145454 0.68742144107819 1.4358887672424 -3.4140527248383 0.67555671930313 -0.94310790300369 -0.29727095365524 -1.5921000242233 0.62396550178528 
