10 10
0.46510478854179 0.7045841217041 -0.39907824993134 -0.79747724533081 -0.98515766859055 -1.1669310331345 -0.42202800512314 0.87422347068787 1.1849173307419 0.3910710811615 
-0.77199971675873 -0.82659828662872 1.2763075828552 1.0362887382507 0.18217027187347 0.26468285918236 -0.3179444372654 -0.26320540904999 -0.98199445009232 0.9682389497757 
-0.71387314796448 -0.38988542556763 1.0290513038635 0.64108294248581 -0.12714101374149 0.61384117603302 -0.35435402393341 -0.88063848018646 -0.77888649702072 0.85538291931152 
0.52862626314163 1.3000959157944 -0.54002732038498 -0.82929813861847 0.72609484195709 0.79275572299957 0.6430971622467 0.30398038029671 0.073795914649963 -1.3872997760773 
-1.2568485736847 -0.009075939655304 -1.2194471359253 2.0343596935272 -0.9328840970993 -1.5540572404861 -0.14661952853203 -0.35621255636215 0.22230100631714 0.38962197303772 
1.3369549512863 0.15781337022781 0.30511221289635 -1.0115923881531 0.022483691573143 -0.37290355563164 0.66861760616302 1.6600058078766 0.051681883633137 -1.1920733451843 
-1.0469255447388 -1.6227638721466 0.66613852977753 0.92764890193939 0.73035371303558 0.29732406139374 -0.0098821818828583 -0.65689754486084 -0.85802787542343 -0.037943065166473 
-0.89309453964233 -0.54313731193542 -0.063434481620789 -1.1986454725266 0.17523232102394 -0.82058018445969 -1.2840586900711 -0.84733009338379 1.4625495672226 0.81569635868073 
0.39522776007652 -1.0645190477371 2.2699892520905 -1.3105577230453 -0.18214736878872 -1.5609750747681 -0.49206987023354 3.2410616874695 -0.17063763737679 -0.138487637043 
2.2369530200958 3.4683344364166 0.10723686218262 -2.8849339485168 0.10752022266388 1.5335948467255 -0.20661863684654 0.07301127910614 0.58539342880249 -0.49261116981506 
