16 16
-50.324813842773 19.979217529297 207.76550292969 75.949783325195 21.001457214355 -8.9693298339844 -203.05328369141 153.03028869629 118.95333099365 55.365447998047 246.40240478516 260.84298706055 -15.337059020996 -60.982097625732 -339.96636962891 43.601371765137 
111.06057739258 87.515655517578 -70.635986328125 110.16944122314 -272.27319335938 -13.141895294189 35.860820770264 42.67333984375 196.55009460449 139.3115234375 145.83906555176 -97.857757568359 177.47442626953 -109.11416625977 -89.373077392578 -51.62712097168 
37.648532867432 105.02246856689 238.87120056152 -183.64390563965 53.647666931152 23.371437072754 196.62420654297 55.664077758789 136.77868652344 -22.211114883423 -15.012928009033 211.32106018066 189.76803588867 -46.896862030029 -134.21095275879 -38.591602325439 
-196.40431213379 194.47450256348 -77.780990600586 -153.27076721191 160.70663452148 106.18929290771 147.64788818359 -181.05166625977 -81.147079467773 56.584602355957 59.93567276001 24.968505859375 -200.91337585449 168.31455993652 111.15055847168 -72.677711486816 
-50.350845336914 103.11163330078 -115.03929138184 20.840595245361 -158.00894165039 -155.01710510254 -101.12882995605 -28.564378738403 82.435569763184 70.178268432617 -121.7258605957 65.941993713379 -45.609714508057 -63.904449462891 -79.709732055664 49.941123962402 
15.66822052002 -133.62173461914 -217.93948364258 -30.708801269531 -182.85095214844 -197.53234863281 -19.603649139404 -24.902009963989 78.026092529297 26.132137298584 -144.1834564209 -105.26039886475 -68.46720123291 -18.119422912598 79.991485595703 38.369132995605 
26.776744842529 1.2160549163818 -44.618991851807 40.629619598389 -153.60317993164 -39.242080688477 -350.97622680664 71.138320922852 -9.9914932250977 133.03248596191 -56.314079284668 -22.31153678894 -18.666961669922 8.5909690856934 -0.15587615966797 81.174766540527 
4.0081977844238 -74.01921081543 -199.5908203125 53.763793945312 -99.380752563477 -3.6779756546021 -28.591815948486 -65.319999694824 9.2251739501953 -84.764869689941 -91.942169189453 -42.497268676758 -207.53665161133 62.527145385742 -15.954038619995 -163.77116394043 
52.432476043701 40.934066772461 97.728355407715 -65.261848449707 178.47750854492 272.15222167969 161.18754577637 -166.91864013672 -150.57130432129 -63.265369415283 267.66186523438 -141.67529296875 79.762016296387 99.762001037598 187.81053161621 -115.9319152832 
258.58898925781 -167.91850280762 -161.46018981934 -258.00860595703 -115.97010803223 -132.15939331055 116.17802429199 -186.47445678711 175.02276611328 -83.376159667969 28.618068695068 -35.819553375244 -102.24256896973 -233.36848449707 -27.891460418701 -96.183731079102 
-23.986675262451 250.27021789551 -73.583396911621 -104.9962310791 -119.15249633789 -79.967407226562 63.937004089355 -120.52156829834 277.73236083984 -98.418281555176 -4.3172965049744 76.051971435547 106.74384307861 -193.94291687012 -301.81304931641 106.29954528809 
-124.2134475708 250.70416259766 48.138313293457 -216.8323059082 -78.726745605469 93.992767333984 273.86450195312 -219.00038146973 115.24778747559 6.9855146408081 16.123123168945 222.98141479492 -84.098419189453 -124.21713256836 -216.11018371582 -62.832855224609 
-32.486354827881 -63.930557250977 -14.2760887146 211.18138122559 97.358810424805 -8.5450325012207 -15.237455368042 -169.27815246582 -59.422222137451 -93.194068908691 -6.721549987793 -171.15739440918 -267.56381225586 72.424041748047 38.094360351562 -83.525787353516 
-84.8779296875 85.706718444824 165.04977416992 16.966735839844 126.29695892334 101.99607849121 -16.50590133667 -137.11686706543 -137.16793823242 -146.45872497559 -135.76960754395 -38.568923950195 78.270347595215 309.48818969727 288.68710327148 127.50827026367 
-112.18126678467 4.8024044036865 -231.26727294922 82.975708007812 -42.090854644775 -48.769065856934 2.6157789230347 81.047813415527 33.459827423096 250.19198608398 15.062227249146 -57.832958221436 -205.56381225586 131.88861083984 121.31426239014 63.635437011719 
304.13027954102 -200.54876708984 254.47256469727 178.36387634277 -81.574028015137 95.652442932129 -126.34714508057 -2.2888422012329 163.20680236816 -55.90283203125 246.15966796875 -63.403629302979 48.22912979126 -38.55530166626 -203.8904876709 -104.60292053223 
