16 16
12884158 -209803456 -223222128 -46278624 -103542776 -208942912 80095576 219055216 -38182376 -105098800 -77652072 35940280 -185957568 -166192656 113875944 266135088 
54907804 -103524320 208159664 11843662 65077168 164915984 -107378272 -388767648 -3174885 20361880 -168479280 -258887936 186655040 242692128 -72194112 -187664704 
8577654 -60078172 56991468 -68677032 -8521398 -152898960 10554660 -140229232 -154928928 66560796 -45091736 -4854892 -16573484 7342126 -116158168 -62956672 
-184136576 108724960 -161681744 -60735628 45231820 31517426 -42217784 146234864 20949030 187117312 -188544240 39914900 199512096 -100878472 95156712 -235146944 
-210019040 91967216 -112801440 -69796160 -4769320 -254707088 -265586080 105753640 -202517632 -16731330 45093400 266791520 -198196176 -46825864 -112539888 -149066736 
-92680928 -123355216 146194576 -169115504 -32840136 6811851.5 -330188800 -227884480 -113783008 -141159008 -240759904 -63436056 -143360352 254047008 172044256 88305008 
41428616 46124784 170520864 15396724 -55787736 -31469490 46581048 -49134472 -30634356 -48890616 248074336 -75897688 -74246768 -3323696 -238971984 -909186 
68203288 101835416 -205722864 124763128 -190045088 -90510592 -91362016 117296448 63829440 -157660768 42286708 109694712 -106242304 -39665992 -95355776 15847020 
-121349200 142948384 -236425536 -92940400 115926816 26728288 -133296160 41192100 -73195168 217497520 -159459808 145488480 305794848 -114531376 102024888 -323239936 
-218944336 812659 98601752 77643616 -132300656 143243552 -201760576 184403936 213823088 -129166176 -2256815 1199200.875 -22898906 114497552 91768880 -130813496 
-132763016 115382624 235796144 49117208 -53528836 30568768 54965776 26904916 45897752 24078696 -104842464 -147398176 -104965608 43951596 121541024 4574361 
-23634316 443681536 89631264 -120106800 -44420928 71985520 12517900 -43482824 62595116 -182088672 65199508 107842144 -54183976 128536968 -84690288 186538752 
-224643024 -63448304 83563472 -17099572 -61857640 117978216 -168731488 125038864 38231884 -70610720 35042160 -128195984 -158628880 138167424 -143633952 99973784 
-40810736 -16050472 46952440 135908704 -230881872 -19556568 7099904 98212720 42495368 -34639672 7531512 -174764800 -104529960 -11181004 4078450 80433576 
251085104 28572224 -2859586 63672656 53057784 -16562855 74613320 -161101040 86631744 -347776832 168222400 -143553312 58421208 -39776172 -77708736 50360848 
229409680 -30202900 12173788 40658420 -121550832 16681715 136568432 85921288 35429456 -223888192 -86629168 -51135384 -189676800 -18339972 63422888 309883616 
