16 16
9050.8779296875 -5862.298828125 5114.966796875 4379.8129882812 -5976.40625 -4705.6962890625 8330.765625 -14459.706054688 8055.94921875 15319.602539062 1239.3305664062 -5831.8017578125 14704.830078125 1339.6771240234 -1517.90234375 10163.999023438 
48154.6015625 -3539.0793457031 -13963.032226562 8780.845703125 -2366.859375 3668.9189453125 8165.9624023438 1838.5471191406 -1774.6987304688 -19393.23828125 14386.569335938 5632.58984375 -22324.9296875 -23394.013671875 -21970.875 -41299.515625 
-11448.676757812 -9662.7421875 -2265.5139160156 -6652.3979492188 -17480.763671875 5859.3432617188 2643.0258789062 13080.388671875 -11216.5234375 -9549.1962890625 -4092.7019042969 -7138.1313476562 6379.4086914062 1963.7230224609 -12719.233398438 3473.3781738281 
-5102.3291015625 -5633.251953125 -13928.170898438 -3443.7145996094 -12584.272460938 6779.8173828125 -4391.5317382812 -9547.1572265625 -26.141967773438 1997.9241943359 -11988.546875 20214.453125 15861.045898438 6637.7260742188 4821.02734375 15449.673828125 
13239.657226562 -15073.4453125 4565.3662109375 5890.0400390625 -12496.623046875 7674.6401367188 -12848.2578125 5080.3432617188 -14754.001953125 -5525.798828125 12012.98046875 -13435.311523438 -4735.9970703125 8166.7021484375 -16815.572265625 -20464.765625 
2388.9438476562 -14344.037109375 -8069.587890625 5912.5288085938 -14675.602539062 -15761.060546875 9436.060546875 13473.040039062 -22715.763671875 2857.7141113281 1176.2490234375 22563.935546875 13963.979492188 2312.1171875 8212.3349609375 22344.650390625 
6361.2880859375 29139.19921875 -4238.7827148438 5826.34765625 15898.834960938 6040.76953125 22269.537109375 -8203.216796875 1517.0131835938 -12274.194335938 -20723.06640625 13082.640625 -5488.7065429688 4819.169921875 4711.611328125 847.66479492188 
4693.2866210938 20987.59765625 -2644.4384765625 -4658.15234375 17599.88671875 -372.10949707031 11764.010742188 -36664.0859375 10438.293945312 -21845.984375 183.95776367188 6318.36328125 5014.982421875 -7992.2221679688 2684.90234375 -1978.9672851562 
-22704.90234375 6550.2197265625 16354.1640625 -19641.68359375 13164.764648438 16711.6640625 -6920.390625 -286.1728515625 -2469.4975585938 -13488.219726562 6150.5737304688 -2892.845703125 4563.2490234375 -114.34469604492 34923.984375 287.27197265625 
-14663.2578125 -13931.279296875 -8982.2509765625 11794.6796875 -1648.2875976562 13477.771484375 -5129.34375 12033.68359375 20781.31640625 -17325.654296875 13603.8359375 3.71044921875 3834.3684082031 -7421.7485351562 -22378.162109375 -17866.1953125 
-5520.5751953125 -15859.337890625 -8916.2646484375 -8899.7236328125 -39848.90625 -5113.912109375 -20246.513671875 7987.9780273438 -3950.8056640625 35766.48046875 -14265.696289062 -1314.5947265625 13091.345703125 9064.6650390625 -3544.4736328125 11496.173828125 
45640.3515625 -12055.11328125 -13451.326171875 20943.46875 -17458.525390625 -11565.55859375 9504.3095703125 -8652.375 -4564.5673828125 -1793.7878417969 -1496.8203125 2547.2758789062 -191.94812011719 -1665.1275634766 -27480.470703125 2796.9912109375 
8851.009765625 38684.8046875 -1793.05078125 -12264.685546875 20194.1015625 -6390.9067382812 13631.772460938 -22545.19140625 8823.2490234375 4419.6884765625 -22606.51171875 13434.984375 -806.21875 8085.2509765625 17505.51953125 21817.640625 
28733.65234375 9878.568359375 12077.987304688 18216.943359375 6986.9443359375 -12273.666015625 11466.416992188 -22368.384765625 -1466.9913330078 -8364.51171875 1596.1650390625 -9036.2802734375 -2726.3295898438 -19723.07421875 -3124.1655273438 -11446.072265625 
38003.9609375 18833.505859375 1294.1000976562 5299.3681640625 6037.03515625 -4802.5141601562 16510.982421875 -7888.9536132812 -3154.0942382812 14332.880859375 -12093.674804688 7531.541015625 -10111.58203125 -6417.8549804688 -3398.3137207031 -14122.750976562 
-2683.009765625 -8913.4736328125 4285.009765625 13463.89453125 -14282.208007812 8333.2568359375 -9039.74609375 -5608.408203125 8536.2646484375 12567.790039062 -12576.045898438 -3139.4072265625 13202.78515625 6675.0791015625 -7151.9638671875 12578.990234375 
