10 10
156921 1583600 1332855.125 -731925 -123924.03125 499555.09375 117782 -2389720.5 -579.578125 751664.5 
164109.03125 1506571.5 200888.28125 -815112 -299209.75 1294234.25 1168600.375 -563978.6875 1271665.75 -852947.3125 
-52968.25 -388658.1875 -531568 357498.9375 757132.625 -1627889.375 -828169.75 1522710.5 -1082403 -1196549 
179798.34375 2975778.75 -213183.828125 -3439486 -1146873.125 -2762983 1030398.625 -1544488.5 -1525385.75 -1977321.625 
77654.53125 -293249.875 -223828.21875 1145040.25 -470656.0625 1148213.625 167674.375 -242852.171875 518054.375 -1350946.75 
-839408.375 1213349.375 -38687.625 -219026.75 1044972.5625 478.46875 1201909 661918 422701.5 -2071123.5 
-929212.3125 -865662.875 854475.125 611877.75 478297.84375 -416742.4375 -187875.0625 -73374.28125 -373477.9375 2113367.75 
-556030.5 -657058.875 339778.46875 1311570.5 602356 2542576.25 220437.859375 662090 1301520.25 -221510.75 
-331760.3125 86767.359375 765877.875 -103888.6875 -592128.0625 -164477.65625 89604.09375 -42717.5546875 1079343.75 175897.6875 
-879571 -608809.4375 512619.3125 1430507.25 596811 702852.625 662858.8125 -1105238.5 291925.125 84680 
