16 16
1180328.75 -889043.6875 -1872664.375 -268092.8125 486165.1875 1188328.25 417532.9375 -795375.3125 -1255351.75 30145.84375 -1867146.25 1636938.125 1440522.75 1502262.875 -2599467.5 -83140.15625 
1315675.125 -965779.375 -1449845.5 1773542.5 -2691.9375 -2150734 -4547683.5 -1169497 418095 -2197745.75 -2291318.5 -1070544.75 -1032585.5625 1227822.75 158581.75 1492361 
1219274.625 -178696.90625 -2219801 -478894.46875 717627.0625 -13652.12109375 1279106.25 -1382896.625 -3120439.75 1925441.125 217979.28125 236380.734375 1214762.625 -1257231.25 -2377491.25 1276659.875 
128728.9921875 -1119107.875 -330323.5 1394351.75 -2771039.5 -241.1171875 -1638762.75 -157644.78125 -260385.15625 1916395.125 -1677720.75 751093.1875 481379.90625 -125975.140625 -2090461 -1089221.625 
1623424.25 -233500.109375 -93650.546875 -58267.91796875 1383574.125 -2362727 -433429.53125 -90361.0078125 -1923348.25 -1674301.125 150199.875 -889347.6875 -327001.28125 161242.640625 -2268864.5 2883488 
1881233.5 1061805.5 -1774370.625 325870.8125 2399768.5 284619.875 818621.375 -1282482.25 215307.15625 -818584.75 -3317623.5 -878681.625 -42505.4296875 2496675 399271.90625 -31831.6015625 
-200459.953125 424436.75 -1324604.75 -601864.875 -1938505.625 3070599 -232203.828125 -1992754.125 353224.25 2906148 -2183932 1661895.625 -221848.5 -192186.875 1355838 -2232346 
-1078837.125 -1828545.375 -391628.1875 480200.8125 -912172.125 -670101.0625 238518.21875 -501046.8125 -329330.3125 2470815 -552221.125 184220.015625 1240447.75 -1961252.375 -1309710.375 581477.5 
-361587.0625 -1194138 1419855.25 1158206.375 -1836810 -241758.453125 1137948.125 1242046.875 523787.875 -400966.09375 673578 72177.1875 -812861.3125 138230.203125 -1241814.625 121422.34375 
1332076.125 -2630830 1719761.375 -1006106.3125 -705054.9375 -1505332.25 778149.4375 -490990.8125 -103639.9140625 178949.71875 417431 278402.1875 214156.109375 1611248.75 -697130.4375 1891123.5 
-2430903.75 203922.375 -141612.25 -1545452.5 1633184.375 1293331 -1952880.375 -1489425.5 -147159.09375 1421862 -959876.75 -1964345.125 231807.1875 -191226.875 530460.5 -381789.84375 
-960392 528787 446713.21875 -1402307.375 472663.8125 -369167.875 3416077.75 629053.9375 -1253794.5 899948.875 169932.953125 -129403.84375 452895.5625 -1378483.75 -1992921.125 307852.25 
1011779.0625 2695935.25 -588203.0625 -226295.875 616021.5625 697192.8125 770440.5 -1728947.25 -1167174.5 -1418486.5 -1655041.5 1694406.375 -1030678 1545644.875 2291561.5 -511120.3125 
-1402165.75 -901529.9375 1836956 -1343190.5 177560.65625 -2566585.25 -226848.046875 1242068.5 36801.40625 -1158481.625 -472479.875 -108874.328125 473435.4375 2207909.75 600264.0625 550236.0625 
-441745.84375 477548.375 3094431 400206.46875 -1390330.75 -2567556.25 297757.875 916508.375 515744.03125 -967365 -590621.4375 -375237.875 -1842746.625 1461439 4132027 429146.8125 
941820.5 -1118325.875 -1119048.75 218604.8125 1271843.625 -1971328.625 -524421.625 825449 -2615177 -2073943.25 422316.84375 -123805.375 1911999.25 1268290.5 -4272240 1127346.5 
