16 16
3011477 -4100694.25 -144967.875 936030.375 -200487.015625 -671776.125 -497797.6875 1008565.125 -449133.53125 1091481.875 -418563 -145101.6875 1565991.625 83215.9375 -1081796.5 -1418430.75 
853691.8125 191640.703125 273527.53125 -12590.828125 19366.7578125 626481 -1125330 -1050514.75 -162823.125 -1807846.75 -997590.75 -2464241.25 -1275298.5 273573.25 -732326.75 -461557 
-972370.1875 -379200.9375 -1839012.75 23251.75 387015.125 -1673181.75 -344592.40625 -1776367.875 -302251.0625 468657.4375 2548721 -1534856.625 568892.25 -676502.6875 -1061057.25 -1314426.125 
1564697.75 -2336958.5 -1498385.75 2195020 453319.21875 3300719.25 34756.125 1838096.875 -389647.34375 1529383 225472.125 -495370.34375 441901.71875 1286722.5 -1795225.25 -2296159.75 
625513.3125 1167119.75 -290543.9375 -1428422.5 -843829.75 1165049 1082256.5 -54992.140625 566180.625 -1154018.375 936357.25 -407037.96875 -1386914.25 -606131.625 -530582.1875 1720465.375 
799379.3125 -1850535 -508077.84375 920258.1875 440308.75 1034364.125 2338721 2517870 -355830.875 921436.1875 395304.75 -1625243.25 -835945.375 -476010.09375 739956.875 -2676238.5 
1376123.25 673563.4375 186538.1875 1469839.875 -416078.90625 1696496.5 1399840.875 1104556.5 -375417.71875 365209.40625 -185772.6875 196401.859375 -1538047.25 -478380.15625 -734311.25 -1310856.25 
1495291.625 834398.25 -385487.34375 1015378.875 -1258294.875 -471431.65625 -1619509.5 354103.625 -1529873.25 -2287194.25 -2378174.25 -1241237.75 -1960317.25 789836.875 -120432.1875 -962493.1875 
-2499838 737787.8125 -2988081.25 1079917.375 473673.5 -1224824.125 1451503.25 889629.0625 -796797.8125 609627.5 3069076.5 -1483823.875 208635.953125 -1398805.75 227296.78125 -2078661.125 
804462.75 1371805.125 264461.4375 692540.6875 -435808.09375 -1799326.75 492703.5625 602106.875 -862806.625 243820.8125 1154015.5 1543139.5 1573953 -2814310.25 1199081.375 -370472.0625 
-562000.9375 1433790.5 827105.4375 65956.609375 -1384783.875 -2209877.75 -1345445.625 -1519254.5 -1104072.125 -1403685.25 1007806.5 -862709.0625 795267.625 417817.15625 952419.875 1962682.375 
-394697.25 -590303.0625 -449989.6875 -1239486.875 1668928.375 1619820.25 720515.625 -279081.21875 3023757.5 786334.5 -672955 -713799.875 -3258565.25 12373.7890625 -2160090 306944.28125 
465830.5625 868554 1704865.875 -1921888.5 -1130749.375 -648041.4375 -418567.25 246655.375 227397.828125 124211.875 1410106.875 411555.875 -827272.375 -1652121.5 633294.25 -1552632.125 
-2558713.5 2810803 706322.125 -686167.875 -373938.0625 -2731327 -949671.875 -2434848 683310.5 -1653434.125 587034.875 342556.6875 169461.6875 -140358.625 551750.8125 1964556.25 
-1066309.75 513717.46875 -637530.0625 -1543372.75 1052033.125 38352.1953125 2113110.75 -690274.25 1119771.375 -76587.328125 -167301.5 -218167.828125 -1963539 -1321056.625 -138049.21875 289734.34375 
1438630.125 -3498753.5 89979.578125 834290.25 -409973.625 -92531.1640625 -659995.125 1050901 -1413476.125 1378819.125 457519.1875 86636.765625 2259290.75 415809.84375 369904.125 -1540930 
