10 10
-1221.8654785156 9197.2900390625 -227.0047454834 -10376.524414062 15490.244140625 765.55157470703 12671.87109375 10402.124023438 26417.54296875 -13279.1015625 
11110.239257812 10700.241210938 -21332.791015625 -20392.744140625 28568.001953125 -1551.0532226562 19683.63671875 11450.833984375 19913.236328125 -11551.35546875 
17550.33203125 16936.505859375 -4315.2465820312 -18152.462890625 7185.3720703125 7043.8291015625 -9197.658203125 7164.7685546875 9183.8828125 -20603.013671875 
-12200.390625 -15533.630859375 1389.5654296875 7158.7705078125 7795.9365234375 -10005.732421875 19138.63671875 -16096.685546875 6006.328125 19767.375 
7032.8974609375 3338.0676269531 -51.522705078125 36.30712890625 5929.525390625 5612.5009765625 1379.525390625 24761.3671875 -1389.0718994141 -5239.908203125 
-11077.302734375 1758.4052734375 -4031.0725097656 15992.704101562 -2933.78125 -4331.0009765625 -6485.1953125 6947.3041992188 -8029.8930664062 8360.79296875 
-10006.471679688 -5631.1875 -1167.7056884766 923.1064453125 9071.390625 12578.12890625 12947.91796875 -9003.529296875 14050.08984375 -3237.91015625 
12989.884765625 4237.3891601562 -4340.7172851562 -491.41577148438 7667.1928710938 -2910.8776855469 -6048.0478515625 12029.376953125 -9255.69921875 2592.7858886719 
-3063.8056640625 -2456.3742675781 -1029.7493896484 1801.1416015625 -2534.9096679688 -13714.740234375 -3084.8112792969 -15102.029296875 -5161.5087890625 11874.08203125 
939.12353515625 -9660.3173828125 1435.3005371094 4623.7612304688 3484.5642089844 -3136.5759277344 14147.926757812 5931.8359375 -9071.1494140625 8238.3193359375 
