16 16
-1193872.125 -2076192.5 1338897.625 308841.5625 -543471.875 3925138 -48525.109375 -184609.390625 94512.1015625 2496602.25 -1335964.25 1591685.125 -725112.4375 925491.25 976516.1875 -1804305.75 
190225.890625 183127.15625 182521.765625 -193381.625 -1251637 -439094.8125 418171 28047.546875 -622734.9375 1802794.75 163328.34375 -315394.875 -492949.375 19699.25 -1343775.375 2450799.25 
-650556.1875 -421011.8125 35853.3203125 -1306673.875 -590192.75 1410292.25 185338.4375 -158028.140625 224451.09375 2376612.5 -567765.75 1341853.25 657100.125 -1036349.875 1542987 326769.4375 
1388118 -565373.1875 796771.9375 672999.25 -191226.65625 382816.90625 1169051 -1979722.125 -129939.125 1728512.5 497744.21875 -447570.5 187380.1875 -1742571.625 198556.984375 526808.375 
-2829560.25 661421.5 -770921 -1084148.875 -1551410.625 -1976497.375 340390.21875 759506.4375 -150809.78125 -2276936.75 513.609375 -2141652.5 -2130062.25 1892672.5 115020.265625 -1476412.25 
2813262.75 -113825.6328125 -499766 358839.8125 700076.875 1758945.625 -702160.5625 -321928.9375 782143.625 829744.0625 -880645 959070.375 874232 -2252761 3594070.75 -2330703.25 
262372.5 1584083.5 -1192357 -342544.4375 2670083.25 395267 66195.53125 -957851.25 -1174281.875 -1310513.75 1081834.625 -1042384.625 -1570443.25 -1237482.5 -934949.6875 -2715448 
-1136249.125 -374257.46875 1657453 732240.125 -345607.90625 206080.78125 -1358863.375 -903068.0625 1925954.75 511388.53125 -65285.4609375 22818.078125 -1583310.25 991719.5625 79258.90625 -894490.1875 
-2188885.5 -1729547.375 1828485.625 753063.25 -152111 683807.875 1766293.875 -847796.375 2262314.25 1541953.625 640477.5 1897716.75 -1498235.875 -684553.875 192118.5 1482838.5 
-713246.875 957833.0625 384542 -876626.6875 3422013.5 -546099.75 -338822.25 -1242656.5 1102780 -1518551 2792166 1534723.875 1291001 -2106397.5 1790119 2364144.5 
41911.3125 523276.75 166220.03125 279468.375 -2063681.75 -1578893.75 -902200.625 755909.3125 -782770.25 303040.0625 -386345.8125 -991035.9375 -37779.6875 1178540.25 -1953979.875 445549.6875 
-245875.609375 343643.03125 1071141.125 -424296.625 -678531.875 1472188 -806958.8125 -433896.53125 -219799.1875 -609389.875 1090532.125 921664.9375 288727.75 583374.625 -147332.28125 208166.71875 
-970377.125 -1265955.125 -246117.421875 -2016248.75 -551646.875 4383046 922156 -1288376.5 -699759.75 3868754 -1125931.875 -351600.3125 1377512.625 -25791.25 1066226.375 -722360.5625 
-1182084.5 -62331.2421875 1105717.75 -600833.625 -67044.9375 549645.25 -488058.1875 -1402487 -682051.5 1310842.25 1291743.5 1226648 -761639.25 -104024.25 -496783.9375 1683311.25 
1690817.875 -755682.5625 -530573 39816.375 1495829 2072901 -922199.625 -210402.671875 76608.375 -79767 -945688.875 -53354.625 -192589.46875 -405005.96875 1875507.75 -4755258 
-635705.9375 -843662.125 4649.8046875 -633002.625 -2047135.5 1621465 499768.21875 638413.5625 -1045898.5 122089.875 -1515527.5 678253.5625 1228475.5 1673373.375 -719106 442909.625 
