16 16
0.65304017066956 0.68720829486847 -0.73144793510437 -2.0050072669983 -0.72921949625015 -0.62159568071365 1.4571807384491 1.8056730031967 -0.25974327325821 -0.18100002408028 -1.6686786413193 -0.63702720403671 0.27320873737335 0.33184540271759 1.5853292942047 -1.5231276750565 
-0.23799687623978 2.8125360012054 2.5677680969238 -1.4569511413574 -1.2347421646118 3.260125875473 0.89322209358215 0.94331610202789 1.5307810306549 -0.65788078308105 0.64827138185501 -0.13930487632751 -1.9352276325226 2.5249063968658 -0.63408082723618 -0.46055093407631 
-1.5825366973877 -0.31730091571808 -0.35665959119797 2.1850409507751 1.0592507123947 -1.8077869415283 -0.63558691740036 2.0877377986908 0.049049437046051 1.0616818666458 1.2810049057007 -1.3606309890747 -0.70316112041473 -1.3352278470993 -1.5184442996979 -0.82827162742615 
0.94304811954498 -0.55304807424545 -0.59423470497131 0.67806100845337 -0.025421276688576 -0.076204419136047 -0.56951016187668 2.713493347168 -0.0030888915061951 -0.42857524752617 -2.2808690071106 -1.5587202310562 1.3590267896652 0.051013916730881 -1.0816490650177 2.5928661823273 
0.82126969099045 -0.13701052963734 -1.4855620861053 -1.2691428661346 -0.74165368080139 0.31043660640717 1.480993270874 -2.1247944831848 0.46589833498001 0.67131274938583 1.9354820251465 -1.0480527877808 -0.23640796542168 0.61609202623367 3.0192813873291 0.7292652130127 
-1.8272769451141 0.21651777625084 0.33380573987961 1.5088905096054 0.15564399957657 1.614389538765 -0.98064011335373 1.3925815820694 -1.2905926704407 -0.96092593669891 -0.92963719367981 -0.70161020755768 -1.3298028707504 0.47791394591331 -1.9443020820618 1.7597733736038 
-0.87995994091034 -0.59460300207138 -2.7990491390228 -0.28784626722336 0.8730366230011 -2.4517631530762 -0.078944355249405 -0.062207192182541 -1.1767725944519 1.0006896257401 -3.2228088378906 -0.43054300546646 0.14051093161106 -0.73780930042267 0.9357031583786 1.6925443410873 
-0.45476865768433 -1.4690583944321 -0.045936062932014 0.21281772851944 -1.4578006267548 1.6506414413452 -0.39228993654251 -0.35804164409637 -2.0468642711639 0.1065224558115 0.41642582416534 -0.68303376436234 0.61835384368896 -2.0391764640808 -0.9269967675209 -0.35635107755661 
0.77396923303604 -0.61802423000336 -1.8965678215027 -0.90849936008453 -1.9346137046814 0.72269678115845 0.084290564060211 -0.10931748151779 0.26020550727844 1.6740255355835 0.1309888958931 -0.98729300498962 2.3150832653046 -0.84089457988739 1.1152439117432 2.0878648757935 
-1.7930768728256 0.72342610359192 0.26538398861885 0.9368189573288 -0.76184368133545 0.57374745607376 0.37270125746727 -0.80717903375626 0.23282310366631 1.4341105222702 1.3814142942429 -0.7187551856041 0.92459338903427 -0.675053358078 0.67171615362167 1.4085601568222 
0.72436445951462 -1.4919658899307 0.57958197593689 -0.20267474651337 0.70706176757812 -1.3366733789444 1.0567001104355 1.5111210346222 1.0874099731445 0.20374222099781 -0.87638729810715 -0.070523411035538 -1.1584836244583 -0.48286727070808 -1.4229379892349 1.2175648212433 
-1.6256964206696 0.4711052775383 1.4783728122711 1.4921236038208 1.0216870307922 -2.1545298099518 -0.39974907040596 -0.46212074160576 -0.28195303678513 0.13125431537628 -0.61184495687485 -0.3184443116188 0.85505205392838 0.48789304494858 1.373605966568 -0.54428398609161 
-3.596538066864 1.1632928848267 3.1753582954407 2.3327834606171 -0.24732279777527 -0.11388695240021 -1.0653458833694 -1.410497546196 -1.2974050045013 1.2672771215439 1.4047591686249 0.62990808486938 1.169374704361 0.75734162330627 1.0457391738892 -0.091488718986511 
2.4245426654816 -1.3076704740524 -0.87088304758072 0.20405867695808 1.2971115112305 -0.95649373531342 -0.19251306355 -0.31540513038635 0.15511441230774 -1.7416462898254 1.543038725853 -0.085720539093018 -0.66349500417709 -0.16383197903633 -0.73906099796295 -1.3992779254913 
0.86930042505264 0.82867825031281 1.7487272024155 2.2834250926971 -1.1058349609375 1.4201238155365 -2.2749092578888 0.12324742972851 0.65207052230835 0.79120564460754 0.66867637634277 -0.65231621265411 3.4681758880615 -0.10794142633677 -1.3540749549866 1.2004673480988 
0.60068702697754 -3.6178312301636 0.43913316726685 1.4602179527283 -0.12904965877533 1.4068777561188 -0.95494270324707 0.81872636079788 -1.102590918541 -0.14105850458145 -0.78510159254074 -0.26438587903976 -0.40726345777512 -1.8057969808578 -2.5068740844727 1.64271068573 
