16 16
-191027.1875 -990619.4375 1252923.5 2004961.25 -1734974.5 -1095646 -967634.4375 -1092718.75 236467.40625 93040.640625 118703.40625 -210927.0625 713560.3125 -148541.5 -459986.1875 -1494246 
-1931385.125 -1473973.625 726722.5 -1661684.75 -3042855.5 -847144.25 -2146452 -2330175.75 -889264.3125 687244.75 -1596466.25 -168540 264532.78125 464847.21875 418560.25 60333.25 
509267.625 -324588.5625 674843.5625 1425074.25 -1174625.25 1936923.75 -2172061.75 -828840.8125 -904185.4375 -2252668.5 -943280.875 -1152063.875 -409599.875 -1063917.25 2015349.375 3175186 
172782.109375 -1180758.375 -1750208.75 1137730.5 -837684.875 -754668.125 51029.17578125 -1803742.375 -1021420.625 999017.4375 1812433.25 -1205932.625 -2943710.5 56438.44140625 1034795.5625 -1389154 
-1664706.875 -688186.75 534034.0625 -864221.875 1810493.625 769586.5625 -3566036.75 547699.125 1819614.25 -2652648.25 1386677.75 -606939.375 -538092.5625 342551 -2231693.25 1917114.875 
-386544.125 754911.3125 633081.6875 -951715.5 798002.6875 929200.9375 1427184.875 1489719 -660133.3125 1831370.25 -2013181.25 -704592.5625 1261755.375 1018430.625 782015.5 741195 
-190236.140625 -386610.78125 -2579492 -2617857.5 5917.3359375 -356963.8125 1359700.625 -1464215.375 -79413.84375 -23855.96484375 2423390.5 396672.625 -281797.8125 -1195017 -286948.5 402115.625 
-365280.4375 -76758.03125 -830020.75 263473.40625 -2941561.75 -1749897 595630.5 -864033.375 -474256.5625 3572500 -935986.5 808435.625 -288.40625 569549.9375 61327.84375 982179.5625 
556947.0625 -1159898.25 459699.0625 1880648.125 811893.75 796062.1875 -523652.34375 199739.5 632348.9375 549764.75 -861585.75 -2171579 814522.125 -1252911 -1241538.375 -499687.09375 
1419730.875 -1818101.875 1118991 -807205.0625 -411965.25 665337.875 1392996.75 -18435.8125 -72130.5625 180625.671875 -3976031.5 -549220.875 1985654.75 -2029276.75 1279521.75 219601.09375 
-1403198.25 -722589.3125 -679927.75 652409.375 578454.1875 286799.75 -228768.15625 -497857.3125 -108089.953125 168430.765625 1746260.5 -483902.625 807641.375 236676.8125 1410393.375 -390487.21875 
-1587750 735014.25 -852644.0625 -1966722.625 -789733.25 68386.0625 -71154.21875 -888523.5625 -1048884.625 -494595.96875 1556809.5 1481311.625 80333.6875 1304672.75 959400.9375 -757137.0625 
-1003111.5 1694044.375 -1632138.25 -1413495.25 1316009.25 -1120182.375 1016082.8125 433924.9375 702413 -716914.875 2873602.5 1373326.5 -910562.5 -131713.1875 -1050733.5 -2117945 
175907.609375 201245.671875 -1946230.75 1450419 1952050 704125.25 1057309 -348544.0625 995550.4375 579507.25 -1235922.125 -622481.875 499338.25 704898.3125 2163926.75 784664.5 
-1145041.75 -424583.9375 609323.3125 -1581589.5 4031029.5 830570.5 -883896.5 1551618.375 2173996.75 -1870573.25 281343 -497360.0625 1272864.75 1078963.875 -2831533 341913.375 
63471.9375 -1170801.875 -242976.1875 -717491.75 844029.75 581971.875 987518.6875 494578.5 -846831 -1204908.25 296661.9375 5725.0625 1225368.375 -1232811.125 -201676.625 -432801.375 
