64 64
-319465632 -139466624 -232280016 442847872 11886969 -13111581 -73449896 -614206912 306510144 -179080288 734956224 49447776 -357748000 494788864 -71401656 9812958 390646496 199791168 48495788 -277381568 22468446 362539328 564669632 378258912 -409333760 -198065312 -106244872 245100976 -193587776 256978128 -105245648 -151850560 -22652614 -310222496 85095248 -400242816 -592201344 -339534016 -547682944 -130806776 426069088 222490592 -229504304 -208516464 -139846848 -337237600 -184592096 248393120 455513728 -393446560 381929344 -432666592 193690688 -56570740 504607328 77300096 225988992 -239371776 -381315904 -181199488 -97782512 -74730008 185718048 284091040 
373615840 -190845536 -255395872 -301848992 -32330800 28837146 243962512 200388480 -266506320 15329704 -279728288 -53934712 -36569904 -66996416 -41002140 127512096 181147088 -64028248 -427719104 222831744 91030208 -146224288 292991168 240885216 -184315520 -101753664 500200608 50098628 34096148 63277748 24859456 -111404776 -104314872 -204217232 -438187840 279145088 218678880 142448704 51949712 234005664 -496219072 -67918056 -121766640 56107144 264270192 57163068 -285757152 122698272 394607904 190526656 -357859296 127712416 -288314688 -276901408 78948664 93854552 122973952 68544440 326661088 7195744 286547328 449596576 68592216 126237952 
291023232 292620288 158499520 37922192 -158172000 -20451530 -378157472 421595488 62176212 229924864 -65733508 71042912 368983104 -257872992 21752186 -213950384 -229392752 18241968 -336663232 -10039444 212412928 -24828540 -391568480 -436415040 90631000 -34604664 -233964288 145593376 288785664 221036480 173399552 -89331704 12077049 88188704 -312957376 325276608 -215327008 146553568 -14151014 -188240688 -172541088 -533495072 112888512 59110880 194322816 139940032 75299672 -125658376 -673429824 -80543152 -56992472 -130244216 -159728960 -57093176 -66018048 20549086 184411344 -210179056 -282695424 -577884928 236029792 -1218884 -413427104 -58967628 
167842464 -67979640 -129164600 -925923328 -438121152 -314144896 530849888 -187939184 355669824 172151024 263250064 -650381376 366846176 109447376 362197952 422463872 169227632 -752666816 122816880 -18303224 470880800 245912560 449851776 43552112 251234112 -181142576 503939328 83152424 -129766352 55048396 390543552 42412120 65521704 -159505520 -718949184 208466016 -323143872 -369539360 -100676952 253029952 197658240 155694768 341458560 -237103984 225438544 172806176 -322155008 -628692352 118924368 39447908 -120676080 205522816 114499584 412673408 -597941056 45924012 -210088496 -582620160 -611820864 15872512 -173661728 311972608 -56143956 -440176576 
260519616 -336634752 -149995232 494905184 -159465232 163095936 -24396722 109279320 857472320 217345968 -486965664 -282511136 -107180272 669921536 -161547264 13523523 -98336896 227259392 -193345600 -105145064 -310822368 -398364320 -96166992 146842224 -514290368 -256252032 161548592 -170984896 -66701180 221160576 -41821904 -457513824 302563552 -404937920 97091928 -264937088 -403475168 -752408320 94128072 -99053416 109947312 -133885936 -178093664 -298952864 -518227008 595510016 -154363952 -116010784 -60067332 -43848644 -141173648 101905936 452144256 -524938400 63397312 -65873144 -306762656 -153740816 569707264 165193984 -241592592 204749184 67670368 -282630336 
-457569632 -44986552 240613696 -232496400 -234175424 57404776 265160496 -176002768 -283332256 -119801256 7869186 -425843040 172443536 -171986368 10046928 240094896 45713048 -579675136 119655784 190309920 -203833152 276715424 165524144 312112640 377122784 -15468934 45552344 -144292688 -194720368 68897696 353926624 438480576 688086592 79102288 7640858 -204374320 61044256 -21130092 380426400 5647113 -75769856 -43496916 -27576014 38877856 178026080 -84664632 -173280672 -316696256 -240781712 -408028832 8216478 262806944 -562809024 61843860 -214488720 82932656 -198618560 87778064 -120664040 -210108032 442013088 79640464 -137481168 -213718928 
-154737280 -30535900 -174854512 173215744 152897472 270318336 -43675032 -51925500 -5575429 -181722176 186147760 -57822596 -120751936 450927424 75073952 -439764160 205139216 407963136 -73771936 161096736 225924592 -340527424 46639472 -86209840 -156745984 11775876 24596968 384090496 464483264 -516704608 -77823 156190752 51333536 220392848 179829728 159694352 -344668032 -185104576 39303692 452076672 94530080 322955104 -462928032 340782912 -580389632 -68421752 36061348 415259616 -192905840 -306460384 178555872 67760800 -54552464 -404840576 483160000 296686464 -72665248 236814912 563305984 -16683476 346643008 -333742208 -189164736 -179050816 
-52780140 259996928 124630912 -76188320 125338928 162200848 -39242120 30198282 155299312 132872008 -272159456 -2494352 124016280 258640064 -15401538 -212498176 15176799 87482184 -168577024 378812160 163092384 608593984 -156637408 -87935360 377563808 -108550848 59272476 -61936844 29158788 -187122912 185247552 -338259648 150642288 640722624 140446320 129914976 -136204384 -303594592 69339080 -109449664 -150666912 -184192592 -141011648 -36746336 96947272 142684992 471155456 -304343712 -115351616 41507384 -18945616 334011232 276746240 150935776 -104074144 -58972264 -219225040 -59153712 -463234752 -234278560 -92187072 186747040 -396766976 -4337306 
-282163424 -106217088 -232738736 297814976 351466528 165465312 139362128 -129827392 459872320 -299516416 -8776644 -176067328 250375472 -158713088 -386661888 -15008378 494121504 158180640 -1054454 -131801736 -201319760 -121185552 51307820 173021440 -23396924 -246214480 -347453856 184398416 115501264 60748264 -116482360 377258144 -85130432 -326930208 -520328512 158746048 -340802080 -189418784 242142672 152085472 -130822624 286887648 -78711744 -102733704 -133761928 -248115680 -621573888 -83864632 -160312976 -133866872 460897088 -115899464 606955456 -221587408 313391584 -176422896 77534576 -143766976 -340916352 705599296 -75392984 12969136 305354560 2537018 
-392768704 17007510 163958000 331001504 245101056 51353580 -253893584 -218849760 109233440 4672083 -363763328 -129747904 15117894 246025360 -478031360 -408644032 338519520 323875456 14683185 250777616 12496094 47630328 -383502656 21661306 159046704 -496634144 -314530496 -407725952 -122603104 298123488 -141511248 -171395440 -191343488 621377600 -212299776 -155377472 -303874432 -232571168 107773264 -42518392 -353976384 445805632 -380061376 -130276304 255737888 -529586528 -46860184 -8907899 264561632 485631264 -63769916 -187964528 675929344 -63010496 462326272 75308272 -496667552 618589760 -549078528 273426240 185314672 81973760 143141552 -200386384 
348525088 -191800448 315505248 -370114752 -75238272 408692608 57515352 -111019944 -387323744 290970272 -133300512 -170444816 5785681.5 -253186032 353006752 150010176 -479969888 -364117984 389467744 -222465552 291506592 127867552 87132352 -167150848 130416704 -224501.75 345696032 -80334664 106696656 -204598096 -14698473 -218280928 -70009488 83898120 8871306 185909216 224918864 -320561120 99708624 16346834 499805088 -208374480 -98398104 -170884608 -4924506 181155632 142268848 -125567688 375042016 -239151632 -869250624 38925284 107918760 -241385376 246266816 -122845352 115987288 -355571808 -323051328 -161644944 -17230916 113840872 -529259104 99535592 
-23072130 176354800 -384382016 -220817952 -195509696 -174214096 508933248 -304876384 -459502240 -228427872 -356801952 322874464 17384540 -150643072 251526688 -6540738 -173812160 -229202064 201705504 -87058944 151471360 400774336 169179200 -394734272 -101915392 118185488 157990096 37617016 -3759468 -348394624 38991116 -281977984 -449438016 203954720 330528704 -101453152 -281227616 296718368 -298770080 544173312 62753224 -201738192 -68325456 -43398896 161290480 35246724 609280448 -353451712 -12508796 23569758 169482832 385299680 -42585656 61243464 -774062656 -267756192 -278778240 -229943888 -119488800 -411321344 -122598424 488295008 -432318592 71952120 
201777440 112812032 -296613792 -48998044 -343770592 319985152 108212664 216724160 -335730080 -154043648 254159952 -155618432 112074784 -261040064 -22377768 -290045824 -188847936 -339737856 360597376 -148970928 211920928 141687744 462564736 72837648 -43756872 -265622960 -380958080 -209654016 92841608 -61541124 119074920 321018400 -316145312 348983552 445028 100347344 437518176 167404080 -409543584 66715344 248488704 509918656 -149369824 59855152 -22946158 -535958656 -87869088 188843408 361506368 231488512 -47557512 -234285888 83875792 -423678624 20893672 156828864 -421737216 -208887680 -218598656 398064896 78238384 189921664 -450910624 256718896 
-398536512 235166272 166314000 58795844 468733312 -105635456 109818200 172712336 -243146176 -199498064 24416988 226250496 526104544 -208994640 266916512 104392640 -221555504 30338468 -103626584 33565044 -354800736 432995872 359196000 1052016 213657696 58893580 209206192 -297205440 232633232 -197920032 -375321920 388210464 305866464 -120497224 296320832 25127324 146690688 -117284240 129881272 255939152 -250050432 -192039264 -62231388 -87257328 161036144 -203610480 16914852 58722328 84297536 -87001416 31585510 223010608 111000360 -45682316 60953772 -904340 158953024 380165568 270403104 678919744 82958296 343296768 -171902176 394526048 
-129363136 287312192 423297888 82163192 473570848 -95248720 11223372 -91676616 -528927072 377889472 359205280 568467776 -46411344 -662073664 -100423024 63069868 -44115500 298005120 -534712960 595702016 149803216 -37018552 -333931840 -45773068 -27969890 198405264 136426416 356007904 -374120736 -495863328 239580992 86103368 -3442419 238456576 -116841320 313587008 146172080 427800160 46099520 148348192 -238557520 -170508144 -365860192 538350720 339801984 113236040 267517408 53188132 -298481184 -119967760 460864544 -139821360 -407034016 97713296 198255808 88415456 -201529920 358811200 161606400 55127128 270699488 -33842420 -102130800 360948928 
-158904816 360907104 156018624 306067296 -48551020 -97589936 -23726040 59722880 -183733248 2541470 -115320968 -63420148 -150000112 188983360 179812992 372225728 -504169920 520261312 -262267632 297067520 106212288 45774584 -345096384 -176922560 -105704968 197487488 211430624 -179150640 -238914688 -649144576 -204374208 -65416436 251507648 33116488 -131628456 -68613712 -4115268 -104778016 12211780 246417696 43974272 216765232 271573664 35496172 -380891008 -59885148 193286080 822033088 279610048 -167703584 -2757784 393428576 -22534454 187789216 -157682144 55808248 -256222192 -152052304 425872768 -187563264 626402752 -65379252 406964544 -504200544 
310015264 -384168224 321942112 422119104 172342208 -158929648 207249616 143033600 -44011188 7140152 -507371296 -303843200 125180208 -263376320 291458176 94587712 76701192 442448608 -94574672 201251296 -216835392 -303766976 257630032 -302131712 -62886948 417521568 292340768 -441091552 296020160 -735205312 104221616 -237726064 56584156 -141872640 266611360 -19103500 47542208 -113411840 233221856 304642208 110602816 201748192 -217654208 -113715312 -400103552 229576016 75575352 320432992 -168588096 -299564960 -120549472 -125839016 55053808 484946048 -559318400 -750786048 -43042352 9794478 936320384 56131240 -61769172 79971392 284034624 -333174304 
-450701504 262698672 -434938112 26026804 -344779584 360870112 91471864 74691888 -242546208 -264394416 22044230 309676288 336481408 -423862176 -103650656 -32672376 -137688976 111753368 354834784 -30294008 -155928304 413790848 340935648 80638872 -41094944 276897120 -87471608 -29179844 24615684 507078368 -156346064 -100931488 608667264 1950024 695073344 -315284352 95475696 335588352 -320374816 15406600 -102764640 -33401024 74555288 249098800 -1855228.25 -145659600 327668224 -387838688 -1108205184 -30247562 555800576 134764128 -107643632 -173545632 -288471968 573614592 33929320 348788320 -263219856 296610560 501411424 -64756000 75811720 12243746 
346813472 730368384 107836616 -78202064 -138134928 -31648780 -253120064 290868512 -215273440 -311124416 -279989472 -45761104 163837376 209859616 68525072 195630224 72698536 -27611026 -109068184 -241220704 -136572064 -57096144 -47616024 204763696 -76139520 199690880 -10202932 -42510032 -296107936 573511744 384672736 39493336 -64319072 -218429424 242254240 36541596 74656400 -110386816 91924256 339217536 224959888 10754323 -22744600 411803328 59277996 309377920 -214769392 89054552 458272800 265579552 -9297900 -269123584 -155045344 59229736 95002640 -12689539 -245027152 168750448 128698912 176580160 -131460672 60989456 -376757632 -190402864 
444062304 185547488 39891748 243808672 -258471472 -81908872 -66265428 388440192 -90334712 187852096 175191824 -203467552 -621079616 39081176 200632736 -276598240 -142896176 106677864 44569892 228698976 351663232 195986128 -89821080 178805520 100648912 -223926688 136374880 -122588256 -289320768 -457724000 -164200272 228608880 119378968 78143768 -173023104 -159678304 463715936 -249984208 832836416 -110427432 462264832 605574016 268019680 -74335520 -176571376 -168272896 120036800 -44304376 55063652 467069344 -782221184 243006224 551672000 -137565472 14058880 -40142524 90007056 71115296 -456610272 591690176 -136252032 -313082592 -406508832 -117447568 
-494188960 107687688 -220500768 -96842944 -14553020 11783411 -105490936 -609431360 570310.5 -193493712 32240240 -51419568 127575416 -366748288 -191902704 -136201648 -32786192 -280173312 -128829464 -9471838 -219335552 253917824 -361918368 17979802 404755232 -480309920 -489861248 442150432 44250720 269509280 -367551104 31778552 -41218880 -369741600 37228376 84141440 -20623722 27900014 -512808032 -419947168 238528512 -285951296 -80392088 -448731808 444563072 -101845432 -262188048 89487528 101488576 218318160 138896576 -111992744 50788048 -146705712 69815072 226830352 323454848 -202315520 -380047488 -5777284 -86303064 165807200 139028048 -47366432 
407494464 -609603392 14559290 292454400 -104779200 -371411968 109141072 189647568 615988928 -181570080 267196480 -196005936 -329161792 377111232 590686016 300914400 17110178 11281998 -61466228 270929792 -138535584 369367392 74126864 -190730448 552080448 -130810104 -139622048 -254204784 -85520160 -241378224 -555307264 -324535328 -90400184 -3987114 149406816 373694016 249084272 -170180304 39235692 129004432 601707456 444314304 301316256 -638242240 -165646848 85347760 -37497176 86104400 67659784 133717216 229980384 264866416 530130464 292379168 -476626912 -397880416 -108779528 13881036 376231776 548681088 46210108 -354817088 -11807029 -182918608 
208032848 221561776 -259985264 -163812144 -198868160 -170588672 25755152 -177561248 -343361728 -317672736 -41137932 -119233928 160272800 243595664 484985856 233831984 -450456064 -314928128 -57322876 -79920432 -39649448 57869712 601068480 -356971264 -8949519 -53957172 -137649440 49577676 214825824 -64751700 -245691568 495448448 -369496288 -162985744 562544512 48159740 -17993014 119572840 -579238592 310369472 587254464 191010432 -11430035 -292173280 -337587712 110866432 112699408 181669248 243618400 37398104 -378192576 -12098704 290828192 153452000 -290651584 4829466 83404440 -475747104 544627520 115275664 -222861200 487383584 139008192 130687712 
89269352 33096410 -118042640 -232495024 253217280 57977548 248828000 -120659456 -284276928 438957088 -309505856 4266228 331341376 -660508224 -103104640 -282311744 -458019776 -118010424 40167708 91888904 -238044736 147256832 259565568 -333464128 181406400 26157208 167161216 52092188 412965088 -198885376 -190805872 98907744 94726688 55609384 -125790384 361370016 -188426640 91973272 -72751232 -65519968 -4445628 568857920 -414932768 104909552 -385421760 -330111136 278381760 45768940 -353569120 226989792 26794884 97209424 258265472 -197407792 432405504 114365448 -150472160 41738696 301295776 495586368 580607872 424977472 107906600 318623552 
-463742144 -208841280 115370432 -94687736 346420032 638643520 231902384 28459098 440747232 376729696 381466432 -97634784 7429566 107918768 342420064 264372352 178060496 59670400 323727904 -204464928 199932464 -175312688 -43970264 304728544 158750400 231203376 -327583488 -109649704 -387485600 4849128 74317200 197106912 -85546288 178922352 -4945174 -157577088 -239900560 130262056 135850048 11079814 -5191624 -108789856 716158848 69501440 237570528 159567280 -195123904 200436912 71431784 -282370592 -321214400 -226275200 -725958016 -154721376 536967808 563356928 -354692992 194582736 -171776512 177013664 -53188104 -471389152 28434718 -74663088 
109157016 -112677704 -585539904 49756196 249490064 276025056 467699936 -429807136 284237856 73548120 -86623600 316206464 -208067280 -250851744 384667104 386814624 307844928 272121408 -169016288 280754496 -225249824 315612672 259465600 96168432 117522080 171775248 310348608 257036416 -164372608 54701904 143998896 23458238 -52045672 -478423296 2570722 -256330368 -291490528 174097072 -111533136 -18703272 -15004972 -366579776 469194496 -180933776 -239613376 575809024 104515936 293640640 107973312 10685079 269241888 267078128 -162451728 133593968 -299733952 80254368 14791793 -87662704 -25899608 208457024 -322207232 8569476 277461600 318177568 
-49544648 33773472 300278336 748710464 -266613872 168725776 -200109536 -107641768 -367371520 205789296 -239004224 -4137090 -249372304 -599610944 -219361024 -233838224 79119032 95985552 -3272244 437999808 37305576 -7968524 -616790272 -86245744 -17135954 -26049736 -440260896 164760864 -29753992 -364050752 218973440 336752128 -70407160 398436928 39663024 -38463776 -7572558 -207562256 466022784 -231506640 28609482 -441286080 -275920544 592685632 -283875264 162231888 79491424 598366272 -207696672 -372479040 33540668 -521966944 -97999720 -139534240 -416937280 -199835904 443384128 104660696 -74672144 -459867360 538298752 -343643904 -93708688 -308777696 
-186348176 -367560864 23032240 161279776 453928736 -29002328 -290975008 -43798320 124669928 -195427648 352831072 153126080 195599872 -216212352 -83695208 214216080 409907936 89551808 -474958912 -103019928 -178996336 58093704 179421248 12374916 -92268272 -176158192 -523512960 52259432 -81760480 552966080 -326020320 -206511424 -207032416 -551732736 -191070800 618354944 -149700608 458333344 -28416148 23231876 -91562104 -3017265 -305174752 -549997568 426045280 -243000288 -86646040 173001216 195224288 127517440 446720320 -43389524 138648112 17392936 133667600 146940784 110166808 -129241016 105236640 566025984 651503936 149546672 366213568 185467424 
33660984 -118425824 33552436 -129674016 -100430960 -500848992 -154114368 -439662592 14340526 172783872 -546544768 -35489632 122335984 328113920 -145497200 -46995904 -497882816 88003200 255822640 -219827104 -252305952 -435058112 -331501664 7534072 -41447376 -66611184 -27633480 -43131064 -62342832 107546512 -35346868 -656109824 -67693072 223846784 416746976 -267505136 221628752 -286339872 -195475488 -185454320 429711168 301368032 -242609696 -647969600 125315416 -166184144 -11097780 -35003096 168856608 306163616 -289900032 -227262608 504830656 -265094816 -13999568 1827608 -226917632 395724992 226811136 -424688960 -443569952 -45554128 -150360256 -9621134 
221557840 367404544 -437453760 -395833568 -364231808 -336152448 -17902390 50075884 27930200 -213157024 629512960 -290518784 -268502688 401266592 273403072 94189976 221177088 226715456 -396022912 270509504 125042120 -317948736 67036680 130627120 121695768 -78626208 171774752 410170560 -460412992 288368800 -333322112 -55585672 -64547984 260258608 -511917344 -676836032 34895324 107943472 -205625344 -79179336 690403136 137952288 348199104 86038744 -105382752 -119989928 -258383200 267883984 31912276 423691840 -273305728 -210587648 17342332 64292320 306273088 402137376 8162187 166683424 -150559856 151765968 -641296640 152721744 -2477939 -72230416 
-98856824 -143672544 -114838408 77227216 247895808 18985430 -18483270 -350447360 150288800 -118995856 932994880 -50008228 -267723888 82263080 154336448 -177732512 109179920 149357312 178377104 489475648 208838368 130208608 95622368 10759752 361037792 -171538480 -482268384 74437496 -98492568 32043712 -444797120 158130016 -164438624 369744960 -31011560 36223136 -226038880 148319776 -595596928 -110176384 408348928 195765872 -139864960 -2153851 487082944 -124736488 -164901344 282815872 -311946464 -122261664 31625856 -53011000 176182832 168979808 98343888 406238112 -14583045 -149836928 -33788792 -386679424 -38132368 -80824040 -64453512 356901952 
-143417168 -395899808 94071896 88125112 323416512 -106221808 -97216768 -216978592 444346944 -286346336 12906336 13818236 -24170926 -31289478 -89456512 -51070880 151329200 184066272 324918368 298151488 121182128 193073952 53187448 -427192832 466790464 -397011904 -105050008 82624896 44604224 -165438096 -170575840 -21643142 -165854288 126482632 219382208 58579772 45413960 -172577280 -188057792 52094356 -181930112 481027264 -11718748 -272051904 320959136 -427377248 -230750448 43002004 -89243680 -409640000 399709888 -14773826 599572480 106191952 -109935632 -22360350 241923504 -315750016 -235882624 452913600 42681880 111105744 197157488 84110856 
-1821051.375 -366023584 133437096 -374615840 -189087680 148538752 -207606416 -128920280 -13703888 -83676576 -267565040 -167317632 -98755720 166077248 11533455 -114726536 120643848 5879160.5 371664224 11844757 329972512 -246512992 -142446080 213634224 -162348400 139914624 -100794752 -71168640 90656168 239049200 -33627384 -391499552 -40431212 -292698528 -164082976 4740666 102238336 171879072 -388877824 -272865408 300576704 -95316968 -203658352 -223162864 218742096 8483777 -95336072 -417868704 152265600 226003408 -124950920 -40628876 48923212 303623520 136421152 156436640 -315404128 -216716656 200637888 106998416 -118638744 -250857584 -291376960 -147960944 
-47966816 -322049280 -187311136 -231066560 -88748232 422129472 451413024 158806864 69676032 374949024 48539708 378381696 -7997830 -129118416 72461216 -100614368 414956736 363035 -108304312 199346608 201851968 2643728 10423654 168592320 33713328 198474048 -272776544 191327488 -181877664 -54468600 -343443392 35104272 -159624288 -268489504 -221874432 292286880 112227408 263736160 -40731612 47665944 409597536 74924776 333432672 9180246 9379992 201963504 -48778648 35414320 -173265056 398679968 10592132 -27185652 -178789664 -209819456 351861408 6816244 61584984 -340003616 110222056 80069840 -43900012 -38500276 152726352 -12162416 
-51824936 -206558400 -242673840 489267552 355660000 70988440 -109752216 260605520 768391104 26922222 -57132964 -236283184 -109218952 223864352 202176208 -212579248 -300816800 467553504 -28440506 124503856 112232176 43037368 -27211096 -409614240 559548416 -39974276 -10773346 -269687488 -107005264 -506672640 63156608 -166921424 -224284896 188812864 -372530944 29608042 267094032 76654160 25181484 -92001216 2724283.25 190645600 -19162582 -232114032 -132729768 -390751904 -52835604 221390224 -274734624 -187247344 178066400 -321920064 320056256 21705476 163687232 120129568 -60350836 172781840 33873728 279586816 -205007248 -61021652 -282810144 71309032 
230245232 17254952 245325184 97892752 -129588160 -39706924 -290345568 -350497888 2211286 159376896 -35839080 -122978440 -139286304 -40680232 -252635072 -13714986 39135932 -396843456 15936083 669230592 22951486 14521258 306502752 347139328 -9480006 -253430304 150348528 54467516 -237904896 -153748768 258643392 256807440 214223360 224667680 -30602340 136038816 34327080 337402304 -280956800 -381049376 -161347984 149868176 -146198992 372072256 -101564720 70512400 -17528930 265007248 20407896 -194008384 -458895328 158931952 93336096 146210928 -103750320 108045208 423570208 -303133184 -169321696 -199584560 343972640 -228014624 -171861120 -52999200 
-227471344 79290256 256823136 -361962240 263071280 -23880920 155664192 -313705792 -293871936 66693520 267062976 -25184610 -215979056 -194901680 306459008 36982644 -64619348 -323616512 146678896 -217770336 287455392 -98671216 -31159266 -209683072 -213102800 373418368 337549984 40030540 111411808 -206443520 460393152 -216000320 -56826312 356488832 159557536 55618984 97941592 263657808 53135236 -89065496 -237913328 166453936 -114663160 -61524888 54709936 -402968096 255780912 513227200 585571136 -393288032 203307664 236921328 -163843616 112907648 -122671728 158146832 29016262 124125728 -362541824 -31662796 -134355040 18676104 -67570664 63733948 
195741232 -207782016 301483232 -225188608 -394128512 -123003664 -52419796 181499552 -427789504 -222309696 59837192 -218875664 18202380 68473992 -51200660 46586640 112374296 -539480320 -14402105 63854056 -304095520 111737808 -250985504 -27191284 -26607404 29585944 130546296 244868096 -9235300 -252439472 -317251584 236707680 -94478808 -83259352 -182510720 270599232 691774272 324380096 242826720 -40520928 16724492 282080832 -302357088 -263328832 -242343184 13175238 -143732352 498873088 635446272 191836784 -257959104 188991872 5316888 30371852 -299487232 -869509504 11613101 -333115648 62953268 -199044336 109507024 -378050336 -291572896 135797504 
-124691736 -27888920 -306197376 156846992 328491456 59010560 293929856 -189206400 231354528 211763888 -174640848 99900256 -373830016 -308421152 34153696 -136848304 292441024 126378320 55178944 -150004080 166665200 327856320 -108703832 399884000 54747132 -154803008 89539920 -188852112 -347240800 -59277860 255017408 -78286760 -274596992 148560656 -460516544 59610848 -1087445 251660800 107976424 -379031488 97888816 -193995248 93187816 178290640 -76756944 70830752 10087608 322123872 53103560 -244343824 447933312 146627984 -3342260.75 -129101224 -45163644 -5399783 36079716 203403552 -479517344 -381906656 -26078936 80447648 -166562832 434688512 
-62831664 167898448 -160610816 -286449920 -351503968 -367073568 -17668450 92461504 -347714560 -334875072 -498910080 372577344 192110704 -197530848 38326736 264297136 161104848 -275200832 91386704 109915304 -308982496 67927840 140891088 -126813328 75095904 273506816 525074592 50169784 -152105344 280308192 248822528 72426200 198780672 -213577376 -21081196 -505080928 -91772480 109661584 -382289280 224446608 155892112 -406301664 38911244 26652662 44159792 63387696 -96458296 165301744 -286020384 -261848848 596453760 -43511416 -532361888 244769632 -205912720 129205256 -74340304 453010880 411066816 -3960268 -298451520 173714352 -47376480 -245530592 
-187967680 406534432 65345984 -213808592 -208978832 -179664096 210205904 81101064 -115443096 72895016 -409874784 -325510752 159525296 24853190 -225490992 359862400 -266018624 -605574400 194930848 -102441392 -377390176 131206776 296627168 59955160 24950160 -14092749 433248288 135683552 -588665920 -14109700 677902848 97477584 323711712 626920512 -80486304 -159886160 -57432216 31437660 33504708 171402064 -253473856 211485200 -97962816 415381216 63491696 -168434336 57787184 -202761152 -116010832 -202863392 84737328 -101571144 -296780768 -217374928 -440503264 216006064 -24397994 190383216 -23647630 -287274752 152272544 -129073824 -388485120 -1311148.25 
344348736 189694976 388860448 -346322016 -517258 -364480864 -79903664 144013760 -183055376 -330350944 -64881504 -23152992 168196832 -162836640 -34557452 187855440 -44457224 -131235040 115326440 290959840 27827614 -29902254 -44272480 75374240 -453323360 230091488 285510528 -42268416 100131736 239863968 33838452 266420032 150143536 -145866272 -332792672 -197681152 -482016800 -113509064 -548038080 42755496 -198095360 70113560 -98869392 -18219960 113143040 262258656 -320330048 -76348536 -170383008 -128295032 -81613744 -199028960 -29645452 64452080 102574808 -281954272 46273396 -168835056 -54804624 121376112 -101178752 -3547930 -359567360 132445256 
188688608 164446784 148585568 -163856384 164769104 -2915782 262578608 53516320 -92503 36827440 -251276224 -134887008 199767840 -304354368 -156256736 155822288 -327067776 -143638352 301467680 -562247296 -250134960 -296032704 143126800 150357968 127145680 200555232 277137024 -188401280 286703168 331386208 -124011264 -173876160 -232354096 -391832224 -147573664 343093344 502720768 -516281696 394466176 228238 -230517600 -24717930 5593380 -179195808 -36427052 292999680 -164709728 40367472 628844096 189070704 -282829600 -177083904 -235754048 -423353920 267533216 -151303232 -125863024 92130456 271220832 71714968 193528416 -23804324 -420404352 32530002 
-52969376 -491967616 -164681840 210911184 108085144 138219952 -229492224 -308963136 104442384 -374920128 -63418080 -247494912 602796672 27305508 -220263264 161553104 10724050 -219435344 -224305728 -321263776 -12715052 -258061264 567357440 -113061776 -54695668 -271975616 -191851424 -193404944 -33509864 519638720 363530048 -133380016 -365925344 -943960 30225234 76717168 -169940128 -34506800 -531180416 381782144 -283162880 -353514400 -424293920 -546330816 424842912 -40238532 -271782336 -180104288 342247264 4751932 -116451424 -445827744 30503552 -121598768 225692880 -68532608 -60529808 -83228664 -124955328 -133828312 113052176 319387488 -192504320 95797784 
162432400 400766592 232945440 -688309376 -565921216 -176746160 204344912 -86202480 -243085584 -186749440 -61220416 -217771264 56081056 -263391408 -487278656 183496032 409696000 -895918976 243704448 -215580976 -115703800 -61170176 6513893 56261132 278281888 -245520624 -79660416 -271185408 -148622672 193121760 164001712 -153571008 41216924 235849392 -258860464 287003712 377786336 -237375056 169754864 280305280 -68974944 411729728 363981696 238168624 143521248 -117639824 44312216 -153007536 460823328 212511824 -314340032 78069024 180216144 -58497952 -200832736 -296743808 -60920808 -590947392 -942478592 88801216 158771648 -63289720 166720288 -511892320 
363488992 62956096 108092672 293895328 23080086 292410816 -61913304 -26419624 -220717440 425474880 74781736 -253576608 174900144 94472840 -627667520 -30494460 134552816 285176096 41368508 462180128 -56682912 -412143904 -106198368 295579104 -333529600 359795616 -125991344 193283216 251164448 -486156992 359768832 2221040 197117056 633204736 331874432 -553954496 -131400800 -50712224 31255956 -345372960 -291896192 374547968 -129911760 328871808 121130056 -147059040 56305580 151874128 186805632 -384311328 286871136 405072672 5697001 -253724816 -245536256 -215964336 53424604 -59661076 156771264 81919952 103811976 -449853952 -273607808 459920704 
-24774794 323870720 5525427 -68245904 -6841828 -415006656 -436555936 79479472 -156306608 -188166848 -54952096 167929664 78196576 319569120 74415216 -170280432 316988032 -136952256 -171565264 -88264560 69077440 78157616 96779664 17730126 -36492752 323455072 -21869068 -328543648 -160890992 248570224 142232320 71845888 -586728064 -381110400 144634192 -119810856 11331504 598878912 -172136960 106566512 -33452338 478333888 -206443040 -295860000 -162273808 -420122016 -187294000 237617568 68083008 132488600 148953024 -273981888 528543840 666875136 -499242752 -156035152 -186383312 -127041696 -321843072 219433536 -186198224 476288288 71473408 -386540448 
20281124 245330064 -8592261 -146034880 -10934074 -377922784 36957220 2364307 209213360 264297056 -404525472 -79823968 -78791608 -138198016 -217759824 -61042452 -774079808 333123488 275536160 24180468 106227528 -281698720 -194107088 -157144000 -754502720 -80667368 279646784 72181592 -168225552 -229014960 429218240 -321794336 420844320 -63934824 223531536 189128976 163924672 34798420 -91228504 -90338464 -315334624 124188992 171265328 391820416 47228280 344657248 -36221316 -462395168 -238961232 -177792640 -185249648 395597632 -73164640 -611209984 66987836 -80525504 98508496 77929600 33445976 -338129408 33879360 -350665248 -223948272 196050688 
66664368 -203529840 206046976 -226735168 21130496 79314304 75572288 323219232 320791328 672644480 -46500444 -260754816 138518000 403967616 -235573200 233630768 14642257 -95126232 187966304 182424240 -184688864 -136898208 -145757104 -49972640 193821840 93538696 393374976 -120354816 349089952 155361488 98481264 -87894440 14022212 -187736320 75137264 -130268816 385219616 -212306672 240558736 -188027744 418201344 7755015 355287968 -50981696 -400212736 36036756 -382036672 71679568 -293672096 -336602336 -402222720 400551392 -32441024 -265504544 -22345402 -37290596 -291657952 15828219 366253536 348285600 -492112992 125296664 -65040264 -85039072 
-95327144 -354323968 93270072 85513664 133852008 79231152 260101552 -64907624 73440368 230652448 69440960 -118181128 -389005152 -334792608 381451648 247171376 -22357140 -98150376 289910912 134251952 164587008 358405120 -235140736 115322752 248729152 429566592 -123407856 -330943360 166831632 -676912320 439420576 22429508 -135819056 219258144 367749632 87027216 196119184 -252692576 434883104 -1308194 128705584 -183811088 632602048 -183342304 -56989416 -197534832 -228705472 -41987316 53169456 -147325648 233312608 79933912 403999264 405291936 -379592192 9774953 64256940 33167004 -338802400 695480960 -528947648 -429758848 -22542376 23479302 
-110729280 -225851200 -105356624 -235890912 -54984816 74371488 38965560 -54367792 -203945536 50497196 219760256 -1065540 -100880688 487162464 212547296 -73888976 -175850000 -93051520 120421936 186323808 385362944 -118181632 291721408 155978640 -249247584 382034176 439665408 119883952 338787072 -189777680 129820544 -21833716 126626512 -477470624 -135594960 118560352 107402736 199635168 -372993024 217031376 264308160 116717992 323360448 66600024 -519837472 -34610736 -272514304 74206792 -227684032 -455514080 1274184 267363488 -179413728 -168124160 220888480 241281440 -277548448 -25066736 43338448 79603664 56876752 -613828992 -107825544 -28098048 
-411534272 -208186256 139348576 -82357608 -120002672 -239768688 -119039088 -98570816 -95335056 -308204512 292852832 19058236 125091728 243751008 -165916192 -307929920 -83001352 -319938976 -5886568 54425832 -133401296 -367682624 -181790496 -232881264 -395292064 45800216 -131655976 -117220408 15856480 36830308 -660624960 264748944 -725923456 -333272736 -143401536 -326795008 241505024 683010496 91348616 23000254 -115019712 110218144 -494797184 -160625328 577530.5 143069520 -165967696 232028480 624605888 57807912 213511872 216966800 -348685632 20258400 -262027904 -340042880 -359440768 100564712 469371008 -524753120 24559118 346630592 -53461324 173128192 
-78603048 -420087168 -123822824 -279253920 199162160 39731264 321890944 -186968144 434626048 -66610976 -44259448 112472040 -146165584 205477344 68387352 107290680 -12835142 319407328 447903296 118044176 185892448 -189594704 -562597056 279926336 92296728 54570880 -37416068 191857808 -49099396 -93917368 77815840 -444542720 42528536 -319912704 -49982928 -195842176 101364328 -31515958 -307704512 -30107910 293414112 217290272 78484384 222631056 135576976 195209088 46521356 -275863264 20048820 269136704 48732744 60236500 -484233184 13262722 66055924 -18898128 -149427776 -653812160 42863996 -238046800 -471386176 152562592 284594784 -465689856 
188721712 -414203040 -4926351 -351166528 -547460416 -329372416 -134235232 -42997548 45013264 -324714432 -523909984 -264152368 -159281552 126697264 142035712 -264666496 -181580080 -25412948 370151872 -545684544 256678240 -321532448 92682960 -49455424 -359811872 -324285824 33785252 -235148896 237345728 377457920 5353350 -500731424 136169472 -210801264 233756288 250948768 489814432 115001840 -261417472 -150549808 215250624 511630368 -293274272 -154644496 -65797744 -395449376 -60731140 -253099552 462248032 166007504 -293436992 -112114424 158006464 -299020096 -60783904 -221838016 266948912 13983572 62648064 239684080 205484656 -228736640 -127541248 -252189504 
-217138608 -29717948 284758016 -299900000 99542344 -446524960 -14375098 -372168928 90885184 458334880 268803552 -82528976 429847424 -382800800 -66356740 -172027008 60346808 30765412 -184523568 410036096 -230867040 59795872 -387922656 149287472 -78581264 -189586480 -106372032 46784444 149532064 6021199.5 61076116 -29791422 40181352 190856416 -260036784 398307136 -10433202 281251616 33529704 102415824 201347264 511425632 146897024 603006464 -82189232 -460940640 -182484672 210877280 -159598240 75726560 275610720 -233234928 431590080 -51231000 37551744 13615593 151948080 253954848 -486228032 -20089518 112353120 -96475992 547466752 234052400 
120014216 82716744 -122958704 216993968 94962440 239474128 115512520 130493440 165475360 -391202112 43478692 -194035744 -524751296 373117760 391784544 -119538120 265008496 20976424 -36942144 10733176 458812192 -107077016 -120592024 -154177568 365803136 -273441376 210068304 -115183104 30894260 -334925408 251891984 77482632 41485720 -117681224 -330246592 58706668 -232398368 -388449024 382040320 221401168 175513632 -223052896 238950576 -49173444 -107570000 25424516 -135239712 220181152 -229277248 -198244624 -87672256 285325536 198347040 -218602080 231153184 130426352 -5432884 156010224 -278137568 38068824 -419558880 -14632 -119641416 -391679680 
-63302776 -75691168 283055360 -131865672 -439274528 -23645708 84089544 -107810720 -70768208 -24589928 348801120 -17811244 81748448 101593248 76840192 -178335536 -160396880 -282989504 227046992 354177312 -265192032 293619392 53067544 290721600 -90618608 -216111872 -368721568 151908272 142468704 309477760 -704446848 113511264 91374336 -123205296 318207488 530339552 -152347072 -407719168 84470600 17815310 719928384 148430800 -169406928 276043936 -227255328 84167328 140930704 12335766 -343633792 -62204736 -68279264 -167064496 531255936 -452219584 115450656 81453384 387384672 -208180096 -392135232 3889912 319455168 -286372736 -113064176 103793408 
483137184 -18011150 171359776 63125232 325015616 -162838656 -288528672 144432016 522224256 237735680 37677308 30970420 -91013824 -126375472 506820960 -61012960 -475094368 75062568 -50509608 65355736 85221680 139559296 101503992 -384169600 543277056 -142754768 72971792 -406467968 145269728 -198962736 330321632 -259969424 -56428644 8510688 -18706594 472540640 -213956800 -204238496 -95631376 -93948128 -4023592 475844256 67034560 -275578752 -133063128 -36881860 -181325632 216296816 -142560912 203316272 13049524 -346481632 526864992 374896384 -75870232 302677792 -228388688 -267821200 -25637740 509555392 249554016 146255712 191594496 -289311296 
-245131680 128239848 -128551656 73220256 -80942632 56723204 -38558560 -128156320 354502176 164002224 -58219920 213194624 38406328 -17763386 157745472 -401561408 60834472 65028900 244019568 218161888 -1856256 -130480168 -349944864 55743056 164198368 -138595408 -565567552 176661952 125651824 114058200 -373955840 80789632 -357192928 168522736 366454208 -294671872 280735232 272511392 -231367136 -502134304 453300544 90829040 -25619668 -43333192 -4375188 -350283232 94751952 297916640 44465348 90995720 194815600 -369951232 -43438188 170360848 203381440 412992512 -20881998 105989344 307025984 -76539560 -190220224 353819168 -167147840 34958256 
-202830768 -88766992 748475840 293765568 192389200 -136501904 -201940160 -41440500 -41736380 -54978156 64635300 -110829424 -103797680 -129722528 -296106560 -70458440 -168004288 -26434836 -27004708 537918656 169009984 135727968 169224496 -186775760 169409952 -206414864 295741824 -208860416 -60903264 -584461056 407863712 310037216 304065088 407411648 -244111840 420752896 -257185504 -294250176 160668688 -169082736 -576902912 -7457096 -103776776 508853088 -43406556 -367637664 -37109680 -117650216 -232002848 -636035072 84023264 -182777680 -153395888 -51222168 29653172 54803512 311070016 10282426 -392368576 -255218656 561681344 -236967072 36230148 -71739360 
-45770560 48026308 117551976 -113687896 -34972160 11886710 284092544 320712224 -15634214 121461440 -219453904 112574032 20726744 415569600 47844500 -217560960 -67908272 -150524752 173033008 -142708416 80808896 -453143488 -32372788 129075984 -161774816 -158095216 314587200 -130608768 203687104 2022636.5 72802368 18376760 101461232 202032496 245245088 135903056 -1386116 -350515584 213234816 277572480 -232095872 137666304 218926144 711422464 -403890624 638397824 1786850 -76084560 107320416 -3657585.5 -502103264 336506464 -597066048 -928909568 -80250392 50061392 -102242728 352750016 315407584 -156115488 403681312 -360355872 -232440848 -230437792 
-937651776 -414750304 244774048 94532736 249282112 -173954144 13231586 -39603448 182579888 -102273888 203390128 -52885664 -96483960 31540704 -54267500 -168054400 314578880 167663728 93142936 281911360 -464788992 337892288 -177969072 -70360816 232314032 -71960880 -386472832 33464560 -42473884 -418759552 -608667520 158405968 93018296 82319912 -335286752 -369658016 -147477440 -30799072 127871904 -159557616 -11672904 -6665983 -229057600 -267278928 -19232586 -134932080 168779408 111705344 211124112 283747296 232890272 337378432 42571228 259565808 -129148536 -160238432 42641684 -88695 219234752 355884032 -268013952 -364948896 204701744 -90969120 
-184657424 56199472 -137088704 -361509184 -114161192 115522720 94898680 455187872 355036064 -159093376 -622963968 320573344 63693328 69824288 69219240 -168363584 51386800 77973840 341805632 -121513752 -41863064 -378941536 -185634240 -296816032 -296102048 174991328 42306352 402393536 467812896 -280008416 63238568 134729216 211120512 -155777520 -42159760 75602008 32345532 206408880 -268003456 -90321784 -19922770 72909472 71971024 232086496 -482600416 338316128 -24395478 -195806624 -199118048 571790.5 47660144 303243040 -503410080 -137539808 -200451776 -41817404 82729104 -735065856 712585280 -81292528 -131146168 -297373664 -57811548 -494550528 
1835880.875 -89013360 -144377792 89751272 -535050240 -225744384 -232004752 -37954252 -16302093 182502320 372860768 232095472 199124480 200677072 -77725072 44609472 -184853424 -223292528 -128872096 -158845296 -170421392 153101856 341026688 -227676192 3159336.5 64041308 141735024 -144324576 54789240 70610256 -258968560 -249665472 107157808 1723616 480116160 145818752 226740304 -260863008 -331753024 243310944 262271552 280935840 295762368 81974736 -555782144 -238039504 -77850712 349605792 418027488 132070856 -162644384 147244864 25137724 -323923168 -208159712 271602272 -220946096 -44546448 182389264 318822976 465492992 -271809696 45015224 -222252816 
