16 16
-111.9803237915 -17.795171737671 163.44999694824 125.62948608398 -82.692268371582 370.31838989258 -338.00436401367 110.74047851562 -215.0615234375 -238.8279876709 10.076009750366 -187.37452697754 150.17294311523 -17.381639480591 229.1927947998 -131.52651977539 
-41.564388275146 -204.69326782227 -126.08464813232 59.215549468994 69.76114654541 131.48016357422 28.774475097656 94.327514648438 -153.64163208008 115.00714111328 215.97355651855 -248.56954956055 -109.20484161377 109.54780578613 -83.244010925293 -181.76951599121 
-41.198390960693 159.54124450684 -70.043975830078 67.185981750488 -113.54745483398 149.39378356934 181.58753967285 -168.44738769531 2.2888145446777 -22.26197052002 221.19142150879 -142.73001098633 39.224674224854 -84.853988647461 -183.42317199707 69.942230224609 
65.83674621582 266.21337890625 47.845840454102 128.34568786621 -252.99468994141 137.52331542969 -80.809226989746 -64.493041992188 -48.30867767334 -89.819755554199 -41.384609222412 -31.410814285278 152.20124816895 -91.22745513916 161.95121765137 -100.15832519531 
50.466548919678 26.901195526123 87.311813354492 10.585265159607 -34.058944702148 60.489456176758 -55.890285491943 44.553329467773 28.50980758667 -13.847776412964 211.80966186523 -111.43148803711 -10.276577949524 -22.731197357178 -64.245491027832 59.923820495605 
-62.233867645264 -374.62908935547 -75.140670776367 -127.41988372803 57.039596557617 -72.371246337891 -164.22169494629 11.724890708923 -41.800567626953 -54.489765167236 -41.742069244385 131.21139526367 115.99778747559 -14.590581893921 164.68867492676 -67.694267272949 
85.439254760742 -7.5778541564941 -98.763397216797 157.31521606445 -154.31855773926 -73.914276123047 -208.99328613281 231.0885925293 -98.261627197266 194.91552734375 -63.982707977295 -70.734436035156 2.5772533416748 -62.295692443848 147.43139648438 31.905576705933 
-151.92015075684 119.76319885254 -82.141326904297 -110.44583892822 16.16907119751 -347.4462890625 151.77275085449 -72.197998046875 107.77713012695 31.714292526245 -91.924980163574 143.15274047852 1.1634159088135 122.58410644531 -63.032516479492 45.046104431152 
32.333812713623 223.93008422852 -35.96647644043 119.31025695801 53.876235961914 -44.312698364258 194.50250244141 112.56782531738 141.34471130371 94.761360168457 201.47660827637 -198.75625610352 -112.97278594971 -9.5144863128662 -213.5319519043 -101.96226501465 
118.43907165527 230.23356628418 263.25122070312 -48.368408203125 -114.98450469971 -15.363201141357 -164.79270935059 4.6956701278687 87.167343139648 -178.47790527344 -334.98028564453 267.02960205078 16.788604736328 39.97346496582 160.83050537109 58.327701568604 
206.04176330566 16.401132583618 201.64401245117 63.381526947021 -46.586727142334 -7.7867450714111 -205.45666503906 106.54182434082 -105.42068481445 -190.21566772461 140.43084716797 48.862838745117 218.75830078125 -77.37939453125 166.34808349609 15.384693145752 
-8.1816663742065 -130.73852539062 111.81350708008 75.119041442871 -178.76139831543 79.334510803223 -408.22796630859 195.46058654785 -96.47282409668 -28.755662918091 3.1764323711395 125.78392791748 135.59875488281 -31.282102584839 207.19804382324 -173.26210021973 
102.85298156738 280.11669921875 -51.615493774414 53.473190307617 13.705581665039 -62.431083679199 -7.2787675857544 113.30078887939 64.654190063477 61.284900665283 -11.17547416687 -37.420692443848 28.974964141846 160.23466491699 202.0724029541 57.507820129395 
-206.70880126953 -98.785346984863 113.80735778809 139.14633178711 51.950817108154 68.599304199219 -201.72869873047 -5.9767184257507 -92.77424621582 -48.88117980957 -173.8811340332 -77.672317504883 161.25942993164 -183.3928527832 139.16760253906 -114.89468383789 
280.86770629883 67.526969909668 63.209056854248 162.80047607422 78.533432006836 -2.5735597610474 40.120483398438 0.53260064125061 -34.908988952637 -45.750854492188 90.158416748047 -37.401248931885 50.818519592285 -63.834548950195 -23.347621917725 100.35745239258 
285.47650146484 43.464923858643 31.807229995728 118.39231872559 -126.7181854248 1.4005844593048 -190.78968811035 1.7501146793365 -132.46603393555 68.827171325684 -6.7974920272827 -71.442291259766 166.60841369629 -180.65782165527 308.52676391602 131.15055847168 
