10 10
-1.1712130308151 0.64691174030304 -1.1071157455444 -0.84969305992126 1.8606550693512 -0.56427133083344 -0.041417237371206 -1.4149450063705 0.2939840555191 -0.047318924218416 
-0.72413003444672 -1.1347924470901 -0.1298635751009 1.3943524360657 0.53569638729095 0.63255763053894 1.0874226093292 1.1869053840637 1.6086077690125 -0.48249316215515 
0.84809601306915 0.90980118513107 0.95812857151031 0.57924300432205 -0.83384078741074 -0.71820640563965 -0.019907236099243 -0.80124521255493 0.15596036612988 -0.50572520494461 
1.5538735389709 -1.6265163421631 0.24034316837788 -0.59722644090652 -1.0051935911179 -1.5237474441528 0.365658223629 1.420845746994 -0.32670989632607 -0.13547396659851 
1.1249781847 0.35681694746017 0.96624797582626 3.3423385620117 -2.1786751747131 0.45332905650139 -0.58221995830536 -0.83098787069321 2.7968049049377 -0.084106460213661 
1.7798006534576 -0.5704944729805 0.83761358261108 1.5628929138184 -2.1754014492035 -0.090642631053925 -0.5890839099884 0.2720755636692 1.6123205423355 -0.76253706216812 
2.2979302406311 1.1048560142517 2.2160096168518 1.4801586866379 -3.4080748558044 -1.3079870939255 -0.28586810827255 0.23482769727707 -0.18523225188255 0.59230947494507 
-0.11064855009317 -0.50288450717926 -0.82306933403015 0.24663844704628 1.339287519455 0.21756580471992 0.039170369505882 -0.38973677158356 0.96617150306702 -1.979767203331 
0.060035832226276 0.28530550003052 -0.1956001073122 -0.74575865268707 -0.43482559919357 -0.84142428636551 -1.0101956129074 -0.27059957385063 -0.90648007392883 0.34318524599075 
1.4153754711151 0.57237285375595 1.1004530191422 -0.079767823219299 -1.9459530115128 -0.9428596496582 -0.74347019195557 -0.40528643131256 -0.36723256111145 0.56142938137054 
