16 16
-302071.6875 85522.4765625 -1441168.875 -413086.375 719534.4375 23402.21875 1532662.75 -1431933.5 1128314.25 -751353.375 2023376 -1133952.125 -2126929 336100.34375 -204290.828125 -202295.75 
-892131.75 -1576863.375 -205366.09375 2106566.5 1094063.75 1923662.125 462950 2120918 -3481349.25 -272340.46875 1519171.25 893945.8125 453730.03125 3929571.75 2057888.125 1475706.5 
-465142.9375 -406030.71875 476615.46875 -291366.8125 -1130355.375 -2068140.625 -782470.3125 10211.125 1044464.125 -1492339.25 638554.125 -1455210.5 989874.5 -696401.875 -743706.75 -1346440.625 
-1301402.75 -1235290.25 -1171518.25 711152.5 -1148383.75 -805253.3125 383382.78125 2114712.5 806851.25 -813236.375 1118648 840713.125 60323.71484375 430571.625 -181296.59375 202987.40625 
610149.375 847690.75 -1202408.25 733727 362788.4375 1023728.875 1947379.625 2438281.25 -371395.8125 -1308976.875 439136.0625 -69174.6875 316435.75 1603585.125 -1399960.125 599988.125 
-343935 1691125.625 -631763.625 -1479411.25 1709528.25 1706472.75 -361340.90625 -1374656.75 264742.1875 1426416.875 -78873.125 -469840.375 117000.8125 61538.4921875 -635898.625 1381794.125 
1033203 1483275.75 262674.84375 1314003.125 379000.875 2311712 -503936.3125 1709677.875 -1291656 672850.1875 -419651.875 -740740 1697500 2039226.25 3362974.75 -1047380.3125 
-2359623.5 -555830.4375 585768.9375 -243912.09375 253560.875 -1845548.125 -597868.4375 -927584.5625 -922559.4375 -1112359.625 -134665.8125 624633.1875 -792332.625 -2155462.75 -1995923.5 183785.15625 
128364.6796875 2503196.5 295195.09375 -1784242.75 798342.75 -1720897.5 -1544731.625 -2534348.75 3249799.75 239240.453125 -555398.75 -1319627.375 -1732905.5 -3862745.25 517545.6875 1475356 
-354409.15625 -1021690.5 103880.484375 908820.5 -203150.78125 -919888.9375 1591761.875 -1490929.875 -946099 -1164642.25 -599052.5 14979.5 47743.2109375 -1580163.25 -1201009.875 -494407.5 
589106 1215746.125 1114818 -654694 1098183 1342227.125 -715367.875 -238843.5625 -661744.125 2296016.25 -425834.1875 739746.25 -17834.84375 1351208.375 -447823.75 1046788.1875 
-3086235.5 1366467.375 -680059.1875 -460244 -872728.125 -926693.625 -1471679.375 -578479.375 2221828.5 2625975 1202759.125 1681637.5 -114850.5390625 714960.625 -1318820.875 -2785248.75 
-672926.75 -238246.421875 -42821.1875 969965.0625 977677.125 876385 1554436.375 -590475.875 -1270443.375 1403460.375 726456.3125 828219.6875 -511323.5 1441125.25 -580305.125 -659599.5 
911786.5625 781328.75 181537.265625 -374424.65625 2516805 1271913 1711038.625 -2483435 -2747042 -1296746.25 1309494.75 -2491603.75 -1282245 -218495.3125 593717.75 471379.90625 
3912782.25 1453444.375 -515348.21875 676980.625 188905.4375 2246418.5 3080534.25 196848.359375 -2628839.75 -490924.875 -1690428.75 -1169909.5 838194.4375 1193235.375 191479.84375 -748309.75 
822774.625 -1757474.875 1301834.5 1934895.75 1258766.375 -618021.6875 -1263209.125 -1394027.25 968582.5 -2363611.75 325258.25 -330961.75 6830.28125 -540746.1875 4294609.5 596948.5 
