10 10
1150465.5 -1452467.875 2188248.25 -2789652.25 -1260274.25 -1104665.75 1657881.5 -233451.625 -1439588.5 3148076.5 
191757.75 -315184.375 -2205888.25 1645390.625 89708.75 1234696.375 -230816.234375 833917.5 206233.84375 -673197.9375 
-1894.9375 -316303.4375 994326.1875 890084.5625 -579551.25 -582653.125 -1839283.625 -3387726.75 1448096.5 -943911.5 
551343.25 -1033769.0625 -35557.1875 978989.4375 1246078.25 -901668.9375 -150502.25 342937.03125 -1137371.625 -1165333.5 
281059.0625 -294248.40625 -1765837.875 1706990 1559069.25 650743.125 -592392.5 2287155.75 -530182.5625 83973.609375 
-370851.46875 -1441971 153294.75 -569974.75 632814.375 -2109537.5 649678.5 -293157.15625 -1089315.375 -2176722 
-284122.1875 -487019.15625 688138.5625 -696878.25 -95366.671875 79208.265625 590594.1875 498766.03125 -691430.4375 -67547.21875 
252518.5 657645.875 227360.8125 -1279356.125 -26417.3125 -1479648.875 321885.34375 -673819.625 -251944.671875 -543856.8125 
-497221.0625 459934 -1339637.125 611289.5625 1748913.25 -14621.890625 -253943.234375 1935176.5 -377598.90625 -1551344 
1376658 -1691668.125 -376441.875 39347.6328125 -443640.0625 -638851.75 1008671.875 -7304.3203125 -1047868.625 1521224.5 
