16 16
0.83037787675858 -0.59364718198776 0.83086413145065 1.2585718631744 2.4906394481659 -0.35756400227547 0.15911902487278 -1.0360733270645 0.55602967739105 -2.3890290260315 -1.947497010231 -0.84910559654236 0.11936508864164 1.6878578662872 -1.4915214776993 -0.18698881566525 
0.040435254573822 -1.3986897468567 0.28383696079254 1.2800793647766 -1.2891246080399 -1.6266728639603 1.6068844795227 1.4307987689972 0.57243257761002 -2.6301002502441 -0.86077660322189 -1.444763302803 3.365996837616 0.27753260731697 -0.91840898990631 1.7171782255173 
2.0898976325989 0.86478298902512 -2.2597637176514 -2.9914622306824 1.0959701538086 -0.77085065841675 0.83304870128632 0.5105789899826 1.726290345192 -0.06769236177206 -0.678187251091 1.0469151735306 2.6800410747528 -0.30371397733688 -0.33527421951294 0.89902400970459 
-1.2602429389954 1.4217612743378 -1.2984890937805 -1.9320800304413 -1.0662858486176 1.1284599304199 0.46918272972107 0.43449467420578 -1.5432511568069 0.86716711521149 0.18656051158905 -1.7478160858154 -2.0835855007172 0.57320630550385 -1.06551861763 -0.71474993228912 
1.8710582256317 -0.4285301566124 3.8803267478943 -0.031542539596558 -1.6854059696198 3.8530383110046 -1.8263791799545 -0.6613951921463 -0.07904714345932 1.3204721212387 -0.82087129354477 0.59334242343903 0.72572410106659 0.015058994293213 0.7875617146492 -1.9839336872101 
-0.47062516212463 -0.34839743375778 -1.3974581956863 -1.1906603574753 2.2686457633972 0.71583032608032 0.68197196722031 0.66823410987854 1.5856305360794 -2.2533192634583 -0.37366256117821 0.5423179268837 -0.92216151952744 2.894052028656 -0.71832978725433 -1.7024480104446 
0.66268885135651 -1.8819558620453 0.039263054728508 -0.034169942140579 -0.49066150188446 0.65643692016602 0.11696408689022 0.12689658999443 1.7030557394028 0.93317091464996 -0.77119338512421 0.59425127506256 0.75172579288483 0.77299070358276 1.263458609581 -2.3775453567505 
-1.3481431007385 1.3696894645691 0.12295737862587 1.7991635799408 -0.13562422990799 -0.36440613865852 1.046275138855 0.068172082304955 0.21647268533707 -0.72592467069626 -0.68742352724075 0.89629602432251 2.5066676139832 -1.8451406955719 0.37596336007118 0.61036765575409 
-0.42863628268242 -0.88403981924057 1.6973187923431 -0.49441146850586 0.77314865589142 0.56821203231812 -0.98605906963348 0.11559757590294 -0.39819246530533 0.32468888163567 -1.4414632320404 -0.038724467158318 -1.4506212472916 2.0919101238251 -0.45788651704788 -0.28550112247467 
-0.42911195755005 -0.54902994632721 -0.15283218026161 1.2650150060654 -0.86693245172501 -1.143962264061 -0.044989496469498 -0.96305298805237 -2.532509803772 -0.5286837220192 3.3159172534943 -0.24646601080894 -1.6528186798096 0.92559611797333 2.443754196167 -0.58168244361877 
0.24101755023003 -0.17811292409897 -1.2031942605972 0.43575876951218 -0.60351502895355 0.94374150037766 1.7047271728516 -0.96280789375305 -1.505224108696 0.47392556071281 -0.96386796236038 0.31963184475899 0.71033120155334 -1.2558286190033 -0.81358367204666 0.89233458042145 
-0.50401222705841 -0.32701736688614 -2.5152802467346 -1.0651164054871 0.83483052253723 1.2842139005661 1.1151568889618 1.3777524232864 2.1458256244659 0.40291422605515 -1.0855274200439 0.1999260187149 -1.5322499275208 1.0079077482224 -1.2676923274994 0.37249603867531 
-1.5812960863113 0.67647397518158 -0.64951348304749 -1.5067479610443 1.6708034276962 1.1691234111786 -0.0094993114471436 -2.2939183712006 0.6581197977066 -0.44141367077827 1.4956232309341 1.033007144928 -2.2209839820862 1.1355856657028 0.29591774940491 0.22695909440517 
0.26853534579277 0.7988760471344 -0.85306853055954 -1.0811890363693 -1.2489371299744 2.7016570568085 0.2587895989418 2.5741155147552 -0.92073374986649 3.7806067466736 -1.0934038162231 1.2691633701324 0.013749837875366 -2.0753266811371 0.4055290222168 -1.2620944976807 
-1.7860466241837 1.9679408073425 0.23162952065468 -0.11550492048264 2.8865532875061 -3.8352131843567 0.53119623661041 -0.4914970099926 1.0705082416534 -1.487344622612 -1.4469697475433 -2.5640730857849 1.2643224000931 -2.0147058963776 -1.4888887405396 0.38210502266884 
-0.46612817049026 -0.86523735523224 3.3384077548981 -0.7397962808609 -1.1496548652649 -0.028468027710915 -1.4946340322495 1.7029347419739 -0.30810213088989 0.11888267099857 0.74529278278351 1.3735066652298 0.44549691677094 0.13228404521942 1.5928311347961 -1.2031419277191 
