10 10
-159753.9375 806662.75 -54928.69140625 -309701.0625 -227467.84375 -80409.1875 -1705058 18661.66796875 1794019.375 -428686.625 
1389166.125 -1056703 183082.453125 717644.625 -257156.46875 75299.078125 -284257.78125 1243275.375 1486566.375 -1435715.5 
-346876.625 -651545.5 391159.84375 96392.125 335741.5625 -1662866.5 524985 -2734276.25 -1110186.75 467277.625 
-954878.0625 2470334.75 -652840.3125 168692.3125 789425.5625 897057.9375 -2621149.25 -116779 2706759 758474.625 
-265031 466787.75 425176.71875 -508283.25 -626207.375 681093.1875 -2346720.25 -64777.9609375 1627813.625 -1000368.875 
-1215525.125 3191363.5 -1366214.875 723002.9375 2472571.25 -58323.4375 -327493.09375 -374890.90625 2254820.5 1595928.25 
-1440922 678305.5625 139667.390625 -1234534.25 -303768.78125 852899 -2088777.125 -1346635.5 754837.75 -424443.625 
172113.03125 235793.75 -805298.6875 1464129 989275.6875 -1450321.875 -232192.53125 -771030.875 -1655952.75 2792701.75 
522809.6875 -2013071 247260 -298969.5625 -1258297.25 1630443 699964.5 413073.78125 -2575191.5 -159870.59375 
623501.6875 -687077.6875 484718.1875 127929.625 -17555.6875 -1386579.625 445337.5625 91340.375 -1103461.125 291546.0625 
