16 16
-1.9223031997681 -0.042035043239594 -0.47207617759705 -1.0019673109055 -0.3302848637104 1.0847041606903 1.7991926670074 -0.63151276111603 -0.7808775305748 -0.12100434303284 -2.1270530223846 0.7600394487381 3.0528767108917 -1.1702742576599 0.94959127902985 -0.52025163173676 
0.5319492816925 -1.3027055263519 1.1484158039093 0.60133850574493 -2.7340025901794 -1.2275376319885 0.79740083217621 -0.37256437540054 -0.72720432281494 1.6517403125763 1.649466753006 1.2151417732239 -1.7242805957794 -0.42058995366096 -0.72416317462921 1.3122837543488 
-0.43604868650436 0.90746003389359 -0.73982554674149 -0.07157526910305 1.2141045331955 1.7121229171753 0.25719848275185 0.36069992184639 0.95840287208557 -1.8443782329559 1.2652699947357 -1.1566362380981 0.20938387513161 -1.6922655105591 -0.48735168576241 -1.0359991788864 
1.2376145124435 0.76476258039474 -1.337613940239 -1.6617870330811 1.2084239721298 -0.70557403564453 1.1260048151016 1.7573530673981 0.32657808065414 -0.28835493326187 -0.99481910467148 -0.98745584487915 1.0449306964874 -0.38847586512566 1.5098202228546 -1.3279006481171 
1.4326920509338 -0.3459489941597 -0.053199052810669 0.96343404054642 -0.10856868326664 1.5537127256393 -1.455751657486 1.5678386688232 -1.3547611236572 -1.6841589212418 -0.47588330507278 -0.37338602542877 0.053255081176758 -1.528111577034 -1.5287477970123 1.262588262558 
-2.0832061767578 2.9987244606018 1.2935328483582 -3.9053361415863 1.0390558242798 -0.80936276912689 3.7016422748566 1.0065845251083 -0.3884240090847 -1.0547134876251 -1.9818093776703 1.6355913877487 1.04616522789 -1.1942328214645 2.3555192947388 0.87471044063568 
1.7884545326233 1.0585062503815 -3.1544945240021 -0.76046949625015 -2.2011501789093 -0.35379257798195 0.84117478132248 0.22391456365585 -0.75434911251068 -1.9350113868713 -0.4408757686615 -1.5511472225189 2.5288136005402 -0.9006849527359 -3.1584486961365 -0.014026641845703 
0.24557793140411 0.011397927999496 1.6935085058212 0.85816955566406 0.53271508216858 -1.7318089008331 -2.1334691047668 -0.097996562719345 0.19217896461487 0.92429900169373 -0.78692197799683 0.28998875617981 -4.2819023132324 0.85951316356659 0.32059237360954 1.3444570302963 
-0.67020189762115 0.8188351392746 -1.8264528512955 -2.1598930358887 0.7738744020462 -0.79133993387222 1.0701081752777 -0.92374902963638 -0.053741842508316 -1.3750818967819 0.040744982659817 -1.4454092979431 2.0170197486877 -0.45933338999748 0.83129322528839 -2.1183598041534 
1.0288113355637 -0.030282698571682 -1.8610889911652 -1.3350579738617 0.7047546505928 -0.55579036474228 1.208215713501 0.013845503330231 -1.5535303354263 -1.3446036577225 -0.95644730329514 -1.4601852893829 0.11725130677223 1.9571949243546 0.12452900409698 -1.7413022518158 
-1.2668687105179 -1.9467664957047 1.2713848352432 2.6920440196991 -0.10414464771748 -1.2885578870773 -1.0166273117065 -0.76371961832047 0.71610957384109 1.2780448198318 0.13694766163826 0.84194827079773 -1.2036725282669 0.47202584147453 0.95985478162766 1.8937120437622 
-2.1065227985382 -0.67990434169769 -0.55268812179565 0.28654962778091 1.5092233419418 -1.1224100589752 0.17971926927567 1.1457149982452 -1.356612443924 -0.12825334072113 -1.0395970344543 2.8481440544128 -1.1534786224365 1.6725599765778 -0.27609896659851 -1.3907644748688 
-1.6406936645508 -2.131400346756 0.21556812524796 1.0736790895462 1.8184434175491 0.94508969783783 -1.2637420892715 -1.8953721523285 0.47733595967293 -1.1140465736389 -0.61054491996765 -0.71410632133484 1.0283961296082 0.24615089595318 -1.4971346855164 -1.2384448051453 
-0.83472037315369 0.8674693107605 -1.4016721248627 0.61435842514038 0.3803334236145 -0.47808086872101 0.65307641029358 1.4032273292542 1.0742635726929 -2.2234325408936 0.1428787112236 -0.6319876909256 0.82116806507111 -3.3396792411804 -0.39057597517967 3.0710263252258 
-0.79421639442444 -0.25368905067444 0.72880792617798 0.89565420150757 -0.062222674489021 2.153329372406 -0.34600836038589 -1.4660348892212 0.77679634094238 -0.76536297798157 -1.7562357187271 -0.42326194047928 1.5624722242355 -0.70136940479279 -0.43641203641891 -0.19902139902115 
0.58246243000031 -0.41678813099861 0.11737045645714 1.7369199991226 2.6098058223724 2.0384254455566 -4.2125463485718 1.0515651702881 1.2109498977661 0.75957411527634 0.63464272022247 -0.069605588912964 -2.1309986114502 1.3265161514282 -0.58166992664337 -1.7454833984375 
