16 16
-14189.512695312 -10389.524414062 8319.140625 -15901.82421875 -12149.646484375 -15194.754882812 -8841.06640625 5429.130859375 -22795.408203125 20875.53515625 26986.451171875 -26243.544921875 -9527.8603515625 -9603.7099609375 -7755.0502929688 332.72906494141 
-22341.55078125 7854.8959960938 3288.6489257812 18023.82421875 19778.412109375 4389.3413085938 13496.118164062 -6598.2744140625 -19356.380859375 14393.560546875 -12615.08203125 -448.07995605469 5699.751953125 -14905.095703125 -28535.98046875 9456.58203125 
-11817.859375 34039.484375 -2582.3747558594 23876.630859375 6378.3271484375 4010.6286621094 -5801.1567382812 9203.7412109375 -9438.9462890625 -18809.751953125 12752.94921875 9672.865234375 -23703.271484375 2461.890625 -10490.44140625 288.60229492188 
1736.5185546875 10373.895507812 7781.453125 -7301.4223632812 -874.67761230469 9637.591796875 -2070.0651855469 -3952.2734375 21340.791015625 -7791.9379882812 -18820.68359375 -11941.1953125 -8665.4775390625 2755.3225097656 21454.046875 22704.54296875 
24889.486328125 -38653.5234375 -7994.265625 -9509.19921875 5070.2739257812 -5259.7978515625 1993.0024414062 14502.662109375 921.83862304688 18592.06640625 6301.6166992188 -1276.9357910156 -10713.171875 3675.3542480469 17137.982421875 -3141.2915039062 
-4089.1083984375 1727.2286376953 6437.1899414062 -29178.611328125 -15734.526367188 5111.7294921875 -7818.6865234375 -838.66259765625 3613.6789550781 -3788.51171875 4064.4975585938 -18666.1328125 8535.3671875 -3772.2395019531 8259.806640625 -16638.466796875 
-19741.310546875 9572.8125 3439.2243652344 4949.5419921875 2752.8051757812 30238.9921875 -1796.9522705078 -13382.659179688 -3986.5383300781 8244.9833984375 -2693.37109375 25033.734375 -5023.3432617188 -13144.056640625 1510.8701171875 8463.7138671875 
5016.5131835938 1285.4803466797 17994.625 -20546.607421875 -11127.18359375 -859.8740234375 -3069.6142578125 -8690.794921875 27928.53515625 2388.9985351562 -21077.34765625 24079.109375 16726.021484375 -2039.3984375 29317.267578125 -1710.173828125 
628.966796875 -7205.9106445312 -1249.0004882812 -1947.7194824219 5044.525390625 -17566.763671875 23478.345703125 -20655.458984375 10867.305664062 -458.73071289062 -25997.306640625 -3575.234375 38611.4609375 11420.337890625 -13520.796875 6616.1801757812 
-6505.2153320312 21725.330078125 10024.845703125 -10997.372070312 -23382.751953125 -2028.4809570312 -17493.349609375 -15438.001953125 -21488.341796875 5629.7963867188 10817.8671875 -14745.155273438 4058.587890625 -22461.365234375 -7280.5283203125 -4972.0947265625 
10003.759765625 543.11676025391 1385.2341308594 12768.454101562 10009.107421875 19961.060546875 2834.2829589844 13227.634765625 8175.8286132812 -7967.4951171875 -27007.9609375 21664.830078125 302.25784301758 -6089.19140625 5136.4521484375 -18979.421875 
3053.9040527344 10351.79296875 -12728.169921875 12334.831054688 -168.93646240234 -21460.87109375 -8407.869140625 2599.708984375 -5128.8823242188 8145.1342773438 16227.51171875 -4778.7470703125 -13576.370117188 5413.357421875 -6432.994140625 -4373.265625 
-6754.03125 -9186.7880859375 1607.4267578125 20586.390625 -4144.453125 18241.724609375 -7137.6391601562 -4141.4521484375 14953.401367188 -11508.822265625 -18540.296875 21412.14453125 -5515.2099609375 4484.7734375 12959.736328125 17476.447265625 
-2479.15625 -13687.112304688 -1500.7666015625 -20713.662109375 -18459.390625 -216.27734375 -22092.482421875 18305.1328125 11700.04296875 -8823.5068359375 22588.8125 -2180.138671875 -14401.2421875 11461.984375 28160.978515625 -12163.841796875 
12449.776367188 -9718.0556640625 3917.7485351562 -12935.89453125 -8620.2841796875 3110.650390625 8230.61328125 19188.322265625 -12705.991210938 10944.84765625 14019.138671875 -11882.353515625 -5966.3203125 5718.02734375 -10788.521484375 -15021.939453125 
6749.828125 6097.7045898438 4722.0068359375 -15710.59375 5579.3022460938 297.0224609375 4974.0854492188 29067.3046875 17684.6953125 -23022.20703125 10891.625 -4808.2373046875 -22543.037109375 18931.1875 14373.364257812 -14336.658203125 
