10 10
27.76354598999 1.9903602600098 115.82427978516 0.5100212097168 75.126518249512 11.284996986389 62.443843841553 -158.62284851074 4.9379501342773 35.693206787109 
-96.061172485352 -58.740493774414 -113.89032745361 -89.623245239258 -15.328866958618 153.33792114258 231.1091003418 0.56303787231445 57.077575683594 80.992889404297 
63.52326965332 154.81803894043 107.87228393555 311.89569091797 162.44659423828 -10.529735565186 -218.39903259277 197.98419189453 -37.701881408691 76.364860534668 
140.95297241211 -27.021337509155 -49.246849060059 -51.236373901367 -74.063957214355 52.570358276367 -3.6679906845093 109.69393157959 36.885154724121 -117.49134063721 
24.248857498169 4.4417304992676 44.293285369873 -98.685394287109 45.565502166748 12.832330703735 102.63050079346 -95.875946044922 45.2717628479 180.35729980469 
109.03826904297 81.675506591797 12.895595550537 168.90110778809 -19.078460693359 -0.97457361221313 -95.180419921875 136.0922088623 -22.964862823486 -60.551326751709 
183.55668640137 152.12289428711 53.90901184082 243.86131286621 43.99787902832 126.12230682373 51.365749359131 197.64660644531 33.619178771973 109.7114944458 
12.972680091858 -52.613723754883 13.651953697205 21.598682403564 11.97617816925 -156.37896728516 -83.720321655273 -133.11331176758 -131.84098815918 -197.34800720215 
-72.669250488281 14.065871238708 -5.4653253555298 -39.22590637207 -157.84898376465 -94.603881835938 -58.150814056396 45.652679443359 133.26873779297 -102.70101928711 
-0.075480461120605 -54.18936920166 -59.830085754395 -0.36626434326172 24.708724975586 2.4088430404663 145.6962890625 67.494537353516 -123.12596130371 -26.990545272827 
