16 16
-0.28500115871429 0.6163444519043 0.13226339221001 -0.58005899190903 0.30918234586716 0.90474706888199 -1.0761682987213 2.969126701355 1.4130810499191 -0.08545757830143 -1.416446685791 -0.87460505962372 -0.62863940000534 0.073602616786957 -2.8706045150757 0.69954478740692 
2.6368715763092 0.12172033637762 0.7316626906395 0.58219426870346 0.28943371772766 -3.8132050037384 -0.81805837154388 -0.85957443714142 0.27175825834274 0.40762564539909 -0.51083260774612 1.9992892742157 -0.78831553459167 -0.14202928543091 -0.90128618478775 -0.099643222987652 
-0.98648357391357 -0.31870925426483 -1.5958151817322 -0.34982344508171 -1.2662221193314 0.53893679380417 -0.21871894598007 -1.3013625144958 0.69309175014496 -3.1945254802704 -0.45766973495483 -0.16128173470497 2.5143194198608 2.4464001655579 -1.1541084051132 0.51167970895767 
0.68938076496124 1.6019481420517 0.62119162082672 2.1622054576874 1.8593646287918 -0.19919297099113 -0.46901234984398 1.7571547031403 -0.61115097999573 -0.40973302721977 -1.0549840927124 1.2002623081207 -1.1902216672897 -2.8002309799194 -1.3286744356155 0.48189121484756 
-0.8430677652359 2.1457233428955 -0.22081246972084 0.5084627866745 0.14931225776672 -1.6090700626373 -0.53046226501465 0.43694770336151 -0.6223252415657 -0.4302696287632 -0.31401988863945 0.78545212745667 -0.828777551651 -1.2570151090622 0.34605556726456 0.93604397773743 
-0.75784540176392 -1.9568548202515 -0.86839812994003 -0.017686486244202 0.14686694741249 1.664451956749 0.40520417690277 -0.45621433854103 0.20482350885868 -1.5974764823914 -0.96644067764282 -0.55220836400986 1.5362964868546 1.1910626888275 -0.11493664979935 -0.32480317354202 
3.1141571998596 0.37533780932426 0.64465641975403 -1.0859425067902 -0.4416289627552 -1.7490082979202 0.15146580338478 0.44301375746727 1.5048718452454 2.6645600795746 -1.1036318540573 0.29326322674751 -0.71427458524704 -1.9130629301071 0.37593162059784 1.6876698732376 
-1.0363211631775 0.66276836395264 -0.018683075904846 -0.1399599313736 0.43592849373817 -1.4841051101685 -1.2745196819305 0.075214624404907 1.4065639972687 -0.64712542295456 -1.2459766864777 -0.64745128154755 0.42005854845047 0.14653584361076 -0.6474335193634 0.061784327030182 
-0.6257176399231 -0.28271162509918 -0.68151146173477 0.037436902523041 1.045827627182 1.7658729553223 -1.2830678224564 0.72475212812424 -0.80010056495667 -0.74365973472595 -0.69056177139282 -0.91507923603058 -0.85930877923965 -0.31797668337822 -1.010776758194 1.7417191267014 
-2.3733990192413 0.56683212518692 -1.1276098489761 1.4313774108887 0.14327931404114 4.2686295509338 0.44522345066071 1.9945914745331 -1.5720061063766 -1.3310022354126 -0.1993216574192 -0.77411007881165 -0.069659762084484 -1.4758073091507 -0.77664059400558 -0.3938475549221 
0.39957410097122 -0.67307966947556 0.64000964164734 0.70350670814514 1.9810551404953 -1.59428191185 0.20808321237564 -2.1479661464691 1.3161759376526 -0.27828884124756 -1.9065387248993 -0.20273196697235 1.1288372278214 0.66844755411148 0.58385908603668 -0.98957657814026 
1.2106306552887 -0.53330129384995 -0.94571578502655 -0.44267848134041 -1.1353157758713 0.37697699666023 0.87513989210129 1.0497920513153 0.16594728827477 0.018961744382977 -1.5933947563171 0.4517240524292 0.81462067365646 -0.73780786991119 -0.8264307975769 0.72139751911163 
-2.8396472930908 0.099745541810989 -1.9822632074356 2.6180286407471 1.1258370876312 3.0924968719482 0.016143262386322 3.1715047359467 -1.4737181663513 -0.55712324380875 -1.0353858470917 0.50547522306442 -0.45225319266319 -1.056014418602 -0.68370985984802 0.77092230319977 
0.029007351025939 0.028245616704226 1.5254744291306 2.0194613933563 0.89943915605545 -2.979971408844 -0.15565079450607 0.16822144389153 1.900177359581 0.33226609230042 -0.7980170249939 0.93236047029495 0.82870918512344 2.3176529407501 0.59869557619095 1.1399209499359 
-0.36051550507545 0.12399685382843 -1.4666781425476 0.32350242137909 -1.0345314741135 1.1976962089539 0.3056326508522 -0.80988442897797 -0.38226348161697 -1.8073369264603 -1.3805069923401 -0.75199156999588 4.2077150344849 -0.059793516993523 2.635703086853 -1.1311242580414 
2.3840098381042 -0.82452964782715 0.68183732032776 -0.62692421674728 -0.27997153997421 -1.5600788593292 0.61005336046219 -2.0762891769409 1.92331802845 0.47287997603416 0.76118338108063 0.76539301872253 1.8815804719925 1.5348688364029 1.7237279415131 0.89938914775848 
