16 16
-9102.8154296875 27976.6171875 2507.9379882812 26038.169921875 -26403.462890625 463.27993774414 -1583.3649902344 -18173.0390625 17800.357421875 -10587.685546875 11124.05078125 10202.977539062 6561.984375 -5848.0874023438 -8219.26171875 -2688.810546875 
-7935.1303710938 9487.677734375 9632.2919921875 -12724.134765625 376.732421875 17701.8671875 -12567.637695312 21431.0703125 -4138.115234375 -186.09130859375 -8379.046875 -17033.037109375 -11290.357421875 -1739.9338378906 6976.4838867188 22062.17578125 
13369.516601562 3851.9609375 -375.41369628906 1336.1811523438 6288.6689453125 -10687.159179688 -7835.2197265625 -786.677734375 25132.3359375 730.06481933594 17480.62109375 -4511.2470703125 18686.607421875 12235.404296875 -9305.0185546875 24287.3046875 
-3028.2678222656 25925.591796875 -27548.46484375 30175.86328125 3182.0568847656 16469.921875 1493.2003173828 -20997.853515625 -10902.083007812 -12594.649414062 -28251.05859375 -2998.0161132812 -10790.66796875 4047.0205078125 -13817.270507812 7980.552734375 
-7612.044921875 -3534.203125 23308.99609375 -21508.03125 -18069.67578125 -14312.314453125 442.22918701172 9399.7548828125 8824.4326171875 5451.6982421875 27451.560546875 -3658.4836425781 18716.28125 -8397.0927734375 10609.381835938 -8388.1513671875 
1282.3176269531 -971.1123046875 -7083.380859375 -10169.971679688 -11635.24609375 -13013.478515625 12012.7265625 2816.4194335938 -880.71179199219 -25075.369140625 4331.08984375 7876.24609375 14164.34765625 -7203.9609375 -6334.0107421875 -10396.65625 
8992.7666015625 6576.3100585938 -12763.595703125 7209.8544921875 3542.396484375 -3021.40234375 34554.5078125 6277.7138671875 -4830.4931640625 -6129.8081054688 23115.65234375 -21158.1015625 -16250.474609375 -3260.0942382812 407.3515625 11460.0859375 
11452.095703125 10272.499023438 -36478.34375 -9680.990234375 6335.8759765625 8363.5859375 -3325.365234375 3492.5224609375 -6343.07421875 1038.4895019531 -14664.834960938 8232.982421875 13170.720703125 32418.822265625 -11067.48046875 8576.5927734375 
-3980.8955078125 10453.765625 5422.4443359375 4428.0336914062 21660.59375 18497.91796875 963.89599609375 -736.43017578125 -17156.42578125 13763.319335938 -6339.2802734375 6775.373046875 -21925 5944.7841796875 4658.4458007812 8600.443359375 
2978.2937011719 -4919.8642578125 -18212.392578125 3860.3127441406 10880.943359375 2888.3518066406 -4673.8862304688 17200.6484375 24861.3984375 -1109.3931884766 -6669.3095703125 -25710.3046875 -21080.48828125 -5035.7900390625 8552.8369140625 37523.84375 
-9956.1650390625 25014.23828125 13899.08203125 10115.557617188 -17873.8671875 27277.40625 -5510.8291015625 -3417.1645507812 5894.2739257812 5101.150390625 16508.96484375 -19376.4765625 -13682.43359375 2691.3500976562 31835.453125 22147.50390625 
3233.078125 20458.59375 20990.525390625 -20606.068359375 7372.7514648438 12208.614257812 689.36926269531 -198.12463378906 -35526.09375 10433.209960938 -3172.7941894531 11213.68359375 -7445.4594726562 1698.294921875 7526.1083984375 20633.3359375 
-5892.3740234375 5014.6025390625 4173.4116210938 -13457.8828125 -6859.251953125 -3927.0231933594 15570.211914062 -17820.34375 -16015.278320312 11927.353515625 23472.404296875 25514.427734375 6244.6625976562 1570.1579589844 4428.4892578125 -42745.6796875 
-25124.359375 29970.24609375 21146.21875 8534.82421875 -12466.6171875 17419.9375 3484.3837890625 12999.494140625 -6817.6967773438 -13196.536132812 18966.23828125 10589.884765625 856.86865234375 16315.14453125 14089.154296875 22024.1796875 
14196.676757812 1617.7824707031 3603.7133789062 -6835.5258789062 1479.7325439453 -928.22119140625 -3184.4597167969 -15793.690429688 -20991.41796875 7096.5205078125 -21641.150390625 -5410.39453125 9928.4189453125 -9662.412109375 -10899.92578125 -16259.38671875 
-18051.654296875 -10054.578125 -13241.266601562 2525.318359375 -8524.1220703125 -15059.1328125 21375.673828125 6626.05859375 3615.494140625 -15680.016601562 15773.165039062 864.81121826172 -13329.256835938 -21932.55078125 2504.2978515625 -12562.338867188 
