16 16
-143.11981201172 86.644569396973 -56.519207000732 -57.79235458374 -87.422790527344 85.609725952148 -288.94372558594 -289.02352905273 6.126781463623 112.46015930176 190.53358459473 -184.58494567871 230.06349182129 -20.281867980957 78.842498779297 -169.14131164551 
9.475757598877 54.116477966309 -53.068656921387 -168.44653320312 71.052337646484 -53.030433654785 -4.9710655212402 202.83457946777 -92.211524963379 28.411773681641 12.28006362915 -120.17531585693 169.37617492676 199.66186523438 -116.18420410156 50.858436584473 
-95.402328491211 -80.581359863281 -112.25006866455 -9.1388111114502 -173.54100036621 105.88145446777 -109.53882598877 -32.346755981445 -9.210711479187 -57.64221572876 80.076599121094 29.483518600464 -43.962955474854 -46.14412689209 113.26928710938 -2.8350179195404 
-75.937347412109 -79.372001647949 -41.067005157471 173.6372833252 153.02534484863 17.641300201416 64.787300109863 -103.70550537109 7.8617334365845 59.082469940186 39.008899688721 11.374143600464 -48.21399307251 -159.93170166016 35.48461151123 -162.97023010254 
-93.438667297363 -6.2184066772461 -53.648307800293 -66.665748596191 196.33305358887 91.489669799805 -100.63001251221 -141.19177246094 -111.14475250244 54.890201568604 60.000205993652 57.43546295166 186.35137939453 -137.13363647461 -24.161722183228 -30.17783164978 
-142.35148620605 80.847503662109 301.68542480469 -9.3632974624634 -47.687496185303 161.7986907959 188.19148254395 -22.434631347656 88.481086730957 281.87481689453 -120.79727172852 50.541641235352 162.3253326416 -113.09794616699 -5.0048274993896 27.541748046875 
28.676105499268 -6.3524208068848 -120.32717895508 194.44314575195 212.44338989258 143.8161315918 -82.708549499512 -93.081596374512 -90.286834716797 -17.634521484375 -79.643516540527 33.703876495361 -60.463500976562 -108.6086807251 126.02333068848 -161.06326293945 
-123.46254730225 -1.8795871734619 296.17660522461 -255.89233398438 -117.42003631592 -54.442295074463 35.792259216309 -3.0480480194092 200.98713684082 135.48670959473 39.287307739258 -215.37319946289 143.03790283203 169.48593139648 -99.218742370605 -38.827178955078 
23.67684173584 22.996871948242 51.297847747803 39.490936279297 39.768928527832 211.74198913574 -79.041847229004 -1.1350955963135 -19.676151275635 36.92533493042 -88.615585327148 -9.9531002044678 60.657520294189 -23.113006591797 104.32765960693 -47.163539886475 
-171.0200958252 -166.79527282715 53.011978149414 -71.310081481934 28.85799407959 12.775140762329 -55.203308105469 37.350608825684 142.57543945312 36.544689178467 -152.88873291016 -132.22819519043 37.401245117188 -32.814262390137 -34.83740234375 -186.953125 
-64.106979370117 -102.5083770752 -3.7725567817688 20.080499649048 115.75802612305 236.28846740723 102.8537902832 33.985443115234 -45.174346923828 127.85334777832 -95.664978027344 -4.3756637573242 141.45021057129 78.306533813477 -78.763900756836 27.699977874756 
216.08975219727 74.395309448242 9.015380859375 -70.919013977051 42.66780090332 -111.94108581543 -21.277683258057 6.7239227294922 -13.972650527954 -75.225799560547 -44.791751861572 65.315322875977 201.0517578125 -82.267913818359 30.726062774658 -29.918445587158 
-18.549266815186 2.8280954360962 -62.35001373291 31.782638549805 235.2119140625 33.649932861328 104.7893447876 -61.745780944824 107.99405670166 179.93319702148 -62.085353851318 165.84829711914 0.65475368499756 -308.01974487305 26.957801818848 109.23569488525 
-273.08401489258 -336.63247680664 -92.22469329834 -22.759075164795 9.4950065612793 111.66453552246 127.58876800537 4.153356552124 125.81797790527 108.85626983643 -97.598220825195 -17.33903503418 21.708711624146 -21.972593307495 -164.23420715332 -7.066650390625 
-74.351135253906 153.50090026855 -93.667449951172 -13.148044586182 -109.60489654541 -93.11304473877 -59.589694976807 -128.521484375 -67.431678771973 -96.058685302734 257.01254272461 138.28863525391 -218.05871582031 22.880420684814 4.2808165550232 243.34748840332 
129.1190032959 22.924612045288 203.81805419922 -97.668800354004 227.52142333984 -208.82481384277 105.78631591797 165.76113891602 -95.300415039062 -114.80835723877 -65.456840515137 -37.274459838867 28.387613296509 91.443336486816 -109.60702514648 -80.313453674316 
