10 10
-1.2682933807373 2.83775806427 -198.09475708008 93.785026550293 -149.41041564941 -12.354454040527 -58.366321563721 -82.419830322266 -177.41064453125 68.40128326416 
76.803833007812 -22.287933349609 60.285278320312 119.85441589355 -146.15670776367 -106.56953430176 21.523685455322 9.6291198730469 217.57180786133 240.79644775391 
101.05595397949 14.567158699036 -82.60230255127 25.059303283691 -5.5645027160645 -68.48999786377 95.902336120605 -101.75688934326 38.19612121582 152.80474853516 
58.910163879395 53.648788452148 -102.30058288574 28.606620788574 -210.9948425293 -37.227127075195 -44.020484924316 8.0422897338867 -102.63809204102 109.99128723145 
-102.33295440674 -95.868690490723 185.66673278809 30.210433959961 -94.98876953125 38.896099090576 -93.399841308594 -30.38646697998 155.76342773438 -15.416110038757 
13.034231185913 -45.740653991699 144.4552154541 -0.48185348510742 -188.92092895508 59.187995910645 -321.86499023438 169.18083190918 -60.504493713379 -135.26824951172 
101.20372772217 -30.021839141846 62.784538269043 35.946983337402 52.903209686279 -103.31893920898 109.57462310791 -120.26174163818 220.52502441406 145.83065795898 
57.481506347656 28.970289230347 34.721000671387 26.441761016846 -184.30435180664 -11.385326385498 -198.89373779297 -32.405071258545 -67.988296508789 12.403420448303 
-80.579154968262 -19.215003967285 -2.7805423736572 -90.901672363281 243.52388000488 83.265151977539 148.47792053223 -53.234802246094 26.025352478027 -55.755146026611 
-206.55885314941 68.109352111816 25.232654571533 -102.17140960693 145.93975830078 116.44240570068 86.874969482422 -75.75318145752 -60.63826751709 -127.32082366943 
