10 10
-704736.0625 187576.0625 -1221055.5 -1069749.75 -675243.6875 710388.3125 205872.140625 -2067869 1011147.25 -600257.375 
1092477.375 -607407 640534.375 -333251.34375 -651235 2601338.5 -365414.5 563533.125 1516168 -247093.875 
-690521.6875 -237958.328125 82189.59375 950066.5625 666680.875 1344112.375 829609.9375 139628.6875 -334945.25 184322.03125 
-2041586.5 302285.4375 865691.5 -266721.25 -876766.625 -461050.875 72585.5625 1303701.25 -707283 -1022911.75 
573177.625 -139556.75 -318629.75 -1055784.875 -430349.6875 390098.1875 816018.625 -981786.8125 916063.6875 2244170.25 
-2258826.25 364124.375 228199.90625 -475627.375 -114503.46875 249164.65625 -2163305.5 616350 -859765.8125 -2891890.25 
-129462.875 -1060504.875 840877 -337683.90625 -1746875.375 -2051018 1678674.25 1695033.5 311686.3125 45768.125 
893116.625 -83774.3984375 143871.859375 271413.71875 1296828.75 -50346.46484375 -944956.8125 -592997.75 -470934.125 830101.375 
-352341 250185 728686.25 724738.4375 8759.9375 -786915.125 963620.1875 -347675.28125 -552839.4375 791312.25 
1022346.6875 105937.3828125 -531629.125 750225.0625 527241.875 1020600.6875 -640833.9375 -1738589.5 148955.15625 766510.625 
