10 10
-0.6829833984375 0.44425022602081 -0.67893379926682 -1.6673525571823 -0.29506647586823 1.3705492019653 0.81427538394928 0.66772812604904 -0.40211686491966 0.65941488742828 
0.71287167072296 -1.3765207529068 -0.44023752212524 0.85159337520599 0.49037545919418 -0.05873966217041 -1.1131390333176 -1.1641697883606 0.14927113056183 0.50058573484421 
-0.26378959417343 -0.77233493328094 -1.1891691684723 -0.14563649892807 -1.0900957584381 0.85154086351395 0.18379321694374 0.67019492387772 1.4752597808838 -0.89343512058258 
0.17200815677643 -0.75329995155334 -0.038273215293884 1.2946863174438 0.091471672058105 -1.347123503685 -0.70958065986633 -0.83574688434601 1.8999561071396 -1.4120279550552 
-1.1664346456528 -0.98244071006775 -0.10319612920284 1.0924977064133 1.9997143745422 -0.96434026956558 0.71170252561569 0.48241528868675 -0.0085909068584442 -0.1000862121582 
1.1838691234589 -0.24273943901062 0.45908531546593 0.35890886187553 0.64111196994781 2.6327619552612 1.5103676319122 0.040987372398376 -1.5865361690521 1.6165990829468 
-0.084355503320694 -1.5291491746902 -0.16161797940731 0.41560560464859 -0.48717147111893 -0.064237199723721 -0.18939201533794 0.90547668933868 -0.035182178020477 0.45619314908981 
-0.66242474317551 -0.12324602901936 -1.2840971946716 0.16055035591125 3.4761939048767 -0.93533718585968 -1.4417486190796 -1.8506183624268 -1.3585052490234 1.0207319259644 
-0.73925012350082 -0.45396021008492 -0.14205425977707 0.43401950597763 -0.79013407230377 -1.1716262102127 -0.16911691427231 -0.81693321466446 0.76023828983307 -1.2802513837814 
-0.17530393600464 0.18396535515785 1.3797689676285 0.29272386431694 0.79187899827957 -1.4536557197571 -0.86447906494141 -1.4306139945984 -1.407782793045 0.41448158025742 
