64 64
23167336 -262611232 -465989088 29059758 244010400 273223488 -44043768 -12570419 -39218528 -19042436 159175280 -228328992 197490224 343659712 52173248 -396993632 -423052032 137244144 -289549504 380976608 -124844736 369585792 129277808 25923846 158809536 7934252 -60265072 502577408 311103392 -234681712 -373962624 -147776400 499914688 117158416 147304064 -219690816 332952416 93830384 -212766080 -614553984 76916064 429342528 -226692704 -368585120 16806640 92279912 29918016 1186888 494195200 525347232 124948168 184346832 50774192 -352801024 -65552312 95788072 -293185536 302956512 84359984 -85773248 -5325896 23679176 -68710400 -282093760 
-480283168 -59254616 68058752 209943328 -278646496 56452424 -40540284 10019557 -64199032 -168561344 130362888 59625044 429377856 320333440 236269712 -28522040 -496813248 -290369856 380612608 55154804 190418576 305246784 335042528 143954224 -396253152 412788576 121838208 46758820 -196405600 103964512 -54569216 -322481824 123152744 -397137024 -132088648 -677393600 19521282 -235842832 -177644528 -233005232 418396032 168679088 475134752 239204496 -233237248 366840192 -51941264 515333312 364051616 317430624 -8661194 59237524 400413856 161951152 32983270 102031944 -318450720 288443552 -430989984 388320224 217224112 139224384 -296759424 -68064312 
-108296808 61986004 -403598944 -97105800 -260057184 -549206144 169582640 104907832 -204575552 48723320 -477461408 -70775184 339961952 140627888 -190058768 -32023412 -330668320 -85803320 31285366 129044912 365615104 -282514752 -137319760 -313263712 -302019808 -98491464 -187981680 344446976 36123564 227812208 -392832512 59754572 -136150640 266347360 -259650672 283224512 123745872 -58251152 -183888304 -97971144 -347936128 673763584 26193770 131587320 118101056 -144570928 -209887216 -280240 -677666752 -309080224 467065440 272191392 -51166212 -67905568 435064608 -141291408 220098448 -104459528 60757748 211962960 57012280 180572528 255044176 196288432 
-315040384 -238675632 -414210944 470798336 96381992 -42102640 65463780 56777616 36773944 -269820064 112149808 77065912 -348961760 169734976 192461648 217165008 106825680 18702876 -50882788 468566208 110770784 275340608 28108104 -445757568 -116300416 -412518816 152660992 73070024 -152877232 216476224 -192906624 -94262344 -397891744 209565392 512698912 99289336 222198560 -94409104 -6116512 -238163632 63957080 -209094016 -208451040 -373374336 196860352 -231069216 -67416632 -220181632 -319131168 -44480148 414235104 266469824 -355568480 174604192 29641520 -105082640 407759456 -71445800 -192839136 386388224 -1685972 -99279072 -63968988 101062400 
296536928 -217764944 -97660072 -66158952 102630448 -29264710 574643520 -116992896 251833024 492015072 42583448 -392724544 -576621760 165421712 212050720 -111275704 576175104 49525612 63788848 -453440864 -13407228 114807584 298635904 -100218136 -99226816 182897600 132042112 -162442912 250347008 77673344 -435658304 -321765472 -10763144 54268724 270319168 -260833408 202542416 88474896 276229280 -296121824 -479380512 -350082368 -35214772 -245239888 231160944 -97585640 -173217168 140053456 -152170256 292352160 8783963 -25090832 -87348568 141904432 282084192 -178482896 130576664 21804504 83730152 -23982314 -177969088 -79479624 104120360 -252780000 
147817056 36227708 382225504 157131296 260298512 245366224 114237024 -273668384 -38307384 -107625336 707397440 513839776 -93387120 -303018656 -122077136 -291006400 53748244 -648709760 -450189216 241120000 -113247240 -91994240 -261608128 488951072 -146108320 136408976 238197744 289469216 -161026064 -374468672 15655779 -62233064 126333264 -371015168 439519136 -125112464 32962444 -123920760 -285522880 -573842688 766421504 454464864 172105216 236636720 341028704 18106316 277906560 166295792 651802112 -231186800 315795232 -39286512 -381879264 -358193216 -570965184 371802624 -541157760 104933704 203554336 -135616912 226122768 -86394504 -401432192 -1033959.25 
-70824896 -508413120 231469952 -76659184 373142528 -109403984 498476160 137782624 -206132368 -31970026 -208063200 641580416 249358736 -395258880 66537804 -27223500 -86176496 -330817504 339586400 330156192 152492160 256812944 -545173056 352529664 110814464 211067296 1418006.5 67303584 54554616 -181828848 -352514624 -79521848 -328754688 467945952 184599632 489903488 270068704 -109138512 -252360208 -604832640 114513024 119004888 -46179968 -203977120 373926976 329405472 -435604896 214155360 368960192 54270560 347862368 153083600 85237600 -141992544 158317200 205843680 142310816 374638912 -142769376 -402363616 -457106080 250639840 -402408576 3792064 
59193816 285164256 -102000744 20975556 -363578912 -83435864 82379784 250047696 383286048 42556456 132081856 -67067680 361386528 -76257256 445786496 -222441952 -456156224 -153802176 70954160 -322583936 -371176896 -243138544 -403005696 68352144 264672832 215009888 -134887440 -83735312 224669520 107436208 -219259616 61544312 265851520 -138482336 -652544384 46120348 -418513760 457560448 171690624 636132352 126857440 124528040 177181136 2196736 240232240 -177176288 -193103984 -163024912 360229728 51977740 362629280 -196873920 319060032 187768896 376495040 -34740840 181762784 -259375744 -179285024 -447859584 -373080640 324441152 173404688 -165870464 
-117427056 -248697168 -14452394 398970816 13485648 106327816 -319720928 311619104 -164308512 -346431168 193795248 -537717248 -252796944 -191987760 -609617152 -67550688 114900464 374339648 -192282320 -199451968 274310400 -585933056 316078016 -23580100 -96500912 51957632 -169914128 -36783764 98526976 29021972 249892112 152798912 398835808 -148541472 -72801040 311395552 -398913632 91767424 180869056 177279536 188776560 172398048 155366176 -223178592 118666888 127915400 394957472 -49706992 -23524332 -38125388 -196855200 309286912 -400602752 -13480804 -441865472 -529282688 108900384 32336796 241563808 -15924729 236631200 109143056 -30390128 175208224 
355482624 -527661600 147542944 -106963824 -98574456 360475296 -161847568 -137013616 204913728 -407411424 -182399968 -165961536 -282758816 65512444 155323040 58953412 387553856 -244821296 451485952 -191034368 44610492 212519456 -253173152 -331081504 72893880 -519639136 43897636 38232784 41671412 -472531808 -675660672 -652479616 -59887588 298913824 451836032 -115697240 218248032 80642432 4236466 -126506520 231505168 -91448832 -213469280 -20199056 825471296 88994512 150770976 -419997344 23459224 -22581318 147656560 -212409136 9455537 242109408 -219964736 242899808 233361728 -263155424 -487690144 97198544 -372991200 -2424738 -506204224 -348703520 
268958432 328597728 480564992 -16381918 -253243424 524554560 178477728 284350656 -286154432 -281340512 4749448 465880256 295814176 309971488 -136594560 -124063096 -434194688 -412623136 135113968 158467488 -66553472 27862836 67150320 413564576 75472128 -92572288 108429720 -397585984 -107744312 363003744 -438569696 -478602560 122348648 118649152 -87166640 -324352768 -94587584 341061888 -117895328 439148224 197960672 -206346976 -8219274 366330784 -243920720 313828 -437044 -127589288 330288992 -14477108 534865792 113631976 144512896 -155142112 276277632 519904256 169594416 -83612608 -176748656 -419939584 -59249044 240459808 41590468 -135062944 
-317078688 -208887920 7165240.5 678560576 -106477744 -589728064 -80745968 302786368 257990112 316452608 -46223204 -67006072 201006128 72261720 -336959936 201795008 -141742272 403474400 38917564 37381160 141797888 -224137136 -9643082 346174208 365521664 96376688 -78688512 -263662480 -151272848 341392384 270409280 -611071040 -234141104 160866864 302530176 372764384 -330240032 -333201536 16385424 -40016208 -370465920 -189794752 20935750 -249351488 -2644032 -34039296 159089456 82888192 -135501376 80413232 -496582112 242812384 -86199408 435142112 352571552 -316586432 351970624 219952112 -213678416 -5174710 -160902992 -498659328 200441072 438685248 
295151040 -137680272 -353650848 -174502336 123751584 -327662848 72649616 -155953856 -73707400 -161830160 53984104 -185019168 -454633504 69271376 -548878848 -130430080 315362208 33552544 -253539088 -106634752 8776900 439007872 -425010016 19409094 -89118584 235927648 -508437184 -235667552 247890160 17558636 -46983568 -50493220 -91888840 165593824 178756208 127991104 -109034656 -264941280 -408494304 -154778064 -63755932 -98410368 83833832 -34226252 129415088 -235274768 -81724800 -456639584 -287848160 7562650 238278368 152373280 -17915012 -238172288 -264864336 -176635840 -121639504 -339814848 226304560 5829690 81552192 -554629760 -168185824 -192810800 
-289063744 269888544 165345408 273235456 -186372880 -185223280 -186456160 108102456 104171888 174816112 235096608 -101000488 -316823776 -294542944 100743768 67529816 -94380472 -239897280 -56131632 -17131764 -498506176 -655149632 385851936 66679584 -136166416 -54982308 288592448 310354688 360402784 -184766768 -109704632 -81563912 46558464 267289088 347429760 -311960928 -131893656 -158652480 390552864 -328062752 -242714176 232445920 279657440 318941728 437493408 -189667424 376670816 172032960 -321522720 157114624 -150018336 170528464 267291616 82937904 -207341824 -392509536 284250368 -401691968 -450451520 122846504 -330695872 121409680 -170579536 211738608 
-78758792 210145856 225086368 330587008 123958928 -375608928 -701907520 72074496 -217092816 -269108192 267217120 -242881280 -437264640 381188608 -173535120 -619882432 -65955752 131651904 29927396 -204927744 -52512208 21956480 70101344 45671160 -158691984 -377412960 246883632 -11398024 -433610528 171539456 -515414048 24189046 325502368 167258688 282068448 -45752492 157037888 201004432 -218443296 -339891360 -84315072 -144167808 156285120 -349410560 -44955192 152226400 261433312 -170882176 -102887104 67036892 922470 -15881536 -131675512 -74726992 163636832 -105587312 170599248 -217016912 42723112 -19504158 149493728 73791240 -253575584 30517660 
289724416 119927544 28837692 -356976640 -24432830 5209778 536584800 12362048 265725904 203998256 -345291488 171222992 195731456 -58578692 264732128 90551344 -51727336 137201264 34555040 -200183408 -17399056 -602580224 31614752 -97634008 -359481024 328606784 51227680 142461648 -152934016 268185056 42128904 -9425722 -87365288 -471559616 -521480512 206933744 274206240 102581320 26696296 64961376 -108462752 273356256 -186193056 -7994544 -569689664 -94838920 -57566464 392529952 -62568664 118994000 -21663862 472530528 117907144 69797184 216041312 10380228 398021248 209823072 -156805280 -27620682 173085072 -360053312 410564544 -173068992 
83676368 219293136 309873760 225962736 -4505960 -73715256 -128490072 -116951456 -117342080 282633536 851103808 -49383892 -22604820 28173700 -11538722 -94984080 149195280 -144730656 -224706464 231331328 -349410592 -415609152 429871296 -110768560 -299804224 -221957360 255390704 -37747944 7584474 -77250336 114159744 -267815424 166333536 283440768 423709536 -184380032 266342160 -51284792 279636224 27875828 -160849824 93822000 3394878 -7127684 271547040 -767641152 270507232 224467008 26952090 -155972032 125055776 394049120 -12029570 -118657352 -480477344 274892512 -464045152 -155612416 20607712 -364075328 176849376 -190619504 -9494603 330488032 
-121173056 696289344 -206194944 -86579864 270498048 -249177664 190444624 -112960136 228936480 300144640 -34899100 -51414036 285799648 179823952 772611200 272065376 -260681760 218924608 11848204 127366384 -187669760 363586112 -551489792 54683820 202078080 493021536 59229416 -105235072 -16667914 179918064 531035040 -240585648 -292016896 -254724336 -267592512 -115501256 -46815336 271411712 110796120 130247344 141974336 -3858762 151326048 -212492208 -68395528 -173622224 -318301120 -340872288 -28637320 321806464 -100190240 -211299888 298056000 242837504 234335040 -9698908 286391776 -44090468 -249267776 -643372160 67498304 -338766304 245595216 -196247568 
96854080 -283753216 -542917440 495550592 387259712 17821210 516929440 3004364.5 117573640 -73284880 -183441792 210155808 179636736 -430141728 -160970560 -238403872 -363113536 235771104 -243941408 -152246528 149925488 -52393672 22230660 -483743040 -145221072 -253299200 93626408 -210433840 186040592 -122371624 -4924184 -284289888 -317612064 -233267808 167693904 269462400 295119296 209097680 -279126496 -41561880 -27223250 223126672 -538665792 -459862400 -309307712 25454466 -218770816 -176761600 175734912 199951712 218680480 89693968 -601934528 4644916 358471808 123129496 -34985276 375984832 79275416 53978520 465003104 322080992 407263680 -208404432 
-178145648 -138112144 -101910944 -158955616 39723864 -138232416 205452208 -89463952 248306208 -117800896 164582384 -93408080 497677888 -528185568 -381085632 180161728 -849775360 -2059584 29195052 -147614176 -111805696 -158616400 171078240 167139904 314728320 248803776 -49634072 261439536 86166208 -299872896 -18561020 -279886368 22290856 -172638496 58044256 -151519072 -205551840 381155520 -331783680 -532307392 415398528 361554304 366387872 317225088 310268704 242342240 94248864 11938218 575461312 90517624 -240773344 -344449184 -75805824 161977440 119565504 140218656 -123493792 -208152256 -24740884 -197264576 -267640096 245695984 -100498016 -7266555 
206961232 -1186055.75 -395863328 -97738184 430346496 316543296 -410975744 439075552 109712688 -403034336 -112957472 207385344 261601552 267972512 -101380440 153171248 171723616 118804752 -6821278 202322944 -191939776 -246943600 127841600 -103142608 134376784 -99039264 517269216 123803600 323052480 -117667824 -17288970 -490688608 150606624 -22395828 127464888 5843026.5 -288003296 -292323456 21687116 -376253504 266586720 15359515 278580960 -172512640 -374607136 122937648 684479040 94768568 741449664 188888704 -103736480 -15450086 -113958816 29192172 281351008 77891400 148277568 173876592 152794688 -148645264 -2744842 24193224 -389377408 -486480864 
-286187072 -31797630 -2193676.5 127997424 -338906880 326926432 223701568 -95304408 -309671264 -186506176 -85891016 92653200 -282881504 482254016 22935380 533988800 -668872960 -253018368 269623744 -159504736 399745888 26828394 230014288 272656768 69678584 44256528 -294458688 55747136 -244992800 341690272 10358048 -460032064 -3043192 174619776 61936524 -433232288 243691024 -354854016 122565360 151326560 77340960 -22723780 329267648 299963872 -328756896 281303200 -325307808 27041908 81965600 -390671296 322881056 -91893240 256797536 -250195296 -9722064 -502761408 -178693728 -170507072 -109867248 380214528 -203591344 99284256 -39648844 127008488 
214180736 25410304 -1288644.5 -137754560 -326304256 268295424 296225440 69475104 310373696 -290350176 -180024768 477947840 408146304 -15213706 -205804112 531264160 -225442032 392620640 -61610828 3797996 529823680 -150983072 -169031920 -112811232 159780576 -261658672 128695144 -168815840 208321808 90258448 139950848 -185237888 -390306656 -152703872 -38653592 -37181704 -51447804 -230527664 297401184 132210920 121911328 -33089574 84391216 3254112 -168180480 -176555216 -217715984 20665090 189917728 -532440704 111178784 189476208 -99779816 211388176 -83596744 478005792 71761856 25445900 -68809088 167901712 -276403040 439165600 -197239872 -102282688 
43971660 -161863504 -75360928 -18024874 208945552 -550285952 28884810 -259357712 -28732560 178937760 -354763072 405879328 90270464 176125792 -269756640 -279498144 98014992 180661568 -286157728 166718848 -140218688 -204525184 -57140212 -109647728 270809632 146527808 -51016504 -271337504 110358320 599156928 224977040 387035104 129800128 -5141736 -578277632 724523136 -281056160 -73749184 -396117792 81019568 -269826784 55025976 -732704960 182422816 -68915776 -361101824 174256416 66523228 218244704 -165877600 -14562120 333781632 -365377696 166087296 548270208 -17276656 356116736 432763648 261348528 -299906368 288707520 -520396576 330188288 -192555200 
713362304 -255932896 -198613168 -256926576 -195299168 -102325944 348365440 -159740048 -350564608 538079040 163572224 373698656 73147000 -194008384 595745472 529766944 -105774576 63132088 -190233488 394840384 75141000 -36682188 -568341504 -164376352 15376985 243130944 401798016 20687772 49006408 112818016 556709696 -73239432 301254912 -142896800 -104187592 237404368 75097472 -227670816 -233857088 80010440 457482464 -63076280 -19386084 -244579488 240807136 -125822168 50285488 478152320 140170736 226902496 210757136 631532544 -261245280 -182772416 -426666560 123876304 -114337272 251862464 118054864 -493241472 -140410656 121018736 331732544 -31445288 
45877192 627139264 -192023936 -601535168 -116315392 -378525184 -126247944 -467489536 24734180 247672128 -580488064 -70835736 271152448 87615696 568295360 77312208 -452580064 -9464308 37508648 100622744 -222213216 244234496 -807138688 266452160 550118720 73403096 44531324 -305827968 -75002296 189666704 103935168 218355440 -123785440 265485184 -425090400 213180624 4837882 465536704 367832928 188916688 -505803968 184102480 -31880812 -18876380 -428906144 -293725792 51082568 -459211136 -302297248 144881152 -240674592 -160834144 322632864 -15298392 690151040 114722416 137052704 -490908416 -236097120 -11098647 -81857888 94333608 450530944 -51959936 
-155760512 311062784 -127261160 26597758 -213210720 -241228832 -95177352 -278923392 176298304 95906016 151608096 96967072 325987520 -610027520 256847792 -647073536 -592923072 -1567408 -41328308 -278657344 -444770400 240347376 -559408320 365967776 153922944 -270542560 223663568 51231860 -24338872 -119347280 -51303196 183142048 540754176 -8689480 -90202840 -80797960 -189565856 337864768 54565576 -169613024 231316496 775782912 -32643702 -99838256 -230202320 -65448536 334788992 145794256 619199360 178578480 -602391296 -183764800 535992864 -245771360 45454628 152399008 -123739024 -183611536 89897184 39091344 81523312 259304384 -224989216 -322454528 
128616960 -77569856 -129585680 242604944 -43446240 345305792 144620752 316156928 -235933360 -127335488 70581608 267946976 259629600 -184783408 213676288 375822272 -288526016 267004752 -30395286 171415376 106483024 176839952 23092340 -63444376 -21286724 228042 -190219232 -516503360 130232112 165336496 463960032 211325600 -75135664 -401512320 -91383264 -32753758 123756976 -39025976 411890272 -10870063 225355376 -94823424 55015628 -658968832 -290951072 -139089856 -210861536 486420320 593995328 -467100416 150972864 30720846 -85605568 129482280 -99620856 -107160720 386804064 642474176 366814720 78333088 59950256 -251080800 -259320464 129879352 
241608448 59557460 100325776 -169979648 50671136 -56052868 183300672 -44035184 171670272 99047664 445109856 -332294016 213774400 207710512 -167846304 184742720 -118444336 -15687028 -248216032 4040332 33890696 -56903324 -69619720 -190715296 213214736 488056768 -102777072 -222630304 15618892 -586896192 218058144 -41494652 -245173088 -252260928 -28126460 117725640 67364312 152685888 349827168 269773824 -7637840 3825672 -240677872 -150841296 91223120 -440287072 -193564736 -354936320 30069284 -122168536 294097760 319786080 -183797920 -140433440 -467202400 391922752 -10317628 111163864 376195392 -106121776 -110939760 -29246432 40068904 -49941840 
202406784 568540928 337567424 -246049984 365840768 78755024 24918292 -106465960 -223739488 -229142656 194405376 22365032 183132128 98265928 766320128 109042808 -90096376 -105666336 385046784 241550816 -16663564 20196950 60613904 145362224 -179152832 63042964 355744224 136077712 24735944 178871200 -435583200 -86432976 308301792 -250378112 -191675472 -405577664 -74400440 237718192 229212656 -103238424 219273488 400829120 411501344 180176544 -82772784 -9751728 396650368 236643232 532810880 483556864 419674176 24534160 92323568 -202770352 25395112 -96711632 -131902984 174839568 -82700056 -518423232 -15518412 233563488 -359309568 -300583424 
-713603968 326071808 483428608 31588328 -81133808 -179828480 352391456 -59031464 -185321728 284202880 469545216 -20377024 109935624 -445712224 -409696992 -56420680 -329494240 -248392848 148240352 113055624 -748900224 10504859 466069536 138949520 375669760 -230148144 3216938.75 -502427328 134115408 -327416960 530053056 15438514 -290559168 127767816 235464176 26806890 -238800688 55543368 530284352 -344078304 135300864 95367472 290081504 68597072 417650624 -45058584 -377972928 -112706560 37007536 68613240 23904676 151919808 -242023520 -191397600 -571817728 89970248 -223945408 -219324624 -43843252 217660640 -92484816 183064544 -332644512 364983232 
-138584784 -616134464 -256326944 -134929888 828410240 316848032 188167664 -85771464 115799408 107443088 16147232 -127718616 -115806368 -306029120 -237074128 21384566 198435584 69305440 -509619072 -160471040 -27425518 931836992 -192947504 280957216 107729928 -108848416 -191148144 -129216640 152278560 -795400320 -129603368 -136818272 -481147904 177111840 363211232 -57455888 -211075520 234266368 -305441792 63650200 -14489034 127330000 -396570112 -356742784 -129989632 345865248 7042697 -547534208 289724032 189278784 -161642640 -333054240 -123403432 -31146732 -519462688 -9668580 -536681600 272524288 -38847596 51937516 461389088 112986848 42511240 -402787968 
192503584 503636288 -49972144 107764792 218599264 325722016 -93468848 215072160 -165851104 -68359752 403316192 82741136 482773760 -29806458 363867552 313092480 -325143296 58494112 153313248 -259938272 70832928 -54853404 19679740 -122648432 -300516096 194231360 351978656 149361280 -121702384 237585840 44758224 196913760 -13123644 -246984928 -54544652 -124037776 -306765984 436950208 263925264 -272686624 -50623792 24715312 544267392 -63197804 -9733880 -6292264 312638816 36423704 112594312 435504192 -169595328 91398672 487877568 -195216000 -181844960 103495904 -58215704 -188420096 -314874688 -156426400 278541728 180315040 -7655568 -191595424 
-551358720 -302856256 -130390280 160376160 -179239840 -123471016 111743104 23672656 10721660 310086752 -125373800 224173264 297901024 -195832944 -100403568 -93396992 -230018096 295180000 127221128 163367008 84394536 -130551432 392100672 117991128 -40051972 183640752 -99660816 -151817664 109859784 -149149088 55447984 75014432 -160448064 -76070592 207377200 -163956960 -39564680 51623072 -83402336 -204515760 -72808240 -16602852 -215841376 -76161184 -375643552 183511632 422888640 258806944 452104704 14065025 -328640320 -59535624 -138846448 490917024 408470016 -76017984 -315580416 307562528 -95462144 -235258688 212885328 239570640 202739728 395106304 
-71810288 126377680 124598952 -594313344 275143584 -645453184 -479221376 64163628 219932208 191224736 218496320 -48156132 357937536 -207155040 -327396032 -94110528 267487280 392718048 36170724 36928656 -385664992 -7512607 64047484 -310398912 -142846816 150832976 293452768 33737716 551724352 -513267904 229017808 666401024 28381636 244719872 -422763008 343516672 -203703488 -316893280 98824992 -203375552 -522042624 318667360 -324565024 170787248 10852706 -294220384 224203472 28469908 96993696 172410256 -233873936 26692756 -89506664 44149752 -328379040 272537696 -203264080 -58102384 283500480 -294364608 115251072 -191005152 -523019168 50841784 
172771600 442942336 379834656 -290181600 54467664 128950384 464637824 -399860000 52250296 -186992640 -53362708 440966080 176982592 84427408 190679296 138568960 -305923808 125622064 324859072 514576864 241980160 -394700384 264526272 141894672 -218320960 -107296512 227717488 236246224 204027088 377212544 -13133904 151008112 -261872128 -497052128 -270215104 -183160448 86640808 25252180 81942960 -95275256 158242032 70458848 295044864 368187648 -231740608 362756096 105429368 66979800 572572160 -20197640 255553792 -200935120 -36541864 -308702368 329350176 49738232 208702400 -12650814 -636950336 -135524624 110160216 57675992 164805792 27805058 
-66359520 197909056 545359232 -113893976 -232919680 287792672 -254064544 -243245184 -166967824 448210976 -56220492 424564416 -140521984 238570224 161667648 -449951936 367292544 -279692576 247472288 195184944 -48505416 321884160 -161135584 -4149264 -456357792 -215890144 378417824 -22184128 -603441728 -182840160 -231047872 249856640 -35408040 191595856 262384960 70360328 417026016 -140962752 -188169808 -66556524 32841658 81738608 171503680 30454356 80288408 142325456 -80927368 116471344 -582329472 -159666288 368452480 4930776 166041584 18476064 -205243920 558867264 -475746080 -189454160 -122198896 -214739728 155232320 -96822392 80292944 399528736 
-205561312 -517005056 21109882 513696896 271405792 75726952 -1996475 700260992 -28429018 -120893880 351406336 254057776 232816192 -32786128 96132752 402620384 555903616 480010432 -259425888 86589552 379490656 -49672196 427260992 -240565456 -51841648 193611040 76483824 16946738 148206368 -152581568 339879712 27774656 -345359456 118046544 425380736 -266411584 229051632 -66486096 -86566848 -177863712 -28088216 -336205760 -296919328 -307295776 220901552 57394672 -313794592 109132944 363554016 67275648 190020416 251217808 -347532544 198869792 -120988920 -248278752 -14147262 280220096 -259351712 -132328784 88737448 -57187020 -59306756 220802016 
-203016448 -255543520 -228312128 -83096520 -90225200 148127344 384974528 -352550592 766654976 195251056 5987740 -200132480 72200528 504318720 -417127744 -135498112 137688784 501745728 -625611456 119035072 237187648 261357280 149876160 -81999088 496686592 133094360 188852000 268961152 -14406740 78396688 -354963648 -652085696 -346726144 193293888 14887956 -39133648 348174144 -112903424 132912000 -117743048 56577208 212409792 -258490800 67200656 -12011110 72014160 -122438112 -305019104 -607540864 5233660 -172140480 230913072 -177730880 445808928 151422816 -23467952 -311802848 -166696048 -18901074 130950816 -508447328 -153622496 185719248 43015880 
-31757864 -362283840 -194961552 81638256 -102216208 235183856 259292848 103811248 -170451168 264009264 -149828416 265469056 -209182448 65978416 -416519648 -136664464 -19100828 -624091072 -189978976 234297984 263094112 -232679456 103837736 -4624992.5 102509912 -464163648 61351944 544745216 79033040 -212498032 -433205632 -142970576 29369640 642989120 165878096 55625284 436738304 -217426928 68092552 446543520 -427712704 330622272 -240208560 446156064 -1836044 29260708 -518326304 -30754092 -505584608 -426256704 481508672 35781152 -1419754 -564424640 253413280 178868688 -119193712 -100479680 304391520 499380192 -319839712 316099232 195590944 229503744 
-201031296 -264009920 -404763872 -141518528 7820538 -185579616 169133920 -143807360 380401856 49941488 48057952 180650400 548596992 19070060 123447568 -95369896 53516592 263208080 126693624 115535920 670730496 -16808380 -164819136 26175872 -178042768 -188737024 56094064 743229312 -97792992 -166394384 -261302784 -6179800 -123657896 201167488 38186272 261959936 435506048 -120044064 -144176688 -103581304 -46482312 363573408 -72067488 -58100808 37407340 296081792 -152438768 122928240 -15052813 86461224 -318026016 -72607080 153163552 154414784 247533680 -26891992 -272605792 143333664 -394027840 -19525914 108876112 271386528 202718480 256033776 
-121488128 191274912 72569672 69432800 -189021024 -321550336 352174080 -135152960 -367982848 -37246888 581607104 -65909392 -56858528 -323166816 -255913792 -146104128 -163155200 -417939648 -450653152 -71453584 -115642600 292197920 196403648 224307248 192712000 -502130976 -81064800 -288244224 -125137696 -89318680 -44830496 -230835136 490783872 219944080 452977376 -138824608 -169680912 -177779728 167884352 -219981232 -283666336 114756912 -121188256 22645288 444817536 -304833856 398841280 99702848 208044704 353638016 -513041184 -337638944 -277703232 -208804320 -521930336 62862528 -592667200 502016320 358903840 80534992 260247264 -97153480 8499632 169665024 
74002856 549457984 -315491328 446450848 95879264 -94324736 501722688 260257120 -36066904 51066808 239109920 -37777504 -177198608 -164192592 246773824 -122525856 134892480 -224205264 -50737960 -165062848 174353840 -408673664 -39181696 143227392 -608799488 -278141184 317624160 -198455200 -413970656 11470133 274991008 -8099904 -331835520 119167632 258156496 125464688 189824000 -131739832 332882784 425842752 120194552 -156295152 66816840 -219778128 -113187024 -67999888 -51629312 243165680 -374932640 -752470080 -180511808 -515098816 -111406560 29691240 261708896 37831160 19426478 171666848 233340384 372583072 -68573136 54334560 417279520 227962896 
206264512 -32859834 210386032 -535284416 -596767168 292500192 -47031208 -127328504 137421984 -319132224 -716280512 382737184 -10680848 337548128 -282111904 -86360472 -128134544 -147105024 -118209712 38586512 39561520 26455132 92222448 -245456960 330499648 -192610320 -102382512 -85224992 -735369600 325211712 -158117152 -128954536 258661040 -63917356 -344690848 221002064 -84901488 149666816 109093752 420706080 383195520 -24498156 313271456 579799168 -405962016 219660736 66801592 -240396096 -350033184 -81284024 -4659156 -147449616 94447520 198947136 539206464 38329872 517814336 -121056656 13954940 229734624 -282277696 -238576096 817126528 -16706824 
63006580 -296778176 57976980 82246272 303495168 -243868960 450426912 -408595232 -127539008 -142377056 -169491440 -240617280 -629817344 123534464 -443644160 194110128 -156727056 95520160 -113069568 -359729312 -245842512 42787828 14738792 2107009 338222560 -41325400 -99501200 -143736880 111355424 128859936 -144564208 -705209856 -140498416 183781904 217677856 341403008 -298441888 128920240 -476466912 -487957696 122222824 -496636576 -22565836 54472264 221238672 209231904 -85042576 -368955936 -7566611 -211171584 230020512 -90481392 -318046336 -47533776 -373941760 -215331328 -1388276 -324138304 -159845104 -257969056 -384874528 76492528 215878512 -495550336 
-466614336 -10849343 -122701640 429714944 -2571792 -310605888 -100758016 525371680 -320862848 -227339312 -11132466 -523586592 149319984 89401848 81170672 -87673352 373166144 107204920 -98094280 70228824 -221727824 -47216852 -326280640 440995136 31496180 55374176 -147556720 -219841936 -413419808 325168256 -192953552 178660992 126464088 -463280736 -381903040 68869312 -633269696 435457376 -130128472 -271079680 -124411368 2468346 -6273255 -228786464 -212042272 -321336928 474491424 -357285952 313842720 424894784 299866944 265571552 -383914368 99795808 -42497060 201078320 -151014640 186206464 10365771 306259840 473729344 -36156296 -183424160 -198126240 
455671968 7247683 60143824 247186720 19713852 194516032 -4214740.5 304224032 -283993632 72426368 512456288 497716768 -174718928 -341640928 70166992 135096912 -43706228 -496723008 83292672 -119762128 -478210016 -66101720 66910604 293786272 -353793376 83235904 227171520 -393874176 -58600120 -175246656 272657568 410580480 161986480 101487408 -194282016 1886598 -172545200 -72543728 -53081748 342580992 294579840 25534088 423105568 -185571008 15055562 171930688 -206406816 328063456 241540256 -166253216 399545792 7510032 -60715984 106443808 9645104 -86037912 70460352 217636304 178075984 -372655744 70351584 -305366400 73812208 135687152 
49486504 199655280 147082336 242228640 -147439440 389550944 365903168 -467883104 -156187632 -96282336 -241133680 302590880 -87446312 231222224 91565056 -281728192 3152020 69137344 -353127936 -296035392 387297312 -248874432 -97609680 -32520222 -205213136 -398488224 -54026736 127063720 -186800704 742448512 -184553472 -176126432 214899696 46842572 -180670288 -77932400 371326112 291317888 -319483648 483680064 -115279928 259750832 31825402 -213871168 -370697984 -54809120 -164317360 -12006808 -192479104 -534007072 20495468 -186326592 247667840 -133453608 496995360 -286899968 -208005088 135480016 64662128 -175683584 170203328 248786992 136060576 -61244020 
-145228640 -80790704 -324149952 120669888 106585936 -377074912 -457295872 -450201024 267326352 88523728 41487016 201940128 321923744 153758224 -19846304 -467707264 561081280 -29166908 -451675872 -366290752 134411072 544235392 279999488 330641184 -332111392 -30061268 203437472 48278240 147299936 -437573056 472894784 487450240 -80656352 -561493184 130095296 -513346944 56752284 -348668448 -290901024 -17670888 -348800960 315736416 -156173360 244177856 -423374496 -231267264 414622624 338925888 323695520 341514656 -92461384 324395072 -20845236 -125045032 -107305680 94039088 -108138376 -131469040 -146085808 532342048 812836224 -648527424 -37635488 -100758176 
72211680 -551901504 37270204 42487248 199535504 220744560 -274494048 382949728 341353120 -305718368 -14945172 -50552016 127161248 -267545296 -356896896 117644032 -174466128 -29343988 230515936 -143193168 -175847392 148039456 427616608 -96730680 -101782920 -587459456 -150904512 21364844 124810848 -197916944 -429158240 -298667168 -500023648 180811472 -132617792 155234272 137662064 50537668 -127063112 -59905320 -221950336 26069030 -75424312 -20944868 -65958240 594680064 -377312960 -566183744 43088816 -9936622 -284761632 -412507488 343810176 -1351660 340017216 83876816 128985024 404683424 -733838720 18759566 509296160 -175291264 -59271752 23466834 
-121728864 311611488 -370604352 229502688 40107188 137973296 79793048 -364805024 -256621344 -54620860 -513904320 -526795584 258442688 -162007696 67380632 -6006815 -256011296 -159760848 -293550592 -400188032 251519808 167502640 52318448 -104713712 -319892608 287157056 -322807584 -86492608 -192274704 360951936 152375168 185296272 301349088 31187348 -240497184 -41625632 -641867072 -121107072 109205472 137960896 -282079712 -86774176 -144721888 -49334856 -311307200 -428993984 344280384 524000000 -270486208 212172592 -373299104 -414180064 610670720 -89177584 -418559616 -243108384 -268714368 261170816 -110303184 395115232 496714976 211690736 51557320 -475386656 
45365508 -2236708 46294484 309665728 13622484 206941024 195887856 -113136016 168294736 -306436704 444815872 85044040 -322900256 -100196432 -236225840 -67157712 -300351008 30519536 251426880 42769800 159337136 -131234616 168971088 167226144 76681792 -171680784 32182302 -81940944 296132000 274495680 -11786142 -30951656 38585052 435599584 172440368 38023748 428673600 -368717120 -85865104 -337774240 -121467200 -180895072 -191198144 157863120 -9299042 54961396 -241277312 429824 169361168 -292663360 -400200864 -2756704 143166816 8990088 286300928 84418624 -367984288 293051392 139104192 350942176 -219281968 -373554752 72202552 65597632 
-185253632 269938080 281302336 11962755 -109984336 34408784 220988160 224216256 323717696 216629296 391463424 -448841984 381441792 29422760 -109754808 125142936 -129222392 -121526040 -288645248 112189920 -111055440 171527728 665164416 -82061136 -76839224 587339264 48480504 -55027272 -224602096 44164184 -37700300 -188414128 -336499040 -190248464 240843472 -444461952 -209776896 166803712 -65497568 -11300364 264293904 129052656 184240032 466393248 -232835776 -201374496 25527312 -3401128 -393267072 399050016 -26025702 403965216 -147004160 405535968 -461021728 91992192 -112846520 -157262368 -232758240 -258239968 226777888 55136036 635367104 13313590 
-235376000 150082976 -333044512 300490176 142705968 -501090208 651516608 508857120 -108301976 731332032 -8428480 -371475680 136711696 284940352 -218563104 9355851 -296093920 611799744 358041920 533184672 66532792 -60863748 -43881992 24848800 293235840 513604832 -38274436 -90826976 160984080 292438048 -68636832 -47823236 -151957984 184462416 -220898848 4388333.5 -127936288 140868912 170025568 -274412736 -102380808 302771456 -591363 6213780 232825456 102645040 -286188800 -44163720 -270806016 266402144 474502592 365124192 -216624832 5841208 -87716496 1605508 -208085264 -176407200 -203544288 2764930 57548256 76943360 338603904 -116932656 
-462144896 179315392 80678312 169979776 90373408 273045152 240610464 271009344 36847628 -537619968 -76512096 21495900 97524760 -216290816 376756704 204707344 155028192 -85627336 62024028 220761072 495710720 195039520 -438480192 145819424 -594430656 29706408 283035136 73488176 -214349648 71582224 -278151456 -128874784 -142404128 -119549088 62134260 -175994608 -338474240 135820768 302949632 172044032 12480651 614244416 210465888 -373135616 -174577424 56467104 314619328 -59582940 97318456 35463176 -189675200 -317309792 309168096 334282336 87172136 -431693792 343338688 313086272 -246392432 -446319840 403900160 -100814568 74003344 -445561728 
-43484660 -212344576 -182541824 -86045992 -370588640 -19997766 292345184 678101184 429617504 -250191952 283171616 -96379888 -196155856 -124812576 -576839552 105982448 -15880128 -132928384 85692704 188151424 -96479304 -71978480 44734164 -220959728 8609470 118846184 219037280 188275520 81163208 -7781944 -39926196 -147352304 234757440 -224649376 -117492024 -129496280 -285595872 -550977920 24963420 -484408096 36273424 403540832 -273178272 472726208 168645200 -285579360 31842208 200710272 -74650544 691534144 -315704992 309138720 -224755616 36510900 -431966080 441774432 74273328 293032512 217109072 335004672 179106848 -373754592 -163484736 -323715648 
-23028994 83525568 277365824 -32601684 11570996 175385776 403435104 543988736 -303518400 -288411200 -318063744 -258531504 -458479168 286344736 -133043968 396165952 33285764 121477280 466858624 -21504496 -89436648 148501024 384772512 -429965184 -78290344 169545696 121084136 -553146368 -56644304 141458064 -141461632 -47694164 -681635968 25967248 168605312 28724408 143879440 -190558624 -129713096 -132401360 109498328 -477166144 74156320 -84417920 -530447104 127350112 -792495872 -481316768 -273624416 125843440 539904512 19695520 -45782036 -11327244 -93289176 -146159392 394806464 87440720 -166564384 140002304 48590104 -291067200 372717248 -134251104 
19101284 189589232 260092240 -370573152 121467856 55120108 -37324328 -580547840 98994896 209560256 -41159836 -23242646 394152448 120083184 232802944 -102321952 -149168720 502830880 -38210104 146652864 -235756704 -129015448 -439845696 419717376 -70699216 -280556000 412609472 139752800 243115280 -74465976 5799502 -415922432 112622472 -167938608 -440437856 81284560 129958824 93200016 -123559968 -206683024 134326016 165989552 196902464 -201668144 -409273984 44952300 271363488 -4758680.5 516502304 -372120128 116459208 192722000 228283168 -190388224 151890368 465800064 -561625536 -162472672 -233812048 -242538144 -283240384 204246960 -114071272 -124969104 
132980016 -59725388 251016960 136863344 -117278968 -105383368 215497056 82022824 -602905408 112217360 41369228 339170016 299285024 -260968768 159572400 256896992 -507025920 -511228960 439579040 420285856 10825294 235027552 -204768608 -270902016 -309683008 -227289904 200794128 115488168 -425034304 -160991216 -269535072 360618880 -209465968 159864544 243123488 44240048 -57049792 -150484592 34457556 91253928 494341952 53871988 413607392 -112403528 57960796 -14972263 -518652512 132822320 -77250352 -271402240 605947840 59256368 56140800 -118700536 109333568 164390960 178369024 124926872 198019328 50104284 -456961248 258922192 87955752 -15644531 
-425030496 -207890704 -301302400 156221520 -401443136 93251208 180346032 152588224 -254519120 -59345024 -355663488 -348709632 -68686864 23484222 210063648 -312922112 -226035712 -259554064 -153953136 -372308608 245793568 111074296 -213391056 164553344 45005644 -41000488 1994164.125 124855632 -231578928 12212784 -334012224 147179392 388389120 339666016 -171158400 -58852544 149960816 -31691088 -137261152 161845616 2495092 586780544 -465784544 -189147696 -223061056 107522592 -121171032 146983856 -405272896 -72227984 63954624 143602736 -122634000 159722544 145497440 -355874624 -324443392 233673520 101105872 321833088 -159819968 36565544 188359664 145589808 
587201792 -297954400 -288229632 130511104 181368368 -184174480 -129377080 288943040 -390988992 -12073364 -300303904 -253753808 -68991192 -108719064 202580496 303641088 20477586 567358272 177725648 -725228032 -204482704 193505920 -147759664 -336446464 -511826880 -33848732 156929616 -260022624 22102268 115257456 -198667568 344358496 -141671520 -184380064 -157881376 -1315937.75 -126108592 150847376 -214914848 77464248 -2441633 -390720352 183888848 -478767008 -226593008 -125120064 -204020592 -307760672 -124532952 408888192 282809472 131839984 323534336 86820232 -196919696 26417746 489573984 -349616416 -265603616 -84801304 404362176 -206947344 -134387008 -244569504 
111686560 -100969864 -138957664 -169268160 -493054848 223532464 46427488 -200936640 147651088 345444000 152131296 126279712 -278736960 175687344 -156376688 208418816 14754500 -310319712 431778112 -252604032 181223232 200226096 81675320 -141553696 55008480 -169727728 47175636 16655320 125670064 121431856 -161854256 147729456 45235108 588424576 306176320 -229227856 39109056 -491129888 219203552 154307872 -223067072 -255218720 -91627936 81928288 -210498784 -95773000 -265142480 163638368 -325643360 -113335424 6346974 230723904 11673968 -93715488 369123616 -174184960 -321075264 -453758560 106679424 459749952 -691900288 257527056 -250254400 14838202 
-302276736 -325153408 -438534624 -459367488 -465602176 256325296 6973469 9601742 304579808 -204936480 -221356144 -44081184 -180687824 199526256 -553106752 100173864 -38814988 155026912 -446644736 40037360 86664064 156467584 14213610 -5235818.5 152633680 42212632 -149095712 -70479576 343241472 -189167136 86892320 121643816 -6739103.5 92590288 -165529872 -328695904 -83939480 -380511488 112921008 -129168624 -7695298 112727952 -55077840 357428352 32679884 -227814352 168872048 -263877728 -288248000 173974048 -69197216 -110975328 12156367 263744304 -85998912 110662272 -90092144 -342714816 -366159776 835084416 -120167896 -386938720 4784746.5 42381584 
66901312 17534576 -338525728 273333856 -29327184 727076736 -171056976 30702732 334784224 241220544 -228481920 162918976 -7346372 -604438144 175895776 -202503984 154504208 -111083616 16354636 164003616 -477672416 -242990080 276334016 3179134 -443838752 -505291296 -103409464 226831008 176683904 -337076608 -63101964 98662296 180792560 374955104 629222528 -139929680 -68033904 -233837376 69975864 310477248 425729056 67864176 189823904 -198051200 -31710056 -9570012 92647928 36818796 -164792352 -217797632 -48382728 336752896 200435088 365203072 302880128 -259931392 -69293744 -339645120 145367088 -285551168 135905504 213422128 277495744 46551656 
