16 16
0.74574512243271 -1.4985411167145 -0.82263451814651 -1.8906573057175 -0.3462760746479 0.97227954864502 -1.1052910089493 -0.56229412555695 -0.47799563407898 -1.0113816261292 -0.5008647441864 -2.6191823482513 -1.247184753418 -0.28836685419083 -0.14250689744949 -0.9254903793335 
0.51820260286331 0.092370748519897 2.0165214538574 -0.36754015088081 -1.5623700618744 3.0303950309753 -1.3298841714859 1.9881739616394 0.35429355502129 1.7961609363556 -1.211767911911 0.45206639170647 1.7419658899307 -1.4684729576111 -0.9477362036705 -0.22750961780548 
1.8127821683884 -0.9366934299469 0.26185432076454 -0.050118297338486 -3.6002366542816 1.1419838666916 1.6087675094604 1.1134734153748 -0.15940676629543 1.080374956131 1.0381226539612 -0.033382825553417 -2.1171751022339 -0.54633903503418 -0.54421943426132 1.7474992275238 
1.5742464065552 -1.0194573402405 0.8437237739563 -0.1414637863636 -1.0901314020157 1.3550956249237 0.25208139419556 -0.026538133621216 -0.4262697994709 0.88300597667694 -1.1709674596786 -2.0078825950623 0.25446927547455 0.10868513584137 0.36774510145187 0.078622877597809 
0.46552789211273 0.84341740608215 1.3920055627823 -0.062360376119614 -1.5905346870422 1.1763136386871 -1.5052486658096 0.29539439082146 -0.017161831259727 0.77849459648132 0.77556723356247 -1.1453899145126 2.5014383792877 0.70517873764038 -0.58392989635468 0.44705897569656 
0.36580389738083 3.1496605873108 -2.8181641101837 -1.1617188453674 1.4548804759979 -0.11045799404383 -1.4529131650925 -0.75659221410751 -1.5080720186234 -2.6274554729462 2.1718873977661 -2.7964081764221 1.0133851766586 -0.049130089581013 0.92876332998276 -1.0155549049377 
-0.68398559093475 2.2792155742645 0.3882851600647 -1.6177757978439 1.2206138372421 -1.5037964582443 -1.3214197158813 -2.0741791725159 -2.3379044532776 -1.993540763855 -0.25100389122963 -0.63115882873535 0.98036336898804 0.32792672514915 0.87029457092285 -0.56899076700211 
2.6772117614746 0.90705460309982 -1.7974053621292 -3.2260558605194 -2.0940761566162 2.0326058864594 -0.69537663459778 -0.55000054836273 -1.551344871521 -2.985916852951 -0.80770152807236 -2.1639544963837 -2.165256023407 0.7892028093338 0.072106927633286 0.32308372855186 
1.4967707395554 0.83540606498718 0.047107983380556 -0.048479288816452 1.8904104232788 -0.46510130167007 -0.075654491782188 1.4872424602509 0.15714463591576 -0.62143194675446 -1.0628069639206 0.91981536149979 -0.9401319026947 0.2156545817852 3.3394165039062 -0.82464569807053 
-0.27923595905304 0.97201883792877 0.0069798659533262 0.47842606902122 1.1246558427811 0.77160036563873 2.012202501297 -2.9603264331818 0.35547921061516 -0.39740031957626 -1.3926047086716 0.38102000951767 0.39285284280777 0.091536775231361 -0.39162194728851 1.3223041296005 
1.7768589258194 2.223886013031 0.71285319328308 0.27258604764938 -0.799087703228 0.64344590902328 -2.7629780769348 1.4782350063324 -0.62361574172974 -0.10115383565426 0.98383033275604 1.2874790430069 2.5296261310577 0.031994462013245 2.5326409339905 -0.5807119011879 
1.5831121206284 -1.5065621137619 0.68798798322678 0.051504462957382 -1.14996945858 0.41129416227341 0.0015911310911179 -1.092554807663 -0.27523216605186 0.49986320734024 -0.46751195192337 -0.57950043678284 -0.91184538602829 -0.43954607844353 0.49125573039055 -0.64456164836884 
-0.63803255558014 0.71421003341675 0.54284423589706 -1.1249339580536 -0.30589711666107 0.31372326612473 1.7398533821106 -2.3671360015869 -0.78805214166641 -0.79316079616547 -0.43321138620377 -0.20780885219574 -1.4245476722717 -0.44110417366028 -1.6112444400787 2.0267622470856 
1.5819623470306 0.76333558559418 0.60204738378525 -0.20993500947952 -2.0459699630737 2.0861196517944 0.029477298259735 -2.817244052887 -0.65533292293549 -0.60933238267899 0.026422500610352 -0.99661660194397 -0.71136468648911 -0.65900754928589 -1.5830302238464 1.0060064792633 
-1.6579377651215 -0.64038735628128 2.6048073768616 0.0030648112297058 -0.075743198394775 -1.5194172859192 0.58222514390945 -1.1724255084991 -0.9474310874939 0.17422306537628 -0.55730575323105 -0.19313859939575 0.094510599970818 -0.32030892372131 -0.52867257595062 0.38364946842194 
-1.5973922014236 0.93742048740387 -0.29016482830048 -1.6179373264313 0.033582895994186 -1.8695425987244 0.64050102233887 0.43461528420448 -0.61394715309143 0.25815370678902 -0.11849127709866 1.3808683156967 0.43344816565514 1.2364063262939 -0.55247753858566 -0.68910682201385 
