16 16
1185972.375 458936.0625 1739173.75 1112988.75 336114.34375 -2008066.75 -800162.75 -615744.1875 375894.875 -514322.75 -3495649 -347993.8125 -2017850 752712.25 2332485.75 -2253258.25 
-1023695.5 -1265836.5 -2143373.25 1499110.5 405037.96875 1167575.75 -1159354.25 161212.1875 774368.0625 -567830.625 -386331.0625 -1129400.75 -680796.9375 -1125546.75 1208730.5 -624120.875 
-408007.78125 921065.5 702360.5625 -2901687 2448110 -1543527 -1292753 3402167.25 702913.125 529954.125 904071.75 974991.875 1023812.25 3059170.25 -1156955.5 -222401.78125 
-793127 1438049.25 -692261.25 -1408350.5 3111371.25 763205.4375 -1964786 1663276.5 2269894 581529.125 -732572.5625 510884.34375 -108443.9765625 1630361.25 -443632.75 -210385.46875 
-1033429 1475701.75 -28108.21875 679859.875 -80897.9453125 1072414.75 -1597586.25 -1211102 2091822.625 -2121164 -162499.6875 -467929.4375 -1087653.125 -1180047.5 2441622.25 815650.75 
-597080.625 400089.4375 694969.625 -1234491.25 -70547.625 -816774.5625 564944.5625 1305029.25 -46154.44140625 -1360231.25 700328.375 2129553.5 1331586 151023.6875 -541125.5625 479191.90625 
-1137515 -855411.125 1338580.25 519121.4375 -833348.8125 616913.875 2088664.75 -41170.5 -2522925.75 1769219.5 191601.3125 -214401.03125 824627.5 -1353579.875 -1030737.1875 -546213.625 
-3539406 248745.6875 791925.125 777874.8125 1338769.75 1414472 -1405796.75 -277304.96875 -413409.0625 -1900361.5 988163.8125 -825875.0625 -885207.625 -1545327.25 1667330.625 1017369.5 
-1748083 956228.5 1102399.75 -483767.78125 229653.8125 -1477076 -171154.1875 350493.28125 -2150039 97226.0625 627876.625 657348.625 -484824.21875 112524.09375 1469250.375 944382.125 
-69505.5625 -326480.15625 1505669.5 811493.1875 -1572078.625 -848226.375 587903.25 -651463.5 -440354.71875 -769815.3125 301739.46875 -604702.25 63030.046875 -1449175.875 1096397.375 -680011.875 
2899564.5 -1751633 -2233184.25 -2080905.75 335325.21875 -1443264.375 143353.125 1010474 236350.21875 1173387.875 -2360216 584911.75 -71560.7890625 371185.3125 -253888.3125 -930883.875 
-3743.1953125 9416.65625 -17322.09375 1044584 1295815.125 -2452082.75 832146.9375 -224837.921875 -1408207.125 368799.625 1859044.5 159768.234375 164086.03125 -242307.96875 -226640.25 -1844412.25 
4077998.25 -2367620.5 -1947258.75 222775.09375 903299.625 132170 1410477 314395.3125 516975.125 944691.625 -748846.25 45265.3984375 747491.1875 639922.6875 -1070430.625 -1591208.75 
392206.34375 -876386.5625 -1493685.875 723812.4375 700645.875 1523690.625 -45753.796875 -118934.90625 52066.3515625 -630310.1875 -304307.25 1491400 -452285.90625 -453559.375 -556567 1280772.625 
267534.1875 1069342 1253127.875 -1390218.25 -43719.78125 -2529404 -1473382.875 -1229557.625 1365212.5 -2544734.75 -1154953.25 -434246.25 -1978405.75 -1953446.75 3199740.75 -500887.53125 
85435.9375 663278 -531573.4375 283303.625 -208393.4375 -290567.21875 -576612.5625 -89264.375 -70860.9375 299635.96875 2488338.5 1634817.75 19244.287109375 343704.5 -1815019 1892341.375 
