16 16
2.2754697799683 0.42349892854691 -1.137020945549 0.48865774273872 2.1220605373383 -0.30773106217384 -1.5511664152145 4.4523739814758 -0.76818585395813 -1.4810277223587 -0.41868290305138 3.3215434551239 0.96658599376678 2.3254601955414 -2.3033535480499 -0.75621885061264 
-1.3266644477844 1.467657327652 1.5120286941528 0.29124039411545 -1.8333299160004 -0.19230949878693 -0.32851541042328 1.3113375902176 -0.95566046237946 0.27303722500801 -0.67685747146606 0.44545823335648 -0.2200308740139 0.81324285268784 1.5485639572144 1.319726228714 
0.21927680075169 1.3902397155762 -1.1034497022629 3.0417642593384 1.9263017177582 0.73864233493805 -2.4760551452637 -0.15924632549286 0.5628165602684 -0.50698417425156 -0.44477385282516 -0.9586541056633 1.1907991170883 -0.29363158345222 1.0659071207047 1.3532909154892 
0.38900935649872 -3.6582391262054 -0.84476047754288 0.25210165977478 2.0619926452637 -1.4807533025742 1.3758251667023 -0.27086865901947 1.7478252649307 1.2121315002441 -0.68459343910217 0.85470378398895 -0.076545737683773 0.016565604135394 -2.2760586738586 0.6172708272934 
0.9700710773468 -0.12447901815176 -1.3310556411743 -0.71570575237274 -0.52042579650879 -1.3783009052277 0.92188501358032 2.3385407924652 0.35560274124146 1.1263647079468 0.60692834854126 -0.72138786315918 -0.42347994446754 -0.094084046781063 -0.4842481315136 0.66017132997513 
1.1364775896072 -0.68816822767258 -1.1495169401169 2.510333776474 1.2896022796631 0.16549615561962 -0.38172900676727 -0.8973605632782 1.4989413022995 -1.207350730896 1.5509117841721 1.7063246965408 1.3100855350494 -1.7170931100845 0.90632021427155 -0.96928453445435 
1.1511583328247 0.65825664997101 0.80354857444763 -0.28248599171638 0.25798606872559 -0.10581055283546 0.75915038585663 1.8829381465912 -1.0071913003922 -0.12268441915512 -0.34156066179276 2.2411539554596 0.11029008030891 0.036256149411201 -0.26035293936729 -0.70679318904877 
0.6077733039856 -1.1333833932877 -0.046691685914993 -0.48637521266937 0.15370343625546 0.97762161493301 -0.14101007580757 0.047019571065903 0.50024336576462 -1.1518771648407 0.49883255362511 0.75602382421494 -0.47610768675804 -0.67824774980545 -1.2056949138641 -1.7092546224594 
1.1124341487885 -0.24402362108231 0.73751121759415 3.1685321331024 1.9931801557541 0.33315280079842 -1.218682050705 0.25074690580368 2.6037576198578 -1.5795133113861 -1.2971813678741 0.0135014988482 -2.8343420028687 -1.3256492614746 -1.7299565076828 0.68910712003708 
-0.51498824357986 -2.0854604244232 -1.7429362535477 0.085972741246223 0.28910115361214 1.2795293331146 -2.1903779506683 0.25090572237968 0.19167760014534 -1.5009441375732 -0.027603060007095 0.76483172178268 0.2384217530489 -1.2989594936371 -1.0794079303741 -1.9337277412415 
0.47319707274437 0.51521354913712 1.9045798778534 -0.084954932332039 1.597509264946 0.30376541614532 0.90544641017914 -0.30607914924622 -1.1301444768906 0.50245189666748 -0.16617947816849 0.034454692155123 -1.4305489063263 -0.88672012090683 0.25464046001434 1.7498332262039 
-0.87103790044785 1.1235289573669 2.6719512939453 2.3731050491333 -0.62658643722534 -0.67220449447632 0.67237377166748 -2.9188041687012 0.75931453704834 0.1732365489006 -0.93462419509888 -0.86791372299194 -2.0603311061859 -0.79726415872574 1.1267654895782 0.64211297035217 
-0.32979774475098 -2.67933177948 -0.35012972354889 -0.50872814655304 2.4593286514282 -0.17189630866051 -0.11642071604729 -0.83167326450348 0.30427956581116 0.73496133089066 0.24976122379303 -0.1885059773922 0.94827967882156 0.63607901334763 -1.2403702735901 2.0944690704346 
0.40450799465179 -1.1403789520264 0.54359126091003 -0.98071718215942 1.078067779541 -0.64342534542084 0.47291946411133 -1.1207323074341 -0.97793138027191 0.35731390118599 -2.1413612365723 -0.93099969625473 -0.62631487846375 -0.8567305803299 -1.0542783737183 -0.26364329457283 
0.47071784734726 0.68063724040985 1.5136158466339 -0.064671270549297 -0.59941464662552 0.083357937633991 -0.61697089672089 -1.3688615560532 -1.8561322689056 -1.3054144382477 -0.96602040529251 -1.8296444416046 -0.6632906794548 -1.7622216939926 -0.5271703004837 -1.6324779987335 
0.21408040821552 -0.89567494392395 -2.3861520290375 0.82913947105408 1.1374306678772 -1.0942951440811 -1.7220163345337 0.62792605161667 1.7152571678162 0.063092052936554 -1.5557414293289 -0.75371050834656 -0.13386060297489 0.86923360824585 -1.0771586894989 0.1367295384407 
