16 16
269.57092285156 146.2177734375 -165.6717376709 -127.03539276123 216.65361022949 -0.33602523803711 -180.27490234375 171.10095214844 164.2938079834 -41.386009216309 85.119285583496 -76.024375915527 38.813095092773 -180.25958251953 63.323184967041 -77.762786865234 
57.233749389648 32.548427581787 -22.941896438599 -42.512687683105 124.90590667725 -23.509117126465 -25.601875305176 -37.622985839844 -11.763562202454 -149.81925964355 8.0188188552856 2.333703994751 -1.77490234375 -144.41502380371 181.40119934082 34.12117767334 
295.35260009766 140.54718017578 -141.47360229492 -249.81225585938 -155.67810058594 154.33961486816 38.985443115234 -141.71014404297 61.189640045166 -208.89653015137 -48.067882537842 -89.62606048584 -100.25567626953 126.66916656494 -9.3516235351562 89.497825622559 
72.309043884277 12.548044204712 -142.25927734375 -0.89175415039062 -83.720443725586 -170.62126159668 126.93360900879 93.781059265137 146.05409240723 69.464416503906 -14.467840194702 -115.35916900635 92.092361450195 -6.3244514465332 322.27456665039 -15.722194671631 
113.03852844238 -12.838053703308 -82.746826171875 -140.91995239258 110.72203826904 213.54235839844 80.076560974121 242.65344238281 -20.009590148926 141.6806640625 -86.184829711914 280.23110961914 63.791091918945 -68.083297729492 -55.019721984863 122.59192657471 
-6.5206451416016 47.513046264648 145.05609130859 -64.42692565918 -236.42919921875 -131.73648071289 -48.445461273193 -204.5853729248 -33.120845794678 6.1201477050781 -169.82266235352 -88.402450561523 -50.619781494141 132.45391845703 104.64031982422 -135.17602539062 
112.45983123779 214.50286865234 166.84155273438 -59.628448486328 3.8966636657715 -134.4690246582 -323.96148681641 -151.08599853516 -29.266847610474 -253.31976318359 -32.935241699219 -73.625923156738 -300.95782470703 -114.73489379883 226.19320678711 97.768341064453 
12.955015182495 -55.243705749512 -204.77738952637 70.367645263672 92.81413269043 28.728952407837 123.78118896484 -15.238492965698 -48.368717193604 -180.33087158203 79.104789733887 -14.536338806152 3.5331630706787 23.705276489258 6.9012298583984 304.05798339844 
317.66928100586 43.024925231934 -143.34158325195 -1.2844924926758 232.33222961426 265.32522583008 52.60177230835 410.55786132812 -69.496978759766 212.05239868164 -107.76259613037 -79.691833496094 54.759544372559 -207.50823974609 18.01636505127 -120.66342926025 
-399.6455078125 -357.89358520508 -34.621440887451 208.44528198242 15.971279144287 97.311019897461 121.41025543213 103.08633422852 25.781017303467 99.667984008789 54.200061798096 307.93344116211 5.9246215820312 178.86961364746 -431.84683227539 162.05784606934 
79.927719116211 -119.5242767334 -84.175659179688 71.127433776855 90.651351928711 -8.6205196380615 169.41424560547 146.73986816406 -133.25288391113 164.18016052246 -60.862407684326 -75.394508361816 144.84477233887 -88.143432617188 141.28530883789 -42.12621307373 
79.019805908203 115.27447509766 150.64418029785 31.472320556641 -58.419898986816 18.122528076172 -155.44593811035 -25.56095123291 -133.83120727539 -153.07914733887 116.52679443359 -162.79875183105 -240.51480102539 -107.09461975098 110.14200592041 -211.46488952637 
20.278388977051 -130.11059570312 -25.628522872925 -196.765625 -185.79541015625 103.91640472412 199.4134979248 -20.070640563965 -74.71947479248 240.95307922363 34.63676071167 166.53407287598 88.504829406738 109.95590209961 -157.33041381836 20.452007293701 
145.82911682129 33.216678619385 81.359619140625 -213.24195861816 12.10392665863 -147.61361694336 -40.775108337402 112.34566497803 -72.962188720703 72.985992431641 72.000335693359 4.1487073898315 -11.413900375366 -35.264358520508 97.852996826172 -104.43545532227 
219.33799743652 105.52836608887 -86.22615814209 -105.64164733887 191.39938354492 226.61743164062 45.334060668945 143.8239440918 -106.13995361328 -67.331665039062 -107.15687561035 -37.381988525391 105.98946380615 -173.96073913574 108.69138336182 -141.14958190918 
-8.0325946807861 -47.339370727539 75.631561279297 -107.37487030029 172.50970458984 24.315044403076 43.355220794678 118.7194519043 18.478500366211 -106.33582305908 32.671298980713 335.06161499023 -34.896049499512 -16.260801315308 -45.512008666992 140.12561035156 
