16 16
21974.619140625 -9272.0078125 -14782.548828125 -9653.3486328125 5083.5693359375 -10198.419921875 -11152.608398438 7134.0336914062 -9144.8310546875 -13511.806640625 3231.4741210938 -21872.2734375 -4671.177734375 -1836.5549316406 -8770.9287109375 16358.467773438 
-11528.938476562 -3854.5065917969 433.60205078125 11718.41015625 -33428.77734375 -37005.33984375 1461.5721435547 22132.822265625 -5591.9228515625 -22919.55859375 -18035.482421875 -27232.1875 -5511.6318359375 -16305.232421875 -29577.12890625 33800.56640625 
14347.608398438 -10468.42578125 -28865.232421875 17935.939453125 -9266.87109375 -5124.0419921875 -9365.1015625 33716.83984375 7499.134765625 -25112.33203125 2571.3579101562 -18598.37109375 -9677.814453125 -16998.798828125 10829.224609375 -5572.404296875 
-15371.282226562 1265.7301025391 3366.1533203125 14384.344726562 19581.5234375 25194.974609375 9415.1669921875 6366.0444335938 22919.154296875 4965.0576171875 24413.1484375 12558.745117188 -4059.740234375 3914.1416015625 -1547.8388671875 -8122.7646484375 
17509.83203125 30789.48046875 450.70910644531 32564.80078125 -14498.998046875 7701.970703125 13611.823242188 487.72711181641 -2585.5092773438 -13073.173828125 -3769.5678710938 -931.33020019531 909.228515625 -12001.119140625 11071.97265625 -892.03961181641 
10990.206054688 -4264.5625 8513.1572265625 6847.7470703125 -5617.84765625 866.79809570312 11911.658203125 6620.837890625 -6995.0849609375 -5229.3603515625 9150.916015625 -10357.068359375 -3622.169921875 12746.734375 -4869.3125 6140.0141601562 
-17620.193359375 4821.4028320312 -5766.396484375 21701.482421875 -3190.4624023438 8939.4677734375 39942.921875 -2700.2998046875 17150.927734375 -22.1572265625 13891.193359375 10027.970703125 4757.3129882812 -4162.03515625 -129.9853515625 -23239.126953125 
4627.294921875 -2282.5395507812 23942.099609375 2788.9467773438 -9895.904296875 -20263.53515625 -17379.4921875 556.95703125 -18716.546875 10938.91796875 -20269.615234375 -15417.763671875 -3887.9128417969 -12442.334960938 -7773.0791015625 18284.548828125 
-708.29553222656 305.97863769531 -13472.942382812 -5450.3349609375 -5254.9868164062 -3229.0266113281 19434.033203125 -3307.51953125 -10017.54296875 -4365.923828125 7443.060546875 -16334.306640625 8134.6108398438 3237.1274414062 -7993.0571289062 3968.3666992188 
-17973.826171875 6910.5380859375 8208.5078125 2651.3310546875 -2450.3627929688 12920.254882812 9401.26171875 -7080.701171875 1396.8875732422 107.69995117188 -6574.8203125 7629.1518554688 15370.564453125 5528.4428710938 -1189.2967529297 -6707.326171875 
-6790.3330078125 -30678.2265625 5657.43359375 4354.6079101562 10613.93359375 27133.337890625 18499.3046875 -6833.30859375 -3183.5859375 -2203.2119140625 25542.28515625 6449.8271484375 -31569.0234375 21598.9375 -25072.07421875 -7637.697265625 
-1589.5168457031 -29177.9765625 13930.028320312 -6543.58984375 -13716.989257812 21626.109375 7847.86328125 -6585.9252929688 -11308.229492188 -16197.033203125 11271.83984375 20801.904296875 -5277.1391601562 18015.734375 4968.9653320312 -5451.0888671875 
6470.2661132812 -6294.259765625 6840.6083984375 -22747.275390625 -9141.5390625 -14867.677734375 -5485.9848632812 -12419.34765625 -7023.8696289062 4191.4677734375 -1630.8051757812 -1496.130859375 2606.80078125 -6319.4248046875 7457.3359375 15281.4140625 
-1531.5875244141 5372.1303710938 1972.060546875 20541.947265625 -3553.4157714844 -13801.8671875 18304.001953125 1428.3720703125 -5075.57421875 12013.13671875 1609.89453125 -14032.473632812 -20046.099609375 -5092.3701171875 -7738.8046875 8893.341796875 
10128.170898438 -1956.7185058594 17914.080078125 -13845.765625 -24249.3125 -20850.12109375 -2263.3112792969 -2244.0122070312 11411.94140625 -22723.794921875 -12834.643554688 -11795.904296875 -10529.750976562 2644.0771484375 3770.5620117188 5688.3403320312 
-5272.34375 -9394.3564453125 -3684.2729492188 18358.90625 23510.21875 14667.284179688 -4819.7211914062 8199.392578125 9532.6494140625 8090.8442382812 11891.759765625 3539.0600585938 -26307.5546875 -738.37036132812 -10845.642578125 -12583.14453125 
