16 16
76990.53125 -1769889.125 1960254.25 -560161.125 1914615.125 -570210.625 -1541545.125 -15215.657226562 -427002.03125 1716550 -1266102.375 -40419.734375 769591.375 556765.875 -2010641.125 -2259223 
-862315.875 541639 113257.4140625 1175939.5 -129242.734375 -604258.4375 -546543.5 748884.4375 969388.125 1441174.625 1768811.875 -505725.46875 -1191563.25 -1057236.375 -1403694.625 1697049 
-751516.0625 -3559111.5 812625.125 -473445.34375 -712371.5 -832067.1875 -883005.0625 251931.015625 -2161107 2073330.5 -3251298.25 249375.84375 -920455 -1028652.875 -509713 -1291036 
502033.125 -79841.8125 27757.265625 1910000.5 -2022549.25 10043.71875 -1588149.25 -544498 -919270.4375 1212527 -2108042.5 -1115219.625 -1800959.5 -516277.9375 -779996.625 1937443.5 
1242721.625 3171794 -1289190.125 1034890.875 1088291.875 -616202.5625 1744279.875 1159791.875 2484879.75 -1509626.25 2672666.5 982100.125 216267.78125 -1013176.1875 972918.8125 2185136 
175133.125 257594.375 -917312.3125 2629852.75 -1294635 -220110.265625 -3021770 -215426.15625 -3532147 3890068 -1792144.75 1773438.875 -1379136.625 -1199659 -2178122.5 975688 
-1371904.875 -2162133 574035.375 922081.6875 -317115.28125 -3085391.25 121887.0625 118119.65625 -419684.4375 1820091.75 -716322.125 -1177688.625 -1645943 -682125.4375 -1525212.25 -1109836.25 
-1544849.375 714097.375 -64825.0703125 1726656.25 -516779.21875 -282563.25 -478235.34375 -757026.875 -665537.5 343726.96875 -860168.4375 -988911.125 1341488 906226.375 294891.28125 -87988.0625 
-2355549.5 -3457215.5 2098854.75 -656737.875 -1256532 -80736.59375 -138742.5 361788.25 -349958.9375 1347400.75 -2701405.5 -440114.5625 -559933.4375 95500.75 1092944.625 54907.09375 
-2188492.5 244119.15625 32098.0859375 -1769237.375 -1063599 662231.625 3124313.5 486451.875 -72540.671875 -1285535.875 511040.875 -1037068.75 -1703976.875 286398.75 -31366.46875 -986968.1875 
-1044607.125 1541565.625 -535027.75 815543.3125 974453.125 -425523.34375 -868485.25 -760197.375 -511663.625 878539.125 164061.8125 2146123.5 -205528.9375 -164135.953125 -2411495.75 -357372.28125 
-863959.6875 -412801.125 1165593.75 719230.25 1527206.25 -1375387 -392872.625 388644.4375 789770.4375 288334.21875 -1705969 -122617.90625 -153776.625 734982.4375 -2543357.5 -887953.5 
4379.8984375 2530547 15244.0625 -790887.8125 992761 1613332.5 15979.84375 -1229099.5 881120.625 -2052422.875 505418.4375 1157018 1959796.25 1891708.75 545690 128967.6875 
754334.5625 378229.0625 540185.875 -290218.9375 395218.625 1091741.5 1025740.25 -574578.9375 222761.515625 -1136318.625 -2624533.5 77277.90625 1101803.5 -1738362 -105352.265625 -63018.375 
-177958.203125 1005240 252196.109375 706857.375 1742947.25 -1200715.25 2239959 -782811.125 -1315596.125 -31667.78125 -1101117.375 1042419.375 2412725.25 2262776 -2933487.75 -2035304.25 
-853169.875 6701 -1139704.75 -738979.125 313987.6875 898907 -1111415.25 567281.4375 -1804587.5 1653831.5 -1775390 2377904 -2167530 -6451.484375 146312.8125 -69161.59375 
