10 10
-1.2610304355621 0.61174756288528 1.1257728338242 1.7336177825928 0.034204959869385 -2.0100514888763 0.87511533498764 1.119487285614 0.21287414431572 0.5259495973587 
-1.9343535900116 1.6455273628235 1.0695403814316 2.1392760276794 -0.88667178153992 -2.7677233219147 0.52952718734741 1.2588629722595 0.71973073482513 1.3986194133759 
1.3142032623291 0.7277375459671 -0.89137017726898 -2.6951785087585 -1.7040905952454 -1.6190466880798 -2.2513430118561 0.62766540050507 -0.29502663016319 -1.7219252586365 
-0.2369424700737 1.1250281333923 0.18186117708683 -0.83273369073868 -0.44600859284401 1.0489156246185 -1.1450494527817 0.07206654548645 -0.23582893610001 0.1066517829895 
1.1864854097366 -0.29100832343102 0.23168438673019 0.98512411117554 -1.3506498336792 0.93840783834457 0.7301664352417 2.3326773643494 1.8754017353058 -0.71688544750214 
0.51152545213699 -0.088060766458511 0.18620699644089 -0.6906613111496 -0.0087516903877258 0.77113366127014 0.38354867696762 -0.45393481850624 -0.1571883559227 0.37740501761436 
-0.28882333636284 -0.91043299436569 -1.7016569375992 -1.3302557468414 0.52035331726074 -0.76920205354691 -0.99012404680252 -1.5333515405655 -1.2626669406891 0.20393766462803 
1.1588708162308 0.85327410697937 -1.0148293972015 -1.1055816411972 -1.8993196487427 0.13665822148323 -1.3886009454727 1.0299434661865 0.41021367907524 -0.5798072218895 
-0.37249219417572 0.66695427894592 1.5268350839615 -0.098250031471252 0.65956228971481 2.0817031860352 0.16104529798031 -0.11431050300598 0.48950517177582 -0.31190776824951 
-0.86851632595062 0.82966488599777 -0.2846702337265 -0.39679110050201 -0.72523003816605 -2.7739899158478 -0.60430055856705 1.187020778656 -1.3949484825134 -1.0193462371826 
