10 10
-34014.10546875 -10607.676757812 -24483.369140625 11434.78125 12407.80078125 -10525.100585938 -4010.9506835938 -19215.89453125 12877.66015625 12701.23046875 
3340.5632324219 -3377.4375 9647.9697265625 12400.670898438 -11316.372070312 8807.9384765625 6870.2822265625 298.564453125 2323.5671386719 4426.958984375 
5513.80078125 11430.416015625 6245.845703125 -5976.1435546875 9897.8095703125 -8368.544921875 -11643.055664062 13819.275390625 -3695.7114257812 -923.31640625 
-3411.2124023438 437.84033203125 15619.869140625 -13761.063476562 1949.6799316406 10546.377929688 -13209.71875 -5074.080078125 -21187.537109375 3517.6333007812 
-5910.6567382812 -12411.337890625 -12326.797851562 -18418.85546875 2026.5180664062 -323.67529296875 10426.72265625 -7628.2265625 -7473.248046875 8715.90234375 
3790.1186523438 -10460.326171875 -3965.3254394531 17174.48046875 -9726.6142578125 -10022.336914062 8070.76171875 9638.3232421875 14900.5390625 7353.962890625 
9537.265625 15948.869140625 -8823.5830078125 6793.7197265625 10282.833007812 -11199.8671875 8556.15234375 8312.8291015625 19253.623046875 -5830.1362304688 
6312.689453125 -8099.0712890625 -9171.3876953125 -5639.7060546875 -8835.52734375 15637.4765625 18477.9765625 -22550.94140625 2573.4892578125 -11622.077148438 
14051.865234375 11367.954101562 199.03549194336 -3239.5417480469 8074.0981445312 -7554.72265625 3971.43359375 8824.232421875 8868.685546875 200.81884765625 
-23158.859375 -5464.2841796875 -19541.671875 -10781.767578125 12637.42578125 -11576.412109375 -13148.524414062 -6347.0009765625 -1448.7270507812 5829.197265625 
