16 16
-167935920 132908848 60701628 -120188192 114479072 -122071696 174208864 -196450752 59412620 -128815296 127571248 -14056209 -53988676 -136286864 44075232 33763112 
156454896 -72656000 -11995244 193953264 92235504 104337000 71006544 -138031856 -23153088 192451664 135563616 141693504 47665352 -54182360 310078080 96953072 
10305279 -252753600 -30231712 -68742840 8711477 -73497888 -198261504 60483848 -175185664 -29445590 -229725472 -105089280 -62414060 405324576 -190999392 -7527796 
-184256864 79703000 -51014312 5699452 -77161368 25128878 -217477120 -231063568 -85027472 -59091264 88453544 27885288 -163537008 432359136 -70795560 69771728 
-32402992 -62992112 2908004 -25482182 -96749888 176849760 -135705152 242914336 -353938112 39539220 -158362560 -95931104 -94360104 100844256 -149401328 -115761176 
74203568 -177687072 -9226568 -54455608 160707696 -167229904 158294544 -190204016 22404872 222320544 101734280 16770154 -32289970 -107643488 60942512 10670776 
78620624 157111120 -96514432 92674664 -321946496 140769424 8405166 139909632 226689200 -57057572 209769440 155940608 199483968 -137549440 -84536952 110996392 
47576324 137729360 -328550880 -278194112 -127288976 -13974852 74430560 143451168 118264032 -42585096 -87448672 123955760 37264472 3725252 121658472 -99525720 
4357392 86861128 221826976 227726400 142379136 -100173944 -154374720 -147129776 47157344 230367712 194180688 -122128552 -157347808 -200320224 58405036 121601976 
28639724 -80575192 -57337020 -200984768 27709014 -86170912 5759804 -11304516 -114587056 -23511108 -113881472 49178528 73776304 63597628 89433184 -5174013 
15747666 -38760924 -49891392 -120002816 136664672 -76062640 43712312 10421836 239428704 -236609120 -24659900 48295776 -6152673 -3392272 120645944 45800864 
138911040 -118968752 -125377104 -29154392 -50385004 -79281152 24727364 -230226336 180676672 -148921088 286069280 126665608 186944352 40852344 164111776 201141392 
24212672 79906776 -13092950 -67622888 97305080 65764068 151737408 355100544 72320872 -241433024 -284467136 73815224 63374912 -31575880 -32366198 -79425264 
-57811428 11678162 36337824 -267212160 187950752 -93723584 180866480 -46102976 -58895180 -216832384 -53419816 125400568 -39722448 32519504 -121265832 -30672236 
6755146 -21505936 -28219004 101973848 58381408 -63497644 -224373792 -211462096 147813344 -94425008 71150272 -95536552 -50473016 231556496 -2710822.75 150009216 
103482824 -18474388 100412208 116480480 271144960 -130080696 -21096950 7378582 55759184 -125881008 486216 81297696 -92106688 179046848 40224996 192255680 
