16 16
2398702.25 590246.6875 -1692135.25 855184.4375 465001.625 -186998.5 1744545.75 -692207.3125 -637203.25 634611.75 129483.75 -1837073.125 987086.5 1272913.25 1820372.375 176595.21875 
-1069519 301737.75 29932.96875 611597.5 172054.171875 1012754 350676.71875 -559202.4375 -1089046.75 262223.71875 -827816.25 994839.8125 -2336682 552805.625 -839722.5 512676.625 
-1375538.875 -2214047.75 -1609090.25 -854275.75 2494728.75 1634191.625 1303104.875 1118838.625 589303.375 -1675309.25 1840984.125 1603764.625 -1102178.5 1212809.25 -1312320.125 709453.625 
1225136.25 347363.40625 1518123.75 1054363.25 178322.109375 578580.9375 629658.5 203070.375 2201726.75 2462021.75 307263.65625 590969.75 1912799.125 -1570277 894860.0625 411641.9375 
-657005.5 1321096.25 722710.5625 2052843.125 -402915 574739.625 609154.875 269041.6875 1161166.25 1025924.9375 -1398671.875 -301213.78125 -800736.875 -995657.375 -132715.859375 1088984.125 
3262416 1251209.75 -988562.75 -667401.1875 -4210066 1541506 2910372.25 -474730.25 -70037.15625 -1728470.125 -16180.4375 -604571.875 -16016.71875 -49395.09375 1530557 495489.375 
266775.46875 -35774.875 -2352933.5 -704362.25 609800.6875 1279870.75 1151987.375 1308407.5 831891.8125 -3106560.75 2502770.75 1076150.375 -1444349.25 2187921.5 930009.1875 -1965903.5 
2601249.75 -2449237.5 1631627.875 -1294976.375 -510599.1875 847300.625 375617.9375 -271594.8125 -368375.3125 -692047 1464686.125 327112.1875 -909107.25 -1089340.5 1896934.5 59796.34375 
-1070631.25 1024644.6875 -1419899.25 2087354.625 658410.5625 -542355.125 -951101.875 -355078.96875 -945435.9375 -746530.5625 -1870650.625 -1301977.5 100086.5625 1518584.625 1671320.25 -1157847.5 
-1083318.875 -400597.78125 678989.5 -1204770.375 1275915.375 -713907.5 -177567.96875 -168920.484375 -861050.5625 239383.828125 628286.0625 978303.3125 -476283.9375 993081.3125 -1194295.875 -872734 
165179.96875 441676.59375 -575509.25 -166477.65625 3101364.75 -412517.6875 -1408518.125 172286.15625 -2036015.75 727328.75 86867.78125 -1567310.75 212945.125 750001.8125 1300182.625 -1031981.875 
420888.125 1354019.25 2082258.125 -1686617.5 -155178.828125 808892.75 647444.4375 445987.46875 -1927867.875 1725790.875 1498708.375 -421010.03125 -2056399.25 -1438613 -358342.96875 712390 
-194404.15625 1371845.5 -545607.25 680373.125 2409.875 909186.875 302912.21875 476174.875 -125772 627742.125 536310.875 -1211477.375 -1166437.875 -455626.8125 64311.7578125 1657148.5 
789364.9375 -597211.5 1580460.375 -1734010 -47222.3125 1135289 -715152.875 1924495.625 -747015.4375 316227.4375 1817715.125 -547229.5 -186871.3125 -2484197 318092 1550067.5 
1295762.875 1619567.875 -1809546 752354.625 -1878690.75 -1045315.6875 866879.8125 -1214040.875 855834.0625 -936998.875 338442.59375 -639912.5 666924.1875 1038953 1511524.125 -1127270.5 
-1440968.625 622844.75 1731100.375 1929786.375 1956237.25 -599170.0625 -969058.375 245770.75 128872.625 2747700.5 -446029.34375 -1025301.625 -592087.25 -1638606.25 -31132.0859375 771749.375 
