10 10
968280.5 -571722.75 -1139544.125 -1116934.25 1427205.375 86560.734375 1173229.5 157293.1875 515732.09375 1411429.625 
-376935.4375 -1452851.875 -499485.90625 -455071.53125 -715268.0625 -485245 -619168.125 -260917.359375 -1234511.5 -116138.9609375 
155026.59375 -3902615 -846564.125 1061764.5 -2409374 -706999.5 -1594165.75 -1831206.75 370189.125 768216.625 
-276491.03125 -748805.125 -1389958.875 -1637390 179395.5625 612165.875 -385715.09375 144855.625 -668024.125 1102901.5 
-1146712.125 70824.28125 -1661511.125 -1526138.25 1662841.75 1071132.5 208688.1875 1363782.875 -650136.375 1807652.375 
1571216.875 275175.46875 -494431.40625 -1194825.5 1944446.375 -1640397.375 144926.03125 1111765.5 -509994.8125 570558.0625 
838419.1875 -1740317.25 112412.875 1249392.5 -2114742 -997736.875 -789714.625 -1168748.75 180476.65625 -78305.375 
-195888.65625 1167182.25 1556078.5 1141826.75 560376.625 105776.8125 -1028975 2249872.5 171227.234375 -161112.1875 
-1528020 -1953968.5 365793.40625 1616692.75 -2026974.125 1076182 -578179.125 -856839.1875 454103.9375 -142341.75 
-208921.890625 -429824.1875 306715.9375 1302939.875 -387799.5625 -1165209.625 95350.5 -1375426.125 -395094.25 323379.65625 
