16 16
-139452880 261474976 -99239832 256937104 -24173240 -3466659 -136119552 82926816 -153549168 125277608 172528576 23498478 108878504 108084440 235662496 15214104 
-154199072 -30643324 30993656 166877920 105498256 50598444 55963156 191545120 -24969076 -20221640 -122562240 2276160 211978912 210257632 27399760 111386576 
-77769600 -77953528 46097500 12703225 -34711488 -32902644 54224640 147523296 20801812 -30437956 -240540784 -91477456 100865768 14098420 102720888 205792896 
24111032 37819636 -64093176 55706048 -63328524 -118999976 14644867 -3240492 30496818 55841752 -25646958 -104653616 129112184 -123191376 156645744 85365760 
-157841056 -81150952 71821768 -52162752 183194128 2335987 -58779504 136782176 -232364960 28435768 -103476360 -254893872 146183664 11572562 -143402864 223723584 
-166687136 -4522253.5 -168501552 13346962 -95164896 155330704 69097232 230190704 -89028576 -220255296 -160312528 192380448 -84991096 24016676 42149488 13360423 
269595648 -6500800 128843944 -205279520 -67112272 115351200 7416222 -228601840 51413488 84305600 -138653792 -12900668 -218711920 -172404448 -188693360 -180041760 
-36928048 78349128 -66993804 -210320064 2026933.5 -87869032 15525926 -157240144 102516816 -161734944 -99955888 -162419504 94983088 -184811584 160515.5 70512064 
119621384 -67272168 -17371816 31420018 -24604278 53092864 -62110208 -58239136 72457992 -10859209 126141392 141300496 -191603360 -42850840 117892616 -73189672 
104351664 92295592 72744784 180666880 85389920 56969952 188247456 -43015520 -166426096 145608368 -94824192 290760448 -122707352 73737032 82998624 -110108192 
77647792 -131258032 -50699076 -118399528 -106404656 50884824 -75177424 58051648 125075936 -100650568 -230646064 -324479104 236809168 -94183248 91134560 114710376 
69681808 -13573887 49068496 -133482832 -83925976 -198401472 62716084 -226117376 87120976 221127152 205050416 121960992 -195148576 82470672 -30170016 -186210608 
51326552 -151576112 29257458 -125204824 66893664 -55914544 -150519440 147707360 -75369144 -18587052 -64904928 -163340144 -88884936 -132167456 -126514688 86841344 
-156321584 214177648 -78572576 42054780 -32001454 75208240 145984816 110779080 -58715384 -253799888 -196983984 273273696 -27559134 83440184 -60617996 -84820600 
-129243864 -28275308 24004192 126916160 -18231968 -80897200 67732824 251920544 -202794624 38685528 -761576 137925216 -116574736 15673780 56790144 251475728 
37844592 52483840 -139466624 -111025872 -280219776 62909992 65967080 23936114 293258912 -299947488 -165517520 100874360 24308308 -105228048 -15222362 -80011472 
