16 16
65.760261535645 -295.92965698242 -56.832916259766 -150.1145324707 161.69132995605 -103.26808166504 68.553634643555 38.60082244873 -154.79992675781 130.68031311035 -176.51132202148 7.5349082946777 -58.764450073242 30.984188079834 69.115982055664 109.21215057373 
-59.976821899414 172.63540649414 66.015342712402 51.061618804932 116.68263244629 -104.33884429932 -148.90182495117 -376.57235717773 135.63059997559 -165.05229187012 9.0979843139648 -349.04443359375 147.42864990234 -75.87483215332 221.45783996582 116.75865936279 
-236.24490356445 -149.25924682617 -174.51718139648 -61.584495544434 -295.87701416016 281.90573120117 117.03552246094 316.98590087891 -210.87327575684 121.33202362061 89.405029296875 199.05699157715 123.09157562256 55.900672912598 -124.46741485596 -175.48609924316 
-198.10504150391 -118.20045471191 -183.82308959961 -215.619140625 -35.726791381836 205.35809326172 -115.43111419678 234.04486083984 -109.06644439697 -34.549385070801 65.624687194824 84.299797058105 -100.20291900635 -2.3114070892334 -27.086791992188 -46.74036026001 
22.689151763916 16.919015884399 274.79040527344 111.26051330566 196.9708404541 -224.69071960449 -32.113861083984 2.1423416137695 -66.352066040039 -224.68061828613 -48.667037963867 -4.9121646881104 -141.59384155273 101.53173828125 -63.419666290283 169.2574005127 
155.7389831543 6.5765743255615 23.620708465576 18.139186859131 -53.11368560791 135.88754272461 88.920417785645 -61.66968536377 -34.913219451904 238.79205322266 147.04397583008 95.619079589844 44.024753570557 -209.33926391602 -119.08937072754 -85.392242431641 
39.867336273193 -105.39434814453 80.353645324707 119.23951721191 -26.947435379028 12.861862182617 134.54998779297 151.52853393555 19.144695281982 88.644073486328 -125.51512908936 283.34613037109 -231.75723266602 51.045593261719 -191.59661865234 78.727157592773 
-50.921306610107 -80.287445068359 164.6819152832 -161.8556060791 -145.38436889648 169.16905212402 -49.058250427246 -28.381366729736 -27.089363098145 31.533863067627 -71.389549255371 -125.99907684326 -115.62392425537 65.760612487793 4.0819320678711 85.52806854248 
-155.22074890137 -44.332725524902 -242.28253173828 212.56069946289 298.64288330078 -45.257400512695 20.275819778442 136.53890991211 -85.669746398926 -355.51977539062 16.505889892578 92.834320068359 -28.291786193848 158.86172485352 89.961654663086 6.4190311431885 
-75.605339050293 -35.44743347168 -91.432113647461 3.317572593689 -286.47442626953 116.66613769531 130.68144226074 -2.2953901290894 -138.47958374023 60.410846710205 -133.85601806641 108.01786804199 -124.64405822754 105.45152282715 -66.540061950684 136.56976318359 
-187.41796875 147.56913757324 78.192733764648 97.008117675781 -199.44648742676 60.259979248047 89.899291992188 130.3028717041 -237.048828125 -39.753860473633 -19.337282180786 156.89701843262 6.2406034469604 228.97355651855 -173.76907348633 46.684513092041 
-119.21034240723 -100.08904266357 -221.54010009766 308.35394287109 -13.418035507202 33.400959014893 43.685894012451 70.131729125977 149.22926330566 -176.16748046875 -174.20941162109 139.05766296387 5.1761169433594 69.11222076416 4.8874359130859 -51.132354736328 
60.209938049316 -43.161552429199 217.9200592041 -35.785480499268 208.45782470703 -368.15521240234 6.0310010910034 -90.268814086914 -26.996942520142 -123.05858612061 -156.92309570312 -111.68795013428 -17.174449920654 236.05342102051 134.92193603516 109.10544586182 
80.311866760254 64.661178588867 123.77700805664 -358.60006713867 61.26749420166 -67.750625610352 -98.014869689941 -40.383445739746 -131.4581451416 254.04377746582 77.648490905762 -94.374183654785 74.069023132324 5.7572555541992 60.55978012085 -63.117946624756 
48.644493103027 11.832096099854 179.51567077637 -245.11235046387 270.3796081543 -82.018486022949 26.304725646973 -31.276979446411 22.584941864014 17.810707092285 50.936847686768 6.125994682312 -103.26316833496 64.402862548828 -72.442359924316 48.51342010498 
171.08169555664 152.04898071289 322.13195800781 -239.17660522461 74.001266479492 -245.66232299805 -8.2933597564697 -21.70188331604 -22.142559051514 221.20584106445 69.865669250488 -83.994155883789 -17.07808303833 74.16716003418 -16.410648345947 31.180429458618 
