16 16
217.14442443848 84.716705322266 -143.3893737793 269.99557495117 -197.18707275391 -59.115242004395 3.0185165405273 226.77557373047 -66.1630859375 -197.49586486816 33.280311584473 116.18702697754 129.12805175781 9.9926872253418 259.37457275391 -179.60635375977 
240.9387512207 -172.38407897949 -114.49014282227 -180.76271057129 -43.484573364258 -22.594097137451 -48.17098236084 119.72695159912 63.434711456299 66.547927856445 -110.85482788086 15.226664543152 -226.07548522949 -33.654037475586 -5.9181427955627 157.66729736328 
-149.22994995117 -79.464660644531 -162.54063415527 33.624382019043 84.240158081055 95.507736206055 -222.38725280762 39.975841522217 -50.261741638184 163.07347106934 40.629615783691 244.92468261719 74.035095214844 -76.344421386719 141.23449707031 -36.718769073486 
55.115516662598 11.34326171875 -139.94802856445 314.90298461914 103.92539215088 -88.298400878906 -29.909797668457 101.66217803955 -47.433715820312 -138.01649475098 5.0618953704834 173.34558105469 -118.14147949219 -191.73741149902 90.466934204102 -86.676635742188 
-73.09033203125 -133.44976806641 7.3477897644043 50.887729644775 116.79193115234 -62.670265197754 -181.16668701172 -41.822631835938 -122.65289306641 86.360092163086 23.492755889893 170.40133666992 -105.8358001709 -171.35920715332 38.150821685791 64.620452880859 
204.16050720215 -61.846771240234 -16.042640686035 -25.987623214722 251.17106628418 103.5366973877 139.09390258789 36.113578796387 -121.06649780273 -176.75997924805 -152.60833740234 -126.26280212402 -127.31861877441 -36.475215911865 -190.94372558594 19.638914108276 
112.36655426025 68.179321289062 10.796489715576 252.19305419922 -46.606388092041 -235.25750732422 38.57112121582 126.21112060547 -70.674621582031 -151.77981567383 42.566032409668 243.57867431641 104.75717163086 37.446044921875 118.89105224609 17.326251983643 
94.371864318848 36.826587677002 -182.32510375977 -88.152236938477 -46.664337158203 -61.502578735352 -189.91659545898 -7.7140998840332 17.110599517822 51.63695526123 -117.34260559082 -65.691360473633 -160.22265625 -143.05589294434 -236.77638244629 -90.630187988281 
-177.90875244141 -39.965805053711 195.71002197266 -158.87489318848 177.07331848145 68.180381774902 -31.311111450195 -200.25199890137 -81.557441711426 142.57676696777 -20.004188537598 -189.61492919922 192.25942993164 32.859077453613 -152.52157592773 -1.3767223358154 
223.21459960938 -37.774467468262 -258.14630126953 -86.30640411377 -28.924415588379 153.97499084473 -126.99737548828 112.95843505859 -87.63232421875 -143.65522766113 12.100370407104 -152.17091369629 -73.786163330078 133.87861633301 -21.463180541992 -17.530620574951 
139.31848144531 51.723323822021 91.607414245605 103.85038757324 73.80436706543 26.930500030518 -64.488456726074 139.09327697754 -63.511444091797 -241.73504638672 -188.14573669434 83.753257751465 140.84335327148 -75.303512573242 160.19261169434 -68.587104797363 
87.525825500488 96.682670593262 -36.422348022461 159.58457946777 -12.490539550781 -33.337814331055 40.41088104248 128.69564819336 97.064224243164 -221.0066986084 22.684532165527 53.740875244141 -112.28818511963 47.044387817383 -133.42105102539 4.8211059570312 
-161.48583984375 95.513137817383 17.867160797119 269.83166503906 -46.207038879395 -130.20367431641 109.19644927979 10.822296142578 129.84204101562 -15.432682037354 149.85456848145 156.1595916748 -46.94743347168 -69.866432189941 -70.899375915527 -107.6480255127 
-94.918754577637 207.27156066895 -28.519937515259 107.18831634521 -126.54568481445 -140.03382873535 179.15902709961 94.12767791748 67.78466796875 136.07594299316 38.962314605713 109.90509033203 100.74186706543 30.347398757935 -20.18567276001 79.524291992188 
103.08834075928 -128.83116149902 296.86169433594 82.614288330078 73.592132568359 90.370803833008 119.82366943359 -164.66543579102 -41.374786376953 -302.34857177734 -157.96765136719 -327.64074707031 -31.016897201538 -20.703758239746 -150.82446289062 -61.913200378418 
303.53778076172 74.399269104004 -42.91822052002 183.27500915527 -151.56848144531 -148.8249206543 -15.114385604858 224.99209594727 -128.61561584473 -238.55503845215 -103.95478057861 52.60572052002 -36.460540771484 -19.860780715942 -160.74356079102 -42.549507141113 
