10 10
-8989.978515625 -634.93139648438 5577.0107421875 -9159.77734375 20929.662109375 8703.2568359375 -100.79443359375 -20929.50390625 -6371.2973632812 -9879.5908203125 
-1347.8041992188 -5790.1171875 2347.2670898438 -4878.10546875 8204.5439453125 -12983.271484375 -7532.412109375 -1189.3139648438 13921.55859375 -7466.939453125 
5265.5463867188 8767.130859375 -434.82885742188 15620.654296875 2681.2294921875 13152.232421875 -3705.9990234375 -2254.1416015625 -11250.88671875 917.00854492188 
-5577.3706054688 -4043.2719726562 -2625.2104492188 -11189.7109375 -3210.8818359375 640.33435058594 13056.1171875 -4880.2436523438 -996.02124023438 7982.7919921875 
12081.9609375 -5533.373046875 -5625.3002929688 -17345.7578125 8897.748046875 6693.2431640625 2195.4116210938 -9260.4970703125 14369.62890625 -7662.1220703125 
-18018.90234375 964.79638671875 21091.576171875 16781.390625 4697.94921875 18962.296875 17852.84375 -5094.2158203125 -16497.66015625 15364.181640625 
-3489.1274414062 -4500.8510742188 7248.12890625 4466.8955078125 11914.1796875 15887.991210938 3988.1235351562 -17275.87109375 -5273.0844726562 -8483.3818359375 
12088.643554688 16456.484375 -12045.942382812 311.22705078125 -6181.423828125 24072.529296875 24227.39453125 -6141.4794921875 -13209.705078125 11011.125 
25293.8828125 20262.2890625 -12066.93359375 4913.1669921875 6095.3427734375 6917.33203125 -4345.0478515625 10871.50390625 2580.771484375 -2744.7023925781 
23852.822265625 1540.576171875 -11329.055664062 -20838.814453125 -10140.3515625 7146.515625 -7098.646484375 -1710.0185546875 5033.697265625 -11751.551757812 
