16 16
-2.1287298202515 2.6408438682556 1.010110616684 -0.19617733359337 1.6747133731842 1.059734582901 0.6828396320343 -0.52757823467255 -1.1040669679642 1.2479766607285 0.2237091511488 0.26483097672462 -1.3219734430313 -1.595064163208 -1.1152799129486 -0.7380508184433 
-1.447390794754 1.8151302337646 3.0333349704742 -0.23749300837517 -0.072189569473267 -1.2460706233978 0.1699696034193 0.38944914937019 0.85337853431702 1.0577821731567 0.34901195764542 -0.96478986740112 1.13316655159 -0.89341521263123 0.24308083951473 0.27418631315231 
1.0289227962494 0.19528360664845 -1.7937904596329 -1.0851038694382 -0.28689897060394 -0.59926289319992 0.80722916126251 -0.9333575963974 -1.2853269577026 0.91123306751251 1.0018982887268 1.1692860126495 0.085077226161957 0.057991705834866 -0.5486307144165 2.7261128425598 
0.49447983503342 0.31792223453522 -0.65843451023102 0.065636396408081 -0.28907716274261 -0.11843281239271 1.1882830858231 -0.65890628099442 -3.687212228775 0.62317472696304 -0.45859017968178 0.79513072967529 -0.88516592979431 -0.81353509426117 0.1471201479435 0.51189172267914 
0.47646036744118 -1.2881124019623 -1.1733306646347 -0.39380645751953 0.47526624798775 0.31157332658768 1.399053812027 -2.1435356140137 1.2942250967026 -0.1731872856617 -1.4613060951233 -0.97410869598389 0.05975615978241 -1.0421868562698 1.6235129833221 -0.84869533777237 
1.3049728870392 -1.5642058849335 -0.34930399060249 -2.389842748642 2.2320122718811 -1.7083716392517 -0.40626209974289 0.62736147642136 0.77438133955002 -1.7718861103058 0.30421489477158 -1.353152513504 -0.10690253973007 -0.78407418727875 0.47175821661949 -3.0907928943634 
-1.096315741539 0.92013454437256 0.33824133872986 -1.2712662220001 0.98162811994553 0.1655447781086 0.26263320446014 1.5791227817535 1.0369029045105 -2.2697923183441 0.7200573682785 1.187474489212 1.8248398303986 1.1007310152054 -0.36999928951263 -1.1161386966705 
-0.50116050243378 1.1389074325562 1.3295207023621 1.3468228578568 -1.7543395757675 1.6029378175735 1.611839056015 -0.37433683872223 0.57315039634705 1.0335432291031 0.064458638429642 0.5287418961525 -0.76323008537292 1.4021536111832 1.8694461584091 1.6430428028107 
-1.418025970459 1.9278694391251 0.0018875598907471 -0.95975434780121 -0.44305521249771 1.2833650112152 0.7838122844696 -1.0094447135925 -1.4463670253754 -1.8781207799911 -2.6289710998535 1.5026752948761 0.80158239603043 0.68945187330246 -1.7139103412628 -0.73574352264404 
2.2323708534241 -0.66296339035034 0.59954929351807 -0.23467993736267 0.90129870176315 -0.55757868289948 0.065835177898407 3.2059731483459 -1.7330666780472 2.6721405982971 1.8859100341797 -0.58237653970718 -0.16630136966705 1.1184494495392 0.79264342784882 1.393238067627 
1.0384858846664 -1.8133203983307 -1.0814410448074 0.4230682849884 -0.54336279630661 -0.50547128915787 -0.46039241552353 0.30875393748283 -1.5501818656921 0.39958882331848 -0.46115958690643 -0.27565607428551 -0.64104914665222 0.14928430318832 -0.62077063322067 1.0893284082413 
-2.9234697818756 1.6104099750519 2.942928314209 -1.3859436511993 -0.43228578567505 -0.50979316234589 0.047781139612198 2.6828730106354 -0.44159251451492 0.36673295497894 1.0650726556778 1.3894798755646 0.89979273080826 1.788388967514 -0.9370242357254 0.66705578565598 
-0.06757640838623 0.36985808610916 -2.0344398021698 -0.45914778113365 -0.43369993567467 1.3081043958664 0.33695137500763 0.63504278659821 -1.0372296571732 -1.0858657360077 0.39351999759674 0.22825330495834 0.79333746433258 3.2856638431549 -0.53507459163666 1.7841738462448 
0.8315058350563 -0.20762690901756 0.45766305923462 -0.21678575873375 1.74886906147 -0.46573469042778 1.578094959259 0.43362215161324 0.3228979408741 -0.51565855741501 -1.9755966663361 0.79953074455261 0.95065116882324 -2.1749339103699 0.051278740167618 -1.5956231355667 
2.2340221405029 -0.31183010339737 -1.852735877037 -0.71181446313858 -0.29311534762383 0.32855239510536 -0.47281301021576 -0.74527716636658 0.15398931503296 -0.9605325460434 -1.8701314926147 -0.32383197546005 0.95237588882446 0.86711639165878 -0.66583216190338 0.37268376350403 
-1.2802023887634 1.188001036644 0.013243913650513 -1.0421582460403 2.9100077152252 0.67441689968109 1.8977959156036 -0.066393136978149 -1.0992072820663 1.07630610466 -0.15006442368031 -0.65702497959137 -0.46037977933884 -2.2605752944946 0.56791007518768 -1.1838204860687 
