16 16
508182.125 2031313.5 -180699.484375 3544329 -1125435.625 -720212.625 -473783.34375 931182.3125 -1771119.375 -371622.6875 -2274034 -2535486.25 -1194450.5 455352.25 -924736.1875 -510022.34375 
1178310.25 653899.6875 3217145.25 282652.9375 -927574.8125 -300439.46875 1350899.875 -25185.375 -146737.65625 -3302511.25 651485.3125 1206635.125 -2766794.25 -301184.6875 -174033.265625 677478.625 
2070152 -2923552.25 1269073.5 -2215629 -680830.5 462995.40625 -394685.875 -807794.75 -185146.875 1036457.75 2381365.5 2052786.75 -363844.65625 -1900203.625 683999.875 2766782 
2531204.25 -2055073.5 932726.875 -1843129.75 -901075.25 -1650369.875 905066.9375 -2010645.875 -810764.4375 2390696.25 1149048 959863.25 -112675.9375 -614474.125 -625005.9375 -1421154 
1406811.125 -368927.5 -349372 -958237 -1775826.875 893748.875 1996635.875 -980583.3125 1155566.625 -408445.59375 -882755.6875 1723265.375 271085.3125 -977064.375 -211030.03125 -1103335.875 
-812127.25 -167137.9375 1316797.375 -2086098 2230979.25 607040.5625 708104.75 107390.9375 1519284.625 349506.25 524323.9375 802926.25 1820515.5 275584.5 783722.8125 487481.5 
-1404407.875 -1196035.75 1075592.625 -2032950.75 1542667.875 -888653.5625 -1262718 -2457092 -41063.15625 1357544.75 548277.75 2531813.75 1521695.375 -1630767 662524.6875 -496276.5625 
-224959.28125 -624865.4375 2681441 -1781293 221466.1875 -24052.671875 -1954431.875 -2780806.5 -893914.875 -1160527.375 -34167.5625 -188365.6875 45942.796875 -828285.9375 973031.3125 952560.3125 
268174.625 -1293660.625 450626.53125 -558515.6875 418513.84375 -205493.515625 588080.1875 -199302.984375 -975034.375 1111077 894919.0625 -178349.53125 555489.5625 -956218.6875 393586.5625 -335960 
-963779.4375 -914960.25 -2529183 -1742827.875 103564.75 1470703.125 -931586.75 -538686.875 994564.5 1058237.25 271069.5 -219017.09375 1747945.125 -1039.28125 400484.1875 1065541.5 
-116568.5703125 836531 -90200.4375 500523.8125 1322660.375 2278191.75 1477263.625 1464662.375 2503936.75 -1206809.625 95138.5625 802520.4375 1475452.375 2478277.25 1727915.75 -1196089 
145117.828125 -1633799.25 358102.625 -493399.6875 -176849.140625 49327.75 -1439696.25 -1491342.25 -637103.125 313328.25 186564.28125 938823.75 203214.46875 -864435.5625 1241522.25 794284.125 
200835.59375 78609.4375 -719351.625 -874723.4375 463323.40625 761851.1875 155524.6875 531187.75 1236939.5 -489017.15625 -613139.4375 -636683.375 -367040.125 -64492 123172.4375 1024651.0625 
1240483.375 -977977.25 2015600 -1216900.375 -2881158.5 458660.875 -650142.3125 -2263611.75 -459220.8125 499184.125 1003198.125 1717965.75 -170152.40625 -2502811 -606861.875 2103407.5 
-900310.625 1326857 -100203.125 -234486.875 -1618268.75 -1173821.375 3459078 2436329.5 -117427.78125 -1632732 -506849.4375 -473776.1875 478991.5625 -1616108.75 761268 -1066133.25 
-1047687.6875 -1432595.75 -764550.375 -254684.03125 -387836.125 2664526.5 614745.375 -1164175.75 997551.625 307800 502216.0625 -1332327.75 656033.375 -868614.875 -391296.5625 -975440.625 
