10 10
-849579.375 -2357809.5 1819052.125 440880.46875 2375385.5 -1320573.375 -425479.71875 499717.875 503205.15625 761414.6875 
-1494688.25 2500898.5 -50334.9375 -929887.5625 480140.8125 -624146.875 1546177.875 -194823.28125 313504.75 -575750.5 
884494.4375 432189.9375 -303572.5625 -432174.96875 -883282.3125 -2987.57421875 -653562.25 2866.28515625 483174.4375 211887.828125 
1706347.875 -5153.53125 -231043.765625 1487031.75 -1266419.25 943033.6875 -469829.59375 363338.375 -103482.625 760100.6875 
724465.0625 1299346.875 -1457504.5 -882752.125 -1772189 1839058.875 145187.4375 -490510.25 -881381 -1090044.5 
411907.875 2594565.5 -975744.875 -531386.125 -1960224.25 1009052.5625 420123.53125 -235649.84375 -1311072.25 -1231096.875 
-1050734.5 -1102418.75 -186824.40625 -1012788.4375 -345888.125 -2644103.25 -1188177.75 -247537.5625 -924121.3125 -924340 
742851.75 -905344.75 -2699965.75 -685547.375 307365.28125 1690491.5 807266.25 -825568.125 2182657.5 -162822.25 
597006.3125 -1713315.125 336365.5625 288034.21875 -786135.375 36033.8671875 -1658176 -440182.53125 -662802.3125 381860.0625 
490269.65625 485155.125 -871218.4375 -866793.3125 -723900.6875 1328716.125 62934.84375 -241345.3125 532028.125 -53788.984375 
