10 10
0.22768220305443 -0.72398960590363 0.29829314351082 1.0080517530441 1.3942183256149 0.3427908718586 2.5257241725922 -0.44772550463676 -3.0194325447083 0.79508554935455 
1.2764564752579 -0.57792466878891 0.60908389091492 -1.2596048116684 -1.0441145896912 0.99633747339249 0.26042065024376 -0.37460154294968 -0.47974261641502 -1.0337398052216 
1.6064196825027 2.0249650478363 -1.8053308725357 -0.8300399184227 -0.28038400411606 -0.1956462264061 -0.2971932888031 1.0484417676926 0.13757085800171 -1.9083003997803 
-0.53719699382782 1.523270368576 -1.4541290998459 0.76205790042877 0.29064774513245 -0.2595029771328 0.42440876364708 1.9971286058426 -0.16473622620106 -2.3642768859863 
-0.89341586828232 1.1786274909973 -1.0110350847244 -0.02512888610363 0.99071192741394 0.044071465730667 0.24991783499718 -0.94571733474731 -2.398309469223 0.044388972222805 
0.10809993743896 1.1563982963562 -1.4530423879623 0.71605283021927 0.47482123970985 -1.9681630134583 0.65727400779724 -0.087625712156296 -2.4530460834503 0.4405489563942 
-2.8785331249237 -1.0863760709763 1.360241651535 1.4920420646667 0.76498109102249 1.022693157196 0.16585659980774 -0.60216379165649 -0.085005074739456 0.70524942874908 
-2.115935087204 0.38966426253319 0.1499355584383 1.6795897483826 0.26045426726341 0.67735248804092 -0.39302614331245 0.26678839325905 1.1669672727585 0.91506576538086 
1.8743722438812 0.35009306669235 0.51621079444885 -1.1795924901962 -2.165472984314 2.0128452777863 0.45685076713562 -0.5797963142395 2.2889323234558 2.3093278408051 
0.71977746486664 1.8995141983032 -1.6084848642349 -2.0487744808197 -0.55461853742599 -2.1517453193665 -2.347544670105 -0.95413625240326 0.87051296234131 -0.0056359171867371 
