16 16
3148.3061523438 -5888.2270507812 -12157.153320312 -10049.220703125 -4428.404296875 7585.0122070312 -7014.6752929688 9804.388671875 26606.36328125 -7944.8359375 14188.771484375 6244.5126953125 -22478.359375 9005.951171875 1186.4293212891 41950.6328125 
-12190.302734375 2785.97265625 -2691.8713378906 13110.52734375 -19187.697265625 -3617.1970214844 -29144.77734375 1892.0258789062 12424.71875 2036.2938232422 -37403.9140625 99.801025390625 -24466.89453125 -9116.037109375 -3954.2438964844 14729.584960938 
-2775.2524414062 -11329.521484375 -6415.3115234375 8559.2939453125 -5641.3100585938 15775.274414062 27189.1484375 18274.19921875 -2797.0524902344 -19994.572265625 -13926.633789062 -10469.662109375 -4874.3051757812 -4146.2451171875 -3178.3518066406 -7326.92578125 
-9280.177734375 3454.0261230469 -8455 -15659.586914062 18381.53515625 -20784.82421875 -13122.553710938 -19118.376953125 708.21276855469 -8334.533203125 493.54541015625 -19651.736328125 3683.1733398438 -14712.810546875 -7469.9970703125 12734.265625 
-11703.814453125 -13040.837890625 -27879.94140625 -30274.46484375 -13085.260742188 -4600.9702148438 5522.5517578125 -3448.7600097656 19078.5546875 -12237.932617188 2123.8159179688 9485.14453125 -4524.6625976562 24205.78125 -11422.071289062 26345.44140625 
-4830.3955078125 -13814.427734375 -11873.833984375 1799.0725097656 -13003.219726562 -3523.2807617188 -9.233642578125 1019.4252929688 -7767.2846679688 -2877.4877929688 -18222.333984375 -8203.267578125 -10517.9296875 -7234.8627929688 -850.77526855469 4419.1352539062 
2149.9897460938 8004.326171875 26349.306640625 1180.9420166016 32348.7734375 -8333.1064453125 -10593.16015625 -18932.123046875 12566.337890625 3895.7661132812 11448.869140625 6150.1064453125 18455.19140625 7526.4877929688 -15767.6953125 -8604.6708984375 
23372.01171875 37210.02734375 -713.74548339844 -689.85864257812 -1325.0325927734 -11795.270507812 -12183.313476562 9426.7939453125 977.43402099609 7346.603515625 -3745.3894042969 -14481.330078125 -23505.9921875 12922.494140625 16528.490234375 -25206.076171875 
-23662.48828125 -5879.3481445312 12898.977539062 -17727.853515625 -4725.3271484375 -18686.98828125 13893.24609375 -8045.1494140625 -4959.744140625 2607.3269042969 1320.099609375 577.94580078125 18742.50390625 8834.1611328125 -12860.918945312 15144.494140625 
2730.4899902344 1895.1623535156 -3864.6545410156 -9304.6015625 -11051.912109375 -4947.525390625 6273.0380859375 9714.783203125 -15825.33203125 -1181.0588378906 -3553.6108398438 -2688.998046875 -11758.971679688 10405.994140625 -7670.0703125 5680.2392578125 
-8252.1650390625 2255.5844726562 17289.9453125 -887.15698242188 20586.57421875 -3129.7607421875 -10915.115234375 -34730.65625 23759.466796875 -19132.845703125 1812.1789550781 14912.8359375 -3208.37890625 4657.578125 -3615.9855957031 4515.6884765625 
10009.221679688 9554.6171875 -7580.958984375 2865.6813964844 5894.0390625 -16517.115234375 -7084.3359375 4950.8408203125 -8446.3310546875 1053.7542724609 13290.303710938 -14902.658203125 8222.513671875 -7251.267578125 541.22015380859 -18409.630859375 
-9345.931640625 -18072.392578125 8963.4873046875 6787.3237304688 11138.938476562 21824.001953125 9024.3193359375 3116.427734375 12218.125976562 9509.1474609375 -14837.948242188 7788.759765625 11589.645507812 -9168.9638671875 -14516.469726562 21828.759765625 
-723.728515625 -7239.541015625 13703.856445312 4672.29296875 8539.955078125 2435.3344726562 2935.6511230469 15840.966796875 -7336.40625 -4913.0654296875 -6972.1650390625 -2691.1496582031 7892.1635742188 -8323.0546875 -10902.6484375 17372.009765625 
-1704.369140625 -9907.06640625 -4467.525390625 -14475.551757812 17008.08203125 -19703.02734375 20289.021484375 -10031.93359375 -11184.345703125 -7034.8657226562 14987.765625 -17057.86328125 25588.150390625 -2567.1125488281 597.05236816406 -6572.8359375 
-1015.985534668 6111.06640625 -437.01623535156 11451.032226562 15755.830078125 21548.76953125 -6484.140625 27.334289550781 14517.1875 6599.7153320312 -15566.795898438 -1110.814453125 2019.2407226562 -32722.720703125 613.48541259766 5286.537109375 
