10 10
0.45261418819427 -0.41473445296288 -1.0738203525543 1.3456536531448 1.3399829864502 0.73366087675095 -0.018868565559387 -0.87961399555206 1.560711979866 -2.4934895038605 
-1.456295132637 -1.7911647558212 0.77648043632507 -0.44511893391609 -1.1752910614014 -0.015438854694366 0.49439471960068 1.158062338829 -0.53335559368134 0.48557457327843 
-1.0815720558167 2.0179266929626 0.11333748698235 1.4152684211731 -0.54690730571747 -1.9061263799667 0.99944549798965 1.8669633865356 -1.3375656604767 -0.12993490695953 
0.84271532297134 -0.80376994609833 -0.26922282576561 -0.26360887289047 0.42852610349655 1.8944849967957 -1.4693793058395 -0.23788022994995 0.76691567897797 -1.7906626462936 
-0.51804518699646 -1.7136408090591 1.3948621749878 1.4951403141022 0.16941940784454 -0.28716540336609 -1.4784241914749 0.066607356071472 -1.0838304758072 -1.9722912311554 
0.16977015137672 -0.18988871574402 -0.45797681808472 -2.1843414306641 -0.063744157552719 0.43935400247574 -0.83674830198288 -0.30433714389801 0.60339134931564 0.57080072164536 
-0.9966294169426 -1.3699654340744 0.91618949174881 -0.060544915497303 -0.67497897148132 -0.69708502292633 0.37818115949631 0.85642212629318 -2.2137038707733 0.57281088829041 
0.40896573662758 0.30020871758461 -1.0680601596832 -0.6873123049736 1.649581193924 1.073357462883 0.4324209690094 0.29631584882736 2.2921025753021 0.31629619002342 
0.7395932674408 -1.6954778432846 0.8931736946106 -1.106144785881 -0.14733554422855 0.64763832092285 -1.1510345935822 -1.6010684967041 -0.35447037220001 0.79966330528259 
-1.2735588550568 0.64849102497101 0.53501641750336 -0.63960373401642 -1.7207258939743 0.23892238736153 -0.36941760778427 1.3979516029358 0.42938128113747 -0.25249671936035 
