10 10
-118.63766479492 -26.684669494629 132.1650390625 56.235385894775 -131.67156982422 -24.630626678467 -62.737983703613 -125.33513641357 120.73087310791 47.657543182373 
14.239166259766 -198.96682739258 347.49630737305 -244.4757232666 -65.395156860352 -96.071182250977 193.55662536621 50.304447174072 203.7802734375 -77.031265258789 
113.95444488525 96.764808654785 -93.516754150391 -12.303433418274 260.55145263672 -2.1650433540344 138.47285461426 36.98038482666 -123.93887329102 -7.4930429458618 
-9.2747631072998 -28.127817153931 23.301349639893 179.26065063477 -176.86419677734 -19.738193511963 80.578620910645 5.2869300842285 -92.675735473633 42.631538391113 
-37.497077941895 100.88558197021 -189.64086914062 -11.663242340088 -121.19339752197 52.629009246826 -137.32308959961 143.11488342285 -201.14559936523 -186.40454101562 
55.363784790039 -29.10807800293 -8.4403400421143 -57.082950592041 -145.70217895508 13.679840087891 82.82470703125 -56.140525817871 -201.60870361328 -107.37382507324 
-132.57160949707 116.29684448242 -179.60330200195 -41.014430999756 174.09043884277 14.576652526855 -301.10562133789 -55.966449737549 -38.83683013916 -119.08206939697 
-28.806838989258 -158.02261352539 210.64743041992 -6.9662160873413 -222.67797851562 -101.0657119751 77.599426269531 11.879186630249 142.36135864258 33.174919128418 
-71.943229675293 182.6279296875 -35.585655212402 -59.552791595459 227.32043457031 -141.84678649902 -112.00730133057 87.093978881836 31.525810241699 -120.21992492676 
-153.70848083496 41.988285064697 -150.99620056152 9.3125667572021 -123.59913635254 155.25286865234 -194.0700378418 -74.551536560059 -160.69709777832 -165.86117553711 
