64 64
124641776 -159438144 83860032 -117412168 186361440 201134528 -84052936 -102817656 200737920 108309752 -253176224 261681328 37671032 -15819516 -491372224 -207443104 -190652352 425167968 -71198352 358520640 1986184 -31828662 -464692992 174451920 -468877760 50768184 -2001456 11409421 377661568 -312089504 -41591064 -127154320 161820832 129582208 -508609312 -80203640 94175544 36064124 231220080 329248608 781836032 618979008 194344992 553995264 6989564 188556576 -235400816 -120317280 -456740032 209310032 46688312 112952368 142478368 159644304 277987872 -219747488 -16489925 -110898248 -334743808 -547113088 -290030496 195955056 361565120 -249967872 
196805392 -216252544 -22340954 -298615488 225121488 204809904 420882464 -243595696 -757620608 524913952 -346329056 -149666352 7962321 58772192 197750128 16265965 -128359648 344254080 155690048 -395594464 -314851840 -279560160 253752608 -104927008 -268503968 106273832 -452392544 -197335776 -136848432 62077936 203599520 75505224 219764784 -138479600 112600392 184715840 -284314080 -197992400 496629216 -202255728 197408192 -62692736 326914912 -238424928 115436456 -71299064 -183432992 43966640 53797640 250946224 -301007776 -167341088 -111534192 180272224 255564576 -123880752 200220784 -314191840 -379908064 -77411464 35907420 377828608 80850824 -336650144 
-151907376 -323348224 -206996768 -181488896 -29736838 233645424 -415363904 43592420 155545408 94018232 -76488728 106546144 -114350512 -230584032 58369080 174113248 181909232 -39532288 444017824 8742560 75684592 63976104 -50437160 145944224 798652 -253742496 -81871712 -366721056 477508736 270082816 -238184096 80530712 58536600 -301749568 -117258120 568965696 31488512 -94738152 -141759808 -9864530 240412368 -159857280 114428088 93586896 391231072 -410458240 198286576 165416016 -99597056 -297029024 310855808 -327095424 -185219728 21161914 256567248 19425198 624477696 -178551440 242576672 40120572 75360696 422005760 210322416 -192001296 
261228816 -265131904 -142006304 47219024 89784624 -168927984 -261530336 -33187782 271861184 408818016 303010176 698359168 -222657904 -439164992 101763480 -160495536 -179200560 -74325976 16690256 430439328 213011456 -321352992 15103026 19328184 523095392 -274567968 49941512 368942976 118458544 208772192 -265467200 -305049568 12151028 -96464864 31116296 -81754640 27582448 120635056 -186335968 -44165632 -411972224 -458785024 -89126416 46265248 -248486176 226496560 46049480 202534976 -41910856 202542496 103498048 88902872 114087072 48216364 4492768 296145280 -171134912 132645728 51240388 -158922928 -102219336 359765920 -128181936 123574656 
-211014208 -247831392 68102664 589553920 249578192 -237516704 -762706112 126808872 -466827104 -182319584 232669680 -308797984 -47936520 15538614 -280002528 -106965952 -180886928 -160540672 537867.5 -682982912 -255443968 -280711232 -357406240 67832712 -136436960 46111936 78112872 -49810344 157021856 202043440 -239868256 8670177 -148373168 287617472 -144028496 -72299280 53916944 388270528 -164699760 -95948448 290079360 -122540824 222860160 141879392 161480976 -190132240 214479568 -106726728 180517264 -222322192 250476304 334696032 -135441232 -159314976 -17678704 58937284 -30160906 174463664 -262066640 11654692 99997592 531071328 17456526 192396320 
205262192 158842896 -132864560 -783482368 -37959144 199915920 203016272 358138336 220932560 212546960 169638016 65133884 184380864 317113760 332745792 134529104 -33069772 -334456608 168784384 -70245360 509027232 -138109024 -383943648 304551712 44063944 79181184 117497216 51218392 -80652880 -288806624 -584979328 -106523360 -381034592 311540352 259645328 60933956 -458199680 -182856784 -13809714 365462048 -381642144 -108707520 28931696 -10205212 205132560 -167509680 -98039976 -493804832 436550336 -301416576 -39766588 -157670928 -41388336 -229702992 -71051936 -106808168 -563160384 -150389856 137323696 190745024 555799040 -255846000 -200585552 55263920 
673131136 -63047232 -181419664 -82754976 388538080 199116976 192366384 53018032 -166376416 104934264 -448769664 123390976 -152042336 -244804816 189552432 229691616 151746080 -156586496 -11872668 -487673600 -431829280 159116000 -190887808 6474244 -158899456 -196730816 -28605056 62045376 452899456 125259728 160289344 -28418060 190821376 612315776 -4902968 53586136 -12228451 -259003424 262542368 476598880 355681568 -98384320 33821216 165684800 64133824 -23705684 97541840 -64315440 18887932 -692930240 -258347952 135325312 27079072 197227616 -197503296 431271616 -209407616 255722064 -91705720 -401562624 -366800864 -160904080 -12896032 100666752 
101623408 58757528 589073536 23884812 -425033280 180942016 166578896 294734752 -106963568 -314780704 350930720 431272576 99723632 434518880 -26460504 -142440816 187584768 237411872 -333156288 -163047056 -89681792 -220581168 -325593600 25490400 379507200 -157951392 -553436928 202562368 -727908608 124765136 23351086 136889040 126284072 192159120 -19850812 -96926104 130926440 432996640 220916256 166186576 60396508 -251864736 -304318976 -36407616 -236650752 429463072 -7341848 836144448 157548912 -404043104 -22741248 302606912 -14788 -584917376 247116000 -12342404 -47158240 213118064 -371329696 -312257216 175715616 248899328 -144804960 289945664 
366490304 -178151040 686573056 273087200 468571040 -300172736 211249744 302759328 94607664 -268335632 108720688 21931816 -355288608 206507296 275891104 -84168880 -86753760 -630049920 74091760 -52608144 -97162968 396194176 -191937888 187864176 279684352 288495680 241083328 104970584 166549872 -166995296 -5718452 -264351584 -195112592 455970752 -142374800 -457748000 -305848576 341795968 142794944 -144497024 137698496 -27466664 21894784 265906112 -13155244 148986768 90796096 -44405320 25771152 202155856 -324436128 -91646768 51798136 -129333912 -151977760 371140736 -789585408 17576452 -288914976 298154560 -212202480 -98226528 -146416144 -136342784 
529795968 200324400 -139513040 -27867100 -24445916 108998240 457175072 -216001216 -31261746 72112544 201981696 79979360 16277818 -17415748 279837984 -232365536 128134552 24675112 411342944 214574464 -459241216 -251070944 -444482208 89452128 -607312960 332545216 354836224 -28809808 -94230408 -421778528 -40716768 -203207344 -117350032 -9857116 230496912 280780448 244536864 84119664 -226132560 -322293024 47923300 342813184 109695048 -139121392 223114512 -75516400 -449324928 102044696 -42075596 38525468 -4120248 -337740256 78030296 76258648 22238244 -135548096 300718208 265323184 -506963584 -137207616 -343950912 -378682752 185009408 -269886496 
-221575776 -154604832 173293600 536397536 339286272 -199846288 -184847120 90331320 159512784 39271948 247966480 -360499680 109345016 -72009688 97624848 -276177632 -51983304 -149986224 -33417780 51277272 206216272 -188785312 555129600 -298206528 -239504960 514587168 148287904 121224544 420114688 124667136 -41356168 -122908720 -224327776 31737896 -180343680 -90939248 124041272 203309776 22334972 252120528 90015040 -180803456 -578800320 148140000 -211708256 -107583656 272714560 -488890048 -197717248 -187914624 -379360640 381313184 -155342592 155169568 -209896352 281875840 -276428608 177434624 660936512 30127236 321432800 361472320 -347260736 -477568 
-904765824 128238160 -462194656 59207280 -231211648 -20573884 -431375200 -133005784 328930624 218826576 47253384 -88877544 122069176 60425140 12842827 713146304 -35287816 123720584 239273200 29298932 77101848 320654336 243680848 -530047712 243664384 -107426624 -457642464 -194343744 402536480 93165760 -198083632 9594697 222479008 -296223712 499253024 302985664 -375483008 -88912888 -265975344 -3688547 -483236384 -318802592 -154327696 -312597696 144378640 -19745220 248100224 239555536 259048752 109805216 256122480 227523920 -131212880 -63016300 119985432 -275221408 422280672 -413742112 -26329630 164494848 338107200 -30579588 104349456 270903584 
-93643264 175142240 -237250512 -258462064 28665432 -180469456 -61784372 133152952 -22101356 453141376 77235304 209413728 -337460736 -154447552 -118610408 -40290812 -265130880 -77609472 235715104 -65117712 4301715 -92242888 270314144 120730936 332901984 -604877312 434447872 477927936 -344890592 491765184 -227951344 515830720 -474589472 -157764080 -173896080 -43046652 128688488 -140955776 -417733920 40474020 260386896 -170691776 -139543472 356944512 95342936 -330851680 503746400 -1825362.5 128664424 297655296 508917216 -176539344 189214176 467825248 368516800 10417322 159930496 -352642592 230362208 -274497120 -213994016 264467456 -860102144 -115142280 
-518684160 -208802144 362975808 552000128 -559766464 -44107720 -488757984 -230261264 -9813488 -9692242 459131040 -335543488 160630368 3241900 -54488360 175986448 -151791120 15931332 5412407 -125893760 -293326688 280361664 35685020 -238081920 -15287122 249818848 69328688 -209346272 171661824 382419648 87288008 -68301336 -63412124 -177352352 181687648 455046624 -71060224 -74264336 10047492 111026736 -257630320 190336304 -181890096 -69921824 130049112 -225598224 -404192832 -517004256 217623648 10772140 -66249496 -287180064 286753024 148699152 -124688032 -301085024 59362672 -196377360 -22163068 -178012560 212062016 372732704 -144082368 -221173808 
255949536 -27315948 -58628008 81763392 297033536 18695790 -73404288 -216622944 4545958 -127266568 -93317096 -157574336 -281911648 -354903424 226992352 -73316848 414672064 -417127424 236594240 -221547648 -155438240 61127280 -270305376 562765568 4223296 -115157728 573219136 -543364544 -519252416 -566641280 452881888 -3868806 33850064 461935200 91229160 -246140880 -13765448 127227496 401720256 -337594816 193958976 800845888 289523200 -281007296 90026544 215451312 -236211120 -318419936 -66307380 111727968 4066368 230065072 8708484 124861488 -197625824 100102480 72865576 430439712 -21894012 119202432 -150619312 -690596864 -165376080 -209603680 
398090656 191600416 -313873568 -81837328 276438752 -176144352 475017536 157238080 229739568 -15703520 -269006432 217943168 -299264096 -192726800 208190144 169344032 15506596 21357184 -194949600 100461440 37395504 14987584 -109361520 19732760 -168170528 -134549712 -53789424 -59268928 537819008 24559980 26086664 -45398768 481059040 149960400 -257491792 62827800 146446128 -334780768 341306080 136313136 174759040 -136236560 -292340800 105554896 -385853888 166140160 -272384256 -57861936 298453664 -105157320 72190488 371107072 -4392696 -160455232 -78583832 187003040 21308264 -269926624 -154359648 342372704 -387204576 -92433464 136640448 -115302176 
-389794208 507099136 -617092288 259352352 141358960 -157184976 281978848 127202624 107464752 75795120 74462904 -385081344 -150648608 -253151472 -340278624 -300415040 -13040068 573167872 158808704 86368448 291670848 195913344 -201117248 -260535120 173704992 290379840 -283052544 75831824 96688000 266644000 -118412976 -85625112 232973456 -88680528 14503712 363176768 -86902360 -648229760 -599664896 26740072 -475475552 -38447156 75629120 170480288 -215235872 14916460 228439232 -59701212 -11363532 114282448 142100000 -60891648 639382528 406477312 -295884352 -54548888 277342912 83832744 322033824 78959536 -64531984 11103808 2103526 256280608 
-240609088 -121712824 291030464 -402318016 -117562336 -107214264 247979744 -139227424 -14135456 -263801120 62977944 -308611808 -402624192 62545812 340454112 45079544 8033149 -235171216 -90128240 -394779424 23746514 43939004 -82900408 -442959968 391050720 -604137216 -192277936 -602265728 -428339424 7346900.5 18164276 -145512128 -174285824 276621056 11731088 520977120 164933392 -280111936 -9322828 -158623488 195507920 229959600 476957472 277698720 110578528 213463040 104157832 -44125052 203078688 25628110 177246256 -387354112 346007840 106284680 -21892584 -210707760 81961632 -200024688 450390880 539358720 -115030728 -465893312 -665914688 186561184 
-130679120 437198400 -468479872 204126976 138070336 -433176000 -414337088 118917800 404508224 68885856 -361928672 -116660344 124415048 -366220736 -316261248 -30028720 221588848 317305504 28426966 257203408 107924672 -36122948 44237656 -390954912 15157766 425657632 270483040 -241368752 -165370768 -112159584 221217776 28102428 -201441136 -492501344 237388064 578887040 401973696 -599008896 37681656 -70694712 -50280384 209368016 50616820 258064912 277481120 -396810496 332198208 -326517248 -181749744 197146688 17805700 258739248 106455504 -41353704 -279131200 -35784896 389436160 -182803424 740057728 -219295520 -411027840 -521768704 115697856 246244784 
587729280 379957920 553778112 -57169764 -168221504 92499808 -274688832 -530340 574521664 389014752 357956800 161926752 287986528 -425091008 435088544 -306834912 272245952 -237518848 140367968 170073888 370424608 -174221184 55610072 75381648 442143264 15101976 523465920 -462010816 -3204429.5 -74501784 271939488 -177054208 -345268256 358215552 235761344 350210816 236016256 -222684048 65377816 401939040 -153957712 364419136 -82166168 161961328 398642592 -61844252 -171261696 144614944 -171996384 -809757312 -63406128 -99929584 332585024 -382979136 -248188976 -106715952 -353683712 504441376 359519744 -386786048 -349580928 -114008096 -24198752 98557056 
132540944 480822080 -345823424 116310760 387504416 -443554272 -371939968 447586560 155386096 69271360 -52418068 352427232 -516139520 -424358624 -171737040 -219925952 -1997768 -129292224 -58955616 -226728688 657087616 -154687904 141093152 52297496 -312561696 187278624 -213760 175428560 157303568 -133177752 111202976 285553184 79681232 91731224 483228768 -470265216 18931898 484853184 -215218448 -5494908 290131200 -393212096 499315648 89965384 -248403776 -296967040 -235162080 180465200 218295536 -28695212 57403268 -2822896 -11279840 -203429616 -58320732 547871936 -332748832 -260414624 121788368 58951848 -437214336 -21787276 -59438936 -154698320 
-587298560 4403256 -246836592 169471888 91572832 -220999664 232141248 418449152 -419634272 352898304 -320038944 -354648064 123429344 2754352 -131438216 -19614332 188458448 -339019840 474635264 139494192 430116224 51579192 258225136 188693600 -363253664 -223232624 10666416 -67233472 52933036 -83201376 -250926832 -245023712 39349320 -370389216 -362734144 130550880 -185859264 57487752 -87643840 -46311016 -120279392 32945436 -43157760 77639792 -260568624 -189146928 -214525696 -231907568 -29088760 247531456 -410923776 76834976 306489536 401258048 -221136960 -183567216 45521916 -571179712 252905760 247594496 397605856 -17465436 -107846528 65504480 
383921024 636459840 170096272 185861920 -73443848 -124971824 -47990284 396765632 553553280 -316612896 564294656 109134368 136239712 -313106176 -398275904 -136510368 27160784 445443008 -151615568 -189743248 121351512 -36758284 12105698 -281485472 164446112 501770752 187412768 -25466996 -315028096 382829184 220229840 -22557908 2450656 345292000 152685104 17275284 -177540736 -353470496 204335568 -360718240 -234395600 34971624 -33519436 106319240 -118766616 337779200 354008192 403829024 -162596800 35124376 -401979488 597591424 -424540352 109112080 -313337536 360050112 -71935760 119884256 205670624 345352544 -507946528 -377027840 310825920 266583488 
35410240 129623536 140465440 59239424 -31491888 159865344 126391016 -29546144 410499296 211831600 459244768 -45002032 -27031822 -236737168 186596320 434883552 276244672 -890552000 287756768 -212050144 -133489328 269881568 -20348188 269977856 103395136 -373927616 29820542 -213548608 -374532256 -268472224 -286870784 -61330584 -248558336 303646368 -36899748 -144791600 -29037778 298571072 -53697872 317559584 601590400 15702980 84194688 309014976 128580768 302169600 -112823064 -261031168 326895776 -352395104 147390384 -165911392 -9282404 -107029904 116339896 -148331136 21609220 354205024 -365953728 276848 38336796 -560949632 -42304832 33743552 
152048448 -184688528 320494240 214459872 -537996352 -199608000 317748832 -208001856 -3939064 -248105536 -130970208 -212232352 -87752552 151743504 -324167872 80284904 371364512 -40533968 94432136 56778260 -399233600 384682016 261060720 -388907392 453804640 -90224304 -548591872 40417160 -812265408 39475888 203309984 -56723708 -435013248 157348240 373763584 -184413440 414197440 83497136 -70306480 -230413696 -166465104 -6258280 335647904 66437744 115394096 233775344 200600416 550765056 -181192256 251989392 -143553184 -232940720 -5740168 -334746208 399918560 368244800 126373184 310396608 -221935600 213389344 -157216736 -743004480 -235724256 -85517824 
503793536 -48904464 -15744132 -29228552 -164306304 -32291212 189259408 197895952 -451103104 50038688 -772349632 406163968 -158859568 364223136 519277472 76106528 -133108928 167460416 -490469408 501965920 -664267776 -376035552 -240015136 314349440 27502808 106572816 58706412 -34081812 -235951008 -29566784 672379136 103392424 318614208 -66065640 254527200 -337049856 -330814560 40180704 -379084960 -149523344 -560977472 -100004192 -77557760 -566732544 227083712 -72517424 -23087200 -175555424 -70302456 153865104 149190048 -105875520 43014232 209719264 363526528 -127496976 159588064 361643328 -555118208 -405291744 -226726496 -116700320 -32427954 -189952960 
-179647888 58737216 -376991456 -348198272 -235926416 289871040 157098352 331357440 -237932416 -34377588 -287754720 -199793088 450497440 -40568596 69966024 250918128 123680648 86060992 138173056 500294176 67471200 147431408 -343259232 -73780440 -356445664 -1413957.5 -274835488 -70481696 -274960384 -262373152 326973248 108993304 -40823000 -423105824 127046864 9882570 -31346260 -388863328 -148053952 -71254240 432106144 229669040 -90516096 307173312 102902960 -36202616 -65375044 -179460944 -68938528 71970856 48549048 -545476096 244711088 189688128 749418944 -356135808 465706400 17026604 76391024 -361952480 -88790240 -131604112 64365000 -167179056 
360443584 -65111328 -233917328 -254027728 143948608 -143019744 243059008 498604864 -66918300 126766192 -92341824 328591104 46769896 -463604768 -50486400 -77644368 373386688 -59319700 407335232 221016416 412094880 -51586740 -97847840 140891600 -337640928 -267824480 319544288 -213827072 -504457056 -541522112 134081232 282888832 -239625680 247994768 -204566368 -89110416 126993208 79126384 516153920 81834280 154844704 166498944 143628032 -131362000 -55189512 374535936 -51533896 280930240 -261322096 -174446480 -351906848 480791712 26480652 102411088 150604224 -429433984 503720160 491517120 161636448 -22829408 -257715472 -419568160 -275434848 155147232 
-191236048 382241408 58773128 -40073744 -368888576 584551168 -109641344 -52145344 349324448 -7989681.5 194987024 232653424 479624064 184675952 -475243776 368753728 394595584 703639232 -95294920 -158114240 218275072 25488468 381019296 -100295976 -431899616 213134976 -145101408 -6029560 -261490592 101066288 -31174170 127491200 -56516336 -323021792 251616240 127699256 -146225200 -100276464 106837832 47176428 -251916992 263117424 -328819328 -262168112 -125471784 -396709152 -356572160 25912566 -298403264 -73548840 -1852848.5 44855496 -46451244 160028928 75211368 42784248 -193762640 -207578112 112191072 -65480400 249011872 -4536024 226072064 192751376 
-263903984 359914976 -309369888 -289716192 37422432 -98131424 179274624 137147568 -155326752 65332952 -306879872 161646496 135342624 -276137152 -396648736 -54601748 -505192992 511953216 -508373536 -59889088 -366545120 73775600 -129322736 -141596496 108775024 387853152 -69354448 13260158 -735785280 -393824416 -90072384 341241728 80630496 283717792 249239296 147802256 294111264 9259562 30952334 -196527392 -389637760 77102672 501276096 311650368 -226653984 128965736 276640576 638522496 -1961752 13825912 -416766304 6480618 -172523664 226068688 -123342264 -212955792 373834048 195286640 -299231168 -225013536 354411392 -22857292 202687456 479942720 
-396024512 -505907968 457516896 238603040 -102698968 289250912 82061240 -419262336 46027920 590008704 36648688 -166349616 -112345520 58872876 130733968 469635040 -46094416 -167468480 125614784 53151416 -421575136 42657224 664082688 -233665760 167275824 -266100128 -348692416 -464315392 71516896 -235492256 -19370540 -556944896 363726240 -156068752 -101862864 217328000 -433328640 619328960 311330080 -215150720 -548838592 60837372 -276834752 -113198936 162490048 -122209960 -245176864 -123759632 -214166352 -337652352 -185621264 59946464 406056320 55296556 103830336 -159915168 132671672 -124647216 -119096456 181263936 536025216 188538080 69520080 106333464 
-30551402 -270601536 -234501888 173814240 -116248720 102963424 144775744 146113184 -520881440 -546869120 78130080 -115682368 164937056 -163470400 -172090288 -117842616 -285540544 222067120 32504490 97030224 151726224 224251872 211070464 303910624 -106047848 415128992 106723328 129135544 -492351392 201838928 -310129216 272894336 -85763728 -600446144 -153176032 217803120 -61829196 -269052192 254459184 -381202656 -118617040 -66845312 47527224 142854912 -14034915 264514048 99449632 73063800 -61834224 534915392 165276736 -350721696 67548864 254389504 -284208608 -179751712 -41609668 -336938016 218345216 -123065960 88676816 433842208 27272632 -77762104 
114932976 202429600 -315561536 6049354 111663128 -503278016 -180157216 -200531600 465550144 49980780 -183807904 84560424 40218476 -277561856 -42750688 -21307792 -269392192 -14872240 -122442672 226348384 388928320 201254784 330533120 -211298304 394387840 -231155840 -28879392 66213168 269050112 -106940496 155585264 -410947616 412159104 -202587904 -254150400 -114732880 26623684 -192406208 122504832 415877696 335903648 174807520 46438548 18047282 -153564864 -294958624 -274877632 -409626624 443455552 355170720 -96898528 442481600 331368192 -261712544 -554429312 -308786752 -62656020 -76769240 -238142912 -159534560 194296288 113487808 221663024 111625056 
408948992 -128411312 -23508196 -522536352 -262856624 110975472 33349100 227025376 387939904 -81404544 -239151600 324170272 231129696 42087584 332338336 -17266574 8082278 7817878 67850440 337775424 298208992 -400249376 -353976672 148198608 -37932068 -265241392 -186945008 30824642 172399424 -217763776 -63585020 252844464 183913392 -294061824 -30539746 -166275664 95336408 196544368 94279192 263861776 201946176 -198744848 210567200 238660320 -76231840 -96097744 -18474110 -219389840 60803364 -284640832 174434880 180642016 71282032 -291027680 185498320 -343775072 122219408 259704352 72792624 -235401952 -184026048 -318500288 332636640 273227584 
-79329144 479885312 -30709390 372195008 -330013088 163905456 -421471040 -16042003 439514688 340895520 352988032 -21647206 118326296 -266699568 -298897760 -52116668 -202020240 56857596 -34284576 311011360 519267264 426012992 251406608 -3896723 644565760 -232676224 -117748672 372831840 -5260321.5 -50871996 474133408 -291601728 20112000 252334832 118868184 -243609344 60665928 413855296 312770944 -54737428 153705296 169964320 -85857784 -48852392 -145323952 308238464 -455323264 147554032 272343104 415909696 -190530224 331158368 203122160 -543248128 171408384 -108919536 -325934464 -16532904 -45453096 -198213200 -221190048 101784008 57566112 114722288 
66692508 109642912 237413568 29032212 -450285408 -27887374 -309777184 467649184 -35799340 129462904 251567392 400179392 -10719832 333186720 -99074632 323973536 -1972225.5 93909600 -167105312 3929095.75 30428810 -17367540 -473618464 -229884000 285607552 -111166184 -53968484 158394080 199233264 482997152 -118330272 -132560616 424061792 -289434336 75019064 -20308548 -323076640 -239718464 -195315344 -45868232 -63249976 -448031360 40756908 -116171392 -152948112 -229236544 188465136 -6022311 208839568 542995648 11759293 14377940 -104262416 -131835120 -40428036 163492224 -5370747 -750244224 -209355600 -44073980 -136494592 564199744 381335680 48157472 
363084224 -30181972 -428073760 287230176 -416657408 44346024 276114528 12468950 -136384000 122896216 273046912 578820480 -26920912 81035608 -64800772 310818848 -150807312 -30607140 284198688 266279264 -8237311.5 77142104 -154705520 27968646 70514656 -304105600 572742144 179768208 582179584 179844624 133011832 233531232 383884064 23142048 -19358542 -189989488 -173650576 -183668736 77451344 814769.6875 -833835328 256798336 -185473328 -795609152 -114007240 -9242370 63283036 -403559776 375570688 69769480 -230089152 437692768 190707584 429630016 -579038912 -24874340 -87348408 -279255168 -226829808 -226791072 -280318368 75324696 16514611 287001248 
-52384168 -563265472 154391136 294571232 250201728 -88333120 159126912 104241472 -485603936 -454952320 -187108832 199734784 212105200 -314340864 -32068480 -35993556 -32850392 -292176512 -46899192 190682176 -541137472 152409408 159594176 133530672 -155631040 290553056 -100485160 -41946120 177431520 -268543200 206678400 213717600 168923424 -216043952 -322836064 -227991520 390621728 176712480 315727968 -380604576 32826094 -44227200 29498544 -18940188 -191003056 293503072 39661312 248043744 181039392 32949842 -420960544 -10261632 -411224064 -81371440 112768208 -128404240 117453760 -36025584 -480873856 27054996 -11460194 311505824 -161610912 -226343216 
90394568 -18147592 -58811056 -6902000.5 55236424 143713264 41750096 -25226028 151283008 153216144 -139070224 -131075536 63519544 -63735452 225846400 251530336 341486080 -711227840 6871428 339900480 116199200 372636608 -138679552 14810624 611444416 -143871824 134100440 560611584 -27397914 -119201472 -230773744 50047676 -201401616 -53058132 -469452992 -444672928 -289005824 -112019512 -280753312 382039296 -126773104 63718408 -214802080 186368112 -115231168 228779616 445187008 198697072 18377748 -282740704 14186702 150028656 311966528 -274499232 129112160 -116077792 21051688 306255328 -47962828 250621856 -58183508 -127105856 -203863424 316653824 
102572016 41771664 -240794496 -620998080 338526368 -177782224 22203864 47916264 556288192 163098144 -3221504 -21949360 -173527984 95347400 280720736 -32046172 77822248 62567624 -2520992 401748320 413689760 -283015488 16105194 -85934848 -230226352 225107792 222341568 -24242716 -16122318 -207968672 -329542944 132470736 -102534192 126674472 261903280 335975872 116351656 88269896 141125312 183122240 -269549248 91333040 -42385556 197172640 -130048448 8948090 280314240 242712384 -362451712 -46962032 28282056 58746968 -80950296 -114097360 114349480 -448707840 -177742000 109009456 230120704 165593440 34002068 -444363232 -380527552 104848944 
264298048 11505400 -140955984 349590080 57418848 -25266760 121733328 -17068112 126374384 -407803872 -7609132 511192832 91639920 116727672 -15871504 -66819476 -153492432 -527200704 96298912 395153472 -1395128 62252520 170821312 137102912 -220476496 97016296 24418240 7946671 298541920 -615455296 -371034240 -20239108 -40417124 -262116688 192135664 -414617984 -159548736 267290560 -35308600 260964096 -464622144 -109774904 73606216 -470623488 -123441024 194099360 -170622240 -562974080 583710464 49445508 96839256 205581952 -70220264 16418244 -242407728 -97604624 -103647032 -11830708 66715800 85410816 292707616 -483507136 -183315520 30403248 
94286416 -253245728 -75782096 -68070496 106065352 -82871680 241398768 -55738184 115647536 -198580608 84596784 52327460 126735224 -4626303 330091552 -62631072 -42034572 -266084688 314166496 -45643232 245391904 -286626336 -137487376 258595504 232144544 10685758 -384887712 -100846936 407189280 -3174366 -622521280 -264660752 144578848 -192207792 -181719776 511872000 -107500288 103699176 -131816288 167845280 -169316576 -530757664 103506912 52088076 -122876512 207223104 -395443264 93177320 887471296 -495036896 -360781504 -9009118 199778064 -735531008 -245392640 93665336 -184689200 64870576 54583844 284399136 359765056 102358216 262673216 194226128 
100293832 210284736 -327618176 299011840 405142784 -51511396 5952205.5 280038944 -531900448 -165530912 22078692 -303542944 -216642896 87563544 -5607517 270673344 133152672 -333601504 -153336496 -699189760 -380462 166918208 166471200 -343544736 -501019232 13196610 75760160 14409523 326828960 294122496 -217433376 479853568 -107408296 521325120 475517440 -253638288 353191392 -234379776 53253656 -31774240 -175365472 -128155144 -10602824 -687175488 -52417872 -121981248 6758875 -157394240 118626856 -40806656 -91424840 54820600 90997848 37106344 -178673808 368720768 -119315184 -134911968 441382592 138315840 -184132640 193898400 159285120 -108444048 
769344576 -282643040 -3518262 -458366400 -150747920 269598048 -192961296 -184927216 -23570720 357264960 -17597024 193625920 -11113058 -215584704 11963156 -18676260 597561408 43306880 258739568 180469312 -223079072 -352651168 -356364640 610118016 245144096 145428832 782126784 281520256 264708144 81721024 -87512352 -234002032 9083032 300692672 -145544800 -257505520 218627808 272741056 -87828984 33033500 177952272 227944160 -149910464 -253394640 -469206592 4383041 177533856 -60287596 -70605848 210218832 -304558336 529708992 -404618432 -7997376.5 293150240 386195936 211346064 360188896 -204841568 -105605992 19880560 -269028256 3929580.5 191982448 
-255515488 42198592 75074136 176846528 -15405472 88071576 -16125845 -198176768 133577680 54007676 -77530304 36434624 -228803520 -95481688 6866440 -2750822 -123039280 267191904 -95236320 -119145520 -177757168 205439296 63642644 124544560 -74043208 -34687536 120466944 -139717888 252888752 -250190304 282957888 -164538672 252380240 142525744 -29970820 -176500640 -475161632 329801504 166687120 109137072 -122107416 311567936 -191769552 -460523360 152076656 187681536 -328098400 -439427648 -321763200 -220112848 229589536 275756544 342227264 243548016 -290651968 -299281824 133199832 397345376 -413344832 -120679800 222264832 136356896 492667104 317987616 
39584348 -383418432 337180864 -262143600 -552424640 210605120 47844600 -516124096 -149886576 58162952 515541472 -447246752 378881440 305487616 49399200 369431872 262973776 -647454016 26533972 -120381440 -321095776 114055360 -408737472 60783492 266659952 -39979240 416344352 -280606720 156628336 51370948 -7524676 121042672 239040992 241656080 -94589640 -100140704 89113600 -74279848 -70196464 -125763432 -505424800 -110810192 -103156448 -211530096 -83568560 -197289744 498688064 -15563586 343597728 -256674416 66949448 -236903968 -263728368 -143182976 -10943568 17314246 -222945280 -223959168 -369893504 296094048 -10842638 -369720928 -229036256 64748348 
250663152 223088864 -605793152 -254285472 430973280 416053952 -101817448 -710114560 -66960756 122481488 -40714264 -8931028 212823152 -4873124 -67157936 -136743696 -404857536 247128080 -274852384 351861568 -147620992 210485968 203530928 663739456 65763964 -32339500 60272608 164103104 182852784 -257644704 -309434656 301678720 582918272 -144008992 -230121184 -75661176 254325616 -16143496 -145526192 143486912 47056832 124429752 191037968 -299290240 -101887040 -230430832 -75437784 48574088 421352992 324293024 813943232 114209544 -22660088 -278368320 -101713368 -587815488 213344608 -99085024 -481639008 -313655744 58195928 394015776 260617056 -239310432 
121527488 -233531328 -470662208 -275310752 537801280 105957264 259091952 -180689824 -138826528 141856128 -330586304 -22768726 387966848 -303167392 101421600 -140793520 460063488 -474846912 145263664 344560512 128800976 321050048 -247312592 336742464 -210437504 21068172 16522444 449024224 2234275 -227574848 -195289232 -439146048 272437376 106971704 -420769472 -133121384 151185856 -246519552 -125545936 145944144 236542864 66094344 -127645504 155716080 323415552 380695680 250633248 382237696 199047360 -195967936 102845128 -215315008 152019168 -265442672 -61485488 6603510 -174648864 -141797120 -456236416 -284389632 -222223296 -256182160 119046584 -216831280 
-160054352 368514016 202683328 58718984 -159233984 -582531840 -302115520 164686752 169348976 -121762712 -148157888 -66980620 -19743592 10485290 -11776410 76382248 400155392 209316640 -262919808 496321472 -62215812 -75163384 22261960 -91417664 118435064 195215936 62157280 -339710400 -196688992 -118823144 569672000 -250543280 -40238312 -217796640 61158120 -76950264 225927664 -160924672 -158264608 161942144 196617840 678091776 220129536 457732192 -101782792 -400149664 -257468944 -198335504 -29200918 293878304 291356608 -143117840 -118164712 -168095376 155596368 -163050816 84666304 104873216 3359459.5 169217712 -371384896 -372847360 -10849730 -420075904 
-35807364 12508248 846241 73293232 316097184 -34773736 -174077712 -104797360 307491584 -352251712 158389664 -78203856 -113897312 38053020 302496160 -433282624 -2683498 -424347040 100938752 80520840 421379488 -363778688 6203822 167063680 -326836992 195957648 549097984 -71148880 -83910720 -196184256 159502080 -35061312 -77441968 106172848 112991184 -127184904 243047856 -35142784 -368551744 146268480 182571488 416385568 -347146112 -142219952 -132917536 -19556700 -184851360 -203079120 53319308 207835712 -126698880 -222432144 -257001216 459999072 125911824 38533208 -255634224 -170636368 760635200 163122416 452267456 -249464064 -479328832 -59394464 
95883432 -97933040 15787386 -117333936 -63544620 238877312 70197824 -53695820 -278897120 298754624 174172752 -334718624 -49608800 575589760 14832748 -39338260 -44607712 -124008960 -136699712 34202984 23229200 -171648384 -268942528 -181864160 -80623744 -102276712 234658336 123016312 -344496800 -145322976 368336864 -113093352 -98969480 51960560 16697938 -72496144 -138327024 119221600 81114816 -121039840 -325813472 102630176 -320638464 -568939840 -442356096 123815568 -25480560 -18731596 -195242608 513505472 -17249912 141763360 -397544224 -93887336 450563968 117055856 17634976 -34278640 49872444 176221536 162302096 -51673796 -339054816 -124998944 
-186782720 142105200 -205647408 -300381344 -491952384 -92057088 -236737312 324375072 226070608 -185569552 -241102128 -161741728 398341120 -228299504 -424618112 79936 5805099.5 -293411392 -365796192 -18922936 299814464 431408896 -89871080 -83471584 -91838536 -125034240 151746608 317478432 162449920 66003480 242060704 270749760 -17192210 8526043 -312907808 -504293312 20294664 -300716736 -432892224 442437472 221591296 -50764348 -37567912 222717968 -172002400 159637360 256337872 123761872 207858816 205268 -18169860 80900176 -534165760 144699552 251173312 -237685856 278297856 -261481344 -521131168 410183104 268274560 40529836 66519400 213210032 
-590850240 -132969008 -182364880 -63635544 295585312 382902976 -353255008 -585431168 -283806272 -1984180 -29463960 133242784 -20506776 -169179424 233208224 175548320 -17605186 255812672 -69932592 77572496 114876992 -53219364 461700160 11100028 50515880 163044000 281127136 382951520 418062496 152351232 107058896 -7746208 349882272 -246403696 -156748032 -109541872 -237959104 30074268 228519168 90044752 425446912 102055208 182720224 88082736 -172985984 -507132192 164844576 -128138192 -431411040 -105069696 -174955712 270214144 405229984 93996048 -242656784 7609916 -465562656 -43021320 158575760 -279027072 -431963008 241980960 148863184 329326688 
152743328 -112192488 382850272 110497744 -124471128 -357488992 -58067200 186401392 544875904 157292816 -48914184 -146204128 -240403440 -402545120 66995608 321202496 452024608 -302363840 136244704 -518711104 145948416 -408850912 466509664 -99035072 -527566112 90810480 199520384 -191232864 270981280 147823632 -21592032 -276812992 -646566272 -32679910 74581304 -39854968 -185973936 221292704 236890336 -247960064 43364976 96544768 -329438080 299701216 550890112 -453467072 -326844352 -137708352 216669376 -641778880 -85853952 -38289600 -174853504 -56059808 -74678320 585318400 -236271744 -460519680 169322544 571402176 -314541600 -158835424 152491808 -26205416 
411442144 -517258656 82187056 -75771960 -4241118 -90800848 565837376 -227045152 -17368128 -40009980 -403421536 232386944 -142189120 142476320 82641552 687884 -196258912 225337184 137649984 588958464 -260937504 58812048 79789016 -84201240 514310624 -235325456 13441128 194652160 394591264 121205664 -153291872 35012608 -166356016 -316291712 -480093600 174376816 -428147840 -222556912 -215941392 182562976 -500157792 -79234416 -184608608 -52803104 -294931616 399173952 535323456 -188047552 220528064 -15757501 -184211520 -169340352 115634576 295946048 166809376 313426112 163498208 226280912 395957344 236637152 -219607968 68944584 -211401024 62370312 
-47023172 691386816 59636320 -257639696 -264781680 -145050640 101390736 323842080 386615296 98118464 -14493792 -224530944 105286496 -98118816 -165523168 35438144 -70527824 354779136 -204003488 -426209280 266020000 124190872 248697648 -760827200 -269160928 396537984 -222036064 -473434048 415482592 -5359432 85468488 -299438752 60734116 197127488 179259232 464330688 -371242080 -508644704 2505240 349103200 -224117488 -162909536 145119248 338333952 -30828076 -34270664 -306437440 -39268920 -34285788 -61056584 -162019040 -9306760 -68338464 7286862 -103448304 -204170752 -372840576 -300101760 -119955072 554705152 180932864 -474615552 -135210224 -226959504 
293811296 364968800 -369818272 -168192560 -225549536 250227872 174403184 260513024 124318544 187685088 156579136 -10534604 -216511104 -244072592 161019088 -132764032 -253075024 421794976 137646912 -237606496 120953056 -269159648 248969056 -305406080 15480444 -137573888 74852416 139813504 71557056 -24434964 168139456 -29769576 12375180 324373856 270433120 211910288 -287552288 -76384320 -24111612 73753864 -475505600 -219953664 99278904 -471074080 -146519072 53592416 -233056720 342142528 156338208 -97864432 -372782496 265937840 142365760 58563636 -200169536 -94583824 139141984 286896480 285071712 175221888 94290296 -63004592 -94085832 296278944 
-60043960 426393856 -606799488 119178576 81716048 38984760 100750744 -183181664 -147959296 -31101148 44158656 78209040 47468872 105028256 49645152 -650142080 -430417120 482223296 -55307016 576933696 333356544 19897920 -68598576 96807136 268632032 460045344 114663448 414596032 106135248 -333466048 356748800 -470974720 521181472 -249382576 -15502048 262938640 -39639208 -55647592 74316216 -148579536 56130464 1283172 13650578 461889120 -68043640 -133642408 -93171584 -86830848 -80574896 545206912 -207186864 215868352 233924976 116337408 -115054480 -251369968 -359022528 -67612176 -315865248 62619340 59050276 -13464742 106307792 27313188 
-198725200 -384732896 53732492 275165600 -173687952 554677824 46373512 -474985696 -389552256 52007108 219089472 152494880 534538528 -73211848 202792592 266695456 261214560 -180995760 -23809228 97216472 -355015904 -42105352 -155023040 84461280 367838720 -234640448 -431399648 -27435826 -161603328 9442114 -6203174.5 -344367904 428004384 168705456 -171316896 -112374304 -36687076 45440960 52599216 -158564640 69747544 177461296 -272434784 -268110304 68254912 152826592 -288128704 64442640 382623904 -151384304 -242420320 291218496 409085376 -17237116 20467414 -138324224 -125132808 196351200 -556729152 -467318880 189815072 332223328 -26617682 99773040 
-155738240 -463906464 459429280 1049023680 -2608436 92384016 116805376 -170386864 -207952896 29259364 585250688 21678288 -518787392 -27816068 122598368 -242781008 -44075452 -399339744 484972608 317820576 84682144 -237197152 -416433344 171004416 401941504 40505108 120898400 -77325680 -568653248 -169843744 515673920 148601792 190921280 -105016304 -115839328 -95175216 -684312768 310082528 85822088 -368959264 -320745856 318217920 -84045816 -46464616 -29524804 523288480 15639704 265929760 -75028576 -464581600 -603196096 -232924784 720721600 249315728 -45390160 48500008 -76439256 446046400 191980240 -238866752 -616069312 93325888 -253094096 -29476068 
408153056 -140126880 -75467008 607667392 -85078576 88760664 174840288 -251005488 -148722816 157951776 112069800 -22572816 -99962088 -125211736 -114984000 -62446808 -180277632 431563104 244334016 -12151400 27237248 205935344 659232384 221248720 552920064 186586144 -253519376 309344544 309059552 154444592 213051264 -226907616 -73177248 -116804832 -172122576 -95511552 -236565776 375618304 249168336 382540512 -61523552 -265895056 -236070160 191363136 -222447376 97572120 -245653472 -177807552 242900816 234833056 -148650256 411473984 163899680 99317792 -260644704 293948288 -507057280 323473056 136062976 -430313120 233486224 282289952 -73247872 237337664 
-192820640 267837472 260834736 -236463408 381577280 215322496 188342064 44876512 345607392 -66994892 204389584 -68331272 30711834 -208957600 -202642912 -250953072 395080384 -270168800 -496855456 129655120 168828288 104741152 -255519008 -74359912 -283275488 200651264 428716224 138829024 -338032256 -476375296 -197950144 39317148 -1068466.5 335488896 -171748736 -232108080 437740352 -177943568 100021776 7949445.5 237389184 255015648 29285422 180948976 -171432576 177192880 260959776 397621248 -398792864 134284368 -95941512 161035216 -122170696 -24158454 -283748992 -203839232 -45248640 -30661752 379208416 248558832 -84712472 -361880992 -26872328 -29633492 
291389984 32045704 153984576 -200895024 -154709632 17527624 -265595424 -500067168 -4840129 103205192 -312659392 359332416 700864192 -221655968 -344547360 -318386720 -241090784 593856448 -443524384 471414016 -590361600 -247287344 375022272 339496288 319011136 339096960 -94306520 348999968 -232760976 101250520 155087648 -345137408 -57144356 -366533088 -352231488 -87447160 380074336 226040896 42470296 -82096208 -106093648 144270528 -113921296 291417248 -464750816 -144153328 -178618176 322403072 182574544 53656316 -226810752 -70692984 -635067072 -329727712 -73446560 427597664 -264087280 116746880 -683037184 -327429600 409203328 414807520 120602576 -133370848 
353613056 261333376 -44062508 3293625 -151749920 119005968 -282317056 264834896 130666208 203613648 561589376 258248144 120942672 -373879424 -96894640 -246864912 213713104 300726560 47852112 -236784304 301076960 -68285624 -34387932 -18091576 189504768 -51828604 -76371288 -424531328 -278565120 -224125600 -26708648 -470821760 381760160 67999936 400049056 195839376 291451104 -3624214 586274304 -634209728 169836288 125858096 562037888 158607744 355872064 -297284128 -285042016 -209977248 -195094224 164165552 233824640 134037992 177152032 -210139200 -824977600 -226310480 -106051984 129313928 -321676832 -191885456 83557152 -107636656 328442144 137765616 
