10 10
-209904.09375 -889452.0625 320877.78125 564860.75 1965674.625 17889.78125 1116492.5 -271223.3125 112636.21875 -2556934.25 
-836465.25 1776615.375 74224.15625 -655728.3125 22651.0078125 -74599.703125 885291.9375 -539406.25 -460442.875 1873076 
932030.0625 -551692.3125 -1997413.25 1135547 -372182.875 262071.5625 402169.8125 -826318.3125 1329418.875 83366.375 
2317074 433875.71875 140355.53125 301289.9375 -1051196.25 396335.375 -478089.21875 1730939.75 953816.25 -1130888.5 
-396867.4375 -252232.390625 -948817.75 -283485.0625 -1651046 413215.25 28217.919921875 828419 90044.4921875 -46016.61328125 
-696025.25 -225574.6875 1489811.125 -618274.5625 1607630.75 -124324.9375 -2252701 -421435.6875 -645164.75 988268.875 
332489.0625 321592.6875 1605419.5 -56016.484375 888565.75 -291685.4375 -957347.5 -67517.5078125 -691730.25 484537.25 
648851.25 639289.125 -1909479.375 -227227.796875 -1826562.75 881828.5625 782281.75 913053.875 1753543 1355413.875 
289586.75 124871.90625 1899300.75 -272815.25 1165899.25 -86543.78125 -2220285.5 546232.9375 -1400247.625 -611623.875 
-3245063.25 401853.8125 -190924.03125 -1858308.875 -634907.6875 306596.71875 1123871 538291.4375 -588270.625 553985.375 
