16 16
0.81298607587814 -0.59630936384201 -0.89091050624847 1.0712223052979 1.3791772127151 -0.12574611604214 1.2966878414154 -1.170072555542 -0.81548088788986 2.6359250545502 0.20546901226044 -1.0307136774063 -0.26142087578773 0.87012702226639 1.1528440713882 0.53419679403305 
-0.34835308790207 0.27239739894867 0.083479642868042 1.1794904470444 2.6369998455048 2.2014126777649 0.40404880046844 1.7254960536957 -1.1089295148849 1.9821310043335 -1.9921256303787 -0.72286128997803 -1.909158706665 1.3621261119843 -2.9181864261627 2.7559313774109 
0.38783067464828 2.5569787025452 -4.0130143165588 0.36788269877434 0.46846410632133 -0.66051340103149 -2.6102914810181 -0.1552882194519 -0.78900521993637 -1.445529460907 -0.82505905628204 0.40366539359093 0.59073144197464 -1.3711550235748 -1.9993523359299 -0.87612104415894 
-1.811541557312 0.23261667788029 0.69100093841553 -1.1063432693481 -1.1587280035019 1.0464177131653 -1.7486565113068 0.27873024344444 0.69706159830093 -1.9691195487976 -1.0456272363663 0.15111848711967 0.3379744887352 -0.17741525173187 0.08264547586441 -1.0157898664474 
0.64266955852509 -1.2502238750458 0.15363942086697 -0.99159944057465 2.7664511203766 0.83121383190155 1.6265840530396 -0.63171076774597 -0.26937964558601 -0.6394402384758 -0.38716596364975 2.8273954391479 -0.16398423910141 0.63069725036621 0.53598189353943 2.228503704071 
-3.1654710769653 -0.63170558214188 1.3580759763718 -2.0674922466278 -1.7628672122955 1.1353775262833 -0.69868266582489 1.1416634321213 -0.025735706090927 0.11528544127941 -1.7983943223953 1.5670919418335 -0.52776283025742 1.4080599546432 0.83671283721924 1.0893030166626 
0.72011721134186 -2.327675819397 0.60264247655869 0.25584498047829 -1.4699064493179 -1.6167583465576 -0.83948290348053 1.4993257522583 1.5791972875595 1.8189626932144 1.7715864181519 1.5056983232498 -0.17729604244232 -1.5993165969849 -1.3195959329605 1.4854888916016 
-2.9193968772888 1.7004227638245 -1.1086373329163 -2.3086936473846 -0.46620342135429 2.6179640293121 -2.9304084777832 2.2009034156799 2.2084510326385 -0.80405533313751 -1.1514186859131 -1.0579564571381 0.60631906986237 0.21204923093319 -0.5003297328949 -1.6337270736694 
0.81391537189484 2.1725120544434 0.46558317542076 1.5795716047287 0.13322281837463 0.10217037796974 1.9421401023865 -1.424086689949 -1.4496220350266 -1.7680298089981 0.93804866075516 -1.648722410202 -1.6500859260559 -0.11846829205751 -0.5976881980896 -2.6976938247681 
-0.75674688816071 -0.21407854557037 0.64386636018753 1.8711404800415 -0.45125266909599 -0.15266112983227 -1.3803434371948 0.39489164948463 1.1275222301483 -0.66272902488708 -1.2654172182083 1.1768714189529 -1.3008718490601 -1.2237949371338 -0.72515535354614 0.3159995675087 
0.50367176532745 -1.7579298019409 3.0048251152039 2.1840181350708 0.42302072048187 -0.089004509150982 2.0765221118927 0.69723910093307 2.1645588874817 0.6896390914917 1.8604745864868 -0.79621571302414 -1.1044231653214 -2.2662711143494 -0.75317579507828 -0.43474516272545 
0.915971159935 1.1827417612076 -2.1090700626373 1.7594171762466 0.94420111179352 -1.1489232778549 -0.92847776412964 -1.1855657100677 -0.12887451052666 0.93298017978668 -0.1989668905735 -1.2678334712982 1.3184678554535 0.51858335733414 -2.1359894275665 -0.81692332029343 
1.3894217014313 0.11292442679405 -1.0040745735168 1.5539791584015 1.7912728786469 -1.2816092967987 0.26216077804565 0.11514084786177 -0.1968479603529 0.41512733697891 -1.1492514610291 0.85974210500717 0.61852467060089 -0.71628534793854 -1.559065580368 2.1537222862244 
-1.5615476369858 -0.4960600733757 -0.68376481533051 2.0848259925842 1.076404094696 0.83108550310135 -0.33360117673874 -0.5812029838562 2.2042980194092 1.3377438783646 -0.77566713094711 -1.5522738695145 -0.63422387838364 -1.9653337001801 -0.095822021365166 -0.47923263907433 
-1.5066937208176 -1.0867259502411 -0.075198978185654 0.0050870478153229 -0.70465075969696 -1.4268907308578 0.90276449918747 1.1584120988846 3.4490542411804 -0.17950031161308 0.51671355962753 0.038613051176071 1.2470648288727 -1.6417430639267 0.64955449104309 0.68211960792542 
-2.1981000900269 -0.17336905002594 -0.119953148067 -2.4473395347595 -0.78307580947876 0.19645929336548 0.88998645544052 0.61231452226639 1.5178952217102 -0.88070297241211 0.51326394081116 -0.060001615434885 0.76522558927536 1.4966442584991 2.3788890838623 -1.8208849430084 
