10 10
0.43430995941162 -88.954040527344 23.93611907959 10.917434692383 20.554588317871 1.4210014343262 -52.556831359863 101.97844696045 4.7068004608154 -118.15065002441 
-29.519817352295 37.079998016357 -10.044985771179 -18.698818206787 33.738212585449 -72.130065917969 65.37336730957 -116.23443603516 -9.5851821899414 -30.625284194946 
-85.945091247559 87.698776245117 -169.62524414062 -42.199802398682 -17.256202697754 -90.654418945312 -108.38398742676 52.950752258301 -81.811645507812 -278.36627197266 
56.745670318604 220.97549438477 20.945747375488 -104.44861602783 154.2658996582 296.11462402344 116.58779907227 -50.467071533203 -142.63414001465 85.616416931152 
13.372772216797 141.74667358398 -61.330249786377 87.339889526367 195.01971435547 197.46505737305 138.82815551758 -120.45045471191 -209.15234375 85.996734619141 
-122.28688049316 37.582489013672 -90.692962646484 388.08221435547 38.203895568848 47.837959289551 260.92828369141 -156.10614013672 -143.99917602539 96.509307861328 
-119.59510803223 -39.022426605225 -21.712795257568 258.31695556641 50.679656982422 -130.71379089355 150.0916595459 -154.16069030762 -27.301284790039 171.74766540527 
156.36196899414 -261.6376953125 108.84523010254 31.610288619995 42.067028045654 7.223316192627 -7.9922943115234 -50.593021392822 51.030609130859 158.71084594727 
10.830913543701 -146.11804199219 -44.52368927002 7.3994188308716 40.873054504395 -108.08200836182 -65.954895019531 -56.215759277344 -22.727191925049 140.322265625 
139.52487182617 -97.715782165527 66.879829406738 -122.99362182617 -28.93440246582 93.842384338379 -75.08952331543 58.086093902588 33.460227966309 97.991966247559 
