16 16
1033356.875 -1887685.625 -420749.625 -1758463.75 101239.5546875 -2007250.5 667433.1875 -1204392.75 2151854.25 41075.3125 -2158023.75 2102750.5 1701771.75 -1466415.875 1404089.5 -783411.8125 
-279571.375 986874.4375 479504 -1644498.875 1097511 1525898.75 325571.4375 -561524.625 32127.140625 -995385.3125 -2431632.25 1641410.875 934749.75 546615.25 2248957.25 1072654.25 
-100453.1796875 -255528.03125 950082.8125 1301360.375 563493.1875 -892848.625 785293.3125 -327386.0625 351885.78125 1657507.375 -74434.484375 -777516.5625 -2290676 -1104556.125 829191 576340.6875 
1570614 -510488.09375 -998640.3125 -1428163.375 -243846.609375 -1735355.375 378276.625 -908038.875 -1388952.5 -102046.34375 1604725.75 -248088.90625 1034607.8125 -1005849.5 -2231995.75 -425432.75 
571843.375 -867671.6875 -188177.171875 -2359714.75 594640.8125 -1333140.125 -759274 -2143235.5 -944470.4375 -841147.875 1488797.375 -352707.25 72171.0234375 -450856.1875 -387150.0625 922289.25 
1646323.75 564509.8125 1203815 -1892744.25 753621.6875 1249235.25 2103795.75 -601166.9375 -2437910.5 720618.125 391843.0625 -988971 213332.90625 -1047875.8125 1147808 1510889.25 
-978734.0625 -231573.140625 -552902.6875 921415.5625 -603987.8125 -1376773.875 -797867.4375 -2081708.625 -1512646.625 527248.1875 2074630.75 -192789.671875 -800292 -796111.875 -428986.6875 1302808.625 
-2339126 -518914.6875 282110.09375 -478823.03125 -2910508.75 -1354972 -393923.25 -1990697.5 979403.375 -2010078.25 839202 2228711 144924.96875 -995663.75 663639.8125 301059.96875 
1069188.75 334596.78125 -644718.5625 1715079.625 -1417133.375 -975616.625 -461652.90625 828433.4375 2092674.25 1875680.75 -2455478.25 -867447.25 -451284.15625 -275359.625 -564488.625 1018109.25 
211055.0625 287852.5625 -543862.5 -732792.75 155712.625 -15528.453125 37644.84765625 4285.515625 -1229289.5 -1086670.75 2961447.75 -110026.953125 83457.0703125 -883509.25 -2389232.25 -1516011.875 
85556.25 150647.8125 942980.125 -2076803.875 589434 2337461.5 625830.75 1078994.125 -261778.90625 -1282349 -1493247 1056224.375 113952.125 225291.03125 1411800.875 -3108588 
203798.4375 -1065088.125 2107834.75 -5019550 1274315 -120884.046875 788956.4375 -2914671.25 -1919216.75 -2092235.375 1649819.5 426798.71875 -631940.9375 -1264819.625 1437810.375 266854.40625 
-364612.6875 -2000681.875 722712.875 487105.84375 -683566 -910118.1875 -1735151.25 150046.453125 -149861.671875 -306602.25 -1287112.25 -125881.984375 -2240678.25 818355.8125 311762.1875 -1701626.75 
647292.3125 -602611.5 469925.28125 2219999.25 -729884.75 -1370653.125 1404344 1873244.75 327052.03125 1150422.5 1093953.25 -745114 -1110560.125 -610975 -379803.1875 720066.375 
-467445.6875 675648.75 909455.875 517998.65625 83550.03125 -2632.125 463325.65625 419328.3125 2143590.5 -87652.5625 -220302.4375 -632062.625 -2230260.75 -1310485.5 -1321238.25 229335.453125 
-3135425.25 1041322.375 1139262.5 56248.4453125 -2917597.75 431637.9375 -1983338.625 -3485569.25 -560958.125 -943326.125 739264.4375 1096871.375 -2997233.25 -1581191.375 2708534.5 589995.4375 
