10 10
-1.3084647655487 0.55355489253998 0.75922846794128 -0.24534767866135 0.031900495290756 -0.1799453496933 -1.1512466669083 0.77983367443085 0.27159586548805 -0.073078870773315 
2.0464377403259 -0.90934729576111 -0.29713982343674 0.38770753145218 -1.0242507457733 0.43891900777817 0.88449221849442 -1.9250667095184 0.27242058515549 -0.92267692089081 
-1.8989478349686 0.79282963275909 0.90091681480408 -0.13713139295578 1.5624597072601 0.032474339008331 -0.8717777132988 0.39347165822983 -1.1945999860764 -0.89683330059052 
-1.4426764249802 2.4173836708069 -0.60260617733002 0.27226859331131 1.4810163974762 -0.44766521453857 2.1797933578491 -1.284316778183 -2.1828920841217 -1.0428328514099 
0.18589681386948 -0.54984128475189 1.1829717159271 -0.15510872006416 -0.59195649623871 1.1303555965424 -1.9925181865692 0.52967596054077 0.61728549003601 -1.8789571523666 
-0.46703296899796 1.3585243225098 -1.2914848327637 0.79128563404083 0.091288819909096 0.60570073127747 0.96172326803207 -1.039755821228 -1.0933802127838 -2.0941224098206 
0.98004519939423 0.46104681491852 -1.3121242523193 0.16614943742752 -0.51631665229797 0.41917487978935 0.59272438287735 -0.59391939640045 -0.76382666826248 0.39379233121872 
1.1442773342133 -0.20935478806496 -1.8275234699249 1.2291592359543 -0.043960697948933 0.35349553823471 1.0110903978348 1.3291885852814 0.5865718126297 2.9319000244141 
0.56484454870224 0.74814289808273 -1.0200380086899 -1.1020121574402 -1.6072688102722 -1.3120241165161 1.5673189163208 0.38128381967545 0.89213460683823 0.27608680725098 
-0.56683278083801 -0.52117931842804 -0.070976868271828 -0.72958087921143 -0.14786818623543 0.051732033491135 -0.83203595876694 -1.0766168832779 -0.64263182878494 -0.28264620900154 
