16 16
-852281.5625 -391280.625 -2144183.5 -1120761 -1145441.875 705325.0625 -1473486 1269412.75 -1395926.5 -967605.875 1039948.4375 2948532.25 2636767.75 -1486117.75 -2612021 -801391.75 
-654312.375 -1693169.875 305021.6875 -410032.15625 -1333028.375 231174.875 1602916.625 -1110126.625 -367777.9375 -287331.75 -1754312.75 -858693.6875 470698.5 -301679.1875 -894187.25 840761.75 
1413015 477763.53125 3389420 -998252.4375 525524.5 -413496.71875 1523184.5 -1115477.375 -339526.84375 -7561.875 989517.375 347016.8125 2040293.375 -1148554.625 898815.25 104272.828125 
756409.5625 -1722483 1483777.5 -1399089.875 -2367990.75 -1108825.875 1937204.375 -1199063.75 1070771 -470190.1875 -1146580.875 199274.09375 217901.703125 -937935.0625 -684243.1875 -33430.60546875 
-126587.09375 108389.984375 -1230192.25 390375.5 -826996.4375 -1055112.375 1457141.875 468911.3125 224358.484375 1839344.125 -2883826.5 721115.125 1243399.375 -303594.96875 -342333.5 -1494571.75 
1102775.75 -1863674.25 1457536.625 1375632.5 1914756.75 -341817.96875 1339164.5 1530987.75 1250460.625 323154.96875 74024.5390625 1193211.625 1967088.125 -3288479.75 -313766.1875 934701.6875 
-462622.625 -477668.8125 1936641 203536.53125 779484.1875 -49195.25 336796.375 321141.4375 1389884.5 -1136294.75 1074186.75 -676774.75 -787946.6875 94419.8125 734636.8125 387775.28125 
511294.8125 -382850.125 1609479.5 1710512.75 2496381.5 12097.46875 -458565.75 1358282.75 613244.75 632215.125 795847.8125 2018930.625 348096.5625 -977197.625 -1066892.25 19893.7578125 
1434518 -1132177.25 1982975 -2807215.25 -2251791.25 -404407.28125 4021718.5 666993.375 -1352124.125 932399.5 253751.5 1003587.6875 -1322843.125 -193291.375 423774.84375 180195.015625 
-2442563.25 1512921 758108.0625 -598545.6875 -140085.78125 -1490384.75 1400933 -2020119.5 -357319.78125 -1147862.625 -1329252.125 -1325982.125 1182547.25 1767416.875 1388344.5 -224878.25 
543478.25 135589.453125 789076.6875 422111.1875 -1432084 -1347065 450237.34375 -760516.125 -399050.9375 241106.171875 595119.8125 -137408.25 -2600433 1104861.25 3118559.25 843990.1875 
1171308 677609.625 -2527557.25 -1181145.875 -358947.875 -853602.875 -12345.03125 56956.296875 2155192.5 -102690.1640625 -1187691.75 -259147.59375 1199797.75 -487107.875 -1135997.375 772387.6875 
-533912.625 273661.125 780971.375 155871.03125 -20061.125 -1696024 -257524.34375 -2231983.75 1198044 1131028 -301092.90625 -1582853.875 363663.6875 425696.6875 -271488.25 1466730.75 
1079651.125 998019.5625 1541079 1486996.25 1015258 -368252.875 -421255.4375 1554424.625 328194.5625 2336167 1979122.625 1081038.25 1094889.875 -382870.3125 2361311.5 -6475.6796875 
2602999.25 785541.75 -1458098.875 206109.6875 190000.625 440714.5 -2894441.75 265431.625 995268.875 565154.4375 1399467.875 728225.5 -1015192.375 -648433.5625 -1021601.625 992855.0625 
2220053.5 -201290.03125 66815.90625 -365964.5625 -1226327.125 628760.4375 -2538469.75 -679972.25 620616.625 -871700.125 2532454.75 680428.5625 256401.78125 -1335100.625 -496090.5625 2535838 
