10 10
195.14129638672 28.814342498779 -102.04694366455 121.9224395752 136.47549438477 -41.511390686035 63.070430755615 228.61338806152 -12.09196472168 202.26153564453 
170.65696716309 -80.23770904541 -34.508544921875 -97.913948059082 -3.8568382263184 -36.468887329102 100.4690246582 274.04681396484 -59.315410614014 231.30981445312 
26.09098815918 32.707149505615 -62.014373779297 9.1415920257568 96.8017578125 -75.684326171875 -8.5253868103027 -112.74433135986 -11.619831085205 -143.2290802002 
-0.012039184570312 38.658157348633 -75.83659362793 -143.67016601562 -167.92102050781 -99.953727722168 -108.30113983154 -39.7861328125 11.975288391113 -121.60942077637 
14.542259216309 -35.386589050293 -37.335193634033 -88.924659729004 -134.76364135742 -169.83428955078 -17.260517120361 -49.681758880615 196.60029602051 77.475128173828 
151.7067565918 -17.971694946289 -104.40184020996 -16.706764221191 173.36657714844 15.171882629395 115.0885925293 166.7214050293 2.876594543457 168.20477294922 
-66.305038452148 -117.10639190674 -145.95910644531 13.929344177246 81.052452087402 -43.063011169434 67.128494262695 -198.96789550781 132.67007446289 -119.61828613281 
-117.56806945801 95.711822509766 49.492206573486 101.29418945312 -89.001991271973 173.45594787598 -58.991752624512 40.885646820068 -19.465927124023 0.81565284729004 
-160.07528686523 -19.50777053833 94.831764221191 -212.72122192383 -145.17544555664 241.01916503906 91.46150970459 -17.09574508667 -199.42791748047 -65.907112121582 
-83.577018737793 -116.29739379883 -47.603382110596 179.5884552002 74.084121704102 170.0390625 233.58462524414 -151.80934143066 -145.71211242676 46.456260681152 
