16 16
-2461.4794921875 3850.4807128906 -11089.682617188 -4666.599609375 15533.3515625 27384.99609375 -14536.611328125 -10357.762695312 -18889.3203125 1566.4672851562 7461.7866210938 9051.4267578125 2376.8852539062 -3282.4379882812 -7100.4829101562 8251.7685546875 
27997.2109375 3473.1088867188 -2395.3544921875 9285.341796875 11191.37109375 24329.603515625 -20349.53125 -421.59075927734 -8194.00390625 11506.55078125 -7710.39453125 -7304.8427734375 10000.456054688 8971.287109375 2180.1904296875 3066.318359375 
-4583.7802734375 6093.390625 -14856.279296875 -12696.830078125 17526.875 22269.53125 -1670.771484375 -12072.044921875 -6451.3178710938 -6489.662109375 3055.4995117188 -9097.546875 7232.47265625 -2763.2595214844 4810.7045898438 5640.994140625 
-26572.015625 9998.8212890625 12979.883789062 -9526.8095703125 2513.4174804688 14742.258789062 -10956.890625 7542.9409179688 -26193.462890625 4920.1850585938 15053.5390625 7042.7192382812 20904.298828125 -14558.716796875 3759.826171875 20002.400390625 
-38465.03125 -23389.697265625 20462.46484375 -9753.53125 -12671.212890625 4791.8193359375 -8282.3291015625 -8834.3154296875 -8213.251953125 -335.91577148438 8479.0302734375 14542.544921875 -1706.9594726562 10753.411132812 3822.2658691406 19074.513671875 
-32552.341796875 3614.0126953125 -7597.9921875 -6430.5029296875 -3572.9638671875 6069.220703125 -11111.05078125 230.00341796875 -28515.9921875 -8324.88671875 8230.708984375 6682.0678710938 18790.3203125 -1928.4829101562 -8463.6572265625 9911.263671875 
-3532.5205078125 26990.07421875 7542.638671875 252.12158203125 2489.1477050781 5015.0458984375 10264.552734375 569.162109375 -40086.32421875 -10865.5 8343.3701171875 12927.419921875 291.25146484375 -12072.12109375 -10326.268554688 -3594.6430664062 
-22539.564453125 -3855.7619628906 -25634.6953125 -8975.408203125 16514.625 28879.755859375 10022.7265625 -7779.4497070312 -9960.763671875 -1129.2210693359 -9249.5791015625 -24505.43359375 7368.8188476562 -550.07208251953 17887.546875 36564.328125 
10634.805664062 -7819.4760742188 -24354.23046875 -14981.143554688 -5547.5048828125 -39889.65625 877.42309570312 19295.353515625 7746.6694335938 -13696.162109375 -2860.4462890625 -16241.161132812 -1223.0446777344 -18427.44140625 3107.7680664062 -29440.396484375 
22311.072265625 -5104.3891601562 13076.28515625 19503.599609375 -12703.241210938 -16352.146484375 -14602.146484375 -13269.392578125 20345.92578125 1745.3137207031 5508.4619140625 6432.7377929688 12444.838867188 -155.51843261719 14675.66796875 -9963.2216796875 
4006.4494628906 30596.5546875 12243.245117188 27479.33203125 9026.91796875 12324.603515625 -1767.5328369141 173.67858886719 -29232.8515625 16423.525390625 6481.0483398438 9799.857421875 -2883.1518554688 -22244.26953125 3647.0766601562 3376.5366210938 
15.730712890625 -27900.43359375 3091.3305664062 -3726.5690917969 21276.30859375 35599.28515625 -13244.215820312 -27248.091796875 -8581.7421875 33728.0078125 4975.4658203125 14211.958007812 19504.26171875 -8773.0107421875 16727.154296875 19821.212890625 
16323.176757812 -12513.7734375 11453.872070312 1180.5799560547 -5513.9091796875 11435.91015625 -12999.31640625 -11722.754882812 13341.08203125 742.35717773438 8674.7578125 16960.572265625 -6955.3046875 17333.08203125 -5673.3330078125 -2271.9899902344 
9948.107421875 4833.96484375 14643.029296875 2482.8979492188 -21767.0234375 -21699.2421875 3860.5068359375 23141.48828125 15303.701171875 -10680.490234375 5463.2446289062 9177.8271484375 -19814.3671875 8706.1806640625 -14787.819335938 -25324.662109375 
7008.4931640625 24970.681640625 6738.4096679688 7884.5361328125 256.90365600586 -21897.6171875 19998.111328125 3357.8225097656 972.01293945312 -6993.7368164062 -1949.7193603516 547.57458496094 -7160.919921875 68.201873779297 -1585.7969970703 -20652.171875 
-20351.537109375 3677.4345703125 -26514.6484375 -756.87036132812 22067.763671875 18404.064453125 -11167.294921875 -16254.30078125 3238.5170898438 -2227.1059570312 4432.2924804688 -20048.455078125 17581.751953125 7929.16796875 17368.69140625 14025.66796875 
