16 16
1.5451315641403 -0.47479736804962 1.616902589798 0.85432398319244 1.5981417894363 -0.95106875896454 2.4059960842133 1.3693242073059 -3.9081580638885 0.30904865264893 -0.66332370042801 2.7985348701477 -2.7729935646057 0.23198610544205 0.54739141464233 0.0050576478242874 
-1.2011564970016 -1.128963470459 -1.1001143455505 -0.91510879993439 2.1862776279449 0.80620396137238 -0.81648862361908 -2.1685991287231 -0.1017501950264 0.25590878725052 0.14047592878342 0.2311937212944 2.1109280586243 0.91091287136078 -0.333948969841 -1.2477247714996 
-0.50115841627121 0.78429222106934 -0.92678952217102 -1.1139781475067 0.11007068306208 -2.4808213710785 1.0662196874619 -1.9074876308441 0.4295881986618 -0.26750522851944 -0.97309708595276 0.17479830980301 -0.43703842163086 0.72916740179062 0.1960646212101 -0.32315370440483 
-0.42268943786621 0.60012871026993 -1.0131278038025 -1.5609893798828 0.70516628026962 1.0268867015839 1.9216847419739 -1.1395182609558 -1.1908302307129 0.51897579431534 -2.2551090717316 -0.48930937051773 0.14588809013367 0.46033078432083 2.1213583946228 0.5270408987999 
0.73747032880783 -2.115864276886 1.2766454219818 0.13604724407196 0.36817130446434 -1.7690782546997 1.0906153917313 -0.71695232391357 -0.92410039901733 0.95198595523834 -3.3431210517883 1.5056005716324 -0.74136567115784 0.038076594471931 -2.0077996253967 3.5272040367126 
1.4672667980194 -0.98825544118881 -0.9261611700058 0.53489142656326 -0.92077708244324 0.13546267151833 0.84209406375885 -1.5281760692596 -0.53381204605103 1.8528949022293 -0.076841399073601 -0.50380957126617 -0.10777873545885 -1.9359600543976 2.5635783672333 -0.048632603138685 
2.2376270294189 0.16958966851234 0.023758769035339 0.79649728536606 -3.3600947856903 0.52561557292938 1.3792306184769 -0.63587367534637 0.32446771860123 2.8550143241882 -2.259138584137 1.4608271121979 -2.5125651359558 0.5565779209137 -2.3455309867859 -0.077654138207436 
0.071712918579578 -0.67585599422455 -1.950789809227 -0.74998509883881 1.0959002971649 -2.5606119632721 1.889056801796 1.2143526077271 -1.1844034194946 -2.9488611221313 -1.4391394853592 -1.2150970697403 1.7637228965759 -1.130331993103 -1.4827358722687 2.9112107753754 
0.24199087917805 -2.5848026275635 0.05185204744339 -0.059105798602104 -2.0538461208344 -2.964124917984 0.66608673334122 0.024736121296883 0.47079458832741 -0.97975099086761 -2.1455857753754 -0.29710209369659 0.024556308984756 -0.66186082363129 -0.12829738855362 1.8507367372513 
0.23590931296349 1.0337234735489 0.76724272966385 -1.4550368785858 1.550332903862 0.35749733448029 -0.37293773889542 0.85119724273682 -0.17003282904625 2.1857926845551 0.61790037155151 1.9297776222229 -0.21588216722012 -0.79892146587372 -0.032846018671989 -0.47072997689247 
-1.1062723398209 -0.35867008566856 -1.3242616653442 1.3354865312576 -1.44027364254 -1.1828529834747 0.1736886203289 -0.45313757658005 0.63737088441849 -0.74564510583878 0.90281879901886 -1.99924492836 -0.32752898335457 -1.6644163131714 0.64966714382172 -0.38632023334503 
0.22883234918118 -1.1817482709885 1.5387167930603 0.37385821342468 0.82800704240799 0.44074696302414 0.29986718297005 0.63460630178452 -0.85549855232239 0.21224205195904 -0.88443619012833 2.3393001556396 -0.40297931432724 1.7862019538879 -3.5908942222595 0.95439797639847 
-0.1804233789444 -3.1325879096985 1.4986777305603 1.8470885753632 0.69174778461456 -2.0093092918396 0.084070414304733 0.58594143390656 -0.4070075750351 0.98514842987061 -0.17785376310349 2.3936154842377 -0.87198942899704 -0.47682717442513 -2.0536193847656 0.36008697748184 
-0.37457469105721 1.4805345535278 -1.5421414375305 -2.0684103965759 -0.15005095303059 3.9805409908295 0.7411630153656 0.32396650314331 -0.11443136632442 -2.0168280601501 -0.18462271988392 -2.6278164386749 3.2794015407562 1.9042805433273 1.5120757818222 0.34111106395721 
0.23265439271927 1.7221080064774 -0.46983757615089 -2.3220422267914 0.40414896607399 1.8270819187164 0.90416812896729 0.47751051187515 -0.81072372198105 -0.81320405006409 -1.0467760562897 -0.37802368402481 1.0475705862045 0.52266710996628 1.7270328998566 0.57979553937912 
-1.3572684526443 -0.58445900678635 0.12715110182762 -0.61455893516541 1.1823917627335 1.0726759433746 -2.5546789169312 1.0011761188507 0.59535735845566 -2.7446041107178 1.9576897621155 -1.8092664480209 3.7239766120911 0.18906699120998 1.057071685791 -0.17919060587883 
