10 10
-128064.2265625 666729.25 -337935.90625 2384955.25 -756661.6875 27152.15625 583581.0625 229505.21875 -1722773.5 1277818 
1219196.5 -517979.78125 -752695.125 655799.4375 174610.765625 -285992.03125 -1591452.625 -315059.71875 -72821.078125 -196767.90625 
1273164.75 -439395.3125 712907.375 547892.4375 298212.9375 -937730.75 -676738.125 -16873.21875 -1017325.0625 -971980.5 
222375.8125 328884.90625 363178.0625 156627.09375 -609319 1719840.125 -765133.375 191081.25 969755.625 -571066.375 
-309861.90625 4891.41015625 618342.25 890248.8125 -710510.375 199709.4375 800299.4375 1073260.125 -1384443.125 1187683.125 
610897.9375 194818.234375 -329208.03125 -336041.0625 339375.5625 340033.34375 -904740.375 -1082260.375 -128655.359375 -467276.8125 
-663475.0625 94937.8671875 -844495.3125 -516245.65625 -206550.5625 2392256.75 1226436.875 242020.0625 1378399.25 -318863.8125 
59058.19140625 14924.203125 487229.0625 1319351.25 -657985.6875 -918865.625 -1901734 -62401.328125 716612.9375 185501 
-863206.25 -753794.375 -251131.0625 -1938660.25 33364.9140625 693263.4375 3003001.5 1062565.5 -400592.28125 -411579.0625 
-97274.046875 583655.5 737555.75 -593980.75 42556.3125 708951.5 -812966.125 859726.375 521276.84375 469297.75 
