16 16
153.67498779297 26.60404586792 139.92515563965 -138.27746582031 -70.493545532227 27.320560455322 81.810813903809 -162.35374450684 -49.105247497559 182.30059814453 99.268981933594 -135.30807495117 63.872436523438 159.50312805176 -241.90463256836 20.478862762451 
177.16999816895 21.243938446045 210.00637817383 -53.74760055542 0.61765050888062 -124.36513519287 -159.90403747559 -140.32431030273 -63.014572143555 56.291065216064 229.0662689209 -147.90061950684 130.93301391602 26.419778823853 -154.06878662109 -217.07604980469 
220.23300170898 79.205184936523 -99.816612243652 -14.175918579102 -218.43824768066 148.19772338867 -39.321060180664 263.40631103516 -49.660530090332 -341.16418457031 -42.585521697998 174.04753112793 -181.13465881348 -66.475242614746 -167.60171508789 20.635190963745 
-101.97457122803 105.25930786133 -181.58657836914 -4.0952587127686 117.4965133667 -116.62029266357 -189.79432678223 79.563743591309 245.73846435547 -130.38975524902 -71.629692077637 -47.237487792969 -40.897743225098 -163.5467376709 218.71273803711 185.97073364258 
-123.24070739746 -176.41793823242 -74.298027038574 -25.98755645752 41.987773895264 56.630523681641 -26.287225723267 44.086654663086 -76.729866027832 203.40653991699 45.792079925537 -245.08877563477 61.1262550354 16.562850952148 63.934150695801 33.912612915039 
120.24659729004 107.29176330566 139.5982208252 -118.39149475098 -123.49836730957 -49.485210418701 3.4552364349365 -22.445163726807 106.6370010376 -54.917545318604 36.001941680908 -86.753288269043 -71.428070068359 -88.439826965332 34.082149505615 77.906112670898 
84.025573730469 -71.003143310547 -40.923313140869 -157.94424438477 -231.64549255371 107.10703277588 19.168111801147 102.13732910156 -122.10897827148 -30.200006484985 59.764198303223 68.110473632812 -148.17362976074 4.6615710258484 -317.34118652344 124.54188537598 
81.650833129883 140.19535827637 -119.34668731689 -14.399208068848 -61.7431640625 8.2084655761719 -108.26914978027 215.4182434082 -103.93200683594 -65.95263671875 32.699298858643 -71.692405700684 -190.6319732666 45.969627380371 -204.6343536377 -75.65251159668 
-41.272045135498 -22.859113693237 -33.536552429199 24.344245910645 97.66283416748 -248.67674255371 75.533645629883 -94.085815429688 -30.102437973022 -48.646659851074 -6.1404142379761 46.170761108398 27.4485206604 27.685041427612 -212.10328674316 42.052169799805 
-9.4545650482178 17.530042648315 192.55307006836 -15.868677139282 24.881122589111 -238.09957885742 -6.6185007095337 -89.146751403809 69.672294616699 47.308975219727 -29.191089630127 -55.55220413208 -111.58010101318 -26.360931396484 11.083495140076 -127.32630157471 
147.02563476562 111.3659286499 68.271896362305 25.246143341064 9.2426414489746 -24.95916557312 67.75227355957 -25.388973236084 -21.864727020264 -186.02012634277 44.091762542725 76.190620422363 -224.47779846191 55.893543243408 62.933525085449 -156.11151123047 
-107.78443145752 170.06573486328 -97.774925231934 -21.981483459473 95.205581665039 -137.17877197266 193.48037719727 -24.783836364746 103.29608917236 66.024383544922 -82.558860778809 124.76166534424 -85.570655822754 202.98825073242 54.97785949707 -10.332460403442 
300.9284362793 15.924991607666 150.46313476562 -115.86492919922 -149.38012695312 -43.015312194824 60.742488861084 -12.385803222656 182.68006896973 -106.36383056641 -237.47079467773 118.18479156494 -6.0452632904053 42.814849853516 -196.13177490234 -52.426620483398 
167.78800964355 3.5767917633057 -32.845497131348 -146.09494018555 -12.982963562012 105.82752227783 71.027587890625 -51.996723175049 176.04290771484 -168.38919067383 -63.264945983887 75.471664428711 62.07251739502 -99.758651733398 132.23643493652 113.14445495605 
-125.15718078613 -116.50681304932 -159.17951965332 100.17077636719 171.55226135254 166.68385314941 -94.536270141602 93.836883544922 52.455532073975 -63.736885070801 -38.042724609375 30.60266494751 211.18388366699 -73.27604675293 67.232597351074 20.645353317261 
-184.15417480469 -15.342806816101 -21.529272079468 180.20252990723 58.813587188721 -60.794708251953 7.8298110961914 -5.4101486206055 -16.170709609985 17.871055603027 -158.05487060547 59.278587341309 -141.51277160645 31.556049346924 220.93278503418 -110.11312866211 
