16 16
1647893.75 -1158286.375 -133220.546875 634185 -368719.5625 -3395664.5 1597738.875 -550852.125 2958020.5 289771.375 2113486.75 1714731 997029.3125 1106996.875 -358851.96875 -1204413.5 
542742.25 -2016131.375 -1879777.375 14082.1328125 -4370274.5 -1069592.125 1562311.75 1062962.5 1648243.125 799231.75 1212152.375 -868805.125 1414244.125 449091.5 1539709.375 1679378.125 
184920.328125 885707.6875 -1167419.75 1290935.5 -687273.25 1978760.75 867088.875 695480.125 -1399328.375 982546.3125 652758.625 -184654.953125 -563722.875 -2250774.75 -1739578.125 83979.34375 
1143121.125 -1397996 -23889.8125 30378.09375 -848829.375 -81847.90625 1106312.5 1819729.625 1863938.75 2744836.75 575122.875 738499.1875 -1076197.25 376378.0625 -397620.46875 303723.125 
-5364310 2749755.5 74492.125 463275.21875 -2121457.25 2277159 -3048362.75 569147.9375 -3226497.25 -307994.1875 -1112342.125 -1981198.125 -2749117.25 -432728.375 353542.40625 1062549.5 
-1730140.75 -1409790.375 2759962 1375804.5 -1170217.75 -1058862.5 -1255293.5 -159158.84375 1324939.375 482459.59375 1953508.75 -1607990.5 -1601118.75 -187001.28125 429993.8125 485722.15625 
-2099282.25 1457166.5 -2420868.25 2130937.75 -1290340 841647.0625 -26656.0625 834044.75 -2816127.25 848821.375 -1413296 -262515.96875 -788276.5 -104171.0625 -1064877.375 1077254.25 
-1585826.75 -457084.46875 -1881681.75 11893.912109375 -2151827.5 203988.609375 -1369469.5 -543012.6875 757026.375 330012.84375 -2809799.25 1762050.75 76059.5625 1102326.5 1373329.125 -2373954.25 
303742.84375 -707263.625 -2377384.5 1206677.125 -582119.375 -83148.8125 1306575.625 3610824.75 1336738 94428.578125 524196.1875 -423565.71875 1393049.625 -1072797.25 -1170825.25 -1470320.25 
-847325.375 210293.09375 1557458.375 197938.125 -1414035 2365834.75 -733998.875 325532.34375 -260232.5625 514686.59375 -1674733.125 -982701.5 -491512.21875 -632069.875 -34632.078125 -558806.875 
-1474621.75 -625399.3125 560200.8125 -1055546.25 368094.9375 -226297.5 377404.125 1187698.25 -335664.4375 -1469967.75 86166.46875 -1867588.375 174861.1875 -2420675.75 -94264.4375 -696422.625 
275274.84375 472538.5625 1846355.75 -345626.625 1962711.875 487195.96875 -2039589.75 -955284.8125 -445166.75 -3340469.25 1615267.875 -692204.25 1441787.375 195671.015625 -640285.6875 -580090.375 
-647153.0625 1445540 -687317.0625 4495734.5 2424137.75 -475024.90625 -506874.5625 784677.1875 -1746887.375 1630493.75 398136.0625 205452.203125 -1449109.375 496961.5 -2256918.75 274298 
702160.8125 827683.625 -991570.375 1188253.625 1660764.125 -159242.671875 1818606.875 167492.203125 -500879.8125 1301577.25 2443450.25 853285.3125 -2000389.625 -1144550.375 -2128424.5 1055866.875 
-454985.84375 1110281 564778.5 1069326.25 493982 1035403.75 315768.40625 869766.6875 -980761 -367216.84375 741430 -3865732.25 294394.8125 -1488800.75 737930.5 1736488.875 
1070330 -1750319.375 -482327.125 855871.5625 803573.5625 -3135221.75 2336615.5 781708.375 2268913 2862279.5 1459791.75 577777.625 -908443.625 963355.625 -337093.09375 -538802.4375 
