16 16
-794.44384765625 -5910.3081054688 -19331.4375 -11112.309570312 26762.29296875 -4764.5048828125 -18794.94921875 1671.6286621094 11032.538085938 -2106.9521484375 -17201.6484375 -6553.98046875 9227.091796875 -18552.134765625 -13914.484375 -191.73779296875 
4553.3520507812 7470.5830078125 7293.4140625 -31313.95703125 18460.357421875 -9449.962890625 -1735.234375 7958.5698242188 7902.9653320312 -7082.919921875 15833.931640625 19284.0234375 -5437.1240234375 -32289.55859375 -21674.0546875 -18287.822265625 
6584.7905273438 -8779.7392578125 -16462.13671875 -5570.9838867188 12147.16796875 -7856.8701171875 -11571.404296875 9526.5009765625 -23190.21484375 12050.801757812 -2959.6535644531 17452.8125 5353.841796875 -858.28729248047 20679.61328125 -8371.9150390625 
-8637.341796875 6126.9350585938 -23364.697265625 8992.9267578125 -21682.294921875 9577.1865234375 -6511.6430664062 -5691.7729492188 30315.8046875 -59.876792907715 15167.63671875 -10392.721679688 -13298.408203125 -6165.548828125 7556.0454101562 6120.1323242188 
2564.3576660156 19219.86328125 12717.637695312 -1036.8662109375 -16257.698242188 -15683.87109375 14078.88671875 12878.982421875 -9167.6796875 17014.8203125 6684.9428710938 872.67456054688 -19180.783203125 16080.46484375 5216.666015625 6590.23046875 
6304.6772460938 1216.5148925781 -1484.5672607422 -8183.1069335938 10393.325195312 7462.2939453125 -3400.1533203125 -5612.3779296875 116.57055664062 -14940.556640625 -1231.998046875 10979.211914062 -235.95458984375 -9214.2099609375 -1477.9765625 -9543.4091796875 
9110.1416015625 -4980.8359375 -4247.5703125 -13844.486328125 3811.5634765625 -20193.8671875 8857.3544921875 7232.5947265625 6087.1215820312 25294.32421875 5431.013671875 7980.6552734375 -3150.8657226562 -13194.181640625 -4526.2119140625 -12674.018554688 
3660.095703125 -9648.3466796875 -328.41943359375 8865.41015625 -8588.4404296875 -11989.828125 19664.916015625 -2495.7109375 -19398.154296875 19083.056640625 15216.4296875 -18873.58203125 -1378.35546875 23894.171875 -2636.9946289062 -3699.5473632812 
2833.5991210938 -17874.955078125 -32483.9765625 674.08349609375 4484.7963867188 -6372.4741210938 -18407.1328125 9803.330078125 1099.2866210938 -7941.3525390625 -16109.86328125 -384.00659179688 7245.208984375 -5820.6313476562 15281.884765625 7305.279296875 
20376.72265625 8398.3603515625 5690.8881835938 -15337.23828125 -4744.6020507812 -23260.794921875 -8608.080078125 5898.3178710938 8574.9248046875 8126.4169921875 21616.107421875 21170.2421875 -16301.086914062 5567.6118164062 21299.40234375 -18144.2109375 
6606.8974609375 -2289.9760742188 8351.7421875 -8500.7822265625 -1458.9184570312 -5779.640625 -6590.7924804688 6338.1215820312 16362.80859375 -3574.8254394531 -914.56365966797 17994.947265625 -818.2099609375 -19313.224609375 -9950.11328125 3088.0817871094 
10846.659179688 2101.7211914062 -27883.13671875 -4554.578125 -17653.140625 2189.7509765625 -7991.3930664062 -2344.3137207031 29182.10546875 4851.349609375 4396.6098632812 17501.85546875 -12160.899414062 -20560.455078125 16692.6875 5568.9125976562 
-1739.9521484375 78.48046875 -448.9267578125 3843.7680664062 10969.799804688 -7385.5366210938 30545.484375 -5935.9663085938 -5469.796875 7030.3623046875 9605.791015625 -20757.5703125 -9195.0185546875 21778.08203125 -11029.958984375 -9482.154296875 
-2215.9719238281 -13816.515625 -4365.2504882812 15881.5078125 -5278.3012695312 11337.34375 -5401.2622070312 9348.55078125 6480.7119140625 -1585.1469726562 813.12493896484 -26716.541015625 23672.06640625 -5365.3911132812 6265.3364257812 -22160.916015625 
-6761.4458007812 -33699.66796875 9553.2666015625 -14895.616210938 807.30517578125 7945.166015625 19063.01953125 -31401.39453125 5433.5244140625 -7504.1689453125 30387.39453125 14720.990234375 20539.6796875 -2533.8388671875 12797.466796875 -7768.3642578125 
-2425.2182617188 11086.6171875 35112.90625 -22116.4765625 16449.2890625 44.7978515625 16356.158203125 -10611.927734375 -4965.4663085938 408.30023193359 20513.7890625 3691.5615234375 7343.8500976562 1535.5726318359 -23322.013671875 -9380.140625 
