10 10
-94.824035644531 -43.43741607666 164.10557556152 27.263540267944 36.286357879639 66.020492553711 76.413833618164 -7.1144499778748 77.989807128906 81.739952087402 
168.96896362305 -136.05548095703 -140.49606323242 -125.34190368652 -14.226936340332 -58.88952255249 61.426280975342 -75.226669311523 -263.46331787109 -98.591217041016 
-46.455966949463 68.926124572754 -16.297613143921 -29.314517974854 54.318286895752 119.24186706543 48.852088928223 -1.2654116153717 -17.553981781006 49.995277404785 
90.551834106445 -1.2014007568359 108.86205291748 -22.32998085022 -189.99572753906 104.54554748535 56.55736541748 -22.71870803833 -37.48441696167 -29.101829528809 
111.61856842041 60.477569580078 -241.47225952148 -112.16709136963 9.3944911956787 -127.92796325684 -49.745620727539 191.00762939453 -84.293502807617 107.1171875 
-60.634017944336 24.74342918396 3.6301126480103 -22.324928283691 -94.567527770996 111.26982116699 -185.39691162109 -118.66710662842 55.624073028564 -149.51676940918 
-23.073070526123 -34.953266143799 -99.107597351074 -88.730819702148 177.40396118164 -116.89822387695 -8.0276050567627 28.454111099243 66.263046264648 79.261627197266 
-3.4564800262451 30.581577301025 94.410629272461 41.226226806641 -94.10506439209 75.874626159668 65.168380737305 -49.472694396973 75.798515319824 54.75484085083 
-169.85507202148 211.96801757812 54.630542755127 74.057334899902 -119.88156890869 98.10718536377 -208.68632507324 -29.753479003906 65.67057800293 51.419815063477 
-33.52490234375 285.58102416992 -193.59899902344 61.67488861084 68.650566101074 -35.796993255615 -77.880065917969 74.784820556641 127.07498168945 79.523712158203 
