10 10
-658193.75 -706010.75 639996.125 1579925.5 -656766.375 56125.9375 776441.75 364869.875 -2431045.75 755669.625 
-370551.625 -503841.375 -1448059 -1030468.125 396803.5 1567951.375 -970881.125 -998556.0625 134818.421875 387556.0625 
268084.03125 457597.3125 -46992.8359375 1140338.625 -620497.9375 -2033511.625 1674404.125 797238.5625 -683857.4375 -1691403.125 
95436.390625 -331791.59375 814413.3125 335856.65625 -857092.125 -866399.375 -27730.044921875 402212.84375 -1189644.75 -689331.3125 
-528919.125 -723011.625 1141785.25 -881424.375 -734145.25 1480954.5 -472485.59375 488900.40625 -1214013.25 1322966.625 
-118428.4921875 -15094.5234375 -887359 1240812.75 1318750.625 41378.2734375 162205.015625 -1180877.125 305324.9375 164086.171875 
106637.453125 446322 -281274.25 830209.375 -812820.625 -865943.5 -109518.46875 522910.09375 37704.203125 -400834.21875 
468929.96875 -501362.0625 -767229.25 231536.171875 -886233.3125 500031.78125 -948458.8125 451029 284974.71875 735321.75 
-493585.59375 181280.4375 302147.65625 -550621 564288.875 453392.0625 564506.875 -880602.25 133766.296875 650346.1875 
368676.40625 328862.65625 -1337984.5 -1177202.625 15087.724609375 1465386.75 -845243 287234.21875 1455173 1033050.9375 
