64 64
-92609960 -358317952 -149659904 -303369408 -278573568 251016832 -302708096 -647048768 -152153520 -20540692 82140784 97572336 -137218336 -160754000 139168624 -134475968 -133653664 -12588876 817128768 -222206624 -130011808 -25458114 231941296 268824224 243957424 -91184696 220015760 -10456480 39324900 402926976 326443648 -200116976 87244736 -289635712 382677408 315454240 217005488 290009888 -117902824 110153440 -421688096 264693552 -683462528 -435038272 98450456 98245608 -550843712 449846976 -208864096 265412640 95271920 38491516 -389479968 -214948048 -359593600 -19495484 189272960 -180094384 152248640 -338371456 711100928 -334645792 280696608 121370592 
-288620832 -128162472 -189577824 -281076832 15724972 217615488 -176267328 -11353153 -233353376 -757639360 -42687956 -152672944 224107184 -314903808 477437696 404531104 823410432 -109393416 184475888 51611372 -110023288 66614128 -51521256 -159554912 -176768576 115713480 242339248 -8884992 482948672 348780736 537173888 -270088320 -75473464 -156341008 -534452064 -135451648 367492928 251284976 272507424 181407424 41355840 -469633312 -159836704 -111747824 273386272 -345986720 38223896 138566944 -32645272 534489600 252038848 -457972448 255319424 -219609456 -790731648 -8880998 29247352 -91808976 79485376 -42089056 296975328 626316224 362612224 385006752 
-89271752 98051536 -35855312 -185039920 -406208672 -177530912 473533760 -415333632 11662984 140925584 218254304 297758528 132282440 -422171328 79010896 -176503840 -212466496 -504021824 -158934080 -85231728 -83430480 -53155360 -322769056 -263150896 -56991240 101701664 78692064 -2297828 -119183880 185167584 351364768 359102272 -89738144 -256907184 -176615600 4009548 111109224 131471832 258750928 -186926208 322144608 106669928 -15632836 -186536544 -283408160 516467584 -102160536 -186855760 130322512 -57474868 97264872 -265860992 -743946496 125412800 -191964288 -124139248 232715136 30370516 163965712 214792816 -1200704 -444846784 -239357920 -55183968 
-140053632 262876384 -179037600 589871232 -8441552 438314592 -23427168 308050816 -547022336 -289486240 630033344 -393414688 129034152 -106979040 165243088 -239316128 135177504 100365760 202831312 -365175360 408218848 -378548896 -28701416 252635744 -122644608 176707664 445110688 -233783856 -54244164 37867896 -26689582 331117440 -299732608 59377504 -113184392 274089184 64608696 230959248 -149581296 -194448784 -166783808 261937120 268476352 327644800 598831104 -126949376 -453384832 140506592 -322028992 234222032 -155480480 342652864 178084128 -268294208 272127008 464635552 -144309872 330690336 -434754464 8468152 -148247776 356264544 92073744 462929664 
47861608 221550944 -51274144 -13472994 -288957312 192198560 10030640 194898976 31074690 -188326240 381896288 192195328 310387840 50454812 25018566 -37465836 -421927392 -212411680 -132326272 -35673448 94514136 206227472 131369480 -261606144 -444259584 -12990232 157511744 -20377904 198944896 -106316872 -737092864 165234464 139598368 -546705152 170868096 68234816 -27153796 140900864 256400544 -272831584 -79116848 165848976 34279480 183168048 -301512832 627345408 -274900064 267999232 -827427648 -389025248 -307876064 -268855296 151196992 111112304 125298904 155933408 104721912 -1016463296 -82799920 -440246464 -251917440 -392645472 503043744 188834096 
59276728 -347249824 156055968 405163136 41257972 131209744 -567115264 -39087004 -63854728 93723512 -682688384 70223456 189944560 192239184 19577748 -135181952 29856666 180434528 329637760 231396176 -500768768 262658064 242095376 -94363112 205376928 -645763840 -574408256 35278380 -151269648 -99324880 -337320544 72707744 -68906496 -199672448 234911120 38525712 102071312 501808416 33041650 239807376 -250768800 -181497792 155599424 645806592 -276442816 142575536 293059616 70929808 -145472976 -127978936 201183584 -302526144 -25287416 207509552 -279639936 -18275300 199766368 168792800 40442548 -2011086 -129274288 298006112 -459264704 6870124 
233705216 162081872 -254602368 36836004 277151872 -162065808 -16659196 -544559872 16080988 218969072 156540624 -139825808 -350684352 -119669744 -71617016 -277961728 204949936 179111616 -357635648 51815528 -509754496 -587047936 -33930184 242932432 428584992 -594182400 -92268928 -719918912 -345951872 -97412224 -128664000 196344512 -461422208 1001964032 -278664256 -163131696 90182112 -137993408 12604352 204479568 106741024 132795424 362674720 99631456 45175188 71161344 -22440570 -162898080 29936148 479811488 -279668384 434490848 -166547360 -153858944 -359804704 15527588 -174820512 689051392 -390423712 -130061584 -150701792 216634704 -201683168 -380972416 
205678224 -181303200 -55910576 -264546176 -364660448 -11155534 66622024 -118685696 341092544 404435584 -218899040 -94885128 707034368 -58735388 -268862688 302771072 62224544 -239758944 217027392 -332612512 -112994600 54525352 524277376 -17272954 485730816 -320058880 -218195840 255620448 105683920 24014748 34451296 -78048088 303573472 -215619392 -358537696 45839612 23904268 289974496 -7415796 -12543172 53044940 -311868480 -220037264 -265850656 15077992 -201656832 -98949856 299024032 11358440 -61049616 23304120 -220935536 -142044768 100407064 63226836 -246879104 -98544256 -191606336 195928704 194247760 -74385032 -79347792 -6606322.5 -97318520 
302129472 74856584 -107701824 -380698496 -494196256 -312050304 174875584 90526616 155534448 -210026528 -56752128 200502752 -29926380 -443350144 283655136 70080904 203108256 -768833216 -257912528 -65898964 -247456688 -166798032 -188130320 151355984 -283558464 -24227322 -30199394 -8118609.5 192987808 -391383872 378713952 -416547392 426214720 -244455392 -125255856 -121608808 410797376 20216834 -279870720 -359361728 -73514456 -241688160 56452296 -33675656 -50631672 -207970304 15165613 37956444 -184365040 25336136 -50740712 -771135168 75299280 128684520 398364864 -128729776 141043312 -295413952 100241312 -318726752 -154147984 627997952 -400928672 -2619514.25 
-293417408 178855840 -61205812 175851312 -15025693 -271280576 -117927160 22393822 279456896 -143212112 135197840 -289319872 87686912 -23446602 80498672 400868064 321217280 -237370832 169256592 -111725384 34576456 -323115136 -13072687 -417408352 31384096 115948376 162465664 163281200 137918432 270823040 -124624120 288962016 -57891488 185727584 -212123824 231670720 -103169200 -49477128 673780160 -218515008 -300159264 -578278464 69897440 -135668048 409145728 383524512 454008000 -77761784 23018676 -16924892 -32087024 -222239584 -38993200 -470566880 -811474240 268608096 -556341312 172906816 -134889264 -130146992 -37367628 168203056 174614576 -430748576 
-278818752 -30175028 15232428 352354976 153750624 611763712 -136890736 -88535520 -504160960 -32396140 -220895408 -40635484 -295257120 32088968 433101312 6145526 -104041584 -52148264 -166238160 -70755632 492929408 -40130812 558838208 -176796304 98255128 30229460 -204760656 108144800 -1675070.5 -272983808 1048456.5 79748784 -96009232 -160142352 453031136 -226262368 -360431264 -317919808 -19746178 206601952 228653168 -98144496 95619608 390697792 475167648 14697782 -386051552 102295568 -420286304 -315012384 25280026 -105652408 223102640 416148032 -51520664 -121958936 -122519272 -103951344 152170848 110413248 -18054000 -420033376 -24719606 56955368 
22475620 -193804304 117665568 -5077968 362541344 35233444 -289558656 120610768 -137507648 -26216360 -234024224 -202700208 -64336880 406669536 -280147136 204651312 -155871872 447740736 -249691632 158446496 594364 211410768 -192143056 193812688 -172924128 296865632 -155930400 529046272 493324608 275141888 266396672 76724080 -64382528 -285449600 -244137008 -381351296 249895360 240790736 37085112 235470592 139164400 162713888 -365041184 -420590624 49211832 35209764 74319384 464693280 376854336 -46891216 313263936 184238416 -153912960 -673959744 211981616 436260896 442993376 -161585040 -35848568 100605184 -621667392 258840144 406646400 47487416 
185616176 -239558384 -99831144 55191452 -139644432 192578464 -123215544 45217172 -174977168 89014352 52319280 162694400 -30618932 -70537176 169109024 -76841528 -87575000 -282584352 77872208 255463200 -361157888 -150836544 -156037456 56228816 223584864 -37674492 209724224 -355781888 -121936912 257302960 299039680 164165712 21375272 -485633728 -223701264 75907104 166408896 173978880 -188190784 -98154152 338810400 158323632 -562092672 -111918888 -493557152 -24105280 -107818472 -44488216 131396056 -87934608 229690784 -268205824 -359985856 177993376 338962688 249554944 552680448 -85147944 297645600 387203712 524628 117257904 -134746752 216979424 
-72705960 -171387584 8627514 222991424 83023152 -174440928 -498000512 541487360 -279950656 -209633520 -52057972 65556096 13260344 50586840 406925280 -172942128 250461440 730612032 171794688 79034000 184173456 92284736 -73226736 256559632 569454272 -13619890 -207187392 -226459920 224610768 -50002528 -247473152 -15892786 -278739680 404447200 -423777504 -46308616 -748553408 296796608 -14790409 -176375792 106307672 66360112 217672352 261026048 257077472 -386989696 123189424 184983408 -134206312 321504800 75256592 270600512 -44398260 -93020704 -305852736 158569792 96879296 843231936 -413528672 364529344 176112736 467139552 138986512 -132415144 
25559328 156642880 22202792 -168543408 -248984288 -309928512 590025344 -7435315.5 303636736 -83007168 363348288 -40027648 62541848 -478121568 324323552 -637619200 174310592 -102021248 15447427 -258636432 415869984 13891304 -319416384 75243432 267881648 519225120 -123743224 -294698048 30792620 148333632 -31459236 -661912192 -142029952 -255969536 315322912 111058360 -163282400 -87125736 81302928 -246286720 -3885288 68657640 251440448 -267012752 -91095344 376791968 -235148144 66059488 -158933472 84260304 -167957792 -85899232 -64212320 -156643024 172340496 180362752 -78148624 -268048496 -280925696 -238294880 303213312 -420245376 432143520 376994912 
-152422624 -105509816 -246991968 -101991912 317544576 356337664 -50071328 168716256 -330805376 -8943456 -80389904 -197486768 49866864 -311897664 45091680 278526336 -97128848 268612960 121650016 -327094400 -62540552 -76097264 405019200 12080507 212120480 -37148144 140951040 -409014560 -248672896 447853728 -95828824 236486624 107422032 120568480 -15796296 126976208 -135488320 243618912 84690480 229580112 -40870944 724925312 -388567392 -113512896 115140024 175830976 -148904560 108382552 -72188776 -325118400 -680151296 458021184 70681952 -152629216 269149984 179313696 124722640 -219712032 -239203104 86912720 235833120 457982464 507981952 172966656 
-84479336 127457936 -166255200 200185456 305692064 106995040 -547643328 191274336 -149090880 -201631.75 825833152 -129397648 338389824 -114948592 227084016 100889600 -321515104 578145664 -165493952 -810380 -260636080 124789440 48530184 -363198784 -70396696 10777936 213367264 205322272 -174375472 -291834368 -819434176 69074768 -228684192 405499072 -394886368 361593888 -286443872 -490630880 308703104 16728684 -472447456 453296256 81622968 197523168 84564440 160709520 329613632 254278256 -169854864 384296576 -601327232 458505344 78661488 -656543168 139925616 10223596 -366934368 -258646992 -49682808 -90631240 -303000736 -478478176 -154270576 -147130640 
54061196 -249484000 -179250016 221463328 -260159872 -63764416 23599552 149519776 -497316480 246964720 -317268256 -96223400 72671512 92469352 115420272 -60448148 -258765456 609921664 -627792064 -190727792 -91273208 192151600 11018170 -828240.4375 367508064 -233881280 -336049184 270191648 299584160 -142600608 175297392 233736080 31352532 171953088 -231449808 -260641280 -43002620 375349056 30045386 163202640 427229408 -179220784 -72781320 218673088 -50389324 50653124 11222596 206228352 -265569264 -219843104 -498310304 -212672192 382261600 -201246496 527435104 122163192 210281296 306945760 63165900 132501128 -566645696 57080568 -203931904 -198740960 
155486752 -206046768 33470356 182653600 -173794000 -554090176 79369288 -78982712 100471760 -152360336 -453788384 295236320 300167488 -48130544 92813088 -366057824 44140948 -317279648 -317245760 112392528 72841176 -375472192 -4369594 -27542660 -230593504 67816864 78909936 -241894608 324938944 261164112 161696880 -121801488 167881040 -114695160 3908187 78844656 -374498368 -119631856 -143746160 118556464 479276416 -102335368 175435728 284900864 39298316 224777120 506290496 -189018800 66927712 -174066960 -250859824 -600906432 -404131040 14626797 -167552640 -25508808 304706240 27896984 296690272 -39434200 97745456 409844000 -11418822 -77063296 
-273183264 -30007008 51034084 116300120 265454656 158628848 -33076840 82229056 -312528160 324471040 -520758176 -56658500 -221975712 168108528 -191305840 -91275096 -109637904 -5047190.5 -122614120 -169431040 -153987904 -238239376 -296764704 -58312012 -384586016 -404333184 -167634960 -174016112 -351829440 4946226.5 -186500752 310639200 233002320 -77997056 189077760 -157455616 317516512 314745760 -234727408 282052352 44653556 244096896 148447120 442000960 222662928 195957872 80134768 13875498 -234140960 -388698624 -179624592 116008712 -146264752 475521984 -431473472 -38697260 -247675840 37279848 -479514784 -361562560 -233886320 246265232 -523234880 -452582112 
-346620320 289592864 -38936432 -517863968 -84639224 -341754592 219731008 -670983040 239178448 10600640 -25526916 -43585328 -746167104 222939776 -161389504 545180736 721419840 72149648 69028824 149837984 -146369328 -300675168 -175405520 22237558 -8065304 386428000 -408008384 283723008 230249712 -75219776 360997568 -253058320 -36083752 -42063596 12984043 -146802048 758909504 347767616 -279927232 -180777104 -131321320 -197366512 115599576 194269696 -124679200 -524020192 165589936 108531280 400623744 195419120 127761904 -244924752 -301825984 129068456 -150516368 -195829856 357278496 238835440 164951584 -575576256 -114474008 518900640 -178979568 -230591952 
427924064 89797872 -25519532 -121270992 -446953536 -525931840 143432832 -347624768 -6854912 287223776 -357463136 -248167616 275170688 181634064 -482492672 -582769856 -72220624 87424272 140543520 80563816 -138725024 26196944 102145168 534910336 402798624 -118165512 -709718 -162558784 -71705088 187082720 65038228 -183435792 94637784 129594336 104192816 166302272 33533644 62710344 -42688100 -44187924 -244796672 61480816 44317908 -247525504 -3057023.5 97119400 225017312 29743000 -79556048 -290588640 -422980576 164914592 -53948268 -298117728 219683376 -71799176 30553226 122932936 156542160 -98316816 -216248624 -139382352 -72821936 100020784 
-532908160 -39453652 -44791664 -167354752 277241344 228377424 74269600 38946352 -118275704 254344160 33876688 -223252960 -123117520 -298818560 -106712248 177009632 -110847288 -62981996 -440810208 88453352 73765464 -207519120 -213674208 -385766688 -33535058 -108100544 32348814 -401139200 -309279680 56188292 210261168 -22032052 96190128 72149648 -273319360 122589232 -175408624 -260892512 -290195904 279521408 146927280 43023044 -243422016 71209000 -297190944 -147264784 -54703148 -239895904 338366208 -180994688 -265805728 136501552 140227664 -12086144 653091136 323601216 -366057792 -36638784 -26533616 -169636672 -136790576 338665952 -315132352 -460336288 
436825280 84154552 326444000 129142104 -296851936 178487264 124582808 -134019184 -69377232 277039520 141824384 108355744 -605037120 463013792 -77235120 -205148128 176818272 262077376 -23123678 47806296 -192474000 66422592 159775984 532730752 412564256 -175072288 24029788 -61101120 50970552 -141182224 45534316 -127192272 -660079232 579114240 267371984 298045088 106104880 -644947840 394732992 -184114816 -394394720 -251730464 -104760528 174157520 182784224 44812144 -290700064 -193016688 386637440 374184736 -521297728 154040032 14618678 83717568 -96183144 124566456 64968288 162428496 -45128716 -367133024 417046944 -196500528 72830616 192863536 
80710504 -6402019 -2148530 256256544 26671224 -208783632 -504506784 749288128 -309737152 -433861344 32179586 -121908304 747472832 -339903360 102989864 -259538736 99197216 5417489 296897536 129428464 64831952 -94300688 -100274816 -135033504 10860752 80665472 589029824 -106359048 -480774848 -82978192 -171515424 167143792 47789588 -347436864 -204012400 100147208 -236150944 4217911 241475136 -333479360 -163227424 144302480 -114868936 -135558752 119999824 410162816 93712184 59384588 -143589120 -328847296 43291892 15175384 605591936 -376232768 154486176 304331936 1341943 -34765136 79019384 -22954252 -80869968 217133248 687800256 104781472 
-215567856 117077768 -139014208 184739968 -162297216 -6409821 143692896 -287772256 -163814048 31345966 130443184 56969896 463883872 311275328 -71628456 -406356768 -39901224 -33913660 383789792 57386140 -304582496 204043232 -98434824 200322832 -32052994 -223516704 279538880 237110992 188740448 111042008 400717472 102161360 114652016 -160032592 -105153856 238910272 199588224 27622360 -63998104 103124544 27194914 -121176816 158697968 -98173056 93436568 56885160 82571728 -239999696 -49897924 31983674 -444584992 192961024 196151456 85179024 62443396 -281339488 -234883568 -265074864 277580320 21592218 47576316 -158999120 -8210745.5 22675452 
38038768 33471760 174421024 -95143448 43345148 -97238448 365767616 -394256416 4281176 421641344 -36225520 -192043856 -187790240 369305344 -10458792 167153600 130359072 140959008 628104512 -92988128 69857232 -122167248 35828272 -224666704 -156703712 99521632 -460931456 79398008 -324677824 -29400484 -432940128 35622468 -173675840 243066016 23285718 137969040 455370624 228545248 129897648 -348779456 -268579264 136903568 61776536 164798512 106096968 -568693568 -186083520 -373688704 252434384 236971024 -351976192 424851840 60330592 245828800 201766288 119568544 9244088 71399536 -173059632 -123180696 14508592 107871816 -65502272 -186777104 
-46534056 180857920 72700768 -117940744 81823832 260326064 310099808 -192552160 115310656 -93587584 -154460512 -192958464 -555600576 -43673420 -317218720 173990848 -52373440 220482880 -19106892 78183072 233965888 71025792 94653240 -26846744 -284594368 409754688 -90332176 348803776 383582656 -35631160 564605504 -301608320 258444944 -431260032 401658752 -208099968 94931232 185472192 -256430480 -44424164 39836008 -330970816 64972768 191850208 303728768 -512725184 131330280 239149168 126357872 16898256 -86057056 81120960 260253760 95102024 -35262816 -340203808 20715136 -76589592 276477504 272186560 53226296 -160545264 106140800 -97018752 
86583208 413805888 637015680 464543328 9485497 209639840 -453997824 292384576 -423323744 283491456 -180602176 -271990656 -626696 -161210976 -397525824 -103659648 -47014212 313026912 -124711536 -58646508 119357928 -177099168 146872240 -324658528 -242531424 41100504 131077600 -180127152 -562945920 -10336500 -293577216 16365216 -94590760 135699232 765393088 446837952 -331862400 -260699392 449440448 -88448600 143143936 -366218144 -203779408 -25469280 354769856 -236897104 27764108 192318800 -21429144 -189674512 371637728 423453760 516348512 297336320 -263673664 202732416 -62166268 61620212 -50744664 -115455744 47822088 -133987528 672167552 86067808 
45215036 226630096 16630168 -77215456 -347521440 -9343884 454209120 -130322384 -387312544 -82481656 262180944 -193239616 -529782080 -260621888 198304144 12254599 291534592 -322581664 29523572 -285707360 55575304 113584952 -188185792 91149056 -459099232 122687672 134386384 -17907880 308709536 -477553856 289162496 -217101584 -2059072 -347390944 -68996128 -74374384 355683424 32548620 -284777600 -378461600 -218320160 -69432672 311639744 -124267792 260618320 -95729952 -29020944 -101302208 -109865832 -38681792 288845152 -20255984 87213944 -233885088 377737760 279920000 238585376 -141840704 146389248 -222245424 -345799648 -118522864 -380266144 107265440 
69015872 404659104 -58366448 301187104 -353565600 -470107264 244571072 -262929952 79226656 -12376888 37081984 -579181632 22173072 99999272 237258688 -346198144 -101370992 -630851904 115517040 -97531136 -136235408 58247172 -152934944 -149355904 77583416 -30729456 406065056 556416832 -118779952 -78457064 -157349792 208874544 -200478720 -908449856 -29420264 -304893088 612891456 528593984 507081088 140554048 438854496 -117544152 -372596992 -143881504 449325664 399735936 -285314208 985531328 459525376 157947232 311461056 -197425200 -272796768 475725152 -85624664 -62705436 69630432 62409764 -101157648 -406433184 -373308896 -501881440 -300541888 -633591680 
206045904 89799312 -144255296 -32909456 128217416 112458704 284633024 -164207680 427215264 -152634752 -66200088 163546288 95561528 30466750 -551803968 175191952 -269167264 22450778 -269140672 -126740376 44465428 -403265344 -450536384 12365452 -36993600 541830080 -175164736 -497449696 383976448 522159936 71246392 -535814112 99621120 -86768592 -70217560 215951344 183234016 -565660672 -83661488 -76590704 -153178576 445116640 48508992 -75636520 190406064 -218380896 57191728 71579272 -205813552 193649568 -46629772 54812608 -10516394 -338605056 -89076144 4784089 -263459632 -476850144 26309756 200845856 28136336 -410100864 261813040 184145616 
-14484478 182616032 206292720 -110939480 -47907156 -169570336 -263610816 409025664 -27229440 199481760 168217312 -14342313 -68388176 384436640 183191936 -349954400 -461070752 -5337478 -138865920 230322896 130590784 254221104 -358777984 -315055648 -51796464 -60100692 68311864 33374436 111106744 73006392 -267822384 115707424 -38068588 -158719440 228300384 13429728 140580032 -86395536 517381184 -490877120 -53975720 45744536 -103979504 40729224 -54897644 498632000 -3643501.5 105965416 -55883288 131349408 247968736 381659200 -135749312 440686944 -441412512 262393600 116512288 -220411312 -153777632 -108729896 -349692544 -344151392 10507720 -528311744 
-174775808 247141472 38059100 -250108752 -90660456 134268704 -142000608 157159328 423072192 -75309784 92915920 -177544544 -407138368 245956160 413743520 725418368 257467680 40049328 132999840 -189646992 -79031760 -2619580 128276336 -361444000 150711136 16607978 19839032 912723392 60083168 -194101216 -95968344 74082264 537751040 -297484384 171750880 -165089440 241450544 60757248 73100176 20108792 -238292896 -565179648 52486720 -186158704 11128586 -237012944 -218754304 177468944 -68736720 223282544 241143520 216468368 132373120 148905648 -96102240 -283331200 -578140288 -229924928 -452602304 -169893376 -348555104 73242808 139609280 -745666752 
-245113184 -229798320 -413030912 126917616 -87784208 -430690432 351006464 -260735600 125954304 -214184896 -229013472 -220627120 -1342602 267358592 281410848 296269344 278155904 -390471168 -229428496 53907968 -31593786 322730688 91260528 201747152 667769344 -358413600 -172821216 224724000 267296320 -136326256 413752416 -282150240 127374296 352378944 -712802368 -103863112 -168103376 -472469248 -115490000 479764352 101457704 -467241728 78564576 -82074560 290564608 -333173920 -22686262 -133294776 534459008 30024904 321600064 -57786700 74580016 -152073936 -112081744 -473728672 190047 407728384 303745312 -165273312 313357536 179129792 -236761760 -198325392 
246278832 243055792 -200870320 91456152 -261602608 -191963104 574047936 62442608 432758976 -78417768 -6185955 68331192 57988912 217740384 314281312 -295739296 351028992 -212783728 241835680 439364032 7411294 276450464 -219549520 345799488 298187648 201047488 173231088 -149938176 -22197348 312322016 230603872 -312613280 110945944 -143317600 -270253920 305997824 371206656 -247212224 50390064 -81642544 44297088 -366384384 153413664 -185728128 -115614584 -66453320 -115060776 -264088048 -188316320 63422512 177661104 -106317152 301841408 -146520816 -173785040 -29590018 2500090 -367993664 230020016 105688512 223819712 -131679256 654956160 -63075396 
-39105296 -52516304 88786824 598069184 30906404 -82547272 450001344 -258864128 -332070432 333117088 135274320 203054368 10856776 590686592 -412434976 56662696 77471488 400959104 -224600720 58396516 14754989 71688240 -234170624 614238656 -124758672 468086816 -374483104 210497328 285401664 -138890016 155263600 -12601896 -484643104 241788480 48195456 -106193696 416449856 -162978976 -153743216 -72317568 -367568736 -190826992 112524000 50191960 91918664 -219034848 -32862056 -400361280 334853216 -250558896 -152407456 75397648 243969056 -230823616 310617792 124066504 552177280 178895392 483005696 -73128872 -485584 -174009360 -179847184 352309728 
-226765680 344932960 -15323360 276209056 -275690304 303282080 83425824 5536146 -366781184 -48263532 182989616 79969616 -251515328 -84977376 -23531514 58701352 -204206544 -136980592 84496368 -405696576 238669312 626672064 249133136 134714160 -234264928 187003200 283141664 159178048 298077056 -227441328 -174244416 -163374272 -119156352 -4564376 432136832 394923136 360139968 -423552512 198277552 -285302880 -449429088 -121929360 321864320 -36847188 380262848 308039968 -208809520 -225400400 -554036352 -153150944 -435326624 -135372848 575308096 209255072 -282396864 320779840 -270070368 -602411776 -41049440 -108813600 -144897280 -196869936 193024528 424451904 
-151879040 27981800 -221930960 -424869920 -29470878 333043680 167349472 82822696 959949888 -238298784 126600824 511358144 14155408 -153464704 -145105808 241652208 75314848 -290574272 119111248 208948416 101541480 -283621888 363887648 -8485881 -212344128 42543432 349786912 -531625344 -261926880 161157488 145962304 -30833948 3558304 325224352 -444283104 -93846064 67993544 -159169408 -196356384 166463872 118252016 378876928 -573747904 232851888 -263261552 121037576 142437200 -6731596 -24450144 19874056 68316016 218266928 -120492216 47888360 69037080 -567977280 -158584688 -52086676 -115880216 39047512 569031040 84963064 497162880 -567838656 
-37112876 -398832000 -378918560 651617984 230964592 222355136 -188144864 -250360752 247835488 -241345456 286142496 430179840 73095584 -207264672 403900608 -123882656 230565216 -103429936 -198193488 -134923584 -465479936 234630176 244655264 62980844 156898224 -625298496 57083152 -521380608 167472480 -158997264 -406979168 -264495200 142840704 86527352 -418277312 70422576 -280036768 104857248 -266273520 -521072448 211775440 -437759648 311650880 84694960 181356240 125643120 475034368 278419584 -250982624 286990304 503073856 -342668480 -94372592 159820720 -249687936 -107185784 262196832 -143627424 -12534588 233127472 17589704 -248820496 190977136 331833568 
-375900352 -337203264 277227168 -181154896 228320016 258388320 -383860896 -253478944 -175268064 -85541808 -178325696 -324543456 -189667424 51547012 -8652814 281033312 162762592 -162598528 86284256 227024272 234307440 114814856 25508248 -346618496 -38009352 -202025504 -301655456 245527200 578883968 -122803872 198453856 129438784 162266560 254445520 -226064112 12844516 -29017648 -152383264 -149740768 294434336 111526416 290905248 39812032 240477952 128523608 -246842304 109387488 246503248 414202144 98759792 126933104 32565424 -233376512 -570765696 13322228 -185983776 -283800704 -127200112 -206390320 172244064 115726048 454632608 -180962928 -325139808 
718563200 -29258436 250209584 -22753348 56656516 -297313024 -253742272 -557387712 85219424 230092048 -297672224 -29952 171707616 226185376 -76180920 -552409600 90704688 212995184 -476654496 50266912 84458048 -220156224 393578336 208152128 270618528 -16909952 -293929248 67878664 826472832 169496176 197082272 -257008512 -715285120 439857344 60483448 -384721216 -388562208 -600529984 497058880 664963776 208968976 143436240 -13527524 -214154208 134410160 225293648 -5658674.5 454945344 181833136 217796480 -638521664 -458891072 2665148 -354092928 290444864 -348451296 -477891520 -46623952 -85055616 -55993228 443946880 114208608 78223480 -155815808 
237292992 21048584 36617432 147780432 -212000624 31196780 -35144136 41568560 -448484256 128716744 31257344 183204864 75898016 -90120192 285217824 -447986080 -104590312 -181048528 155876112 -237539360 45149352 45543064 417369888 455656448 -130261440 452607616 256902240 27771162 -65350376 -113296376 415730816 166583824 95637000 -160148448 600682368 136401824 -475886016 -70095152 -265488800 15438548 301997312 423140384 247254672 -39792328 -237174896 394200480 15190062 -62663824 -222321728 -655963712 -205624512 -165923680 179090176 158668352 398637952 -51314872 187475904 71607760 297710016 -94604712 449392064 -322591072 -78525056 659202944 
-3017908 -341983456 113661160 -32090782 -538398656 -188259040 -271420480 373047584 165294624 195869904 6958059 167916976 353133408 346776416 -499377088 -118231152 -201916912 275856480 373080608 299568960 -52152532 3993320 123303648 -94400088 129642808 17019656 -67282704 385590304 -338947200 471672704 -444083840 -133659672 38423020 8100391.5 -22332620 347378752 70538928 331962304 190607408 -494569024 -515979552 -390734880 -328141120 -169392672 -838646784 -156224016 290686976 152557232 211414272 -29982226 414486720 186364560 -333726752 157802320 -3592104 203474176 341800192 172832448 314091264 62034664 114807992 -330824736 44194080 -134652288 
51986768 579917568 175839808 -159506592 -307917056 -325497824 256674784 -448788000 36108232 225103024 461587808 -94541776 -305946496 -39925220 -188188560 -233821712 -424753248 -107744392 -46167664 54154680 -51663952 202966976 -48232952 264430432 25863384 339525792 209554624 275633600 -605177344 -280158816 -113680856 -177284544 -285851104 -293209184 527197056 258557856 18434366 -150609584 247720736 -473257152 -214879440 -73198408 -181440848 -344375808 -169131184 -359726816 -73299432 327697856 372005312 447951040 59887668 148331360 -371490272 556907840 471387584 -53476656 138327728 -8017513 347022528 95339104 -40875208 -440206624 -573424128 -24042402 
-187032208 306753696 136257888 392708768 96258336 477920800 -18544880 143515472 185669328 -216963184 259084544 -164085520 179529632 -285834.5 343479808 -33182370 -197462608 -433096672 1532665.5 636724416 116154160 56327228 -317785440 -465573952 -82904768 -312446176 281400160 32824514 136590320 -466190496 -373909120 26701592 -318671552 -134576736 -265290416 -275920000 116714992 -145223200 126009216 88969936 180526736 -461339296 5874304 532618528 330791712 -127288192 -234807952 77770920 -225935376 -24121118 477034304 -58174964 -89809280 38462664 -202114112 9152556 -264020368 -511023136 -141806656 -206464768 46120900 -81407976 -232265184 -166591456 
-118500032 344662912 -45036408 182528336 -193042336 -57480200 -128002784 26501142 133844896 85379680 -17125004 144146976 -249449056 203159008 70956736 239526736 -231843632 51290728 -226823696 308526784 420997152 -508362976 -242720128 -396170016 -56532280 516813440 -14669382 12396168 10890014 575220928 -228267824 205944256 -83850856 -60507604 122894624 203488192 110651552 -269974400 616643136 -189510320 104702824 203862992 77472776 254929568 -204063392 -167334384 -84340336 -236063216 -127887008 -370013440 98194696 90438808 -334635040 108430088 -308582528 -19317490 125706832 502830 45878264 409110016 -91287552 26577674 373388832 -330583936 
-356582144 105922352 -109858992 -567606720 -112190776 111849608 -334605088 387850304 -176810464 228685792 -258633600 424977536 89949296 -408830560 249294480 -24835806 224318784 -95428768 166801408 -318467808 -132726272 -92379200 255099424 -224800608 -75113280 208996432 436279488 -116518352 -18572862 339456832 406226528 138372832 252056896 -180237200 -401055648 148732688 95237536 225877520 -354524064 92849576 123902760 124467144 -287410304 274014976 -67457128 52081184 -126524920 -455243232 142453376 -241498752 -478825984 -9561909 -167345696 272691488 -253437088 348338656 -148741584 361082912 -20471454 -376901760 55436892 303061568 55222584 -104439152 
-294912736 289830944 -70286432 -56812604 -149329568 456201536 -190762176 -51689100 413165088 61309928 246255200 655796736 -94615856 136407760 -65033268 -318178752 -112055064 192301584 47965192 402047680 -80059200 415653792 268526912 447394400 369052736 -335493504 170525904 221934464 327431040 -351176352 -322878240 -267678624 -297977984 139129072 -586150272 220875744 -35503888 -82628208 -320461952 -627942080 -200866416 -291572352 220136496 529050848 -33798440 -283499584 -49690800 -165531.5 -266760544 302221472 234526880 147708848 -462013472 46908868 -94899152 189496672 115171520 -266220768 36158840 395183424 -299541536 -423313504 -142701376 196938256 
1686964 571537664 162970512 -123532184 -590674048 -90787056 -335979456 64839324 -415319616 160253392 -114617344 -140033648 -88736832 -27541302 -66333304 -325250624 205423152 -194669952 -190740848 -295145952 43618088 -35064788 144683360 -220283888 -199948544 -470128448 -160146208 -105948064 225435568 93240848 -149158528 167773312 2786064 179789536 -300274304 -158052544 19476652 27564624 191451888 68845808 391624160 156032096 236162464 -29475810 61142280 225055536 -78437680 316258560 72481088 160744416 -313258464 -14369013 -399076320 153328736 -58707152 -126510104 -498516928 77628464 -699883328 104349152 -716480768 -41963036 -147031808 -225485312 
-78667696 62131408 -109441920 -273569056 243006560 278532832 234644960 196436608 -375007072 240305088 146808128 -85623080 -276644800 -373601568 -230560640 435012256 91458024 143924704 73925128 -703734976 -64273904 79461248 23927986 53709276 208915504 -40992012 -176509504 -235528848 -183272352 -107979520 -91618176 49276384 51818884 265496032 -181613664 171528032 157258688 397493536 -217153008 170997104 -373230272 392611040 51323604 -180663408 49715124 -459100384 -393884928 83897712 212121120 -6504189.5 -271481568 452843680 -2295840 -192460112 103733840 296564768 -147413808 187172736 -154556944 2662525 123452288 174010016 -553012864 -221315808 
29569316 97991824 -83165960 -58876432 -121533432 157831264 63610672 19037126 323366240 -353587328 -44853528 73587192 128856976 -55635928 -88036920 -476312032 -293223488 -258596000 441227424 580054400 60874344 23968058 218848960 -173138160 26032260 -455391808 62243772 -178108624 -123947360 170883904 -124949136 -207476784 125364952 74673280 -115425072 -150769840 -22255164 26758722 -258021088 239344432 -113529640 -225742928 57605144 352737760 -396220864 -222254912 44653496 -106014248 78896336 -84714992 59748960 379563040 -407792448 134069160 178978880 -525471232 -324379872 18839178 -97280776 164530992 240591360 48046268 -210136432 -124842576 
-308466560 -44691984 190078384 -222321232 -42984448 -174449920 -243265392 -120374208 82799624 -38784928 -305578848 -141699152 219667184 -110010368 -219426928 -141276480 -444014688 -179222064 -60250916 92373376 228287040 -326569152 74927304 -22486568 -252248528 -27144216 274084192 291907904 -130036560 -117629272 508309088 169160208 74799664 159785792 277025440 -5575870 104621040 -275661120 -156980352 425444576 100693552 439499840 -361574624 -21326408 176259488 -119481936 -142539712 79961376 36843220 -214411216 -274433920 -107149344 -232128192 78715448 516378272 -181709952 59037884 166137888 -74213464 84518624 374630176 566126208 -148105008 -315766688 
-182924400 124088880 -381910560 -354487904 -137423264 326784928 143776208 -107512264 -201379440 -177608112 85173512 422767104 -622944512 -480959008 -12282821 423847456 -46538088 179308880 -19320188 -196073600 -277730752 301301664 -223388176 207367888 -296987872 200201824 -389200800 -353571104 -96370536 -23043174 28929618 98777232 95753232 -18627776 -103274032 -61405608 51838856 295340160 -277245920 -362429056 -159443040 564079488 124645928 188512672 -272080480 -384277920 331886784 -230799504 -139546800 321429664 -130682600 -5987643.5 -466340352 60596256 -47290548 -407644640 381510528 -93497096 -80559280 309135200 2976460 -103681208 -433512288 -43398476 
194240192 -103509312 -113051136 451693664 -67753496 -400909312 -152497296 -115594688 -499243584 -70933672 -423521376 -275879360 229245392 144517312 -144573504 186728832 -528115008 191677232 101009592 -20720736 -270734272 162788000 -178389264 -125741296 300340160 -604287360 20546402 -201733888 -113983264 -35613632 -129977872 213000512 44000044 -83755920 -76469288 -26989468 191803200 318351392 76772720 -198708464 -195159776 99608064 20929728 32317156 321636224 -196228928 -149002944 71732736 17125488 82630768 167470976 142966848 261023856 -83747592 -33120836 281220448 181850928 157431792 264373232 -78030704 -371590656 -104575296 88519408 -47851616 
112637200 85087496 200895152 302266944 -360778112 68677048 -623244096 107206936 -202089200 -62684512 290031872 -590249216 35691784 149692272 -198502496 -225645824 581969280 -97067808 135443536 128195328 196490272 -251231344 -15503448 17713688 105567200 79882880 256860816 -472376640 296266720 230595456 -170273600 50733236 -224835136 126765008 -225248368 108483216 -75410704 -40664916 6167012 -591776256 4178694 20336268 3981660 -82753560 168869056 212860720 173108768 589196288 222105632 138999872 14808356 -5587539.5 4327860 -357922144 -379378144 520837344 -530702624 220832384 15113756 -271877792 -269533440 93177472 177718384 409622496 
23314742 -236526816 -27135260 -250049856 -126731280 58760628 -249146784 -412962976 258569952 289416800 121823744 250806576 325075104 -176183088 105549352 -40284484 -434357824 -405923616 -436904352 -67579112 -120710056 171622000 236355424 32374636 155725600 951272 188567568 362977632 117817872 -130927912 34695412 -66613996 -29977928 526321408 201045552 264693920 20227896 -531338880 335481600 618920064 436314112 -178966048 -83234256 -17956234 -114683704 343722976 -239729600 -18350556 200637792 -51882320 -444848000 -475062112 -462566272 -141231648 -230135536 -26277976 315248416 -241734784 -202343248 -213341968 92543192 -293510336 184255728 462335936 
-28711120 377875968 -125435872 210638272 -207716448 185388464 357551808 51839016 -507779488 -150560992 207973072 -93961248 -29307212 -124626472 450669120 -90388448 473311936 -239162544 340664064 -135078128 331861056 56623344 -330583808 -7926764.5 -190678688 480845888 -73408912 -78485600 354486496 192860800 185176336 -255839440 -293762656 -212339920 -113764376 87411608 -156701968 -107867808 441824480 -327308800 -72747016 -394519040 190495424 -270757856 368331488 -281294560 -459997184 -417033472 -338081664 304291744 107262984 -107790024 600700992 3046544.5 -265730592 342195328 -415473664 -284384960 -129737312 -108427448 658485824 -49876332 315013408 198145008 
-328868448 174303888 639108928 -210822416 133660624 -5479509 137882016 99272248 -273877248 -178442704 -478660608 252708256 24170028 214648928 348602368 -23894618 176579312 102369112 -7296243 431038944 216196368 -89543808 -200158368 -84865640 -69073216 340988768 -189541776 114204032 854250624 -209817856 672409600 123082520 -111705232 25716546 254882672 -646056448 -24467594 -350509696 -139544768 115442096 291266880 220202592 -91629576 21199440 158656752 59235104 -244991696 -369013120 244879040 -580674816 -159285472 -156368304 -54435560 -187117552 85569192 -70842624 242651200 -300837984 396755200 206742320 513191456 546572608 125856672 126377240 
164965840 -400582016 33152232 -412745952 424256096 65033040 -406410272 279927872 2439272 93212936 -141785104 290920928 -7478416 203028192 -69336336 68208752 520979840 178380352 149122544 -33090436 -223802624 347362240 375948992 12574137 258541952 -345312032 -41347612 9911720 -254820096 192380528 -104036448 -237038736 11463372 -214569248 -460996288 347217728 -452055648 4424688 -84086128 -147855408 -434026464 -270530560 279322912 -10461968 -401870560 -159689552 503933312 -308495392 65050084 94482224 393069600 9673012 -149435024 215980576 -404250816 58999440 170209296 -23746578 382243904 121361976 -269755008 -42526456 -135485184 197687776 
-320504704 30728666 -82673904 352828608 56276824 -24977396 -55679272 119054016 112076592 1594152 -269095520 -496295232 238633184 269888704 184906176 -475583872 -103995880 317750272 165949728 -174975488 -50022516 77873240 144164240 -43549448 -181584896 -264020512 -78689616 -325564992 -293832704 119095432 -290388896 609760128 111846080 -43995856 268636608 258851584 31069800 456851936 250182128 -105414912 -80452456 540540928 360368544 358775872 250335024 636751872 363489408 238948064 -333327648 -237664064 -268106192 34257156 172806832 312016992 -96726656 47856700 114625136 294351936 -44754048 -113067120 -135282176 -100578568 -45275412 1616124 
-35597044 278196064 -171080736 270889216 -361914176 -297397856 -202086400 -403522720 -99457952 63543404 38935872 74352600 86989624 -81993296 374379520 -265341392 -370274720 -350322880 402703520 186422096 124701968 315558048 -64156096 -340837248 39861324 -601687232 293679424 122988752 238299456 -218130000 -373667456 28064320 92446096 -44952864 22837250 40026412 -346267520 88108248 -75051560 218143952 624031872 136616032 221147776 325126848 148576288 20959116 -92962768 74711152 -126798960 121465352 18261624 108911520 -141285536 285865408 -247390688 -280800128 -556428032 -226540976 -187261504 -43052012 34738376 -355648864 -149524960 -214225120 
-220601600 -140536384 -348289696 -265567264 -419498624 49495412 -242913296 -253671616 23950924 133929712 320719872 71469480 298901152 -384344896 192876128 -8655990 -250340128 -219741968 -403722720 7484350 -419607904 463311552 94613184 144253200 158336240 152626384 540492416 278886272 42113000 -367158240 241103856 252519328 405651392 -528241632 -208512368 67264848 302988288 -1632235 -181841888 105268040 370095616 -115060768 -801371776 -24062424 -146751360 497504768 -56672888 455913440 -214359824 52313180 135646432 -513533184 -230995408 -34825848 -684512768 -221537136 417933056 -49341792 405558528 -155848976 -144832928 -6531757 -101639568 -174222496 
-156745632 104676760 28603594 -199560720 167729792 -340013696 -71870480 117078752 592976512 -25475952 203323680 -327827328 282025184 124358328 -205668144 533743808 -24500720 -168353584 423911360 85566952 171907520 -114130016 -26688776 -578704832 66627976 -76580400 -20978278 284556928 91295608 -9427466 -381650304 126427528 201984976 -62757260 -276414912 167751088 -152772096 -34484944 124611152 264923808 -435876832 121915560 2360430 -42064040 235669456 -24697962 108004968 116441400 410152480 337099552 -408702624 212209152 -113329440 -61220140 -77570856 -84357400 -741753024 2551224 -54966564 48681900 33125728 312219072 -291330016 -873258240 
