10 10
-0.37743365764618 -0.33071002364159 -0.99658358097076 -0.4726565182209 0.74572491645813 -0.18145257234573 -0.40131485462189 1.4432470798492 -1.3025740385056 0.33800393342972 
1.4584641456604 -1.4762492179871 -0.25564977526665 -0.74206972122192 0.48488280177116 -0.34622612595558 -0.48467710614204 -1.871581196785 0.97365999221802 0.70385473966599 
-0.78016424179077 -1.1913765668869 -0.30215328931808 -0.36760607361794 -0.030481711030006 -0.042235791683197 -0.92407375574112 3.7752184867859 -1.830628991127 -1.5831743478775 
-0.7257034778595 -1.5222613811493 0.1699330508709 -0.86081713438034 0.042333405464888 -0.54876416921616 0.72822237014771 0.59240520000458 0.35826790332794 0.48743346333504 
-0.4281966984272 2.077657699585 1.7494949102402 -0.98923766613007 -0.51436692476273 -0.52942264080048 1.7611602544785 -2.7210125923157 3.1550531387329 1.6311122179031 
-1.7509919404984 -1.0119099617004 0.51373368501663 -1.7927463054657 0.35585871338844 0.25804489850998 0.19454190135002 -0.22085228562355 0.55196559429169 0.68079107999802 
0.47745132446289 -1.0254119634628 -0.77639317512512 0.74634730815887 1.7497214078903 1.6475417613983 -0.92507499456406 0.75589227676392 -1.1866122484207 0.14620101451874 
-0.20974889397621 -2.1847991943359 -0.38277184963226 0.69138121604919 -1.0656822919846 -0.46353271603584 -0.98641896247864 1.5079556703568 -1.0758411884308 -2.2474994659424 
1.6170191764832 0.052314184606075 1.4337952136993 -1.0731347799301 0.61207139492035 -1.8098472356796 1.442902803421 -2.8007924556732 3.186961889267 1.4152468442917 
-0.18818329274654 -0.018088363111019 -0.1072108745575 -0.57642990350723 -0.11540840566158 -1.1721597909927 0.89045453071594 -0.45767015218735 -0.10826645791531 0.66439133882523 
