16 16
42813.375 769.44091796875 -31204.75390625 -5148.185546875 6987.654296875 -8965.5849609375 18013.626953125 -6086.6748046875 -16194.095703125 -9841.353515625 3304.9494628906 -2181.6018066406 10178.037109375 -12917.875 1185.5791015625 -18059.0703125 
1705.9112548828 7723.5458984375 19157.404296875 7172.3486328125 -13244.798828125 -4756.0180664062 -6020.7001953125 10410.5703125 -6227.4838867188 -2048.6616210938 6631.9389648438 11632.46484375 772.49951171875 -3687.0673828125 6440.6943359375 11216.771484375 
-22720.033203125 2984.8627929688 -20651.6953125 -6950.7529296875 1462.6948242188 -2742.9809570312 -11166.138671875 8270.9365234375 7719.5576171875 9124.71484375 -4830.5478515625 -10161.875 2532.30078125 7847.3491210938 -11043.375 -4846.466796875 
7844.4814453125 -5325.5009765625 13915.670898438 -2733.6086425781 -71.09765625 942.40765380859 -12346.52734375 -18569.76171875 -25273.27734375 24251.138671875 -2574.892578125 3568.3342285156 11662.297851562 -2580.3171386719 26888.134765625 -538.42919921875 
4499.4711914062 19118.470703125 7923.0922851562 9966.6953125 7750.0473632812 -5383.7973632812 2697.5131835938 -341.9013671875 99.65087890625 -28995.72265625 -10870.328125 6160.8364257812 -4343.4985351562 8687.8515625 -6202.8837890625 10491.98046875 
-2890.7299804688 -14658.12890625 -21504.455078125 927.84307861328 -9255.58203125 -9950.294921875 4106.8940429688 -3348.3176269531 -36985.609375 11121.0859375 -15434.82421875 -8958.69140625 -5472.4794921875 -20342.822265625 29961.23046875 342.64733886719 
-8919.25 19436.052734375 4638.568359375 19140.0234375 11041.50390625 -3925.19140625 -12308.778320312 6751.552734375 29449.923828125 -22627.46484375 -10066.787109375 20763.15234375 -47583.6484375 26338.37890625 -32946.31640625 3384.0380859375 
8007.2880859375 23557.869140625 2496.2741699219 -11536.015625 14328.8671875 1799.9566650391 -23502.64453125 -6255.76171875 4524.1977539062 -25969.654296875 -1515.791015625 4475.9404296875 -14764.0234375 15565.9921875 -23097.76953125 488.09655761719 
-14136.569335938 -18123.525390625 3877.9743652344 -1538.2614746094 -14413.810546875 -7259.0439453125 -15857.265625 -379.17504882812 8980.228515625 10123.056640625 -4978.77734375 14577.05859375 -13994.208984375 57.270050048828 8282.197265625 242.02435302734 
-5004.58203125 -10699.736328125 -7857.3544921875 1377.4727783203 -11259.0546875 -9620.244140625 626.9482421875 2000.4295654297 15173.974609375 -1436.3952636719 -997.05773925781 19893.095703125 14827.873046875 14299.869140625 -6475.6396484375 23891.33984375 
7034.0625 -11893.44921875 -13847.255859375 -4859.6401367188 -15472.23828125 -7859.1748046875 15132.37109375 -501.03125 -42131.03125 -7523.5336914062 -2646.2788085938 4928.3686523438 11887.666015625 -1777.4689941406 12124.608398438 5357.2875976562 
367.15893554688 -5969.1489257812 7687.6020507812 -13581.763671875 -15476.513671875 -9979.4130859375 16146.118164062 6013.6611328125 -26969.806640625 -7402.5991210938 -13885.015625 2433.5139160156 -8872.2802734375 -18655.009765625 38305.95703125 -34374.86328125 
-3857.4267578125 8660.126953125 7953.0336914062 -11558.366210938 -10709.922851562 22062.943359375 -14320.724609375 8601.619140625 -22995.609375 -1530.8564453125 12831.740234375 -15815.147460938 19240.71484375 8581.0126953125 -17571.423828125 16407.84765625 
-2003.9497070312 17360.83984375 15200.100585938 7819.6274414062 809.7119140625 -8593.0888671875 2299.994140625 19379.41015625 57902.8046875 3926.9819335938 -6284.3232421875 10003.459960938 -23272.1328125 9421.205078125 -6140.5546875 -23769.35546875 
7777.2568359375 10722.193359375 13055.161132812 7225.423828125 32364.19921875 13309.450195312 -15551.749023438 -23271.390625 4028.3784179688 -2745.3642578125 6704.9887695312 -9568.13671875 -22473.732421875 -2531.6203613281 -12183.904296875 9213.1865234375 
-27022.763671875 -13982.836914062 18127.359375 4820.640625 3882.341796875 -9216.9697265625 -37578.16015625 -20871.095703125 -7649.9233398438 1008.8466796875 -2190.3811035156 20228.66015625 -17042.775390625 18247.794921875 -4972.04296875 33813.046875 
