10 10
-964096.25 36473.765625 -502309.15625 227706.5 631520 -469413.375 -383725.65625 491983.75 1226196.375 -972495.4375 
-570315.3125 259073.53125 1185709 950729.875 301009.5 1625276.375 759361.625 -867523.75 -468297 -129869.734375 
-521571.96875 420309.875 2039668.25 -105417.125 123392.15625 1986844.75 -1185455.125 -23808.916015625 690098.875 659027.875 
115767.0625 627690.125 -471347.0625 -421998.625 981908.3125 -1746396.625 134829.875 537578.875 -156231.0625 -1729283.875 
-2076693.625 1185785.25 783742.0625 230260.015625 -786212.8125 1263716.875 -44523.5234375 -501068.0625 920946 -1816407.625 
617313.125 902045.3125 498933.84375 -742711.5625 -722921 -363053.78125 -762060.875 457064.0625 -663422.5 333629.75 
-1525531 1498709.875 42607.046875 962954.625 -651595.9375 -1615709.125 -71928.875 -582191.75 1030920.0625 -787748.25 
385565.8125 -2860967 135969.703125 -1770999.75 1680005.75 1766914.25 166935.21875 1490205.875 195393.734375 -1542297.75 
2686647 261276.984375 696852.9375 -786383.625 -977259.125 -380610.125 1295604.25 -390578.84375 -1137081.125 3263032.25 
-750696.9375 205739.828125 -1360471.875 42798.109375 375860.46875 -64451.265625 134487 322785.5 1586741.25 -782182.9375 
