16 16
899177.5625 1157597.625 -1666876.625 -1156219.75 619366.4375 769887.875 -1269198.625 -142701.046875 -745181.9375 -1045887.8125 -3445572.75 -1087069.125 -544334.3125 -189006.625 12567.3125 1171524.625 
-1148889.375 -697450.75 1263240.25 3865726 859913.6875 419024.1875 318157.1875 -1699818.25 3022287.75 -670474 1248111.5 -1509213.625 431025.25 574471.25 1809042.5 -3054899.5 
-769984.625 3384744 283216.34375 -65122.625 1319722.25 1649926.625 -1211496.25 -37892.9375 9420.3828125 -1050576.625 258169.390625 605192.25 -679642.0625 -971353.3125 -2387147 -904649.375 
-4013795.75 599147.8125 1799907.5 3615159.5 418928.5 -890861.125 -354747.75 958117.4375 2186356 1336330 2119011 -33796.78125 3473280.5 2253092 1504874.125 -783762.75 
-406730.59375 -9238.078125 1845727.25 543962.6875 558212.6875 -1381481.625 591887.75 -1319755 1700046.25 -276911 184596.59375 994957.375 676336.375 174221 1597253.5 -1486188.75 
-324687.5625 33691.0859375 -2144347.75 64020.59375 62615.1875 -251212.421875 509112.6875 -541958.3125 290553.1875 -1791914.125 -515671.0625 465539.5625 -513776.03125 1114040.5 261215.34375 292075.8125 
-2716279.25 -1398320 789635.5625 1963959.5 -150613.390625 -1431034.25 431468.6875 -142453.421875 1314341.5 -1172296.75 2409753 489514.5 851972.875 1285380.25 258806.4375 -1402783.5 
374878.0625 1058011.875 15601.921875 -196504.453125 -862856.4375 -124182.9609375 672881.0625 465225.3125 -75868.171875 -1546821.875 196896.203125 -1064001.875 625001.9375 -405893.5 -780378.125 -616585.625 
-2718055.25 2058628.125 602073 1676255.625 -1683297.75 -167388.09375 2153964.75 -771776.3125 52174.9375 -1440186.625 711458.9375 -936858.125 -149408.65625 364513.25 522400.4375 1015283.625 
2186279.75 3032418 -1831123 -1674465.875 359774.125 953620.125 -1462612.125 -1257151.75 -823885.125 655024.125 273845.875 -1436698.375 -3207732.75 -3153727 -1680715.5 -957731.375 
-460775.0625 -2106253.25 1352229.5 -2118092.25 -850475.6875 -1704352.5 686591.125 574258.625 204870.4375 274769.03125 210390.15625 2909870.25 -41827.59375 -1367387 -1145714.125 1245658.5 
-2030113.125 -779136.25 -956248 2403074.25 199513.828125 -1695496.875 -889744.625 -311633.71875 968373.5625 1756535.25 1947300.375 311860.9375 -334175.375 1274948.625 8012.8125 -2010222.5 
-1764897.25 383056.5 1955915.125 1396412.5 -568079.75 230144.09375 1658509.625 -148829.28125 -386429.4375 -324751.40625 1906725 -1005435.375 466601.3125 -830564.125 772929.875 189181.78125 
-465982.8125 330918 765646.75 -1399319.625 -1694534.75 -1453211.25 875170.0625 2796351.5 -1254967.75 668507 -1614324 -2402539 1471913.375 -1189823.75 -647823.0625 2405864 
-191003 508007.25 -403235.5 -267532.21875 738436.125 -476712.09375 -1499978.625 335548.28125 258733.984375 -2368994.25 -1901566.5 -1814293.625 412303.0625 1147908 959729.125 90016.53125 
-1564852 2110493 1994099.625 -413864.625 -780863.0625 -352082.4375 -733242.25 392827.46875 414452.4375 476030.75 494762.875 863279.625 -73967.3984375 -1633115 -1666269.125 415966.96875 
