64 64
-188430400 310504096 105645128 -146847232 135290784 -72968688 81504592 -229911712 -165760800 1655480 -137349648 -258181328 123738376 156222720 190535216 90702432 65215356 248154368 110866864 27513782 5784184 425982272 -229934032 367436832 472889056 -88590504 116671896 -12397751 -26441904 -8846648 5998992 3876297 123505712 494515328 -287041056 421404224 318670208 189997696 -354226496 191278896 -14053808 -329534432 -200553824 29886216 -58033688 148614224 86462224 -387408320 235402496 -25939558 234490400 -102773024 -123967712 -303683680 -190196560 -389817280 -321567168 3646248 213160144 -543187072 -501238752 78769184 54940288 3358812 
244362384 633173056 185249952 11093753 32111648 452770080 -235314384 -186289936 23407434 170663248 -303599360 44039660 417051840 -231521984 529333504 -205622048 -223801568 -237687328 87864768 137873408 -575176000 7122274 -355770240 595194880 571531072 71805424 360042464 -337991680 -16157196 -173502592 517183872 -77493592 174967856 139921552 -271856960 53523256 -15902546 -420621 -315383904 22148044 121123896 -171374048 -114747032 116083968 -36811976 -127232672 -445528768 -142496960 243680576 176047728 -68881712 46322928 -276988608 5000298 -91892800 -795804480 106371736 108011912 76511144 557034112 -270504832 -170078896 296636288 -288809792 
-106449536 15820897 148148720 -159228432 274836704 76958456 303686112 -129953376 237112416 -298312224 267456896 136208864 137509968 129503072 -260609440 -6462246 -60548740 111209184 645600896 -140638512 58193360 -153948368 141233792 -88720496 -640842112 -10969872 126886816 -60346392 7921200 95469176 706996224 95447408 170950608 -40744352 201942960 -59848320 387030400 49718276 20375628 155503024 114668160 140246416 250025136 396253408 14989788 275900896 172042576 -199531024 -91528448 -199909904 -36170680 182750592 30181358 347817760 134445808 40058392 175799328 -272875712 43477592 -279144832 -22895220 -91421208 -485592800 -50999696 
231444784 -379085952 88281960 -115761176 177980448 177991328 63715968 -254897696 133463496 50217096 39270772 231861872 383495584 -289157216 305350368 37650464 -75913304 -405324992 600253888 -292396608 83806592 83435944 18705078 -13651074 -347284960 201850624 -234376032 125190320 633532992 181028288 264281056 -79976960 80308504 -202315296 111420464 558079104 -197980192 20447468 -54997516 127219784 -175535168 -45086132 196524928 29532292 225354832 345373312 272818752 -757706048 -221958688 61265492 42795260 26998332 -71854648 -25993420 33445262 247986224 540115456 -351897728 14596008 -290041088 -239540592 271064896 506419424 -88655600 
200513632 -846801344 -191470176 -41007296 -415301600 -49827144 372866368 -415830176 410123968 -338515872 64565440 44928480 278330624 -622456128 278345600 -53258888 -254559360 373249152 384641024 -413236416 -589826560 -15782310 -242847968 -356126720 208104768 -323741344 23604960 -233787248 180148512 -180964192 -298366816 -284951872 97327504 -26837136 27560920 -142074512 58957848 -119114248 -297808896 149786992 134086904 -754060608 -256211904 -279821952 51140184 174543040 518744640 -114509504 -292082176 -147136992 39037512 355961728 -36897720 -35533884 453422592 230875312 426686208 228728800 -386317568 -420308928 -507706048 492114144 87551000 76487384 
-68202160 185451792 -100787112 -221416224 -31180004 57370092 -227374912 -565008000 240770656 -13093072 60027768 24419468 39645152 566785536 -429852448 21788660 -422645504 -127450128 -128855312 -221771856 410042464 -54989672 185978064 -251472208 -154368720 -90779136 -41415592 -76144928 289930528 -142446624 -19933992 125904976 51889480 -46745140 39418428 -89701392 -432966272 -383626048 -65246648 -83335040 324761120 212586784 180023600 281416928 -154303056 405946272 -147642192 -745580160 -348143488 110584056 -405966112 201142768 302979168 35888328 -390664768 -85282904 259319984 507303680 326793568 369452896 -332100704 26643110 250775040 41409208 
-546046144 -97774560 30108360 -147971760 -140203248 139835024 -39543100 156575200 -164876336 -210391136 61072800 104550720 92430080 490828064 79443160 -136143712 527380224 -318190592 75398816 -380750848 136971088 -101356440 606720448 115352056 -209708944 77290272 230163936 -172432016 129495600 -9174813 117176760 289316768 45257136 -133087976 153115664 341685600 392435744 68396408 162149536 149928448 199172720 73149992 243900176 -162774432 -226360400 543434432 282367072 89770016 14739238 183606752 -371313920 -89966792 -145942960 -287032800 16154872 112428272 88586184 111717648 240609344 -372768896 -30449958 107286880 34019280 -23759446 
-80023416 -436646496 -224498144 198842528 47069980 -81908792 82472392 -276845568 -70273136 96082880 -88364592 -141644416 -294628448 -294092096 -12619777 -565383168 572221312 -13711848 -74484256 -450916544 -173108032 155000896 198009712 -505668288 -109595736 230693200 33974040 449231584 -29101472 -28238444 -660186112 34653276 46911200 -490476640 174856944 528152512 139638160 217781344 194614464 778904320 448958752 -286657984 265893920 -290980928 -271173664 386752768 405921248 -289664960 -507477888 242959376 450773120 191371840 216784512 105016984 -295663552 -218481344 -446891968 -557400640 -121905880 -96363680 -151147296 186474336 -124286328 372493024 
121915056 -150105584 299039488 -454646144 -86009168 56331760 327907968 102253016 -309607968 407250624 -25786824 391036800 -162423120 523615456 170335296 -231899568 -162884304 158085088 315813056 -112047152 415019776 1384094 68759576 127483368 246674656 -265897824 34393104 172928688 -40754484 -30168796 93095568 304794688 352641280 218420528 20035872 112992832 -200776192 81369408 250907744 -550118080 121715776 -173787200 157420000 89850728 1020744 -95454272 35916404 -38075508 262186288 -509383072 126925168 -371809664 307378528 490386624 38517740 88682944 -91044048 313311072 -306965952 219637248 86850272 -197727360 -301962016 -318937984 
-121892384 534391552 -31846262 -19906560 127526736 -117202856 -594044992 -158574880 296381792 53186224 -264948896 15493916 448782880 297205344 155570160 -117624880 -133349288 -346234624 -305390688 -598979520 153263104 268722656 15383745 306010688 105552904 170077392 117374856 -277267904 52376536 41262408 -95586872 -132766632 -302592896 -194373216 -180856144 -299575360 -428209024 30893224 73730760 -143511136 -77338032 -199175200 192895280 -259154992 184473152 44567860 150998688 -84549200 -725092224 76808880 -298786176 -102424792 -59807588 85574424 -144408016 -746156608 81384080 396697856 84236672 339195552 -92321240 96277880 490090816 -338178400 
-275714112 -494059488 -101272576 -667538304 -141552496 92731360 -199601616 -265641344 341941600 533874176 239103776 138265904 5488029.5 85728432 -2747315 -303147776 162764704 -111853072 245044272 39975164 109337608 -100923384 509783296 -261034240 -570462272 -272663040 -174961232 -86438744 161418640 460229120 -224858560 -250191584 374808640 -616685888 223202464 193238352 320345248 403998976 246899136 247598048 196154224 34920440 2854474.75 163754720 23371478 271353600 -63385284 -457845952 -142375584 -147970256 -104548216 122064568 -73480936 -74675632 -192322032 -31196242 -106012576 -392172992 -146052032 149712416 183702160 227228784 -234417712 288914272 
-258333760 362477824 23491100 40512928 -292061248 -30416834 -264154192 277090176 -29713030 40459952 237659424 -28518540 31855274 -420030816 325664800 225427472 -220295984 63849544 -96865208 -41276968 174726000 -308514336 -334963008 -25234122 98324856 -255979360 437899104 -344306464 28628554 134066168 -23014108 -5617062 -187613728 200838976 -382308800 18989412 -226196640 67005708 475471552 248833120 -50116172 -40372792 -437877792 53042420 -222948592 -232326448 -90731408 -14276632 198722224 -216342304 -59791744 -118982480 31095026 -158869584 45790792 6611422 405344288 249755648 233722144 -342836544 45371208 32467896 30244330 146914208 
46258228 -180613328 246949040 164482560 -247082256 55748500 173163840 60963040 6501472 -153930496 365267936 -322925152 107901488 -283290368 104777528 -3199155.5 72357888 225864512 96609920 610043520 -338007712 105377912 -456319616 -376867968 -216698048 -327471712 -31938934 -410557664 188859040 193127776 379501088 -173751440 -464838848 116359760 116429512 147069648 414384160 -93256256 -13000856 54325060 136219568 -9974964 -249911760 -355131968 320528768 -455840576 452624096 -194727792 -142314736 -230976016 29215064 -261602224 -51042528 -184957056 298285696 210351808 31915288 -134212848 356953632 -519193888 -202852544 -27612418 -158292032 -132558752 
-62844272 476296416 288606240 -201511424 498462496 172638624 34398280 24645506 -113259320 324662208 591840896 -64333544 -77123552 -102108024 243318672 -8218552 -371531712 308753664 581437376 -126297328 309567392 170915440 -105067824 -218401600 -78017792 -230994912 43587632 -70475392 44731768 -140519264 24308520 141395456 -2885692 -225722432 228692224 -168755200 -286506624 425204032 868123008 -81773168 572223744 71460640 -384895808 25371526 -64486248 314888704 409304384 4457568 -161758688 -538001664 119108688 -313445952 115308464 47930704 -477307136 310610880 175393472 -527594496 163009888 -1783672 488825344 -44244984 -223301792 -58133220 
-611899968 592450752 -264036544 1644850 38726604 121672096 -23552898 135190208 -8521914 26521898 -2052590 298461952 280866112 107215008 78560128 -320898432 78597352 124965720 -307663808 -498850272 265478736 -325904000 -36949328 -72833432 463026336 -108482752 372187232 73934592 -615532672 -56349944 -94819024 111749312 -76402376 340145216 38267148 2163059 -363866816 110375624 258852288 91310648 369283072 -291476992 -142296672 19637632 -170301888 77493952 -185916816 -382148256 382809248 276132608 148610576 -330427392 186605680 -138499184 -329565312 -343278112 64344772 82145616 72760560 -155505200 -25651338 29284944 46352372 237658560 
-257673104 15413641 -21722642 -98905592 93349584 236872304 413964576 -39487340 -39727544 64448772 89746720 -164633056 93251392 169705008 263425872 545281664 -342833248 269030432 96601840 -92351752 137864976 366269600 -155306464 312635008 66063108 26773760 -107079400 -14479505 272884128 220928416 112722688 201852960 56335992 108211328 -189025728 350020640 -41505696 354285856 -339570912 -285029568 -86235272 -105123088 60703944 141344848 174128624 312992768 133732552 176042096 -33111124 250516416 -297697120 273438784 61651268 -127518328 -84112504 -1052844 166638208 -246193792 90493984 -297341248 284941536 385549024 298358016 447283904 
-345515552 305455104 181171264 -349251840 129036656 -386293248 -127659184 317179840 258985088 -101203088 -531082528 577362624 -248362048 399004640 -158614784 -129036864 -20501716 -298475968 -492822560 -139025136 331795296 61244680 -81005080 98456904 -1552112 -3734536 264718192 361979040 -262234688 -219372592 175888704 51757188 238288928 442168384 -187355808 -268584672 -186818176 -72417168 -271163040 -152311776 -404316416 -20393684 260202768 275887296 382765728 84799832 5246272 -69288 204452320 -72518664 -86788936 113289712 354599520 952179520 -140631488 -469017856 66556588 356426464 -281884640 3027332 314532064 33561272 -520326880 -151312032 
-191024480 -219472928 16059320 -57869672 494128992 -166802256 352140384 430832160 427873600 62293428 -116446872 -344847168 3430256 175035824 5248066 138680704 -127717960 187832784 -348263776 -123241688 258998976 274020224 91999976 162910400 606894016 189853904 -384498784 50153260 -80801328 -401987136 -359439488 286038336 337642208 -254422912 -343058592 -43645076 -337214528 528578944 262738256 -306278592 427885696 225729424 -219095680 -16950432 -335861600 119805904 -59993892 103639160 -255652160 -227238128 138715808 174657136 69823696 -84711760 -24742404 -156699936 40330336 -118357040 -166815744 309515904 410730624 224556320 126444440 85875344 
-300923072 675099712 47032488 272646400 177230448 9326116 -235474480 327874304 72155264 146228992 -125050016 -155188992 416754752 -128286456 126399552 105140672 -6636488.5 -95463376 413749536 -42384800 195562288 -182096160 -26891968 220748592 32618324 59652056 258828656 112777648 445648640 279583424 244009456 175797648 -127793360 -360631296 -94645296 350558048 -307794880 268380240 -117226184 -347722 -85500600 -338349312 228990624 153233488 -487718400 30399864 63013272 71891544 -663026624 110413736 150979104 -137796288 -158194928 139020672 232991104 -831424896 -174463168 -141952192 259466864 -252809696 -263344752 436155904 249512688 372577760 
81389000 -28525016 -165047120 55365548 -444899488 13851701 -247646944 -625412416 99241688 279038624 37144244 -37432640 164369616 -568479424 -53761280 -466180736 -123273624 168522768 548130176 -499600064 -186615808 -190352352 -343545216 446345056 -216839552 -60234944 -7182050 462552096 -51249848 -77714960 87277096 -208041776 -407669088 189131696 -114350504 298130848 -46586064 103927144 -124558160 -68660280 38367788 -187441392 -86561584 7929222.5 -171068864 152845408 53203268 -129310520 -83206144 -149902544 322884160 365427520 120334328 285079104 62345624 -246932672 275802016 27992938 70481656 156046928 -14481866 115236968 211460352 -37283348 
170320112 147139104 -28382156 -8636513 26022340 -278231680 -168699600 -39119320 -165877920 -59253916 20965652 -262851056 -193831840 -63259756 79980384 17654352 719626624 -56386456 41535780 97623024 633777472 181947088 -237461088 506242656 221308112 176400592 67492056 -46435532 220210992 -175589840 67833472 -154823072 -43207112 -107730640 -371470944 -74772144 377397856 -127584104 514019392 194761840 -84116176 242594848 -306469760 198137440 221058976 -370410528 46483464 70119968 224628528 -202511056 198220080 182657552 211999728 -389227168 260928096 17954428 -287429184 -141335840 413461376 59480268 -78005656 -330593280 -161950624 -266822272 
-236576096 296838144 -348100992 -76190104 30499012 21269840 -71919424 167517312 -20106692 -156432032 347757120 -324104704 169198944 -49850388 -538508288 -85243056 -172394016 287219008 134442080 10022646 77456016 21942504 -172074448 505465792 -168498944 162246688 -597204992 -59984592 24455060 249550128 183331904 -585336576 -134459808 -12157050 -94855928 89883760 293709568 92404752 -264466464 -84307952 -17570348 138581760 371909728 -195815888 126891240 -391454592 -211867600 704400640 -64629552 87701768 89693040 -454419712 -127422488 -65866272 223080000 548626880 -360960672 426910144 -287769504 101703296 -74995024 71169344 407734752 -390942144 
-326518048 323296320 245419712 144182608 -327719456 22586860 -156048960 470310240 -102847752 -439466496 -136455072 94911464 -56812536 359009440 -248679392 -176003296 479663296 66980032 -471325984 35111568 -216415616 -129085584 -97476152 -793896704 248177248 144752608 222968576 182677136 -83727632 9279080 55493744 -37599380 -178033760 -31398912 -304618624 -246117216 356261376 -338327616 157092592 435145984 237302480 -91470160 -1777568 244756992 403054816 -507299136 103094352 273851584 -825136192 -175885968 -234545856 -87227544 219125600 -40110820 -186000064 -241832896 39233216 66910036 119724056 -272347328 -33267460 68536496 -8947881 204679744 
-250351024 -34160260 -214913184 -235698144 -364536608 -40084748 -291277696 -415999744 -96170720 -82355104 393532864 -320573408 -306209344 -18411010 -384774432 263778752 -322884416 -157638432 171029456 129484984 -11157272 -23881812 -115655488 219240192 -197164016 112066264 16145564 -413587456 -4329958 -375259424 -32091482 -371024320 -129233152 159601088 -443228352 -144519936 345744032 -290846560 96462848 -49794572 -80689200 410779232 -380977216 -444104832 54339352 458053792 51347804 126811496 305890400 -44593376 -256982160 139317792 -77524232 -773957888 173437952 850483072 427565376 -68036152 61707264 171407392 80094224 -383505632 -158485904 61409592 
-15384354 -250000320 151100368 -136481120 -49071248 -69728216 -105492864 564935488 194516192 229304864 -169579328 -10524596 -480421024 -122775048 154584768 133202088 -221307328 -572477184 -334933984 133311336 -119358352 75799168 -226147728 237690528 -141989248 -125702896 85639056 -85097208 359511744 -299002496 -19986496 -235895296 391903584 145480912 -77539776 211528864 -466655008 60253364 -355673984 -100289016 -158174576 -156390064 193604896 442957728 178545936 -106877968 159041632 497609248 -59649704 -198746064 -9442540 139578368 -69435176 218679296 688940480 -132294552 -154413344 31266248 -287414048 374046016 159967696 183920304 -185413488 409393120 
-43640240 334467520 -57059808 -22930532 13875372 -179936496 -265780144 180451440 -267405664 -17621436 491851328 -349793312 64641372 -28086132 -135189872 216780224 -164735184 237920176 192706992 155407088 204119632 -114521536 -386467040 -185716896 -103347296 -365994368 21737496 155839968 409865504 -30964176 272023456 -85523416 -197785856 75838080 -5543884 -392685184 -108059576 107856608 821500096 38330272 235770176 -50087484 -76516744 81147880 -4668992 105461456 406644640 -22776808 213417152 -333524672 -122848736 -44054744 -483194784 -14541704 -36200800 393146240 386246240 -178881920 453644224 -476570144 7433104 -11239154 -358931072 130326560 
-82227848 197641776 279995872 43998112 -37242476 95050344 316175744 -394067072 198652816 -174320784 133188784 -409680128 319436288 193297760 186377424 261217568 -368559392 478820000 -42288712 1755128.5 -54469432 -291195840 -448050944 -174365616 513537568 -580206592 -36440304 -685006400 205799952 -229309824 -59880036 -123351776 20256016 189320784 -150851744 -20878350 98907136 272382784 21183096 201558608 -150345440 -694746176 -166446944 24371096 -483505344 -232266592 227324416 -1612520 -275755776 -269291264 -450252544 -142350592 -218856880 455638528 404263072 1316852 -97819104 151907264 2089952 -711985024 -131425568 307362400 -444078528 408130560 
277179264 63781804 368421312 -157359280 448735424 -251777456 70031888 -117257352 -195355568 516005024 161058176 146709712 -84620344 272146912 368495488 -247391520 -162471584 -13948043 184162336 -317144512 154965472 22402266 -367171712 507333440 48411684 -41225576 95265584 -252040000 336447584 -66427852 -77946304 426909920 -334215584 179825296 116442464 52286024 -86777464 -48487396 185206704 -212801728 -161963536 -60767388 166339184 -80145040 -290481280 117804280 -192006608 40468328 132404296 -265181184 451811968 -83547280 158006240 203418128 -117048472 117532880 12204822 430223648 -42069464 41646700 -40830120 -1250031.375 -381426496 -86162552 
-157297216 100968496 522708768 176296784 -98878200 172931232 297252160 418564576 81073136 -239515520 349106720 173941648 -76958384 425885504 -159257408 -375550944 290163904 279018176 -558313280 -173849856 480725120 31721728 1199173 -471771232 591800704 54774532 -59928472 -147592832 -22242584 -134201496 221376352 28071264 114429936 213132704 -156076528 -38805016 84070048 39177912 238546688 38482756 62896248 -214882608 -25852856 495822144 -228421888 -410860992 -109199064 512352032 -450756480 -528197120 87628640 116616816 -377388800 -96787672 131377360 -92108688 -359280 -70792192 409755936 -496576352 293851072 7413090 -117838824 193172480 
116423792 -219449712 219247936 2639232 -637675264 522181952 -27393976 -362042848 -244679488 171426560 432344096 190631968 -133507488 152597104 45913392 -270683072 -448193312 50644068 -517219040 -332466848 -443212544 49073848 4145262 -102641728 -29257168 -385744320 58715280 15734170 206989456 -252518144 -268345488 296141888 -339568736 -22122692 224537184 434502432 403345312 -39827224 188411488 -17842352 398348480 -67418296 -43940216 7496600 -56314240 -193603056 190902576 -269262048 -245975984 -129558024 -577896000 -68251888 339802400 -181074512 -37770712 -64121492 510598272 156609488 76249328 205137920 -116384 -195839264 130466200 -308569888 
-478143552 486811616 -15340654 -279787968 202460368 -251355328 -16920780 319308640 -220299328 -192382432 -264765072 -12440616 52515988 508855552 -256118640 24943894 91158352 151081440 21262638 -260033232 -16404376 -275315136 130656880 136313024 73572288 -333313184 542140416 -62408308 -448516416 -115951064 -165112480 -15290645 322778880 -50929036 -92573392 30839712 210197120 -31357712 122654944 475034240 -112159176 -99170104 226798656 338691424 -460842976 167970400 -126689872 184015296 390598880 -216137680 26219262 30403048 -326336736 -142757280 97399744 -303381344 469930624 -115516608 173232832 -161424960 -123349376 -140135968 -433711168 -83382184 
454824320 -514563904 31266034 -18487496 -153705616 -225877760 243989072 -109941376 105040624 268260848 8310015 -39099428 482298048 -56121708 244736800 -73218120 -280475648 439978432 502103072 -467217216 -77517656 519204096 259805408 907707712 81968384 490137216 -354381472 -214043520 -17703356 220714304 167487104 -36219676 -399724288 404323648 250412320 -33486906 -354453472 62454504 -281443840 -614086848 -153458224 -1865634 -145850064 -484729376 180430768 48804436 116645336 362356896 -203814880 -179262816 276490496 195517168 368865760 -234584320 613204736 311498880 440646592 258236784 -593192256 341851232 65085320 -95874496 382610784 -688031104 
348003328 -129196448 -139328832 268957888 70240912 56985464 -102580304 -562998976 16629568 235862064 168070880 92701856 602311104 24620360 97854912 -411576544 178711264 25644784 285918304 -495254176 -213137216 -225050352 241837264 277530176 237545824 230908704 195561328 -12016703 -182511536 -38676592 -307601856 151784112 -231972192 -505300320 -21570640 467651872 -130674024 147145248 520122528 530808416 246137632 12841352 110006504 -72011032 -482473312 378857312 -264919440 -503771296 -256917472 113186872 402877440 68175176 -354415040 -291328192 -417384768 -627750976 31424156 -161460528 311879808 408158464 -200922592 -327083264 128798160 -301990208 
-78036864 -12408639 186933968 -17578712 571633344 -192180064 166765168 -90017864 -86313920 -364692384 -220956032 -366879552 -237812768 125419416 2421973 350052128 -407763136 357155136 11922845 76994416 266479 260717456 -285534880 -124517624 -96289136 218164192 -426253088 -32807600 347042336 39891772 703400768 -25208538 47441436 284491872 -369090784 87200744 -152091616 58043276 -332523584 125038280 -129069872 -49709380 83340664 -130598856 -273558848 -201456816 -4312892 304541536 -622473984 -428005696 328713408 144079328 495183776 168491536 -62546160 286393248 -135770304 412034528 -186409728 -215000800 -444718944 236516928 86188328 199342368 
34282164 -278679968 -318298432 85396104 145225664 -54744016 -270832896 -284098944 664251648 424821632 -463703584 -218893728 -190756320 56589604 81694312 -69315776 -151236608 305630304 -227377680 165578832 -34632088 -152868080 251637888 -96255584 138404032 -158709440 154944672 -263387408 51783016 382514048 -262234528 -422525728 336442720 14050330 -363484928 -154435280 -654990016 -67087632 102111952 -179266080 -395685248 327316704 -231027808 111053896 -23208696 246427872 30433614 -1704704 329605504 246289760 -10087528 418864736 -63998780 242629344 236901440 -104298960 365861312 -381271328 83296704 267037088 419965664 414293664 -73200464 658944448 
533020 -157302960 -79930496 276118176 385210688 426819840 207669424 224833008 -13267024 -168357696 175312784 -419301984 106437816 -404634304 2298719 -147165376 272093120 -106912816 24316372 156624192 64519520 194233856 -57428376 -45618868 -179843392 378161120 -47150240 448901152 -193442048 -187440496 -82249504 -26570516 354669184 -341022400 308906112 342064352 -10768840 472184768 -300308320 214040432 332949568 -135702544 316285056 372267616 390542112 -32467944 -234771728 -251859312 -181037632 -130363928 531440480 -216014656 190309616 575489792 -440725056 -229915456 -21005088 -533752672 206442560 -190379200 -66319816 297242912 49186040 204831232 
97153512 -159691376 -198159712 469756576 -84987792 298260032 -206508816 -219040272 -35294528 38338908 62205056 -420399776 -340573376 -338987264 37421448 -119630480 201467168 401836096 22365884 318199488 -116725376 64983464 -126210864 -115710528 372864256 -91516736 79164824 -133802024 -60899868 -267921136 -400604192 -84583680 132014528 -255642400 -145133440 75102304 120442848 75876400 253766784 323114336 243908992 -214073328 -128456912 -330341344 -50041852 -252672144 127660528 104487536 4787576 7568530.5 88285608 -143797888 140451792 -80587144 199565264 2784408 -337217792 -55163088 204159584 29079564 -141030528 97945288 -209945968 348712096 
286308480 -61504640 359749088 -341547072 -17046996 -367048128 -219659232 -500798944 116756712 152698464 -227187392 476516000 -273716064 222753472 -279641536 1005328 -651805120 13875796 584150720 -382987616 -37171488 501348768 -152422624 400083008 -496929600 14761808 155143968 -287510144 71502504 -218499872 3608072 -190412560 -252873056 386731968 -203316832 -310617824 -183087280 -289632480 -45414696 -98508320 324571072 273153792 178329184 -52785272 470544352 537711040 321956544 -82702976 80070120 -420280608 -80574688 485107744 -106073304 -87706392 -40531672 203440080 256061520 368494592 4447368 762091520 -280362112 -412133792 -140605728 -345473184 
350991936 -112468824 325559744 58798828 -107214400 196086288 52856112 540166016 -93298512 146354688 -514856064 -281250880 -94703800 240965888 385750976 13728580 -35465312 125997296 -481868352 402692384 -651165056 11598610 319695520 96863552 -26396040 -178809888 -13767676 -103739712 488634336 373364544 130886488 -161777680 92808568 -96396000 -338329632 -233679680 -152340960 140586480 -281216960 -269533984 -352409344 -115858496 5693304 586320512 -327216448 -606952512 -383126752 193789984 -325010016 -135246208 -75520568 376946272 -61670788 258649488 165945712 -271500192 -336152992 332338432 -202886720 81447888 -81610792 213497968 -65981096 221705680 
-126573744 342940864 -118646640 8849468 126266240 89103720 -229127136 94626808 222704512 -309426656 -258807152 -134369904 182203376 -113846800 -359646720 411908416 876855872 -5369221 -315628448 409774880 -84862960 -73836304 72862624 9264199 219647376 -15348346 100646592 -710674.375 37764912 82499112 57808416 -58184348 304145888 -95341760 -212909648 -228286416 447667840 103447624 -98465192 356545536 -141607248 4039110 -43021368 272089120 -110801632 47978952 -216761184 -291501184 202356448 374963168 -267814224 237565344 -355363936 -194183936 100387816 -291812416 144054144 -57293952 361923776 -191743808 -394386816 270960416 38153640 -189010080 
-148779840 -14617548 13109185 86815624 100877120 175746384 25110848 -160566480 -4070360 -195050720 193161040 -99034240 68297896 -58708148 -22123478 -189239792 18381528 -417825472 -541405824 303453952 -208872960 -386039072 -164176528 -569495232 12247912 168236208 83983368 -142868144 41480284 -256237184 -473229088 -450643552 300116544 -297384864 60836576 -141616800 135156768 93956848 -209191936 10089194 4042818.25 -319044864 23117236 -124936992 -325691680 78187648 -411555456 46550336 -49358068 328515648 217087008 36631396 -52866608 308038080 -232577504 -106361008 -523128768 87060440 -271167648 39805200 220819680 74919112 -242311536 498728256 
16669762 236684672 153937312 -92929920 -94128712 -208839856 -364793216 -212682944 -159969776 174439216 76198368 348006464 -55784232 -266978848 -265583024 -478743616 457815424 -137207936 77763152 -392231968 447592960 -375514336 66558476 -77972048 -161239760 141416896 -502001664 232713728 -255126576 -7037985 695834048 346446912 -14583630 433642208 160544224 -162724912 -192579424 -52872208 42790292 -184549264 -418656896 -179973920 -2091868 -90379544 -349590720 -156441312 -413800928 254105904 -61519860 22258128 414638560 -306400992 244477456 459621408 163912512 238814096 -198238816 313729024 -211561904 -252597120 273279648 -176558400 -79052608 -436007840 
49446640 537349888 -46078072 206503968 453585952 86877272 -62875908 239716208 300811648 -183700192 -238201264 -8954289 279865184 -179662208 81734480 -299907456 -191128864 -115125648 41310764 -266963776 -143204032 501369248 -186382784 90411280 291655232 84547216 186791040 7269936 23261194 -65463864 -188260096 -60440788 -143509360 -345522528 94322800 239636304 -205212240 -195241856 -179290160 240920240 272970240 429734368 -137914576 188725232 97190896 73037168 4295440 -254853408 -117363864 221861920 170568864 264823744 -430551872 -632141056 -689360320 -256749680 -546891136 -77779288 238928080 57096448 157609328 -8500298 540359936 -157746064 
299609632 126885360 -412923904 69469192 242753712 -46072036 -266937152 -75483960 -223541264 -144111280 -490106112 -393950848 -42868256 -353527776 -29648436 -72879184 95978672 72954264 -98604136 -204499040 -236946464 239757616 -64566408 178422336 279664736 171082800 436931648 272829472 176905072 -76338016 -156333808 -211625328 96926560 -30529608 86343984 119536688 -281375680 20792210 -499519008 -61109052 -226244592 -327210752 235643792 27963648 -601537792 -153154160 -66396728 461056160 -123857176 -86693872 210920944 215251776 43238884 -166512736 462359296 871696.5 -46613304 -161252960 -28373272 -76163448 -388069888 474500192 63588668 390286272 
61133472 -82313224 149006192 -225667360 -195153232 -231850960 207299264 311339744 251213280 179137984 515434144 -500116768 42890896 -148265744 -171719680 -117012488 -316242720 -116299968 -94328360 299328608 -300616160 -422485248 -23066060 -116566040 69622240 102229728 100835520 -88189608 612440320 -103627672 -159780576 -270332192 215794320 189428176 -83329792 102702192 -167460144 261432976 248717840 68087552 157642304 145503456 43892852 137621264 -292207456 364852896 223751264 18298516 434126080 -57082356 -333129536 426210336 -495346816 -81997184 194496672 345270016 706658688 -202676192 184219072 -5897064 228728848 178183072 -330006368 83112160 
2467872 -256151776 501206784 103218952 101085120 57316996 97931304 197566400 -451244576 219641680 -205023232 -31184388 -483843296 293934720 758534848 -277953344 -49034664 -145931104 80935576 40052316 -411282112 -271587424 25035846 -102969232 302811776 -39777968 740593984 -627505408 336086912 -196372832 -261695360 220724432 -134297232 -25855272 -324815072 220104032 29040824 -281468896 145597104 59174344 282350336 123249256 -101411832 -41871800 -356887872 287466304 -61319928 -339843968 365631680 -81655496 -98557704 554360512 -41568784 -530104192 -278421056 100415968 -250869440 -221079120 141968224 -336301856 7062320 -4007705.5 -145935824 593651072 
-66921280 143991616 71742000 377786624 139706112 -277019552 158011552 -248039120 -10329416 218341040 144189120 359253952 121180072 302235360 63307028 -133660536 -120082240 362412512 -15257710 -95066680 122113904 408535936 117997984 -98248464 348366048 -108590640 -269343040 223057456 42468624 -298296416 -209437472 86783960 78230288 -317098880 -179552064 176643952 -34267864 -175232944 230453904 73704128 35874640 90195336 -51903852 55434924 408610944 95409552 283082016 69496280 -140339280 154245904 320906496 209028928 17734100 -162143296 -346544192 -392690656 -256905984 32035110 538838016 -49035768 302052384 -279192352 -151204880 -242084640 
-297519616 247519856 -358327648 -134244416 -149831952 84304576 85852320 -184667280 77734640 -552434240 91994416 -28959744 241266576 -106169120 -590504064 -190235808 -103840800 -15303434 236615424 187274224 340795424 21907480 -12437880 -171106016 -233176592 716152448 72382568 595257024 100644360 -178331008 643127872 -285429312 -177365648 14107601 129909000 -292946464 -132436064 -79049336 20986792 -381975776 248729504 150902192 -396929056 148679200 136729248 -56660172 274651200 199967136 -279743040 14303758 -452756160 -238646816 98798784 116873912 -118928584 152850736 -266734960 -232311936 234667024 -325320608 240873.5 237658816 -121266304 396683008 
-97792320 -425868960 46557136 -8637664 -139653520 -157330448 160194400 236693568 222133856 60742756 246473744 257366208 228876880 468466912 56336024 -227284688 -152284512 -148514496 222346496 -510317120 20898864 32907304 100595208 -120051752 -20807168 155536512 -94660032 235371936 -7084316 39668824 -73617080 346112000 -220345616 -327072128 -91195328 181416784 149866144 5417936 -177853888 -373497664 279613152 -39415352 22631070 -223950800 -72359488 317295264 493429152 11681256 -707332096 -1123965 261252608 207571440 399940704 395575840 -133142600 -311724512 208689536 429460352 23311368 121763992 246712960 243339968 376244832 -203921360 
68166928 -74236680 23364564 -6822144 381953280 -153256880 267285360 -24560748 -102778800 -230791936 -163134144 571241664 104912832 -148571280 -179323744 121136288 38161576 102610264 -132409728 -61867600 -51645660 562415808 125115208 219830512 -318646208 384180320 -102987168 -102218888 -16511470 129951168 -200283152 7379412.5 25860120 -148934800 212140576 102468080 93951896 197078464 -318624896 15334167 122942288 149956832 191090768 -149502528 -130478656 -252453040 -303246400 -229639536 -271492608 -35351724 467276832 -252083520 557122432 270654080 108028016 -172755920 -650282816 20747036 -391635296 -111582528 -267846688 -78426800 222477568 -429333632 
212442816 120785520 223803712 119996336 -395542560 412871680 4688640 -218128128 -118269760 138778928 148482560 582548608 309398592 22565558 270500288 -287856416 136776448 -340793728 -194738864 47367116 -23901944 -416939136 423946944 -287073504 292547808 397225024 -358403776 195701168 -34906328 -193497056 72783624 99828864 -108912768 -265217088 -202002624 135466528 129584080 198378368 -375433760 -611518976 -170111952 -137264640 -148434272 -39837704 -124909424 -84663376 -336024832 48536716 -267134224 683290560 -67518192 -299250816 277277952 270747744 -173948128 -262722352 45941536 454212800 130780456 209680704 237956352 16407873 400091520 -78724376 
593772352 -178300880 232482608 -159542288 378120960 -88895880 -517308192 -229686240 129305736 430594368 -124507744 256097056 -305754400 68528872 403043392 -384891392 -19259948 -295863200 28350590 -206665872 190395984 383257312 -75564416 -166802464 -247644480 -476090496 -339009184 -297258048 305610944 115943584 176840704 681125440 117750128 -29200568 207977376 86126992 163337504 -236637952 -90345024 -233484768 312092000 4077976 491122304 110921808 459503008 -79646832 208799696 -281290880 150627920 253212688 -178610400 159627216 -58913452 -124885480 -4207050 -154818176 -121653096 -112770928 111285864 298862176 36393628 69587360 277705984 -140100496 
156069648 -401126720 -88498128 119148552 -12635699 32826266 321485088 26254674 461550752 73273840 -55725848 281456032 48692320 231327072 141566560 -443580672 -250963088 312349376 -287862080 -229200448 -39515580 314502112 352972384 -30135238 -192712752 43554384 -100904320 49942876 -134795600 275013664 -320707456 557359232 -53997828 -104840024 42303876 302652544 4675330 54093892 124001048 -196607040 348983360 469952544 11500946 -120390088 -6238264.5 107666288 464368416 -318410976 149843792 -31579468 -462838208 126741584 -182081024 -161377568 -332324800 -154064272 357244416 -78313864 197818592 -177383104 210668416 182570560 107953008 20811834 
250634048 -236796448 434292384 -186319536 105257440 -434036608 -235750544 32000228 -236796944 148870288 145766624 398555648 -262975104 110882696 46178456 -348578496 264589568 -132122424 74900944 157193088 -34692528 -315626848 -137245952 -223008752 -114961968 -195627648 309444928 -45411328 -362260000 -255077552 -45067040 -280694400 -160574864 328995136 62254500 -98461304 117880536 119487976 76247088 -29348174 78145744 74130048 -23397000 36915304 38954824 73696856 -22176412 41440720 508849408 -353037472 384606592 146855280 149066256 21432320 33856312 109408768 376300448 164481616 182752928 119051520 7253676 -129828936 -200929440 -143773840 
454026720 -190421216 432183488 401795904 -6055654 57877592 370863616 230864624 -321549056 -133322200 -132565760 -203339712 7069108 -168020272 414474848 -94233600 -174566864 354088800 -99016600 326790688 -350586880 -254621984 1848219 -268240480 750275072 591041408 300326048 -30009834 280687808 -102951472 87917152 -366197824 55788672 38772380 -452741632 340429920 -524678880 -257946432 -127472048 86697536 2746923.25 -360837088 91639528 -96639168 -424145728 -334443392 -232248064 -21024880 -50749368 146324640 -29070786 82026976 -218441872 -193444320 -92676656 -342550016 13087824 243152336 171446816 -441228352 -457036800 -62393784 238010000 265644080 
-241406432 -61248356 -75816560 53367920 -286604160 299819328 -49241976 167876848 267708288 -105145776 -239138096 69435520 223629344 55422708 -151418976 157946800 338486464 -48626752 -619404224 472469056 76867744 -328335232 -59059160 -136776928 528813696 -13350444 -619069056 57461352 -274794208 240753136 365064960 -68324080 390551232 497706048 -192754432 -27252168 101826432 39618144 -452150080 190218080 -371774400 -253788784 297408736 -83190920 -173387472 -448413920 -596214912 181841472 31814276 220509696 -43303664 -119078880 77536968 8021646 409902400 -110072896 -89240400 20300068 -790125248 289871744 -32125544 17688316 270840544 -268095104 
149621504 -59184664 143490288 123322272 454978720 124128984 111801984 -344224576 -6391777 362606208 88427664 -750644.5 21629890 84411216 469818080 117309208 -211123536 135958016 -150949648 -573021504 -223933616 174610352 -352048256 -579988224 490802816 -375659328 168259120 -548558656 -530044.125 -119904472 -224679792 453368224 192732080 -1997854.25 -29387464 -41853776 -127902312 238411200 239393632 -34746388 -35417280 -337685792 -181474848 223852704 -454748960 -117699792 -105888768 -30546066 -250280368 -116021288 221715248 -59158208 -189294272 -75525704 227143312 -180978480 150763520 -283102144 387335104 -332061920 420139776 466397856 -12789066 350939520 
302267584 402740928 -427337568 104621112 -34807584 86000744 -125685248 -291194368 -71928656 151570800 151390832 -123987816 -168566304 -415987872 -31780088 -59338068 -154683232 55029908 -37322480 -78310288 -112932560 237923936 68362760 281911040 346237248 42133904 453327936 -278619328 -362631552 11908243 -239717680 258563248 -71091416 5967564 425936416 -175982592 -319610624 -117530432 -203952480 -218983760 118817 16388452 -139383296 -402931008 -185666272 -128484728 131230048 282069568 -106292016 113742272 -152225392 -399248320 75013616 122457296 471293440 115536320 -175108768 211934320 -182014720 103194840 -53575876 -170048688 24003358 -176160960 
-324279104 438370592 -158155568 173332704 367731904 -14006293 7876952 175339984 -130797920 -117452472 265558784 -270843744 324379456 -373365248 -73661272 984531840 -136860848 220001664 -200100464 24320652 81264632 182912576 62198392 34205552 -282503936 336265344 -325030464 -35713492 18457968 20676812 277503552 -10518928 -266136896 -78334800 -261843952 -133789936 -15999032 338115680 42762000 -17583116 -28905962 370359616 -186782432 21396172 289342560 -265263488 -526039392 258912864 -362219520 362660352 211370032 -126997792 187437904 -227261376 118365680 264012368 -28377668 89835392 -110199936 -200904896 92768784 120879104 238348288 12030080 
401019584 -445432096 53475392 -266774720 383234496 -58734452 190164640 -323933568 81549656 186575152 81630936 -388970592 -172099840 910999.5 50187876 -217170944 -596647168 197069520 420180352 -194366816 -539599808 273154848 -22067402 -25892768 -477009792 -103409752 96783480 -248496720 204318016 114676512 -45896664 -200833584 -73135104 103974000 496197248 -321760224 -138117392 130610728 232415264 -117462864 239493008 -57986944 93676896 97364048 -83552624 336301120 356262048 -198340352 92929480 -542584256 -292558432 357550912 -86310520 176042640 307628 170795936 187765136 -629690688 8303564 383726304 122728120 162156240 -317228608 271156608 
-91413872 -40785052 -437805856 117455768 472717216 -57662444 55246740 507437056 496246048 -98010112 -307262016 -447172800 -454518240 -599410368 -97944776 411170176 205846288 -125514328 111533936 272982368 338742208 575821696 -154756064 812991616 235722112 -67642248 281803136 98107512 379917984 -14167646 143135392 149079760 298735424 -179465456 -73020224 141732048 -435961152 108548240 -343973728 -130539432 -174195968 293104800 295677696 229007488 -178280144 142440240 181803152 619550592 -25303832 63098140 307551296 290885792 -240789408 -224815120 630678464 80840360 -387504960 -333545248 -316392256 100417872 -208428640 141394448 -248026560 191392256 
-23565158 71065720 -243595952 -104584304 -242300384 -390463040 -497701664 -104917936 -54286912 3052666 -528577440 -397917088 19800684 -44814804 -34026128 409375936 135681728 -384412768 -373249376 257375664 -203433168 21734396 -201852640 192747264 -185383440 -33250180 -281722112 -179729408 54284752 289680320 62096252 -229364256 -137208032 60862428 -555318144 -383651136 116591024 -274864928 -256107760 141138816 -577035328 39641920 -17099584 -358762240 306856640 -497695808 -156769872 -17485568 -123837976 211642064 -7718294 61156664 84876976 -180253456 387574720 85240784 121493800 192571472 -400846336 19227546 -112391248 83107024 485721760 -271276032 
167459312 -632810944 -60479128 -232879632 -316866144 -17606764 94577760 -423634688 195444320 352939264 -301683456 -193574112 -177022208 31939818 153452336 344799200 -244703536 110587208 17676096 157786144 -209938736 124826944 -52269328 242634752 -151239712 -226059520 -241547936 275581184 213155600 1993548 -119614320 416772800 413343520 331920064 -449944064 410366368 404030240 332340512 -290360192 20581582 -7516927 75831168 127635952 -119122000 111434432 202263856 61846384 -325636736 544981248 10296856 -370363520 485315136 467559392 -71439944 -57089276 178995568 674286016 -109410208 120620880 126593616 -111410816 335551808 92437424 -713508 
-461363744 297924576 -189324944 -326875680 344118496 -273982656 -286332544 -17501814 -188131776 -18071940 -232976816 -148844688 -388158496 50535144 -667670848 126484464 203753232 -264296112 264939328 254399472 10633520 127795088 -471003104 -567928704 -285001088 202947184 -94228352 31057150 333710496 -104628128 -98513872 -64857424 282817280 -61663744 -75464928 6965868 -165915216 26345996 168166800 273597664 535593344 167980032 -29095198 -17523242 35154088 7784391.5 168192016 -450661760 -199596544 9764431 340336544 -286181664 -45025480 25031904 272146496 202509968 -533795936 -543335168 205353680 -3219764 -187362224 384524992 41224104 285688000 
