16 16
0.29848229885101 0.72979229688644 -3.1697146892548 -0.72047358751297 2.955454826355 -0.89573550224304 1.5466315746307 -1.4576454162598 0.95582574605942 1.8966094255447 -1.0255672931671 -0.14485040307045 -0.35791605710983 1.0965818166733 0.59104865789413 -3.351877450943 
0.521832883358 -1.7477898597717 0.73121345043182 1.254471540451 -2.027072429657 0.92824923992157 -0.16472712159157 -1.680999994278 0.61728227138519 -2.0759449005127 1.7307562828064 0.97447872161865 0.2192163169384 -0.17327880859375 1.5942649841309 -0.3847299516201 
0.55439788103104 -0.99809211492538 1.9637603759766 2.0793406963348 0.024462305009365 -0.66259568929672 1.0275604724884 -1.9667567014694 -0.90632349252701 0.16766148805618 -1.9247708320618 -1.0972096920013 -1.0641041994095 0.088062629103661 2.4728469848633 0.91613787412643 
-0.16487830877304 0.27106153964996 -2.0566534996033 -0.84716427326202 -1.0837217569351 -2.3097548484802 -1.487767457962 1.0015454292297 -1.064945936203 -0.46344643831253 1.5188585519791 1.8657358884811 -0.13980352878571 0.70056188106537 0.032498955726624 -1.0324286222458 
-0.33889853954315 0.92384654283524 0.28553250432014 2.8826053142548 -0.73985326290131 -1.734419465065 -0.96897882223129 -1.4939441680908 -2.4437961578369 0.3592971265316 -2.375075340271 -0.60036498308182 -0.60982406139374 1.5818849802017 1.5819532871246 0.17555069923401 
0.072556987404823 0.19112524390221 0.0031720176339149 -0.74514728784561 -3.0286903381348 -0.25092154741287 -0.23685958981514 1.4955937862396 -0.49471953511238 -1.4314743280411 1.1817014217377 0.85098391771317 1.2621959447861 1.1899151802063 -2.827605009079 -0.85221832990646 
-0.37313452363014 1.4733771085739 -1.3087103366852 1.4474930763245 1.4053862094879 1.4001302719116 0.98980396986008 0.10788632929325 1.3439716100693 0.74211120605469 0.34146243333817 -0.79641968011856 0.11409716308117 1.3405088186264 0.8346860408783 -0.6218780875206 
-0.44208216667175 -0.79471409320831 -0.50328838825226 -1.3890080451965 -0.75070661306381 -1.2342612743378 -2.0647504329681 1.7609494924545 0.99058312177658 -0.12536157667637 1.1494843959808 0.78335964679718 1.1991194486618 1.4141539335251 -1.5730946063995 0.91501218080521 
-0.82187837362289 0.65589904785156 2.3948240280151 1.8701727390289 0.33387619256973 2.0296914577484 2.1370897293091 1.58968937397 -1.6189393997192 -0.74899500608444 1.0781557559967 -0.78474301099777 -0.60298204421997 0.80540192127228 -0.53811228275299 -0.56623613834381 
1.3710156679153 -2.3759636878967 2.1456091403961 -0.89755463600159 -0.24414640665054 -0.11171957850456 0.99484860897064 -1.2242441177368 -0.72892957925797 -0.24835568666458 -1.6618355512619 -0.5415666103363 0.44672393798828 -3.5918924808502 -0.23195065557957 0.070977360010147 
0.31444463133812 -1.2664980888367 -0.49923819303513 -0.34573411941528 -0.47984182834625 0.35545110702515 2.7531411647797 -0.5618702173233 0.8349135518074 0.31193399429321 -0.81159019470215 -0.41434422135353 1.6196926832199 0.28626990318298 -1.7678854465485 -0.05805392563343 
-0.46579912304878 -0.61584889888763 -0.82187473773956 0.01104985922575 -0.13034152984619 0.54072511196136 1.5999889373779 -0.10074633359909 0.86097145080566 -0.3206799030304 -1.1489188671112 -0.32541757822037 0.6108255982399 -0.78621858358383 1.4028882980347 -1.2779072523117 
-0.74529361724854 -1.6115130186081 1.7988305091858 1.5714844465256 -3.9899160861969 1.3162591457367 1.0150040388107 -1.2006267309189 0.1956954151392 -1.9215950965881 0.076462008059025 -0.71847987174988 1.5217823982239 2.1534783840179 -0.086887151002884 2.493216753006 
-0.55107253789902 0.33843165636063 0.16261866688728 2.0879125595093 -1.9035526514053 -1.1508779525757 -0.13035070896149 3.5898542404175 1.9488608837128 0.73336559534073 -0.06459629535675 1.2834479808807 1.7816218137741 1.1645154953003 0.9588611125946 1.8419222831726 
-0.72728556394577 2.3778250217438 0.065791115164757 2.1778349876404 -1.2234264612198 0.7656557559967 1.7232300043106 1.5721951723099 -1.7271481752396 -1.5515639781952 0.7286770939827 1.0421900749207 -2.2711269855499 1.3282413482666 2.7982847690582 -2.5348355770111 
-2.0773732662201 0.71868497133255 -0.1254797577858 1.1238688230515 2.5942208766937 0.84007966518402 -2.4914855957031 -1.6581072807312 -0.68741345405579 0.67893493175507 0.33753341436386 -0.71637666225433 -1.4302672147751 0.96146863698959 1.2679822444916 3.4950571060181 
