10 10
-9199.232421875 4504.6875 -3879.287109375 745.72119140625 -2947.1589355469 -24744.416015625 738.5029296875 -20358.45703125 -2795.4543457031 -7857.3618164062 
145.32690429688 1954.3797607422 -464.2646484375 -5668.3828125 -14839.9453125 -15321.08984375 5027.6821289062 -5259.5546875 4775.4038085938 -3270.7578125 
12974.985351562 5971.5864257812 18539.78515625 -24738.6328125 -15031.62890625 7644.3354492188 -1365.1176757812 -263.6875 -8823.916015625 -7887.7387695312 
1031.6379394531 -3112.0368652344 9658.6572265625 5934.51171875 6022.4619140625 19572.080078125 -3584.2702636719 8227.25 10074.96875 1453.0805664062 
-4354.12890625 10.22509765625 -6631.416015625 17724.333984375 22901.40625 -4553.0029296875 -16943.556640625 1354.197265625 -5563.8911132812 6683.4282226562 
9381.5537109375 17044.12890625 20949.16796875 -14558.260742188 -1484.7817382812 2803.7739257812 -5682.0561523438 -1687.2377929688 -8872.369140625 -17484.0390625 
2100.5043945312 1331.1962890625 -9370.2841796875 8071.650390625 9795.255859375 17957.353515625 1201.0317382812 22391.501953125 -404.75122070312 12193.9453125 
1508.2398681641 4669.1728515625 -2171.8935546875 5453.3310546875 -13491.493164062 -993.1533203125 15537.39453125 9618.65625 -4250.8740234375 6343.693359375 
3486.5627441406 -7205.0415039062 11260.608398438 8399.3681640625 7454.2407226562 20313.91015625 -1625.6271972656 16024.578125 5108.3305664062 12188.674804688 
-4772.2973632812 -10946.680664062 5134.7749023438 18117.552734375 15217.296875 3736.0654296875 -6779.4541015625 2035.9089355469 -183.5947265625 16767.5546875 
