10 10
1111527 -41669.03125 426494.03125 1379680.125 1207561.25 116367.03125 -2828.328125 1647615.375 52906.5546875 -451063.21875 
1042250 21411.96875 306045.9375 2138474.75 1662532.25 -2456045.5 -86758.984375 -226367.75 262250.5 567666.125 
527486.875 -1059300.75 913337.6875 230463.6875 665938.5 -2274782 1473104.375 197892.5625 275786.625 -520520.9375 
-114237.9375 -909688.6875 277395.4375 202362.421875 -438675.03125 -199857.65625 -125295.5 -889670.1875 -201719.546875 -115683 
-433496.28125 787788.5 -671310.3125 587302.375 -4942.3125 271938.40625 -1047918.8125 884108.9375 -98925.109375 1033843.5 
-1548114.25 2232802.75 -701828.625 488524.625 501134.8125 2051340 161559 -13015.9375 -1554326 -419668.4375 
-387892.09375 2221892.25 -899622.625 925372.5 1566965.25 661538.875 123157.828125 -2555006.75 -230129.40625 -990625.625 
-592988.5 2770031.25 -72656.421875 1420938 873005.375 -428514.6875 1237226.875 -781257.5625 -362876.96875 86797.765625 
-2630384.25 -342894.625 -860135.875 477462.75 -791989.5 659599.3125 -405269.6875 2049634.25 -2133971.75 -78407.25 
194733.515625 369332.28125 -1451590.75 1571836 741883.8125 1938280.375 -2030938.125 1113428 -1510912 -477392.75 
