16 16
473567.71875 -506331.8125 -5442.609375 -733320.875 1760880.75 587548.1875 298147.40625 1313992.25 2807449 -208934.90625 -1674348.375 1636481 2659791.25 -1443492.125 -90227.78125 -1086995.5 
-844052.4375 -849629.4375 -530098.0625 -990622.75 -832545.9375 427285.53125 -122916.875 45396.4296875 -1996865.875 -436117.46875 447937 736697.3125 -165866.4375 1847332.125 -2402999.5 -123175.59375 
3025250.25 196207.71875 -883458.125 -839151 -759716.125 1278346 778562.375 557567.1875 -918223.375 -474386 -254925.78125 611598.0625 226072.578125 -203451.234375 562224 792796.3125 
1623280.75 -690201.125 1956935.875 -854471.625 49282.1875 2091035 713154 135820.4375 574656.625 703850.1875 -1452065.875 869579.3125 -399254.5625 -1119767.5 1683981.75 -420196.625 
-1036599.875 900261.5 456806.03125 577411.5625 168589 -3741376.75 1028885.25 452851.1875 428677.40625 -478921.65625 396934.125 -330063.5 902093.75 16226.84375 -809152.1875 -828588.5625 
-2734703 1546304.75 -287727.125 635241.0625 -532381.5 -2755385 -826499 119788.140625 -1681549 -1137429.75 696639.375 -2062681.75 -626730.8125 31456.75 741938.1875 -1793056.75 
-121493.5625 2059282.25 -794376.875 -1368227.5 230535.875 -2192346.5 -589943.75 -1362633 -16133.34375 -331491.125 1672427.75 -222277.71875 1523150 -1620164.625 1647444.875 -1204847 
-2141952.5 -1575758.875 153055.4375 -733838.625 -2825609.5 -1206399.875 -4034513 -204185.5 -1436967.875 1731090.625 1207366.625 917855.375 -363482.75 1423755.875 479492.15625 3326199.5 
-973501.4375 526678.9375 1636990.75 785906 1043323.3125 -1543369 125511.6484375 -1638423.75 901760.875 344120.4375 -260317.53125 -17281.328125 -1028092.75 -1545948.125 441489.28125 -1360218.375 
1200589.5 -48064.234375 2504513.75 -949860.5 548056 1178986.625 619162.8125 87148.78125 1612610.875 -405364.3125 -563385 -724273.25 -572904.25 1452311.625 322659.0625 626545.4375 
750971.375 -412128.3125 915945 -1534308.875 1511408.125 2816784.75 -1193125.875 -213422.359375 2866994.75 -1425548.875 -1109464.625 -621010.125 -240071.0625 187909.984375 1196975.625 275630.03125 
-1089839.5 -569128.6875 -238404.078125 1291821.25 40204.34375 997900.125 17481.6796875 -666069.1875 358193.8125 1873001.625 -1407651 -771146.8125 86582.28125 -2461722.25 748156.9375 1470716.25 
1939480.75 -686481.4375 -423434.75 -698159.5 989173.1875 2763617.5 1791090 230524.4375 -203236.75 -1359129.25 -746224 -858817.4375 223231.109375 733931.375 -1597715.625 -452048.5 
-2062818.625 650205.375 -203240.3125 1313141.375 2028141.125 -1363346.5 -2584183.5 -744861 3870629.75 1616322.5 1024874.75 1296765.25 1714199.75 -599194 -2208755.5 620878.5625 
482772.5625 416247.6875 1060311.25 -45781.375 -1346844.375 -1095082.875 -772290.4375 -822829.25 -579022.8125 1336587.625 1743945.5 598418.5 -910652.3125 -15666.5 2194886.25 2220790 
80674.953125 385453.9375 -692576.8125 -872994.5 58677.0390625 1347452.75 -358364.5625 -990967.0625 485303.46875 -558212.5625 517303.75 847387.5625 -1234964.125 391989.125 554936.8125 -74934.796875 
