16 16
-109014920 -22070110 -189505680 -49348084 -55716644 128646280 -76770192 -257316624 150530384 269518336 142020192 -122521384 147348720 65418196 269331264 49225468 
88383424 24721082 -121688376 -136789072 -121746104 -46436272 -20554856 94510568 97867456 -88135384 -114101088 -38003840 122498480 60435968 -161811312 -82453776 
-51431280 -23652476 209665616 183653024 105785304 17837022 -74701696 36844912 72417352 -108434608 50886920 158296336 -907312 -135069056 28390312 -101024384 
153465776 71560640 -95418864 -55655992 92310968 -83467776 -23991312 120022776 219453360 -60727452 -139134928 -57747292 -122459728 -59365516 -101430832 -69043544 
-41882144 175145216 34085812 -81464144 -116944480 -116954176 77755992 187622480 11958644 -49972560 93880448 18406668 -146835568 151780016 -63717584 -80188384 
124709152 58010532 -96378392 -105178232 -6283496 -82240672 -29177962 -3676868 -13189518 -32711780 -56355916 41240268 -169699136 43144880 -41225104 -51263720 
62289820 -81218920 5412709 37114356 -134308816 124441640 -156679792 -25236776 9824988 -23752412 180221312 -137198240 -22017324 -259196368 163919904 75092752 
-218402064 59045032 -177520384 -123230056 -142882944 -39869268 48991628 -309587968 -153597664 267748528 183887648 104124856 -52063252 -22218108 -10297802 144178400 
193787440 104666856 -14855892 -45950696 -152497776 -129354000 93894040 238244960 64635376 -168284192 185869008 -51912968 -310289984 -141235856 39180336 34670600 
29437080 27748488 -113392832 -8100200 176134400 26362978 94285544 19495636 -3404000 -112333664 -37936752 -193141792 77926752 125536832 67156368 -46907292 
-23310314 -34118112 -306869984 -125850744 -163529520 90205624 88710432 -44896744 7459597 34087508 138994064 -207774176 186052384 22881678 -865891.5 167635264 
34163624 25642758 143050400 -24307976 -16617699 11403979 -128288784 119780840 -101482472 -217702640 -151861104 -131193760 -64190416 230304704 19925626 -133628760 
222932704 83005928 14974324 -103640112 -130617712 -147383168 140987360 259556592 -146277760 -182305968 -278935616 -40432704 -236795312 -105213840 -182718480 -86317064 
-21058816 -121722040 -138049520 -6681792 -298127488 -20158344 154744560 142290832 9843164 74255808 149056288 -132830480 -63904196 -6851950 -198991552 213040464 
-37392220 35948036 66957880 35922484 55941848 -151165616 155251904 31356120 -314691552 -100797752 264096368 193248176 -207329120 81855144 -24089836 158937792 
141402080 33088636 -53642016 -93017648 -130349312 -199659968 1891654 194710176 -174612256 -131262280 63243552 106803552 -321929600 37609768 -155119184 61498972 
