10 10
-258026.53125 842469.0625 623196.4375 1485207.5 -490534.75 1450674.75 -1487061.875 206369.53125 116020.546875 -481018.34375 
-882525.375 -393668.4375 -279509.6875 430721.1875 -2337.0043945312 -6929.587890625 -1150010.625 266144.65625 44764.88671875 -35201.60546875 
-168411.796875 -2217545.25 8397.828125 -1379843.375 -494159.625 -1653866.5 655098.6875 910929.8125 595808.375 768931.1875 
-719986.875 322002 323182.1875 524876.125 -526026.8125 -270273.15625 687628.375 -280894.25 646453.9375 88661.0703125 
426152.25 -2571010 -338249.84375 -844250.6875 8330.609375 -576106.375 -1292349.75 966060.375 -668542.625 -1904568.25 
-1025896.5 -212154.46875 -403087.09375 601378.4375 -870085.75 -412624.25 27348.75 325096.375 -256708.265625 -546789 
608688.0625 -141830.953125 -88422.890625 490592.8125 -1499230.75 -796462.0625 523123.75 -363979.8125 -493796.03125 -2602645 
-1735005.375 -231417.953125 850697.4375 1311067.75 -703047.0625 -1015641.875 604190.625 -525957.625 -1436462.625 -802335.3125 
-3347.40625 -552857 -1036488.9375 -762493.3125 1169167.125 1158475.625 -1610301.5 1247128.5 -365336.65625 775584.9375 
-987991.0625 -236768.609375 -570491.1875 300241.59375 -163273.75 124715.140625 -214953.125 -439366.65625 -1021032.0625 -687296.875 
