16 16
38097.1328125 -20419.791015625 -18247.9765625 -6239.7709960938 -4738.728515625 2052.30078125 -8301.1357421875 -14696.094726562 4023.3383789062 7945.1401367188 -3834.6469726562 4364.3623046875 -4273.2700195312 -6807.9702148438 -4139.3134765625 -33304.01171875 
-12885.512695312 -4520.123046875 -16311.508789062 -19541.751953125 -8306.4296875 10206.651367188 33138.5234375 1769.7387695312 -12957.4375 -2771.48828125 -4529.1752929688 16749.875 6719.2983398438 -17835.640625 7541.3359375 23814.40625 
-3712.4145507812 -1710.3911132812 -20811.26171875 -26681.826171875 -8866.54296875 8196.623046875 7324.0185546875 -16367.74609375 -16849.9921875 10004.452148438 -4583.1708984375 2941.81640625 -21487.31640625 14115.073242188 6487.0234375 -5970.2856445312 
-21288.638671875 868.64672851562 9130.478515625 24234.2265625 6521.962890625 -6620.7944335938 -3921.099609375 -2701.193359375 16899.638671875 -877.4287109375 18981.98828125 13805.776367188 2695.1591796875 1427.0600585938 19663.818359375 23069.6796875 
-19469.0078125 11875.583984375 3806.8461914062 -10305.182617188 8975.341796875 13253.823242188 22301.3046875 -12855.987304688 2720.4233398438 2775.9951171875 411.34063720703 -1902.2351074219 -10650.306640625 29912.634765625 10526.608398438 11472.087890625 
3217.5031738281 -7060.01953125 19261.44921875 8876.4267578125 4429.064453125 -4664.1015625 7256.7958984375 -213.66943359375 29860.6328125 -4427.2451171875 -7644.17578125 -17693.82421875 37557.41015625 1830.1171875 -3518.6799316406 -9688.623046875 
-5484.294921875 -14314.866210938 1217.7099609375 -13909.092773438 2176.9970703125 6952.5302734375 16904.685546875 7096.6416015625 -4809.150390625 -7798.2890625 2320.2724609375 -994.14709472656 16282.799804688 -16155.73828125 -4787.0341796875 3479.046875 
2645.3115234375 -12505.500976562 -10870.283203125 8861.298828125 -2083.3217773438 -13570.630859375 -18849.599609375 -10090.060546875 10381.8984375 4963.232421875 17045.423828125 -7788.533203125 -20412.703125 -3563.8884277344 8074.107421875 -18704.62109375 
76.1640625 -12420.818359375 3892.0546875 2067.6918945312 13911.956054688 -14782.318359375 20593.62109375 -13540.860351562 8755.927734375 -22885.2265625 14690.525390625 -10920.3671875 -19867.447265625 -4904.2153320312 9471.478515625 -2247.3837890625 
12631.778320312 -25437.099609375 7006.8203125 18604.9609375 2270.9206542969 -7173.6982421875 -5440.56640625 -5117.6474609375 -1454.3018798828 -4484.5185546875 6350.0825195312 -4530.6547851562 -12663.362304688 5514.8364257812 1107.2983398438 -25600.328125 
15466.516601562 4409.3618164062 -8388.0400390625 -5256.7338867188 -2037.7543945312 -2081.841796875 -8390.6875 1348.3251953125 -21934.4296875 4378.0219726562 -17807.443359375 3789.5368652344 -9837.1474609375 -13009.8203125 -11788.518554688 1004.9943237305 
-8889.873046875 -6634.443359375 14695.2265625 31981.83203125 -5232.2651367188 -23519.22265625 -19819.27734375 12848.87109375 15898.943359375 -22897.974609375 19368.90625 -12642.111328125 4688.501953125 -23526.189453125 1906.3395996094 -17.258819580078 
-6077.7509765625 13893.260742188 -7858.4926757812 -17802.78515625 6874.5517578125 2899.7954101562 15810.873046875 -4274.5302734375 -12135.11328125 -5199.8076171875 5872.2763671875 -10465.528320312 -10578.44921875 11677.559570312 -16634.173828125 12986.01171875 
-2360.1000976562 -15169.987304688 142.22213745117 19888.59375 315.5964050293 -14778.569335938 2709.6630859375 -7115.306640625 8171.5166015625 -5960.9399414062 5594.021484375 -21945.23046875 -31078.67578125 17153.66796875 -1220.5727539062 -18721.20703125 
19198.279296875 4420.0634765625 8230.11328125 9622.16015625 8208.9296875 -18245.30078125 -30248.015625 4453.1865234375 19530.27734375 -697.12158203125 -3858.6772460938 -10148.333007812 -208.45001220703 5475.1923828125 -16414.39453125 -18806.970703125 
-6756.5595703125 -21391.69140625 -27819.22265625 13103.111328125 -22560.091796875 -1360.3498535156 -3012.8100585938 -5013.4790039062 -2133.53125 4573.4638671875 5468.2177734375 -2839.1125488281 -34199.35546875 -7559.9487304688 -2604.6416015625 -11502.10546875 
