16 16
-20068.10546875 -2926.5361328125 -1661.1311035156 17851.126953125 -21797.130859375 -197.61547851562 -4989.0991210938 -915.82055664062 -10109.15234375 -5082.3266601562 -5368.7934570312 -2831.0512695312 5759.1455078125 -20434.9609375 9153.6767578125 4421.44921875 
6820.671875 4994.837890625 -1250.0971679688 -5443.2314453125 -6561.9140625 26416.44140625 3975.0930175781 -8611.94921875 -4262.7509765625 10247.90234375 5110.5888671875 13605.799804688 -29505.03125 5245.4243164062 23057.126953125 20738.328125 
-2183.1206054688 -5790.1108398438 -9077.5 -7344.1982421875 -15815.635742188 -5638.6362304688 -6674.6015625 -8000.603515625 -12109.099609375 15140.55078125 -1636.1889648438 -16098.276367188 5288.9155273438 4216.1474609375 359.1171875 4717.966796875 
-10679.825195312 -6350.62109375 -13417.705078125 26573.39453125 -25338.375 17774.677734375 -2153.1044921875 1507.2319335938 -5719.7958984375 8399.4619140625 7217.708984375 -1143.7822265625 10034.044921875 -13720.727539062 18295.109375 17892.41796875 
-9870.8857421875 -12389.94921875 9775.2900390625 10937.298828125 -6977.4560546875 22329.8984375 -2028.7121582031 3498.3671875 -8822.296875 17196.44921875 26753.958984375 21988.083984375 1531.6163330078 -7833.80859375 19235.361328125 17660.875 
-9442.7939453125 -21385.490234375 9456.751953125 7987.6396484375 -1941.4118652344 -3451.3422851562 -811.65551757812 4843.6313476562 -9682.498046875 10227.654296875 13293.79296875 17664.19921875 11075.588867188 4866.5341796875 17304.111328125 19535.4765625 
37.374267578125 9637.267578125 6025.6181640625 28523.2421875 -23437.3125 19994.84375 1790.7490234375 4088.8383789062 -7209.5556640625 -9423.970703125 692.17553710938 -9697.1767578125 9407.3916015625 3529.8337402344 14020.862304688 -11397.068359375 
-7248.6069335938 -20443.978515625 20718.33984375 -15619.596679688 19059.78515625 -14587.764648438 24278.830078125 22002.609375 5896.8999023438 19271.509765625 -7015.2475585938 12996.86328125 -25515.05859375 15028.35546875 18595.005859375 20287.447265625 
10829.338867188 34553.49609375 8241.19921875 -742.44506835938 -5108.7456054688 12494.439453125 -14238.038085938 -12730.901367188 -11390.560546875 -38349.7578125 7993.4926757812 565.55725097656 11087.549804688 7678.4921875 -8924.0625 -16200.982421875 
-19324.873046875 4011.986328125 -11662.171875 -20663.7421875 8994.5947265625 -628.31164550781 8979.62890625 17706.162109375 16455.01953125 12509.740234375 -5412.07421875 -180.44140625 -9253.580078125 -14967.60546875 -9842.96875 4343.28515625 
12658.55078125 -12050.568359375 27826.19921875 15953.911132812 -6166.9052734375 2360.6694335938 1589.7667236328 -8945.447265625 -10153.370117188 -4350.615234375 -9234.7578125 5224.734375 -7538.9145507812 4400.9418945312 23895.40234375 -3651.0825195312 
7849.2543945312 18129.46484375 -17427.326171875 -382.11560058594 -10548.35546875 13665.78515625 4970.365234375 -8152.1904296875 3788.4533691406 -18452.5546875 -2133.6318359375 -25620.876953125 1831.220703125 -6235.6982421875 -24329.48828125 -15149.494140625 
10767.251953125 20131.3671875 25968.291015625 -7348.4565429688 12510.567382812 -2297.7880859375 -19561.755859375 -8574.4140625 7537.9467773438 -12471.786132812 3749.5283203125 12388.6875 8765.3349609375 9185.267578125 -13515.98828125 -4355.0546875 
7467.2231445312 -3164.9831542969 22886.642578125 -10379.201171875 5476.85546875 5527.7055664062 2621.4802246094 9831.5068359375 16661.90234375 15022.080078125 -5354.37109375 11663.40625 -14235.743164062 -10977.759765625 4555.7685546875 -7421.8793945312 
-9053.16015625 10686.28515625 -22853.447265625 -13318.665039062 9443.3154296875 19718.9765625 8474.7001953125 9536.22265625 4675.0146484375 -12192.290039062 17488.8515625 -2847.11328125 -5959.099609375 8701.1220703125 -15111.659179688 948.73986816406 
9123.673828125 7200.3725585938 -2404.0322265625 12563.290039062 -7879.4838867188 9320.1748046875 -6786.5971679688 -17704.583984375 -16383.1875 -23541.4921875 5639.2680664062 6251.5234375 2772.8552246094 -11274.797851562 26465.701171875 -6387.05859375 
