16 16
-38.182357788086 -49.337829589844 -99.35856628418 -175.50668334961 -113.13851928711 -92.581245422363 -326.10147094727 -154.79791259766 -211.0171661377 -27.042972564697 -59.759700775146 50.077339172363 -81.487380981445 71.678634643555 177.10125732422 166.0707244873 
-146.18734741211 -118.50100708008 -97.27116394043 -11.330947875977 182.04930114746 96.704704284668 -71.094512939453 -83.546005249023 116.63931274414 -51.653167724609 -119.55423736572 6.7018089294434 -120.34902954102 34.128875732422 -63.713863372803 -154.59048461914 
-175.60198974609 -135.12431335449 -230.06823730469 -105.48908233643 93.995170593262 -63.06814956665 -155.5315246582 -168.96780395508 122.69332122803 156.78295898438 -423.44662475586 132.23268127441 155.02420043945 -127.50405883789 84.519538879395 -163.98422241211 
-150.40399169922 -148.81596374512 64.215606689453 67.831977844238 213.82688903809 137.20764160156 -120.91465759277 -146.53056335449 62.8274269104 -109.57521057129 47.294830322266 -44.167411804199 -14.054889678955 145.5563659668 -57.932609558105 -39.517307281494 
128.27613830566 107.87912750244 -207.72186279297 -105.58659362793 6.172435760498 -264.62161254883 50.491683959961 69.045211791992 115.39143371582 245.61874389648 -328.02856445312 135.09782409668 325.66763305664 -278.61251831055 -128.32041931152 -150.10125732422 
-184.83909606934 45.032066345215 -55.419574737549 97.494232177734 -39.79594039917 -36.600818634033 78.591636657715 -74.973266601562 -17.486129760742 28.843021392822 -140.8454284668 139.0919342041 -126.59735870361 -99.011650085449 -26.902671813965 -115.82517242432 
-24.396778106689 30.751092910767 -46.136619567871 -31.550918579102 11.283145904541 -307.09869384766 -67.992530822754 -13.964876174927 42.657073974609 193.34222412109 -166.72518920898 152.14723205566 63.432479858398 55.776252746582 45.918724060059 45.829284667969 
11.957162857056 196.29319763184 128.43495178223 167.65962219238 32.937461853027 -155.58988952637 199.03153991699 195.35522460938 145.51472473145 -71.159957885742 127.63711547852 64.714996337891 -128.5947265625 -77.307601928711 168.54449462891 -41.566619873047 
231.43124389648 75.567764282227 -27.403503417969 -8.2511119842529 -31.267372131348 78.030014038086 -4.1812963485718 89.68083190918 -84.347480773926 -136.61561584473 170.13626098633 -48.034801483154 100.15054321289 -9.2295665740967 19.088380813599 -102.53941345215 
15.974945068359 170.95478820801 135.98454284668 227.69764709473 83.863746643066 -34.574993133545 27.438194274902 244.48747253418 204.60821533203 171.71310424805 248.65885925293 101.83083343506 4.6504325866699 -56.242099761963 -109.94551849365 70.869888305664 
61.475280761719 42.681350708008 109.1639251709 65.201675415039 299.49069213867 -128.6496887207 -200.87339782715 106.1605682373 205.76879882812 -1.4282398223877 -17.611179351807 141.08706665039 156.79476928711 -238.79263305664 -102.84239196777 121.20071411133 
189.45082092285 114.75723266602 -344.85729980469 52.18025970459 3.4629249572754 117.11981201172 -25.233093261719 -103.63095855713 118.41033935547 265.92346191406 -7.4074516296387 103.62705993652 283.15649414062 -195.15710449219 -340.04711914062 -195.93115234375 
20.539077758789 170.68344116211 -51.67552947998 82.584518432617 -96.614562988281 -358.5498046875 110.25608825684 56.217555999756 -101.04629516602 32.788135528564 -144.79615783691 293.12588500977 234.93229675293 17.369527816772 -102.63098907471 -192.61151123047 
-149.34069824219 50.653442382812 -22.269989013672 13.254234313965 44.41947555542 -186.50212097168 38.389533996582 -56.862335205078 99.543441772461 57.1696434021 -269.51971435547 303.20843505859 193.98216247559 -5.7346801757812 -25.792156219482 -295.36370849609 
-12.360683441162 148.26361083984 -201.30847167969 -1.7142105102539 -234.24273681641 -43.823070526123 34.236721038818 -51.971591949463 30.464622497559 213.37850952148 24.406326293945 103.87763977051 108.41268920898 -77.36051940918 -146.77452087402 -158.29574584961 
-91.105094909668 -5.4542465209961 59.32022857666 -62.581527709961 -221.58396911621 38.832366943359 222.2186126709 50.658645629883 -150.6957244873 29.615419387817 -33.419990539551 -45.305568695068 8.0602874755859 215.67895507812 23.395919799805 -5.2832345962524 
