16 16
0.80040103197098 0.24064525961876 0.82507061958313 0.69841986894608 0.45452016592026 -0.81692165136337 -1.7263100147247 1.076318860054 -1.8281248807907 0.046880938112736 -1.907568693161 1.0562614202499 1.3395520448685 -2.9088232517242 -0.3529751598835 -2.1133699417114 
-1.1267689466476 1.2515034675598 0.29419654607773 -0.20099006593227 0.93730002641678 -0.0080717802047729 0.14469113945961 0.56445515155792 -1.6302111148834 -0.52130830287933 1.3488658666611 -1.4495604038239 -0.48264253139496 -1.2264643907547 0.2857523560524 1.2152105569839 
0.73981732130051 -0.87916529178619 -0.83727562427521 -0.84393668174744 0.18255057930946 0.88677358627319 0.065138831734657 -0.64734083414078 -1.1839797496796 0.086252957582474 0.98236852884293 -1.5208418369293 -0.10062557458878 -1.5136938095093 0.8449974656105 -0.3593944311142 
0.054278925061226 -2.5149786472321 -1.40147793293 -0.61398434638977 0.19647672772408 2.7688941955566 -0.6606542468071 0.27114209532738 0.1817093193531 2.3472671508789 0.79837620258331 -1.1132794618607 -1.942314863205 2.5073130130768 -0.25642257928848 0.82011789083481 
0.48946809768677 -1.9705286026001 1.0655961036682 0.14587527513504 -2.2595117092133 -1.2751181125641 -1.0613714456558 1.4175088405609 0.084473647177219 1.9332286119461 0.69733893871307 -0.48232713341713 2.5835800170898 -0.89976543188095 -2.0275776386261 0.84797394275665 
0.23693540692329 0.08236488699913 -0.054800540208817 1.3862560987473 1.7505843639374 0.61997318267822 -1.6825031042099 3.3749709129333 -0.8400564789772 0.3281317949295 -0.99598395824432 2.768105506897 0.075009673833847 0.86845326423645 -0.14058493077755 -1.2624260187149 
-0.14633075892925 3.0613150596619 -1.0833257436752 0.72402435541153 -0.17259165644646 0.1377787142992 2.2806935310364 0.74260050058365 1.316715836525 -0.58556371927261 -0.23730772733688 1.5513674020767 0.92598646879196 0.92714941501617 1.034364938736 0.8519332408905 
0.46168819069862 -2.2876586914062 -1.3896074295044 -2.10782289505 1.0337536334991 0.40828815102577 -0.95027703046799 -2.3193881511688 -2.4134640693665 -0.34386193752289 -1.1176697015762 0.50304764509201 -2.1207208633423 0.72363448143005 -1.4730981588364 -0.84517985582352 
-0.79624503850937 -0.22384564578533 1.2030354738235 -0.67358702421188 -1.8687537908554 -2.3018960952759 1.6045789718628 -0.72251677513123 0.48535364866257 -1.888401389122 2.1860017776489 -0.24424479901791 0.35462889075279 0.13116356730461 -0.72253853082657 1.6692508459091 
-0.7513639330864 1.4692358970642 -1.1343322992325 -0.85680365562439 1.0859798192978 1.5865308046341 1.9544267654419 -1.0588586330414 0.24883699417114 0.74282002449036 -1.742066860199 0.19801765680313 -0.42524448037148 -0.32503333687782 2.5183281898499 1.472265958786 
-1.6004755496979 -1.9036713838577 -0.12361194938421 -0.11058860272169 1.4705556631088 -0.18304166197777 -1.9372203350067 1.9481159448624 -1.3150087594986 -0.37438321113586 1.344609618187 0.89067888259888 -2.1905958652496 -0.59119123220444 0.32653069496155 -0.82122778892517 
-0.44026702642441 2.0510482788086 2.9393935203552 1.0397313833237 -1.0476305484772 -1.9607254266739 0.11606866121292 1.5544099807739 1.7517648935318 0.13096824288368 -0.83153736591339 0.078345417976379 1.5570459365845 -2.7874522209167 1.759792804718 1.5370242595673 
1.3880307674408 -0.10582762956619 0.11906212568283 1.3807915449142 0.68487125635147 0.11660569906235 -0.49772244691849 2.570788860321 -0.057323362678289 -0.024872422218323 2.5386734008789 -0.55441749095917 2.1587834358215 1.369371175766 -0.5467900633812 0.64041072130203 
-2.7730717658997 -1.4772555828094 -0.59963661432266 -0.62763118743896 -1.0293500423431 -0.65831798315048 -1.6213705539703 1.0564218759537 0.26269590854645 -0.48956519365311 1.0843116044998 0.25002324581146 -4.0431642532349 -2.151403427124 1.0246574878693 -0.75186067819595 
-2.5896058082581 1.4019465446472 0.2095645070076 0.23837125301361 -0.7253897190094 -0.95744156837463 1.2912915945053 -0.42771810293198 1.1807984113693 -0.57700157165527 1.1377876996994 0.61260831356049 -0.23861658573151 0.58193838596344 -0.88613146543503 1.1018184423447 
0.14573177695274 -0.1142638027668 -2.1529316902161 -0.27389967441559 1.3049128055573 2.1469376087189 1.6410081386566 1.19120657444 -0.33686962723732 1.221984744072 0.032729834318161 1.0976009368896 -1.3212133646011 2.5750699043274 1.6285601854324 1.0192677974701 
