10 10
61.402702331543 13.700824737549 118.16818237305 -52.153938293457 -55.995998382568 176.39074707031 45.155445098877 137.88236999512 -182.87194824219 254.89022827148 
136.6759185791 -121.43969726562 172.90121459961 -119.29515838623 120.06984710693 45.939479827881 -55.776111602783 -60.195194244385 60.631755828857 -30.398927688599 
154.84262084961 148.64984130859 -18.248569488525 -61.846340179443 -169.0450592041 -54.459312438965 114.64246368408 138.65550231934 25.521202087402 14.013947486877 
-26.201789855957 -125.7266998291 232.05592346191 -42.667175292969 -91.432975769043 301.05926513672 89.771003723145 35.405490875244 -270.17059326172 317.5537109375 
-39.712768554688 -186.06318664551 232.90951538086 -5.7590026855469 54.311130523682 243.55108642578 -73.12287902832 -119.01564025879 -44.913009643555 100.58043670654 
193.16673278809 -220.23348999023 152.67541503906 -43.709892272949 -26.756610870361 51.031379699707 -281.39233398438 66.477409362793 -9.7258682250977 -32.519214630127 
-85.765930175781 77.338729858398 -57.191650390625 -53.579990386963 147.02139282227 47.05863571167 102.42460632324 -153.25354003906 291.49423217773 -67.763648986816 
66.782196044922 -171.88232421875 98.829368591309 4.9334831237793 108.6905670166 33.085464477539 -185.57759094238 -15.533745765686 86.489967346191 -84.786697387695 
-180.42184448242 130.91912841797 -129.02621459961 50.499847412109 100.6690826416 -34.073661804199 116.89038085938 -116.07304382324 100.58975219727 -34.842586517334 
66.315086364746 175.37411499023 -59.506832122803 -25.781806945801 -148.65951538086 -101.85342407227 41.668548583984 0.37575149536133 -18.039791107178 -26.565504074097 
