16 16
70.00390625 -5277.3823242188 22734.759765625 16386.595703125 -20165.171875 -4386.9116210938 19594.234375 -10069.216796875 -3530.505859375 17469.046875 4895.9008789062 -25890.720703125 -1420.1750488281 18994.15234375 -17924.169921875 8520.9248046875 
-5560.3828125 -13507.654296875 3198.5793457031 -9091.603515625 2601.7116699219 5656.3515625 -16388.478515625 13459.149414062 -1000.0771484375 9001.84765625 4128.40625 22895.818359375 17003.8515625 -8374.2412109375 -2648.4418945312 13005.17578125 
-19156.44140625 -18425.546875 -30443.765625 14004.287109375 7757.5390625 12573.497070312 -509.45678710938 5685.1547851562 -5496.453125 3625.7658691406 -5942.6459960938 -5937.546875 14207.200195312 -23311.095703125 9926.7978515625 7929.1142578125 
19840.66796875 -4308.9111328125 5007.1630859375 10616.981445312 24123.0234375 3230.0515136719 20843.876953125 2060.958984375 2408.0129394531 -6259.099609375 8298.484375 -18190.779296875 -20152.091796875 -9259.048828125 -48.4130859375 -4449.9301757812 
10807.46484375 7776.884765625 23304.001953125 -14694.908203125 4671.3374023438 -9774.033203125 -11124.375 -9230.736328125 1595.6840820312 5038.228515625 3053.2700195312 5821.0029296875 1990.1433105469 11780.721679688 -12983.517578125 12760.381835938 
38678.37890625 17729.755859375 4607.033203125 -27451.109375 9060.04296875 -23888.353515625 5543.9296875 17546.4453125 -5619.6499023438 -20511.48828125 17804.36328125 8572.6357421875 -4568.60546875 3340.98828125 21901.7265625 -2623.9616699219 
-21946.697265625 -12067.986328125 9057.97265625 1975.75 -24992.259765625 -15488.168945312 -15431.19921875 -20748.080078125 -16241.615234375 13544.092773438 -9499.8818359375 3361.4248046875 -24999.015625 -5080.6655273438 -5092.7739257812 -12729.030273438 
-16132.249023438 -28531.380859375 -2906.7973632812 15148.037109375 -4755.576171875 19521.19140625 9011.650390625 9606.2451171875 -3154.0112304688 4578.1962890625 5243.6030273438 4575.634765625 -9968.42578125 -19935.763671875 -19796.95703125 -4316.0405273438 
-10804.37109375 7028.8686523438 -12782.3984375 -10128.783203125 -1074.7922363281 -1755.4451904297 7602.9311523438 23522.984375 -20282.09765625 20129.51953125 10977.229492188 15322.506835938 17610.50390625 -12248.668945312 1307.5270996094 1156.3291015625 
6357.875 27507.39453125 -8183.2211914062 -12022.438476562 21712.462890625 564.77062988281 13649.774414062 22008.029296875 19052.134765625 -1583.6666259766 17824.6640625 -6197.9692382812 25257.35546875 3760.4360351562 33230.359375 13287.737304688 
-1588.1298828125 45.8369140625 2009.1018066406 -20066.5546875 -4359.5297851562 -6432.5517578125 -18676.86328125 4109.5537109375 -1369.34375 -2035.767578125 -1138.67578125 20888.404296875 -6949.4248046875 -3403.802734375 4246.2504882812 -2376.8862304688 
21649.54296875 9520.615234375 7387.1118164062 -12238.35546875 28945.740234375 -9221.333984375 -11679.094726562 4913.8276367188 -3906.4438476562 -4187.8208007812 699.08984375 13510.520507812 -10614.940429688 -5792.4541015625 8316.830078125 -13057.630859375 
12680.290039062 -3009.8486328125 16535.322265625 -3964.0708007812 -5764.1640625 -20279.080078125 -2180.6037597656 -21413.173828125 646.91809082031 18534.4609375 17102.046875 -1139.7427978516 -3131.6730957031 8817.30078125 -20009.677734375 2311.1459960938 
-2581.4389648438 -6616.3911132812 -1316.5925292969 -3803.7902832031 -4956.1640625 -1644.9794921875 -17041.09765625 -5301.2495117188 -14492.267578125 -2975.7861328125 -15284.077148438 5331.6909179688 -12130.03125 4363.5791015625 -215.04418945312 -7924.02734375 
1101.6408691406 -1450.9180908203 -17941.1328125 4308.619140625 -21421.53125 -14000.630859375 -19570.271484375 -20969.283203125 -22948.8125 -16349.95703125 -10871.708007812 9667.263671875 -8099.8999023438 -2215.7805175781 -11071.114257812 -33815.078125 
39427.875 30503.765625 -2242.3581542969 -35340.96484375 10397.30078125 -30894.275390625 3417.7495117188 912.3076171875 -4226.1533203125 -4108.4135742188 26780.4296875 3094.1655273438 951.88732910156 3796.6682128906 14945.12109375 -3103.0859375 
