16 16
248.50218200684 -240.04792785645 -319.54177856445 -81.556686401367 138.1866607666 105.03484344482 -101.70492553711 -43.498020172119 -15.500765800476 169.17140197754 25.966728210449 -52.170276641846 -87.775978088379 -4.7085342407227 -89.245933532715 -57.30504989624 
304.38259887695 62.040977478027 -249.2262878418 81.830574035645 83.837432861328 -19.927444458008 -126.48175811768 59.246032714844 -46.893585205078 5.3937606811523 152.63856506348 -78.690467834473 -192.1873626709 -130.38903808594 -19.213123321533 -35.472606658936 
78.594696044922 -120.86028289795 -2.5665340423584 132.50738525391 -381.29403686523 -159.78079223633 14.096969604492 29.043510437012 221.24255371094 -62.835292816162 -77.97127532959 -170.87707519531 13.380434989929 156.1012878418 -5.4953994750977 -31.76989364624 
-70.245506286621 -3.5623912811279 -205.70057678223 95.409072875977 80.323677062988 7.3054885864258 -108.50489807129 -49.662155151367 67.364944458008 135.14929199219 42.96704864502 -78.507530212402 159.70797729492 68.657112121582 -224.36218261719 32.470375061035 
14.656303405762 21.773864746094 -48.991687774658 -13.828958511353 -104.1809387207 -128.19660949707 -14.199779510498 -73.654800415039 210.65588378906 -99.480583190918 -7.4117555618286 -37.452613830566 84.496971130371 97.118919372559 -37.875659942627 82.773262023926 
205.81607055664 -326.06210327148 14.762267112732 28.448314666748 138.66828918457 -202.97384643555 -85.392051696777 189.53059387207 -259.16888427734 11.700798034668 12.927981376648 -116.65895080566 -290.23501586914 71.790191650391 2.1791381835938 -101.75071716309 
89.82389831543 129.58856201172 7.8143377304077 -141.66403198242 400.16934204102 -115.3399887085 -122.58967590332 62.359466552734 -211.58624267578 18.688743591309 26.205772399902 97.777061462402 -42.13020324707 -23.993556976318 76.656707763672 60.902294158936 
58.12077331543 -187.81134033203 -111.0619354248 -4.6038475036621 85.13883972168 71.987106323242 -200.39491271973 71.51326751709 -21.860973358154 20.257209777832 33.269618988037 -26.721618652344 -159.74024963379 22.876106262207 250.67678833008 -3.3793487548828 
104.05894470215 40.010292053223 -75.457145690918 -150.15777587891 -81.816833496094 -1.2049083709717 -97.740341186523 -23.054903030396 98.88111114502 112.62462615967 27.806163787842 132.0525970459 127.7550201416 -81.052581787109 27.121673583984 21.838903427124 
95.359001159668 -324.63973999023 -92.496505737305 -76.667869567871 -43.217533111572 -107.21382904053 22.420406341553 43.110118865967 0.58044528961182 24.392944335938 -8.836368560791 -132.46014404297 -144.267578125 68.118309020996 -350.48083496094 -338.34820556641 
95.674697875977 -127.48644256592 -60.640686035156 109.93099212646 -192.45495605469 36.136848449707 68.125450134277 17.934242248535 138.30493164062 -194.89878845215 -171.64024353027 -81.772445678711 26.166442871094 -78.07740020752 -81.407104492188 -88.535301208496 
-112.94873046875 87.662940979004 15.708296775818 -95.889823913574 -190.52909851074 -9.697322845459 49.936614990234 -87.46159362793 182.58665466309 84.004997253418 33.763019561768 119.17934417725 61.323543548584 -114.20921325684 95.508392333984 4.1649398803711 
-83.145027160645 -133.26544189453 25.315837860107 84.146034240723 -132.78965759277 -70.910186767578 -20.677476882935 94.729721069336 -86.172973632812 139.68788146973 67.492660522461 -115.41223907471 -71.266311645508 -9.3184337615967 50.134460449219 -34.404579162598 
1.7917442321777 -33.83483505249 -61.287658691406 43.998031616211 -73.49129486084 61.049781799316 79.782928466797 122.19073486328 -63.899639129639 -102.63332366943 206.39653015137 -90.964370727539 -147.54989624023 42.814186096191 -128.76348876953 -111.87219238281 
-139.47819519043 -6.8199119567871 -15.826774597168 11.857181549072 -203.48690795898 212.32441711426 -62.929016113281 -291.27941894531 230.7421875 42.591331481934 -72.402389526367 58.661357879639 34.35954284668 -171.59747314453 22.020046234131 48.201168060303 
9.642388343811 13.246529579163 104.88437652588 344.79345703125 71.642204284668 -28.78617477417 -128.32604980469 -168.34928894043 47.246433258057 -31.989612579346 -247.74847412109 43.315635681152 -69.901557922363 -51.229557037354 85.451377868652 119.86353302002 
