64 64
-97267008 138928672 -28089300 342308128 64312488 -457124160 245379440 -297495040 -334187360 194470336 488614528 -70473808 -609180736 -209938784 -232347312 3022928 10110114 33152182 186080480 -217158848 -361527072 10623125 -560617856 -412126336 -113305840 295962144 -340998752 -50956156 -417829440 44587804 -205328752 347800896 -125417688 -210935872 4133018 -94170704 -177349344 -282919904 33838548 370567808 176530752 -84820720 -312231072 -47628048 -356414016 34459804 -202383712 8020392 56463024 -658033664 116425904 426254080 -144332832 -319341824 26744488 -244770208 -104587760 463924224 -97703184 80596792 -37656656 128136120 -166938032 -366899360 
82874248 -746062784 220713984 82010232 -119984888 -61756844 339240256 -153677184 -565794240 209793680 -208268208 73188648 -34549972 -328258176 -388823776 -177461440 -49796424 -803692.25 131766128 239498064 -71937592 394862080 -287936000 -237901184 -178564816 -147259424 534337632 -402860544 -355965088 -14412183 -501532160 235374544 254048128 178838144 -116709328 -109413888 239658752 -324141728 -331625088 406509952 -193966320 -378827200 -152159520 314534656 -274855808 86932256 277915520 -60000568 -96567400 -19961582 -285503744 -28385350 -318982272 -274846464 101405504 478004736 -26233854 201445392 -214020320 -215021392 -108501040 -130712896 431126304 155071328 
313970304 483465952 372946176 306772256 -44566084 -308194304 -235540640 -176690160 -376458048 -451751552 -50316544 -12647978 -124184376 124998696 -640248768 539207872 503463040 -166132480 -15955874 -228738944 -155997360 45407840 -297984960 -32328692 364714176 -326617216 -7371236 -6231698.5 93720440 -268335520 160452752 136907232 72940800 9899816 -31135088 205224576 -209377824 282005856 -80865400 54714712 -10396412 248030624 347569408 -136208416 128122688 471331872 -7003846 -175240288 -156045248 -307997824 135864112 412953312 191978976 725333504 -67307312 164821152 -59786336 -12805268 -6849958 -238765488 -67733424 -52273396 -402918752 262829856 
-132356576 -178329888 -159327104 199884192 2366534 637032448 295641696 113609656 -75054752 90250408 -37674448 -228421984 -90927704 -168531456 124779136 152195392 70787000 -10821644 -437351936 -460767904 19612168 405316032 75383080 248513024 -122947224 -78893384 239579808 -291080448 490725824 291816320 718809536 45563392 276981536 -91594656 152592640 -156059552 -106263984 170620736 2648468 99061496 -70435608 -20714092 428004544 263879968 154045104 6791549 -178055712 -304621248 22609824 123143280 -65699552 458231136 34350732 -49372732 -81867984 166565264 44017840 -258725104 7559810 -166392704 -246799216 -251685200 -336814816 130147320 
262086608 -135661168 10947195 -528242816 -37588168 -387652352 101496208 381394176 -393154688 -243163808 -379171552 18326448 516328576 368204768 217883040 -506582912 -154884064 29932800 45222060 -326051392 326214848 -184988560 151660400 308699904 64173408 413972416 351685088 -566236288 25936552 178419904 134820480 -25623016 154391216 -446804384 -121492920 26142908 577741120 241678256 -259187424 294977952 -237877792 -255350128 -139588416 -50777952 573066176 -129797712 -115545808 34350928 -305108416 -111494512 177813344 219385568 -111626640 289376832 -70921952 276212672 486694464 -158134080 262186368 237631536 -81394824 -478835968 277137440 -157866752 
45090828 -235672048 188333616 -413361920 432968000 -28079432 -207646304 2632863 -199259584 -119959400 108544120 147354112 -137959280 197958048 1101480 62760192 -316911328 181201408 355832352 483084480 -4706109 121582488 -320499488 206610768 -179181504 178636384 297518624 -230348096 -249255904 130738432 -4340775 -43855644 109277256 -85887144 -98480368 -39232376 -240339104 -293886528 -157765472 46484756 179202672 -97019928 284108480 298916896 -61554040 -148010752 404783712 251902848 -45783628 201543040 195998992 -112716648 -134838112 -404656704 -23450124 327369056 11479906 429270336 -220563360 -364836512 218661008 -135431840 -59988832 -148398576 
-37737972 21269644 145999856 -130726392 -59292616 32454772 -182656304 -508635328 -12879624 -283127072 13188746 34182736 -116262872 -679742080 -786927232 92434024 -199927184 -246682464 -201423824 -67862448 221430368 232083360 113207840 -20008886 -22791782 -80815608 -61106160 64475304 377824512 211183680 -449046848 -258747600 552511168 326807104 110882864 36570624 18559572 82888736 -245240112 155519728 -255025808 209822048 -529438976 -3576278.5 59664952 65176368 360414464 -377267872 -418868640 -62656576 -371379968 -10030970 -326671168 344247488 -280308704 250034400 234026304 -63267760 -194220864 -119504520 -261354480 -353857888 -131429376 511952768 
-151321968 -166413904 105914608 505322560 51247148 179231728 -241232016 567134016 271562464 -173961776 -293800384 376945824 275926016 157308080 47552888 -230668400 146265040 216660896 -257316256 -197149152 -21222244 19239014 7600155 543045312 -350497344 2326357 -7898764 243074576 404641856 -148046416 267277776 -167521056 78630704 -278095200 106306440 85634400 -1903450 -235853136 118187312 166029904 -258060864 111106064 111087608 31493260 141104400 -14510653 67041484 77933768 -191076784 177176736 182755328 3489721 -38845764 -47501020 226820128 78473728 5116801.5 226504752 470151392 100788616 -36671552 156175328 19305740 -78345520 
-60280016 -196002768 246824400 452521152 -201036320 -244702816 124328896 -166427456 -95445760 457365792 -6786415.5 -465740544 108417656 -108159880 -168434960 519373120 220087808 -25962446 61875444 -26376732 67180000 268704160 -6197798 -280283712 56612972 142295888 145884576 127112408 118990456 -471819712 293427296 157736656 -155178224 -101558632 63108388 -466402560 26477852 -272672896 -337091072 442909344 -281466112 -226388384 -668862656 -253672304 20286032 513542048 -63575096 -587679744 -157095008 -396783968 -233126096 95433008 -262209776 80324576 344789824 238966688 273482304 -221919136 -92888200 13708195 96250512 -225995168 155656288 -314869120 
225491136 290212352 244338384 -183749024 -20772258 63651872 -107961144 -47530808 135442512 -414470720 -487436224 680478272 -274057472 -83518544 -107029400 -125250176 443669536 296043520 -285676352 95543296 -10480124 -12076471 -249686000 183861584 -204323424 -186280800 118863616 -5537175.5 93997560 916426.75 19403980 -122248736 246528400 -415248448 -108275592 -147954848 -265519504 -148420256 -389836928 -20091668 -302318656 364858432 -25706748 649146304 185030768 421215488 -298229248 452387264 270454656 -129375192 169379200 -73083600 362071968 520160384 -18271592 249762416 -19527056 263427072 45034896 379700256 -99996816 -72919984 -510257344 -260897280 
125994104 79959400 -32816488 -56928856 102357136 28868296 59784736 105411600 -143514464 165583168 49260772 -99259664 338576960 201771456 -72366776 184239840 359752544 -127581096 140166112 -138786864 -28858490 163504448 205298304 -306043232 36247448 228582512 -313181408 -262941792 -18991416 -116287544 -237977168 -154409184 -376856160 -174993824 -91392112 -62441164 172097952 -213655152 -111323296 174307360 -61552268 -441232224 -450302752 43192396 -255167408 107004336 -627880320 -244097488 -198332528 -514922272 -388037664 429851200 -297408192 -33477456 22921954 -27359936 152412832 34778368 -47223680 239333952 26457388 6916132 686960704 173072528 
-63458904 148981888 161649216 318299712 241053632 221700560 227711904 295690176 27887916 -243974720 57995740 138350624 142008976 -397272768 -138873008 139383600 -127238832 -134878448 25011468 190542752 -378444960 209283184 48342416 482901216 -908682496 -762401088 -261619536 226457168 306777696 125660056 289669376 -378346240 291442720 -225022336 -105508984 158289136 -45373124 103730872 110516040 224164336 -357792768 -25278354 -229557440 579139776 248295984 -279023648 81637056 -132436608 381679328 274427456 245359408 -101407360 237564720 -155322944 221963568 103034640 59945596 104363744 -220822912 -370533056 -483702560 -135620640 -242553760 133912656 
229612784 464061472 242328528 -362005184 24844684 404251104 169962432 -205839952 -229764816 512571936 26992374 62600288 -45324584 241777472 -177010784 32266694 204366000 203281808 -171535824 -34175380 -79934712 430919808 119109088 -50741064 -272580960 -173361408 -51170040 -440438496 -31235608 155046176 -486064320 -256947936 -305524416 -46124096 -155323744 160629920 75906392 -195297264 -294558688 -50308876 -111780552 145307184 -534589696 -121344488 165065152 -175740464 -117420040 94710688 -264769856 120443864 -411538336 -8654900 -82107600 -144302048 3064344 542472640 -95255056 -71158504 -236854784 -103099680 166385552 346181856 425228096 178478256 
160622320 -220432608 -650457408 -299552128 188426976 104740760 23809124 -240108496 -442197696 171512768 578177472 283066240 -13701896 -265868384 227561104 -311389152 -45941920 151276544 -239332992 -66924036 -204860368 -240977904 -192800176 -524417696 -264630560 62852592 119642856 8266947 -411118080 -147286128 170658608 401962144 24406744 632330688 -162559344 -186578656 78701024 176903856 217624432 127988656 1562212 -143144048 39538516 -416380832 107016472 -303839680 83623888 -238276800 81118088 297650080 -345002528 40257456 155076000 -254380992 253362064 -230769984 -54679388 -333975392 -351446016 200452752 -225407216 -28232994 209924384 153084832 
136431376 -359331328 -114193920 -477980448 295169280 99767120 30897274 7961625.5 510240672 194190336 -100277984 29619212 -105644296 -510232832 411460160 11482290 110525712 19756336 449900288 206702592 -249259088 -258517104 147208896 -110803344 -34218252 -211846096 -110126400 -20509108 -58679024 -27620764 -372420416 68562000 123394832 219165296 265125616 33928488 -334911392 -152468.5 -29826232 -362713376 129374960 -144904608 45433316 -170719440 71114680 -113621296 505171392 351016480 -102209904 561530048 -72359480 -243806368 83919552 -248213232 -179840240 -981889728 -231083680 -358309088 -58545820 198241728 -53927356 87642808 -713861504 494817088 
-320563616 -288198240 224602272 -337091648 -73002504 242435808 -187626784 -29278924 -185088384 -519830752 -560431936 52273060 -1417098 -18469996 -477090432 15187238 124361096 112465544 -32193482 78816432 181809504 138675232 173414144 243569248 -350966048 6389948 296409088 -390147552 658845504 604728000 82505888 -90539520 306491296 -259594160 -293012320 -59152472 50256220 245907408 -262326816 238493968 -40276480 -270764512 -374024480 237605936 1536621 190615792 440454592 -123183280 -94129592 -18939450 -270917664 -350420064 -582078080 355884032 -28708564 310761408 -93908560 142120560 -133936768 -161907168 49589688 -464215264 -14634005 249424320 
-27088236 -176734208 102452608 61670932 249820896 -174068640 311386976 118602040 -83866080 -34818084 22107566 68225576 358838592 32783172 -82161552 -594190208 -142305184 -354681920 411863936 -32731592 326609760 152383008 -152252400 516130656 -216138976 462661376 -212457280 -30485486 323071552 17594118 -97604560 -42380024 -126354904 110852688 442412768 415854304 420004000 -136198592 -4145604 189397104 -329473536 379723616 -271269504 158381472 456646528 -485355008 -238030160 184888160 66790448 249792224 200991568 20766824 -150480464 -350712512 597644160 65920128 683445376 144211200 70921968 22202666 2739112 242458912 137348240 -308990048 
24993400 -496320192 308507808 18808872 -356620480 45991672 744706176 210230224 -26623582 358697472 11167725 -419162656 -166299664 426250048 77221520 -309322528 -192432864 221074480 134092776 191624720 -88858976 426617312 176913216 -85645680 179521472 326746176 422134016 57469740 -68127056 170320912 232286960 -14837352 -469287008 -113602704 -98230168 -196955312 224777712 -333271552 -103305024 -53964444 -390492864 -124566352 -95788224 247330032 -107259872 119297304 -253232416 -198883760 56409484 -601777088 -67370336 81686488 23621592 -345633856 -70870928 165648400 146927728 197912496 -280066144 -109608224 522097248 -535359328 431487872 -277671840 
140778784 -156624512 29044712 -87737048 229424336 -389506944 -63876908 -616940416 -342229536 105322136 498241824 -351329408 -170094864 -295882720 62795668 575783488 -183948384 -335028064 -28615738 238620976 252539232 -314332032 155516944 198757424 38705720 69747616 -154035568 -231597552 218089824 -63536952 -307797856 7191485 -71165616 -33009832 -158302512 -381557312 399162176 -50158172 42545560 481321024 595629952 -217037440 -126037832 -23712050 171241440 -400117856 -86919248 -586538880 -826702848 -23740002 85021648 -3343376 181168752 -67515344 80109024 -304475936 -22937684 -127997240 -247136944 -176655024 99967872 -139443952 -43897704 179767200 
-255718256 -93233976 -58282916 80358944 232338880 -349476096 367626592 152121600 361846144 -187196224 -503660736 74302344 74859696 166481680 113869264 299117728 180598736 -347827648 272638400 -29460254 -164821040 -117548784 -243837392 110208688 -324847008 -215084992 -261774672 271642080 374996160 69910424 241288880 -236684896 -264197136 -238471584 -350344128 193150400 197752112 -31083440 -67310704 -160336144 -200293184 -217186528 -437904704 192201264 -34265208 -246929568 -468917728 -89169416 156995088 14712194 295309952 -249956096 12485117 397317184 -20157582 -15264118 409059040 108512984 335479104 204327680 84112680 125634960 336089664 294800928 
249727136 -542840448 268609088 643510784 326941184 101060144 310253120 -471406816 63693080 -134034904 -111230688 -538641856 4078792 -210224128 -254029728 285184928 336499936 444672768 532389600 -134873856 81476480 24334224 234545856 81104104 -332606336 -350033472 -257347904 142804096 276528576 -570272576 491094272 -61780348 19466616 -499639680 -833366976 315582304 -113193760 178800320 196617328 362210176 46004172 23848288 212674672 144742816 -307646208 83296896 -249697952 -234522784 -283464864 -384792000 92207104 29633784 -128724496 -318001984 374994816 387949440 -403625664 475100576 -327222560 28076994 -41984880 -66675944 96131896 -289446656 
101173152 122792576 488848512 98515240 -406340608 217441504 269376672 245074128 252838096 -23917396 -61174148 -132791704 -417897600 79326080 -285178880 327417664 503222144 229190128 -438310336 -87550272 -182028288 226264992 7276690 -119344840 -98384112 68691736 87918408 -54632444 -108781832 18927772 266689984 -344499904 20296064 -182050912 -159184448 -620634944 -462305728 -435548416 -111328192 -231028320 -262006480 -149339824 -65245144 242585792 50325060 571243136 -610201088 -274335232 172050624 -134385056 -13037604 -144188848 156779392 -76477728 -472955936 130981400 436823104 -217736992 438626240 98391576 -168000528 -397769440 -59548508 -22466142 
-92217288 -112544744 86741984 130148920 324357.25 20134730 -129168112 102483640 -168898208 -262450448 384254272 -388485152 176877376 510969184 53772860 22147976 -128578280 126142752 61595704 149265088 560832576 152017328 84425480 154670144 -174694144 101072816 218836240 -199517872 47548696 221889952 446300320 -64423872 -296298496 145309776 -72594608 7655670 191757920 -103320560 -19359348 413893696 -235169600 4155357.5 144372144 114295784 -99804840 -103854856 127481312 -282157408 -317305760 48888360 54953348 112805256 -252399840 130162792 104088176 -295621056 -311522688 -227062048 154699856 498854592 576881088 -342016672 438658688 90923008 
37732568 257584672 675984448 99143104 180593456 -20582066 -104058968 221154800 -508165472 -532976800 -318651872 -207137936 424783616 307338880 175445568 -349062272 -77188840 303723808 -232002320 351336480 114807408 -207553760 106491624 274892064 54693092 208887120 241341344 -65897176 26391864 -351264800 192586320 -301640192 -58806992 -116636544 -646396800 144598384 311568224 -27480754 80389664 -236140432 28799460 -212787104 128930192 12580453 335192672 -32085796 -2128144 124777680 6925972 -228282176 142177920 -229770176 528013248 419434080 717942720 201405664 233875152 126912816 119146312 -19433948 244120848 56485588 -279234688 -242472624 
167318304 -342147200 -414567296 -723037696 193627344 123028896 159553792 -373659936 96885944 408374688 -341033408 176705792 -270288000 -59022128 -215769792 332920448 471660576 -250271504 266806528 317193728 -410295360 -12587949 27445948 -379524416 223850448 -96818672 305892192 -239743648 -304774592 -161965200 -164208352 167255488 -507975872 314118016 192675616 -113468368 36104892 -313810176 -260769536 -198722912 282921056 -376981472 66737152 -367009280 -272641440 580477184 -17566862 -30266784 -152296448 87079544 -310785536 -168569456 -273974336 77542256 396561056 60251560 -23397694 -207173824 -144906400 101226120 116418192 94266624 41874 298666784 
230688992 253285824 3655762 235595904 -195991760 -210560048 -619646784 -94001016 270132928 -199970656 12816729 -191479664 -192456528 123301632 -201752624 -80742712 101029792 197178048 31870024 -121385168 229693760 -36570604 113143640 -51262080 564692800 361127808 -506414784 66550280 301298496 244754528 -385295168 -45174128 -300467136 -224477056 131986360 -366514944 122581512 78093344 -358237248 117737424 656363840 -41213372 166578768 -460671712 -83827856 177106528 313651136 -76076800 -200399856 14480035 4553048 286481984 -44950752 -219735328 -411391680 -591464192 -41056888 182425408 81908528 -75894560 263498496 -363236032 -93928272 -59018176 
-332982176 12483158 1973813.625 48058168 -80366096 66256452 175617456 -365391808 145327152 -146065520 -256313952 36350208 159055744 -165701920 -6323301 -121603512 423826336 825295.5 -552537536 -11546184 242695824 158138368 -18120132 -106054056 -144658960 -11929051 73221312 -327446432 -348507936 -166012752 -397700640 43415292 40885936 462779296 323738656 34905696 178343424 -431065216 -102656168 82857560 -223555152 -401701216 -544798400 -20645034 -226571552 249039088 51829684 -73680632 -259036544 -27454482 -504596128 -583814400 -200028608 369613632 -4939094 286433344 254251296 187473040 121525800 -44797516 -62194396 14784322 393773824 -245671424 
-600167936 -188072304 -193796496 -251218896 10276798 -325835424 87557448 -48571616 -148538832 119619512 -541530240 151272944 40937424 144802256 -249358544 -650403200 -404830592 -98105288 -102790608 -496176448 -334889344 -1330232.25 53387216 132860432 47856152 103524720 362105024 -262525456 -23167628 486024096 -481922816 29023876 -122351776 -317682496 143657232 211794736 -57019384 257447408 -141621440 -398524672 -215575136 -76400208 -375240704 330077856 186338400 576827392 -66805864 278857792 -51123216 -243654496 -325239168 300067200 260409952 258758960 -107089864 -332725248 321266272 147696432 42511528 -116825408 -97829488 758897280 -141710656 301269088 
-75420720 119334120 275651712 118142896 303317152 -259328512 25866.40625 -293870560 -767051584 -327505408 79688768 102772320 -455233216 109290720 7381540 -403083200 103323720 -72823416 -39637848 -416093984 4533444 -457958656 -448339776 -103199616 400199040 255963264 139038016 -301845760 -483479200 -131998696 -255674016 428895232 566398528 350813568 -326855008 465511872 -142655888 175126560 384604352 -333635584 -81154544 395072224 590350592 -438095424 32524192 3932784 190553952 332061600 157791328 -181521216 180132416 -39912192 -90699136 365722848 27212136 -206687920 -3441264 -169092576 64189712 513899104 -171065792 318255968 -601362816 312837152 
45257200 -306080160 -164655440 -104773224 483393152 47917096 -302691488 330287776 673283584 -57984168 -231386672 243850912 83324776 -208094848 -349895008 297499712 147831392 -42083368 -139478448 367265280 -306047872 -2654276.75 57882932 220296240 -186788464 -157188288 256279168 233218976 121304816 404413408 227504752 73026320 -16644250 80009768 171627728 -519806976 95417136 -115479184 -329794176 -48024604 -121458744 -207410320 -633285696 -107803440 -86772144 335845504 257936480 304940864 -33586532 408237984 47487708 -177740176 -121749968 133353152 -379807040 -205694720 382957472 -360421056 276403776 332839648 6353022 -217009632 99506968 201165728 
-98563072 635290624 518428672 206864112 -178822560 -298581536 397637.15625 95387296 -87582320 -53643928 407996448 146143248 155429056 160722288 -370140032 451428608 -255675600 209870128 -264233440 65422812 -26206580 52386800 201622144 218020656 -93669904 -214550384 -359947776 -27800780 -7136244 274995072 293979968 -366622976 -46966872 -296301536 105864408 -99496976 -590531456 -91607528 -92225584 169163776 -337694496 578442560 -5783730 567663744 436251072 182780800 -207406816 57014320 462606496 -589397376 -8845952 197598288 386929408 -421846016 -85992608 43849640 -214878880 -161412480 -628451456 -1549195.5 107153856 -289034528 -616567680 -249846560 
-660184256 -400873568 -135594272 339155936 -189157344 -306536992 138267408 266699216 -57375040 268727360 152052880 -51151536 -415324320 -100607008 9672630 228917568 356169760 -621353792 -76142200 -38371924 -238022768 76161368 -112241672 -137153088 238905056 123334832 286170080 158666016 10307692 186516512 -77778096 374355808 -238313232 344017440 493298240 -170113392 280656672 72073792 174061344 296562880 5676132 -139834464 380177536 86005024 -199041440 463704832 -415222432 -120645872 191452944 -107386168 242620096 86394632 174030464 304694368 -121061520 -26066916 377717920 21125948 66517444 45968000 -115702080 -178439440 46602888 -216891408 
63190328 93178696 -13359000 -211019104 -7801949.5 -387538848 281482176 -297359392 -265560864 -64962304 -183312288 -62468376 14299024 261693392 -161586848 -71652576 -236732224 159702656 69178512 -136968384 -623623040 53456968 -276303872 249997088 258638720 464132896 74598856 -318842176 -199816064 493740320 -80763376 -6880246 -397231392 179154608 -54578948 490694944 192948464 -141749392 -43009844 -301319104 -97010832 29659670 265499392 95559712 511926816 499141440 -670400128 -62427416 85285984 -128800960 -307095264 125737728 -281197920 -236959632 124309552 -81245048 -98036840 217739376 -648571840 -23625862 104049192 495695072 -31714644 -123307016 
-43503968 -129444240 -178760576 -59114028 -268817568 -60315960 -199063824 -425886240 96468032 174280368 -102115232 319490848 -9299108 6668933 169462672 59737804 226997264 -174099392 150684544 85877936 359596448 191883488 -116668008 -533607040 508314144 422873312 -62050792 338372320 56540584 -257121264 -99389120 358143328 148646128 357630240 -164000128 158842384 -493601600 118200736 171618048 13843445 197332080 190115776 229508480 -239990192 -490292544 -266154944 -1284010 -104816656 129321960 -124303240 -81553616 -148640352 519318432 -156526976 -211223568 -442115424 -301387008 340460352 -118258752 462278560 397277728 -49633356 297543072 -232152640 
223317056 -618310720 43820520 199783792 -351158592 93442520 -181508048 -184070320 123633168 -125145968 204556240 -112981696 28209488 -24677940 -195738752 20287244 610608640 -223677408 -81371376 151323248 -81554672 348402528 -134293296 572397952 57808312 -302380032 -39731132 -10984703 -56060280 -53084956 -72799480 68793048 -9265820 -84013984 79694744 -111381272 198972224 274659040 408844736 61048668 155755344 138615088 -162348080 -536923776 -10480192 228085600 255161344 -1467876 -636586880 108480736 220489568 12247240 -327235648 -211225856 141227232 331063008 -167109760 198550336 244301696 195459744 201052464 413248320 278105760 -555511488 
-226556032 86624880 -16466334 474238176 210631440 -151140608 243822720 350780736 -622695808 372983968 56222464 81488696 349210912 20294902 -239078800 -415944224 -351735104 426284064 123502544 -250442032 -86820512 -358724864 -46289700 -340144256 26079988 -81176216 -41600928 -463000928 98366128 89654208 154566736 232986080 52178000 62596272 29913120 191174080 -397784160 180832000 376645824 -139293728 173127456 -422281696 420135648 -31114684 -280042784 -197890464 34267240 396675264 147471984 -34683580 -138429488 164316784 -135756800 -275941728 49938904 -207540032 -170798832 131645144 -136680704 -422306368 -56537336 -49759576 -306118688 -327277664 
-172016640 59600984 -165893408 -52074856 229250560 -341258560 -81519584 185546528 -108530144 -31172658 43591920 -499072160 265195104 61497848 73275528 -280396448 -157857840 -130243160 45775724 555612160 -7023036 -191733984 768128 222104352 200517072 -69371392 37209088 -13867120 -291535936 -89439904 -306291040 -238243216 -270435360 137235376 51490504 95768304 -3733022 -26223676 115838416 351484672 115703728 -225277232 55351784 15191924 -359339904 -277130080 174196112 266086048 -277210496 -199209360 452538912 -182747408 -148762816 -77163936 306459008 -107665768 -172845328 222185040 291602464 147896304 22848452 288176992 572891584 -8491988 
35864264 -483820224 -138604704 -273477248 -172140832 -38038616 -25242994 -82346712 -396736288 -123940928 -304857376 -194912928 -169490848 129544944 350996256 -37382876 234262528 375151616 -148479248 6756208 -150547904 165965760 65944872 -334494944 -480235456 -62544848 525343712 -498285664 -347590656 -111870216 -134540864 144422000 290802816 -143074016 -817767488 223958736 318585632 -297244352 -13115240 474753248 -108748728 -857456000 259164256 130500888 -35154880 219492352 230853328 -181369040 -426398784 -193549520 -83273648 211794560 -59847760 -52163824 291778208 407618944 -58965736 302330656 -240837856 302319328 71757360 -422290656 756592768 8243044 
23140478 58264336 313912960 42340872 244609824 -614158016 -641369728 -37916072 437622752 -130075936 -75119240 -327936192 -78284680 344203072 -88375696 378333472 569555968 -34454144 250201600 352751488 199447344 -268408064 69883440 213026384 299931680 -134442544 -59746792 181722992 -266274288 -518717600 -47314736 -28774182 -793320768 -266877392 354586816 152340160 233227200 -293811008 -205455328 349949920 208750000 49041468 -82531312 -526741856 153139360 207168944 25328400 -54639184 -625452928 87892592 417884992 304854752 -79613168 464585504 65034416 -70292608 -26689516 -189237968 624753408 -824291.5 183287792 242212608 249171024 19924834 
191067680 -141924384 -145374224 -373016 -160327328 -154982448 -36046672 292831040 23016744 259952672 -253492880 194277344 -65203216 -208463024 -422867488 115439280 23454906 315978592 -469571904 150608192 -154099744 -22526758 -229047680 -461838336 331011328 259390528 295091136 212529280 206904544 267852400 -620529088 480581888 130845120 456618304 -79310280 -193242656 93104616 -35743924 -583876160 279103808 155290800 49634576 264600384 23151158 -14185938 588124480 -22523604 131662560 176111904 142839536 -205362464 -208426992 -275617952 89090656 -525723840 -38165928 -123626168 121865408 -69100240 -280060128 -209527872 -74571800 63048032 221888272 
1414674 -349250048 23578550 -92840528 431722816 297150432 190349776 430922176 316202656 -66217520 -141496560 -117315168 191884944 36260680 -54377928 -222353056 -69217720 -248241296 443066496 299479968 -164975040 -190890512 -109255984 552037888 94965520 52983828 -34691856 288856288 210697104 37662556 -64580840 -379854848 149802512 -401223840 -153134112 -396998112 -649064512 199323808 388720544 -28068788 -395764192 42276624 148649456 111738376 -577899264 119059960 253726144 -168153440 -241726576 -294795648 296371296 13580952 -205285376 222207776 -99641688 -76924504 -53863144 -19452096 545702976 106371680 128293904 101405536 -346535200 152927216 
-90297936 302731872 -411055616 -117942976 -140406816 264348608 8058211.5 -175874528 364339680 -304353376 510588864 -412078400 -697155840 -82446712 -147503424 97969840 204005552 -326657824 -317562912 -349645376 -219381536 -292366176 188203136 -279662976 220716608 66103668 -407896192 124361936 35282408 -321984768 -192748368 -677252672 -220051104 195791152 -27820882 -152700704 -267438112 136252320 -89140440 -201077968 210661024 -141871248 629187904 203815488 102979304 -166712368 -458962656 -290043904 -232497904 154103008 260967968 247332016 289092704 30784898 -397129472 -97075496 -38644104 -320949824 -64669672 73428448 -211930352 122942456 -195793040 615565632 
588329728 -254938752 469201760 656143424 -45171956 -55750040 146337888 645326592 120564752 12035007 -285600096 204558672 364061984 -103702608 76464944 357097248 -15099646 292600256 370118048 -506942304 -303096288 -212270928 -268285040 93634216 -261364080 -41473936 -61932832 399796896 198531056 61915448 552115072 244852720 77663736 -253348096 -25121852 170450864 48112812 -110066368 -201225776 278476896 330166144 436597376 436295904 -5847954 420072736 224130464 -313077824 91634640 563570944 182760128 55684908 333086112 -54739720 -223956048 27833722 39256684 -1183323 66481912 549613440 13579958 -647354240 -92986208 -238822352 -181530128 
115725168 -139374912 -248725552 -440485536 323276416 -441185056 -524751840 -368926336 -104409040 -196148176 -20616908 -7579268 -169010144 89779928 -591383808 -74967584 111886352 -460214208 235567792 -4952036 49174248 -443556224 -168118464 280645280 126466064 172485760 -391009472 -252863296 -37907512 -99448528 -268447840 200491008 81981680 273666528 246951824 538822912 126551912 167317248 69208232 -26794988 538925056 -188087312 368094432 -337952768 222144928 37315440 177806432 373532288 -211320032 492560576 477264448 215722272 32785568 -158416128 -47153208 -182721456 503796896 131733184 162398192 -270290208 -151377856 535436480 -2318644 -37461976 
-330369600 -357515744 -259131584 265670432 -34149240 -76146216 256830368 175593808 -213658208 -168332064 95109576 -257666688 217487792 -86759000 175413680 -334199744 -290670752 -77739128 334499296 243186768 135733776 -195120384 -111336000 -110498432 -77691936 155942192 207423808 437392224 -33286262 121665224 234992960 159638704 -442121728 319800448 50333376 161245824 485098016 465532256 79471672 429570560 -303609152 -272925600 559581312 110254464 -347727776 -676216576 250627728 197714288 -144110064 469336544 283446176 90041576 -470196960 -127677184 134908096 250707456 -44536624 16838628 60899872 -476549664 99191040 464479872 222120304 -369330848 
-183800384 -25136016 282118720 -369083584 -397679296 -468733632 -253993136 -631607872 -424382400 162713904 -209091072 121005136 76821904 396383424 543540608 497514048 32751086 -266989856 290912800 165755424 833577984 -270517152 284220224 -360168320 749608576 70802192 368346208 -49313892 -386652736 -74280712 -71789888 757781376 -615961152 137282576 247374336 -88429824 -200284592 139015744 -585770560 291767168 639802112 -32872162 135904144 -449806240 -242528768 -270345760 251893648 277492160 561335808 -137626960 215191136 -12426774 480999392 20149904 253073360 -454600384 -33346004 -283440704 184649072 247239376 301818368 3706096.5 98043064 -107843248 
-152055952 -416658528 -57439916 -148663456 -31568800 156379632 -478781440 101908384 548993152 329184320 -209864192 81200824 -107322560 -291760000 51809896 9743478 -348544384 320533760 179227264 495512384 -669513088 -239160592 230784000 301962784 -614120128 81344272 406288960 330996992 -132119072 338562400 -272926784 193551552 -46124540 312186528 198318992 -84560016 -130439200 -407995232 346671488 51597536 -139865440 58846828 442423872 107447928 268972192 302268576 284680032 279999424 -159036656 711340544 -292864480 93267232 199832896 -234164320 77454696 -288822592 132608624 -361951104 -188067392 -177943136 -166897792 87494928 -271480608 -48853584 
37412320 -476568160 -504449120 332490784 53768904 -112839512 716927232 439893056 576280064 -97292248 -153838592 381040832 743626752 -727175552 69106960 129010064 -49021980 -7974481 57864784 -184430624 157604144 -18606738 -366188512 62252024 -492268160 237999552 -468615552 -154421376 653699392 -46184960 35799092 -276991360 -37313728 247947680 205111520 -49635056 -101247032 106472512 -215597200 -66775292 71624544 -181210368 -115748240 390272064 223546976 -286243168 -647825344 -8952632 275553984 161186944 -249711232 -123222472 -403969632 -108135680 -30058720 33857948 192076688 -14026160 -45003276 122811200 -565200128 50012072 -130181200 152733584 
171258208 -157378976 36025920 299957248 -169062688 -396691808 435975488 -4743940 -502103680 -94589216 396779744 -186084784 169684384 -293921088 -455465600 -310040000 -215923536 161929776 104851800 -240959328 -73652944 534843808 -129223152 -136946368 -277433888 472160768 -308339552 -6658020.5 -367144288 -311780480 -79660760 290467328 35782632 239360864 -271108256 685834624 632277376 16058088 -74550672 63558880 -360006080 -19574964 -173634992 -210206464 3455064 453789536 -78716880 82938064 -263214432 -207071392 -186904880 -103795512 -157022528 -242325696 -488288544 84020184 -349267520 281373088 -323167968 39897344 -114000216 65005820 550345728 -344169408 
-73304544 274404736 -35332956 -32820756 260362128 266469472 -453956672 403590560 178325648 -257037920 284157152 -174007600 19343518 568689984 282531136 -301676224 54686928 381951776 -153337408 -6985627 399044032 -326373280 315970752 361186368 -49365272 51453400 -482337408 -26211872 -181333424 -96032992 -370562112 -208161168 -218337456 -367708128 -199754880 -352801600 -160790528 273407488 87396344 97278504 178947952 -39123384 138439056 2792110.5 -244155456 -282972416 128314584 402054464 157556336 -175386416 175816624 -12229174 -376433632 -333054272 -264883712 -68028584 -138376352 28167434 349250944 140935984 -150807856 359569600 288859072 246538896 
-88974256 -384092384 -189837648 -269903680 90339624 -163988832 76415728 359794944 -160172960 332463872 -329311040 -169785488 -132561936 137350336 814907200 -530843552 -528967392 -98412112 191039536 450603616 201750048 -77450888 -154568160 517273632 39259412 456299872 354948320 -62090416 433090656 207395872 27946776 65868256 92919904 -562688960 -81097104 -272768832 -19379348 149806752 9649042 313738624 36856836 -292520064 111522648 445142208 -493378624 -682652352 317363488 52786664 -100297216 104999032 639757888 -48828264 385484 -248779360 -144115744 -120824160 -37140108 176992464 136489664 -43974016 145026576 -173768832 38530680 80483928 
-304143808 -178483312 78762320 -395523424 -114415000 -431279136 210706400 192483600 25891984 155659920 -237945088 155034480 -255032048 -97174296 93181480 54708184 77399440 -290032640 251275904 75358456 -194971216 39668728 196943824 -322795168 52044660 -20151674 290569664 193769632 -517028416 228140944 -86975016 -130255712 -328855488 278928960 100074224 -205246000 -233980416 -222184656 -434569216 -24958062 -95996864 121309576 220481280 45598640 172400848 294892000 37536064 -103679856 492743104 12778751 -284311808 -368079744 -89310328 -88203520 9575628 -445420608 306824192 -515697568 207527936 54692480 -57495528 -560137280 -4055587 497756416 
72270744 -35268828 -349733184 -535393088 160956960 -103573016 -240337744 -532861248 179123696 70448440 96746648 -491361792 228431024 47932640 -119262016 -274284896 -257014336 58753280 229146048 27874538 137574464 -214381600 14692987 -399911424 105230288 -94753456 338798176 213776864 -658098432 110915520 -185216320 54919828 -16525008 183876416 -284704000 38750772 421285472 62616996 138594304 -172832192 -84901320 -253847360 -279995040 -680706880 -67710704 232183632 681804032 -335154208 -217534240 336778560 -215947776 -190482128 -553810560 332380512 149536576 -28493840 95932632 -261131952 167855600 230686784 465443552 -47987744 358357792 -173015136 
-273350208 84389952 -97679400 8255076 -84391800 -32241464 -37958652 114965248 155699200 -157182576 -564936384 -14000124 -232048544 23972944 117048064 -171907120 334611936 -478397024 -361350400 -350190784 -489259264 -225385600 -185116928 -1822608 62672932 -14098792 327179520 22429890 -36565768 6711094 161843408 9331376 276693888 142865248 328831552 282746080 127855136 -135978944 298742976 -311529952 -147212320 -116598136 64292432 104722040 64276536 229341040 -88818776 403160960 103282984 -17487680 241114448 -128559600 120423072 623347968 -62409824 -52935548 354889472 -168144272 623530432 164216928 -96967232 138863040 -76230456 41908816 
138328064 111427448 279367712 204727104 192497392 287327456 -208341712 150288720 218230880 343508736 -133139848 -251385376 -17268952 -466424832 -11455049 211248672 520968320 294820928 -11517888 394685152 -180929856 238181776 338364032 -115740640 -715788800 -80940760 -265595616 -132364160 395039488 -256241152 -399798592 -170210544 333019168 -8508908 -405398752 -345859424 -39994200 -46973824 63445520 524341472 141294320 -600821824 -151180400 234451680 14343074 -68644800 110790328 -438039136 -230133888 282124992 -429977984 -164117600 105377728 -57221556 11130476 -262748400 -4751720 -135890160 -382825376 -291395584 -231099568 -648175744 -151558176 56205976 
157848112 -40282720 49730000 87029944 -117234800 185598848 185731376 -16145948 44581332 -140623280 -375021600 600515200 -213414352 -115305456 -85014336 -357538848 -128582320 259881504 -55263500 12309272 -78798512 -231227008 -178087712 80434856 65152108 -166242576 -191710304 -127420728 -56100368 -51047592 -52555752 -50289436 25966992 -95454744 256064640 -111460128 -72347888 -347196416 101689888 -355555264 -403592192 60790384 -212081424 127033016 -1481410 15875298 -203751440 -10556831 47101672 112374408 -218627936 -98898736 -146610544 -246841936 384908256 143631840 146942048 64901356 75122904 123093008 -155079008 416861504 -654616064 -13442887 
54122556 100576576 -325061216 -228831904 -63001232 265309872 -110159472 -36393248 -234768288 -253964096 -37181092 121156928 -22117510 -185102496 -335593952 -398797824 -633541312 154683264 -286029280 -515110496 268085888 -120778136 67249120 36439548 -38881680 248206848 155328784 -198791632 647630912 -59554120 -221107968 -314996640 484205120 422205984 -239210848 -183663536 -174514000 479961184 -357090752 -256472640 -180954736 -396608576 460155200 409599360 55606704 56494124 238686400 112186112 18676958 435775936 223636960 18999956 163321472 146448064 -419370048 -74742336 -5505111.5 -319762208 -230775728 530699104 -39946984 26934008 -596653312 626097216 
113988816 59762608 -23965616 -33757856 -382885088 -59985880 -325380896 -75200752 -242014384 39164432 -284733408 9757314 105936064 189823136 262683712 244531200 260041408 -33346980 237899984 -103067472 353038400 249772976 -317203168 122690128 -262631984 -35647368 -29668488 -104354152 6493352 -239227552 227080736 98871328 257088144 26455876 -79997176 250377696 24915726 179090976 -368155552 -46110168 -394088800 69239792 -327634560 -228409392 240385088 -10779169 -153467728 200478304 61894224 224383040 -32915944 -187145600 -293341920 -70897920 149982656 -46000568 254534 18218890 -95597664 -236647296 149521120 448856800 -22241502 -254489360 
280047424 -613830528 470748896 135920608 -3620795 257287408 235051168 -168616352 -123245480 -240158352 141671584 341506336 161308912 -180778896 -615982592 -31064584 -316763712 -82426712 182395904 -595068544 842441600 186720576 194444240 205270400 -78130024 -820678656 15631676 92336160 256137536 177780496 39760508 250569904 511640448 -219667136 45763608 -186373152 152642416 371407104 -303842624 355789440 -83279904 321135296 -160158720 205488528 -298484288 140397184 197110512 -519632352 345153472 190928896 -140516272 -397723360 -194434208 -163315456 58828852 447373952 117027008 261089680 -19871646 303641600 -418962944 -224689248 -123474272 180737312 
334130944 -404321152 -90108880 -35789720 -269747008 380544736 -202809744 305954592 130047024 132159584 -394869216 -9012706 100569696 413312416 -299402848 -480104192 360121568 329422112 -442747872 -75621792 -358999136 -219260432 90542648 55571864 522303680 144475680 541446976 193330608 153245616 94188904 15684182 48337072 223893776 -557110976 -567194560 65633472 -198162144 221250848 454672096 -109782416 -264295664 91514960 71890208 -61475788 -203192896 416500960 -8172420 -212091024 -125205008 -85706864 197090336 331187648 57345868 -79763280 -347193568 9761393 -220228192 67622648 403698208 167253328 -184412544 9586286 669713536 28679528 
381769664 -9953288 315241792 120023456 943391 58124140 -530867808 -355162016 -333033120 -352823392 11172084 72562024 212560800 -318587264 -298172416 266493392 216930336 -521483936 -102739344 -76988888 9816736 129248888 -390599616 -263864880 -7822183 17526236 91733104 -821431 184756208 -59260900 -361700864 522805696 764854784 379097824 177910112 -274679648 -19990582 84756064 294793024 545373248 -55647044 -179005536 32663860 -364616800 -515388224 -234395 364698784 -479453760 -238298944 183775616 71948104 100072192 73931864 502869504 -77677056 213852224 519571328 -15083672 131329712 -86574480 -478975488 -156294688 -369602816 149682128 
169947584 -367836448 -221480224 -561531264 74724176 170649872 -143607888 -175113952 -58194448 446117952 107691600 250934272 153330672 94187384 432950976 -6631411 -123194280 -146254272 -52751312 62122836 193659088 210631600 328904672 -48324872 277879520 -105142112 -112801424 -170404000 -141050048 89963712 -237457152 166215712 -319944128 75250928 420691872 -367602496 275202144 -238906384 -414292896 -94546968 203657904 -184105952 -71502600 -62555276 -140244336 -200527696 430960096 350176960 45587516 304902560 -97687208 -99089136 -174706416 -778309056 -73247440 -603412480 82741344 12242726 -127748600 386783392 186114528 -77530912 -187761440 243180928 
99837768 -226364672 -95035336 65534164 -34883340 98045776 191285120 273520512 128649416 -325992320 217141728 501944992 367297568 -456069184 -369487680 -47148736 610793984 -180181680 -239996416 101908496 -212577648 -22214168 101394576 145228160 -84925504 -92482872 -66591168 232432432 482164416 202931776 208623680 -482256640 -135750096 -330072256 129738704 -439751936 224960992 43041384 -209792352 -506496000 -352243872 212391872 -605118528 217262432 724560704 505104320 -234077568 -508229824 -178008080 644817024 -312973920 -198301920 126476048 529339392 46580712 -152488528 162650320 -466319072 384334080 42954112 -350474592 -52457224 -299738144 151264272 
36317808 -764417088 -361317280 114275120 262123616 -369268992 93576720 26250544 412313152 93731872 111982144 -166724752 -99278320 -333707968 269454016 211478464 42120344 -131055296 578507840 25221008 -291086528 -5740914 -331981792 289028672 -314061664 -142193088 67000640 431515328 88192592 -244781664 280203040 217448288 -94431872 -93704 -68749904 396290784 -31960882 41325456 433819136 345358400 169328944 10853081 281296832 -260064496 -2561668 -24923728 186889248 154852032 -199111472 25413436 768811392 325525216 376982752 -264363616 146506272 -56735108 -124538400 225631936 246909088 254925696 111812912 25626542 3596060 -244747072 
