16 16
0.31528967618942 0.68723142147064 -1.1584712266922 -0.43658035993576 -0.056014083325863 -1.092591881752 -1.4681540727615 0.1541548371315 0.50932610034943 0.52058297395706 -1.1021993160248 -0.19867300987244 0.087407901883125 3.416668176651 -2.4125669002533 2.4167895317078 
-1.2890822887421 -0.67779642343521 1.6114647388458 0.58276867866516 3.4368643760681 2.0561385154724 -1.3914318084717 -0.15833330154419 -0.021050311625004 -0.17418000102043 -0.70455646514893 1.0320649147034 -0.43064841628075 -0.50831317901611 2.1068947315216 -2.6226592063904 
-1.1025528907776 1.8401783704758 2.1483452320099 3.6487193107605 2.5529363155365 2.2513613700867 1.7374567985535 -0.28390145301819 0.6879825592041 0.59463405609131 0.23050419986248 -1.3044918775558 1.0347058773041 -1.0741003751755 -0.92116624116898 -1.8616151809692 
0.45608970522881 0.41299617290497 -0.44081565737724 2.3826014995575 1.0022593736649 1.772965669632 0.24287351965904 1.7168242931366 1.6275551319122 1.019709944725 -0.11583153903484 0.3913836479187 1.1753364801407 0.81227105855942 1.2545824050903 1.1744836568832 
-3.8243489265442 -1.3216866254807 0.97947371006012 -0.67545050382614 1.7931056022644 -0.83635753393173 0.19252872467041 1.2340806722641 0.87393355369568 -1.5263441801071 0.87656283378601 0.6659824848175 -1.1871342658997 -0.38562399148941 0.80838215351105 1.6485478878021 
0.55698025226593 2.5532538890839 -2.2340490818024 0.38566848635674 -1.1078262329102 0.85093760490417 0.6913914680481 0.91907805204391 2.5923476219177 0.49095672369003 0.97212201356888 1.1599708795547 1.8655291795731 2.6921994686127 0.0089252591133118 2.0438725948334 
2.7411420345306 -0.12120598554611 0.91624188423157 1.3288215398788 -0.40144848823547 -0.17537957429886 -1.4288814067841 1.9308651685715 -0.70002120733261 2.7217516899109 0.45795887708664 -0.76267629861832 0.86297529935837 -1.6461601257324 2.2236201763153 2.5260078907013 
-1.2412182092667 -0.3398098051548 0.82807368040085 0.90326869487762 1.219207406044 1.0123615264893 0.43585276603699 1.2389341592789 0.4724103808403 -0.17851436138153 -2.0565438270569 2.6440718173981 1.5591191053391 0.31076389551163 0.40620684623718 0.10000267624855 
1.8591970205307 0.30558949708939 -0.76467084884644 -0.7491192817688 -1.6784421205521 -0.62373983860016 -1.0589764118195 0.95440864562988 0.64854216575623 0.2103735357523 1.7983736991882 0.62773364782333 0.073217317461967 -0.95741575956345 2.2653033733368 1.1608946323395 
0.31611427664757 0.45288142561913 -1.1225609779358 0.002244770526886 0.63007742166519 1.6050268411636 -0.36455598473549 0.1776542365551 -0.1801346540451 0.44189959764481 -0.2038582265377 -0.31369858980179 0.84944331645966 2.3703918457031 1.4103164672852 -0.20176430046558 
-0.16964039206505 -0.022141456604004 0.24940125644207 -1.1988772153854 -1.0422561168671 0.32729130983353 -2.4042947292328 -0.97698521614075 -0.95586198568344 0.57696938514709 -0.056496027857065 -0.80145180225372 -0.57528001070023 1.3133982419968 1.6135379076004 -0.37041980028152 
1.4557353258133 -1.643495798111 0.99101310968399 2.1727674007416 -2.3984560966492 -0.47858154773712 0.13580220937729 1.4685916900635 -0.96591728925705 1.3491495847702 -3.5917701721191 -0.36132916808128 1.7893545627594 -0.57487660646439 0.19063070416451 0.52125471830368 
1.2386810779572 1.3591499328613 -1.6973867416382 -1.0682489871979 -1.7872420549393 -1.6037710905075 0.22995030879974 0.38388887047768 0.57821637392044 0.29205083847046 0.5695144534111 -0.15724110603333 0.70324140787125 0.88896465301514 -0.68972229957581 1.3230732679367 
0.99404513835907 2.0165553092957 1.4853940010071 0.0041603893041611 -1.2303805351257 0.50582993030548 -3.1800193786621 -0.70936834812164 -1.5218410491943 1.6555956602097 0.8313575387001 -2.9024035930634 0.57953572273254 1.0568799972534 -0.5735992193222 0.55177611112595 
0.6945116519928 0.66778075695038 1.7750526666641 1.6246738433838 1.7466654777527 0.71527826786041 0.43657401204109 0.48461005091667 0.53057384490967 0.52871668338776 0.78399646282196 -0.0088109225034714 0.86149728298187 -1.14515376091 0.46384555101395 0.19093081355095 
2.0683662891388 0.75649034976959 -0.57021677494049 2.379866361618 -1.318851351738 0.64355510473251 2.7134807109833 -0.5216913819313 0.48021164536476 0.020433247089386 -0.92506396770477 -0.0056936396285892 1.0876170396805 -0.98659175634384 -1.4737100601196 -1.0018377304077 
