16 16
-261876496 -258296880 -436035520 -47042740 -119106624 107182480 -195417616 -299422464 -138252592 241198800 261922816 186032432 263551008 -119790704 79302464 -74936648 
37914996 85412720 -31429220 -19250846 189328528 138165616 -49241812 -69687848 43298868 -1496165.75 -96912000 108862040 -109937216 227376624 -53995952 141346256 
-4152830 76930224 -142562480 -46478660 -297524672 -57682232 -158170560 169110528 -158197040 3164712 -142614528 158355104 126396592 -34969776 30877832 -83633176 
283884512 242376080 141798832 78117568 -21706652 -73269664 -32073032 92428424 335033728 -58079480 -84143368 84484808 -335605824 106805432 -7633856 -173805872 
-27639468 173457120 226722528 -72983648 13498629 -47976248 39141840 112844752 -86817488 -110109824 -249966944 37607800 -118564208 43538944 146379632 -75245336 
-68195424 -89663792 23703352 74470088 -71612856 122878752 138664576 -114172384 -171660080 49391968 111382736 -147733888 247465856 -67495824 103453776 68052528 
-25158796 -43237972 31705564 -147233968 9150860 -204486384 -83718168 2867939.5 -9991720 96894880 14760800 -9162652 -140286240 77453528 185113056 -12795062 
30746660 -42210688 3854658 -13388895 157736208 -201582096 57880948 -116509744 187884384 -81608184 -21944736 204913664 -16564392 76310528 -6938184 -126370648 
-73881384 -21544408 -99836080 -169317424 -16032896 33679904 -21523076 -116701472 -155882944 121281640 -130417504 88032600 242336512 59670836 14766904 -39783404 
-41043820 -214614080 -39416864 91884512 302506720 279097984 195042048 -201360032 13752988 -180498720 93617416 85448672 97023864 -117392184 -290192032 61661112 
159995520 165871168 2843238 24033280 146198640 151806080 -85884784 23769712 68837008 -133734496 28452562 127956224 -154861312 108052224 -61159312 -120056096 
196827920 -131692624 -113633536 49547812 -34413904 -28373960 162973424 -51330728 247949968 11422800 388648000 -79856192 21302128 -46933908 -146359296 6741234 
335220448 171810240 13714772 70757432 62500548 -25126108 -78917184 68775616 388900192 28717704 13185866 -46266664 -376431168 35746476 -37154644 -9282380 
-141429264 -286277888 -134132344 -131722400 129601200 -6777124 -43965516 -56793600 -102059216 -52864080 75317928 -8004552 36300080 -25046702 -31715256 174601824 
163858176 204704848 80143336 252374976 18637028 126068440 115359768 -55745524 277322976 38045960 -99507504 -101412048 -45704024 -134946736 -141111680 -110309120 
-19497840 -27570948 24322236 -168148800 -38185540 73686176 131001952 -76885672 -178769952 155239600 2687880 -64010504 260162464 -234059472 55315348 -69245552 
