64 64
217643920 -199775184 95828344 282310528 80276592 -204853216 -175113408 133465680 -118039792 -469320 13841744 -85626368 323509312 -94370992 340432640 -259127616 -293165824 -63336216 -344721792 -5341014 104509208 321594848 -23602688 -318742304 123023040 -261777840 351682112 157925120 -67056840 382782368 81317568 343139456 150936976 -616906880 15962884 143738064 -120821280 244880112 214357008 -13009948 241477824 75869240 -47366892 -9835284 23521068 70447328 192361120 39183056 -88600688 -197898464 234495488 -558482880 -414842752 202901936 96939376 241367712 -59391728 -199083360 -94181344 -266978464 425695616 420644768 16910458 -120725096 
-798439424 -624670336 308508416 -81104392 65754092 503520768 -162728848 314265856 -209933504 -70020040 263237840 55490344 -332896064 -233016144 125767464 -100052632 -5209115 115608784 -104587848 -398690464 -201266000 181651520 -23955660 -68061720 -808914752 -53914900 -168253296 870462848 137688320 103094536 -248925344 31116250 224143008 244703488 -152000832 160217712 89030664 -131563176 60149184 -117928520 267653232 -205132096 -231566864 485697376 -508743072 332250464 -139113168 -276829088 79829224 -23295376 351758112 -95948696 129380736 -89130120 -103190376 3871280 -184392256 92381000 -221049040 -237658160 -389643168 -125858016 -228252848 -465650816 
-466925440 -138043072 -15688004 62379704 42790872 262560736 99937080 135197264 -146310544 306308224 -298339968 62175808 -118250888 -104957776 -291631072 3366262 -316117248 156882816 198880096 424832992 66388636 -5101848 43578820 -166561504 -583693184 -98270648 1144472 -137704480 -222539904 -29946664 -143348304 160099776 352715424 108058200 -172408160 152441744 -285555776 155534272 29206486 55564728 -271099648 -322487104 625407808 414885216 9483128 -117010720 294298688 -303696096 -51491348 -501362816 -244611872 311522240 25106200 143322560 -220483392 -299980448 -110926688 294215744 -118957688 -463283008 31045896 357873216 106715192 142103360 
260014800 107498032 193653296 466804800 -241753296 -97588552 266760000 160148240 -358380960 11763180 25192888 -373343328 -63951568 -206747248 14071851 -434154816 488726368 -102978864 -41621760 -21319072 435314208 -28573070 140072576 180688192 -45094128 368623392 372866240 507606400 -52100396 -26651396 -326413632 239030832 -196951840 363783936 4820490 120483088 -263162656 -205083360 -149833488 -49274336 766083712 225487856 -413459680 -111555488 -36627944 -28645556 450859328 -351886144 -42641892 325516736 217880352 -473339136 314552928 -261588432 -431846592 172122272 -126597944 158310832 -116401344 373779040 390827264 358989376 297273408 237349808 
-156314608 -17726284 35264264 -408730240 -98418264 43862888 -282757312 -278496192 -344588448 -114121872 177023440 -493512608 98061472 -14382734 -67887928 6215952 -242645840 55755520 -48146528 150836944 245322400 156630080 173730320 -17547616 -320362496 -233859648 147208000 7164270 -446087552 169505008 -159653312 136795312 226760336 -7934128 -279207168 123030024 -276929312 -428605760 -39689860 473451040 163725728 -142189584 -51270868 -252333600 14324828 239474240 -6327760 439120000 243281184 -186974992 79477968 -167455392 -10657294 -255571520 74562128 -474775008 467440864 -383839904 -131199304 49293544 -292664224 -288978368 -103379784 -399352192 
-222885200 117067696 -64470080 -27825272 -16979304 501915712 313715552 254374208 -128025272 -112760504 160015824 273538560 -9324409 -413627136 -226829312 -24283278 359443392 161009456 701010048 -429068384 -378431872 353312928 359833920 -222702272 -46328400 -456282528 -147279456 516723776 273177408 -41424216 -105140792 -1332777 -634967040 213939920 245912720 569299008 -64795720 177385792 -149875792 24572630 137757968 -261133552 -110881736 -109951904 -292625152 245522576 -604684672 -625689024 -159857456 64708296 -119291408 -61984840 338842976 133897576 87899600 78357040 635194368 -225234112 -212947872 59042236 -551575424 518339808 -161939040 228117728 
-71128432 -39270656 93228808 -121834368 -22373552 -91945904 36312728 448773632 -258505072 -241666096 -75211328 -224484656 -18391318 110114352 355576160 -105036160 272236544 -277073920 165798544 -118997704 368886016 -111716720 265803728 129951600 480063584 293177280 38967936 949096 -393034464 421759968 283868480 -149767104 -382530912 -376625760 -371063264 -2980853 -315316864 468193184 -53615884 166614480 -154981920 253761088 29636706 -58393952 244026160 -135142592 -149272720 -159306096 -159590128 -87549512 141062272 -413014720 72193256 313664032 263891136 97958920 369004288 308737888 -53416356 117199128 -177851808 46958568 -29597078 775637312 
270896416 66931504 20424064 344314240 153661088 10753018 -71407456 -58213712 -74452488 167958192 -49446548 301104896 -26896538 -460519424 -26517218 -328808640 -177171504 380749536 -193789680 -462001024 -234557248 529990656 96907952 -317915904 414626336 59028520 -36850032 -35191460 -177731696 -105319680 105479912 414342208 -124832960 -637617.5 304907712 105742992 -193494256 -278915328 -77976328 171826640 76033248 200897824 -240804048 -59276900 298049760 346860576 317640480 101322400 -319598912 115040424 -266034032 -653220160 -69440240 176543104 -306850912 600939200 -106775904 31244688 -141629984 -306900192 -121195192 501145952 -372131648 194994144 
500967200 234020208 -48732036 -690075072 -391560160 486380288 371433760 82843736 382993408 -73055160 -214700352 -342723872 59180436 -301224576 -26840128 -218162912 66104812 -159967312 142355584 -255465040 19442820 70689960 594967936 -258763408 -43047464 59128728 192141936 215180992 -363832960 71668216 557027328 -317892032 174222640 66117584 -624999040 -242404416 -9144781 130313232 -799749504 354818560 -107674176 111516432 233540000 -390092864 -66858968 -413462016 109226392 -441783328 -92437448 348645056 -376061536 -276055520 -293799744 -453384064 7323882 -187219904 312686976 2514280 311906176 -14249392 -300956160 -8061728 119265592 -489818400 
-312054176 68231856 201097984 29593416 -97461368 -307313184 64222664 -394576640 261008944 106815848 54390104 -46713264 404163936 -235386656 223391776 137270080 -43914608 -32201974 -663107584 -40320352 -43242200 -541387136 -27352112 -158424928 -500543840 347683584 119772304 -419185536 871436800 -253172208 224019328 157188896 -201323456 -34349972 -9666106 97407688 221979440 -70479504 372571136 184076864 330511680 -78933280 164871328 -35081052 -270955072 88037096 -136967168 -73753136 -62674696 -83452816 -136045504 -111601144 -9969257 -194915264 90371328 175033744 256276032 57388048 -397668672 224557840 -171521120 -133614720 102931432 -548831104 
46331564 -84013360 547702272 486464160 253465760 42949144 -514905600 245787568 415981152 -280296416 517129088 187727744 -131325184 373980064 299749376 32624546 265899568 -188776528 24639932 -18541310 -203235120 135995808 -230411520 -165829824 450521216 -105585944 39456820 -176650752 378700736 37876836 242071712 100621136 -241818896 -200041568 -292991392 168557584 170654960 338568672 52564904 -467930464 247210064 292109984 15994795 -155845360 166724016 311146624 120909616 -403124736 56203968 276363488 27870044 171030224 65891948 213269168 190661248 429623968 -173548944 106281520 -37056668 56121376 103465264 36929436 220912560 497745344 
-24931550 92004024 -227777072 120618280 -195535696 34081504 118688960 193155600 15963432 -2258448 -755490176 131486952 181109360 -119068256 -20035528 -444991040 103159032 65218648 -13681640 -120821504 275393344 -291406688 -261172384 224962960 -284282464 20523228 76423200 269058176 -124981456 -116152544 -195018128 98610568 90137808 169053984 -45615312 -309310752 -60213068 -123587672 -253913392 -316576800 -351889408 112339288 148826480 444029120 359545664 -486182880 496370368 102688216 65505080 -189729456 -413558912 -525700448 -205625952 -14345669 194292864 485566784 -8586494 -7724995 203735136 -552887168 -245474496 3269048 97272992 404480928 
-116372720 394547488 -435348928 130479272 -274829056 -331776896 1735258 338594880 294100352 267529696 -60140004 218002704 -227695888 25380830 88982992 -125241520 260200432 272165344 22238402 -30818478 204531408 255669888 -163346368 136181312 189945440 176388224 -214468144 523980832 -24700712 -19665716 -81043592 144236896 -7874976 640317312 499340800 329004192 -64954548 -4474656 -187039264 -199841312 -123238288 -204235360 -218283680 -140470720 53145492 -417668192 -21126492 26872484 -368950400 476281792 334503168 -187818720 318855072 -41116184 100838640 -108847632 -144328464 -42856964 425946720 98549528 100917016 298939232 25672784 27194144 
136809472 -42291676 -58214416 79717408 -552027712 -95486464 640565760 48932924 -348418688 -51907832 -680226816 242537472 -751769664 -362947872 -344620992 -122044552 162720144 105646104 99872424 -472759072 -491014656 45522920 -109574848 -286224256 -145341952 -151720128 154862704 -28414990 -378714976 -36676784 -382569696 476819328 -369335328 545189504 351491360 -234385120 -6270338 -81473104 -541521152 -238664112 283784928 -25327336 544631872 471202624 47053656 204765328 18312196 -326754336 -319555936 -181661424 -11609872 -104080720 -220448592 -132932792 109041816 7322760 29750228 -315352768 -127065296 -501163648 -93840632 343071424 314246208 -75325952 
-436591168 233796096 154471760 355263136 269888576 -249982528 -437464608 -349520640 70570544 -218922912 194343488 762798464 -124667552 -211363744 154375152 167694960 -561535488 -17273176 -179005920 143088032 -259659824 212220640 -351694944 -164448976 -35083016 -100605712 -89391280 152265392 33771408 97185880 -479223872 210338816 -143402400 375146080 225953968 -24412420 105123240 525055296 -101543480 14838064 -413266816 153792512 -2414952 234328512 -342041984 -277356192 -100803232 -99824416 -25282994 -199537952 214532240 537672576 49633728 -107708328 352807520 427026400 421833248 277123008 116208000 -431843968 20990984 34912384 155499920 195894304 
-101306088 113924816 -159630768 -294520320 -101961648 -730107520 287886944 113830288 -166479520 -343856000 1111792 185991472 75856064 -160281072 235558432 -303897984 411446816 -106452304 -171634032 150822736 249540304 174834272 -218105312 -406604288 87169776 102093168 68459792 156076752 13685212 48353988 93047368 -35759608 -281340064 191454432 262877600 238134112 -31803440 -66062308 -20422106 66184892 -24686836 -273332960 281296352 -304191008 -63387888 30793846 -298778496 139547584 -137152944 -381835328 102326880 -525050048 212303840 102774120 -37884280 130695208 -136426448 -302363648 -9995588 303524032 -1959416 -109452144 382159360 -32895606 
-6404616 42514856 -293821120 300290528 50919944 421681792 542348416 -147783008 -254204432 -94782792 -242072960 12543302 297800576 -308848192 -165326800 -284979872 -202027280 -260745024 -324989568 64093284 721623936 -488722336 111008512 -205560224 -84486464 248761440 65882172 79532344 571614272 -389604192 215852864 90957264 622288320 19439912 -324210848 -86932832 -214986384 -218810608 -190262352 -294940320 -598054016 -33771532 255596272 26769560 248902336 38853872 114392200 -333849024 18302076 -376810400 -619734912 96811160 -125747232 4888172 -211911488 334052320 165367552 512295552 -67199280 -45342160 630745024 -628295680 -124326632 145803456 
-412528352 -488213952 -46675004 24633012 310902080 -88941320 26828674 305474336 -160584768 40234008 104462848 -334762112 470601312 34553288 70993880 75104512 -288622816 256689920 114686864 -99272072 100682272 -151201216 173193120 332943040 112377008 -376583424 -109044248 -169339648 869622848 174986048 189799456 478905056 373347904 -582093888 -3150758 203076944 117987424 -358312928 406052544 -373974592 298278944 76172528 -183689312 -261880928 -171528864 676781952 -42143932 350150944 96300312 -244983344 71728336 -344219872 190791024 -99362568 -101563024 31485464 57565088 15068418 -772456768 150966976 94090824 -369255488 -277583040 -158438848 
-60052504 -22048492 -117612920 -22303476 -381938720 -286129728 -320262720 242137856 507446400 453089824 -313559104 297168736 86431792 147872080 481657376 71579080 -25354650 398795200 -440677280 -189767488 -238199824 26475280 -499071520 96105568 -255357216 -178478464 -464646688 -255977824 105477552 -103612072 -276218976 -259932560 101339952 -386294304 -176088128 -121066856 -158888608 275632672 -115776240 -349701888 -171782304 99110232 276542432 905438 13888900 -537690112 -213677760 -46881336 378431680 186692064 147194176 -92057336 -95661096 396692192 338508864 388612512 -395624768 15670794 -72090624 -389141824 -665050624 576441472 240213776 -36873980 
-126564592 158722400 -101382968 212590464 -71527392 -210939872 -168128736 283565120 262756544 -455639392 -120349960 -271878944 207266528 239343568 154447088 -212797408 200497120 -199864240 462953920 -100540216 273309760 -5991964 141754224 651133824 -345286624 -326350400 44334944 -303298272 -183362704 -199264800 57111752 199693248 -81328712 245047856 299276320 108783024 -5734122 -324434944 187677168 -45079748 -571766784 -37154648 208512384 45677960 258218256 -136356000 166631792 560471808 -14902360 -407718880 445947136 -564642240 81330112 -360340608 339021664 105291456 130516736 474869888 -167713792 -452139840 -220647120 -278882848 -177326112 -27200140 
38836644 -43906868 -373120544 -55565176 374819936 -474438784 -148035456 -29563526 148328928 -403387744 -218168240 788580480 265225520 -88914896 439584128 -108676752 68398608 -140998128 -621355968 -67936880 -69148968 160971840 -187037504 -77387056 138892208 101026728 -408950752 -132713400 11239099 -133829440 -107963976 -43909824 74657296 83227376 76078344 141534816 -116389392 -63122812 267420016 -144299088 -138381440 -347773024 -21851224 257476240 375187232 30076960 37719048 30721544 196492384 104924768 581818752 174113056 -117670944 18001274 478254592 303898336 -133732432 251189888 -233226848 -198013136 315670176 -6116102 -29394590 38686784 
-609156224 -302973088 436321984 206236032 168460976 37925316 56646864 551941504 -111745408 268419376 462047776 -146500128 283192480 -142429040 119310280 -5027380 -465104320 538992064 7985146 126125552 -228588752 355459648 58100544 495344576 -373313408 -478673184 59433560 -339973056 -110712688 177355904 -62355144 446007648 175093392 -21891780 298725184 349820160 650799872 503017504 -200307776 69322984 158733808 136186784 -271100960 274431360 -125877872 -455086336 211798896 58700120 -56702768 -420566144 -158567296 123320760 476466720 239684288 -71604576 -145018176 304274272 -413529216 -525452128 185310240 -625375616 -54183252 -261240432 93201320 
-294863168 18985064 75841624 553766080 -224958000 -82842496 -324744064 67247424 -292799200 -151326080 -93496360 -133068136 -74847656 -15936044 75911448 -161774912 -408387264 416094528 284434560 102108336 67271072 -81673008 6521100 -186243696 -250507824 1078468 -595188160 -138928128 -135988768 -28615534 -614142528 -558582464 -278621472 136426512 -88529728 204247984 -207337664 32555266 457411168 58754940 446957408 435194240 -249677296 -91661560 46884528 245908432 -58206800 122999096 -438400576 -4837555 -311590848 -212352304 -72149328 -35988864 -466943136 -202524240 -271743296 -49974368 620209024 213845680 326772160 363295776 -70541432 138004176 
-239484000 388465952 -33563076 -348372800 -114790400 47252616 -628806784 -106520608 455594464 120764288 -273627968 213709424 -241074048 -292380640 40143400 275651072 248083808 -177008608 152715264 250411600 -306495104 558879488 -130099408 452833472 9183164 -250174608 -429143296 122557112 10759089 -220297920 -321869856 168744224 70169528 432832224 -18792904 230672816 -498350272 -180977264 -262305632 410381984 11770139 -102395888 -34704344 -288815200 156233312 -684830976 -255376624 -34497232 582217920 260089472 94448488 8249758 201657568 41628232 392952672 158242640 112872432 48126316 132371136 -491287648 -512768672 85333120 186523120 41416088 
79391272 24605378 -22682452 586175488 75812816 401394912 -35667068 160247760 -6574184 546149760 351631936 320170016 -377258464 -6248540 239602592 -562926784 42981828 462959616 -464694944 -491756896 -482373216 200735648 67394008 -415171552 435606016 -385061312 -8407016 148481696 207190800 8584343 -25302546 192220336 103637048 59790560 815260672 444529440 -267057744 -394891104 57396096 -3689023 522578784 305920352 -302756512 -599770112 62994664 550808640 32855684 -360291840 -337456192 326823168 -147823648 -248125968 102909704 8237110 -59651544 391571040 -192179616 -479115328 179219056 -223714896 390019936 389830400 -654518016 -88760960 
317207360 33953516 164187824 -27667998 89985568 -306905472 -257844192 26686014 260006608 89638168 268609888 -193875776 214951472 52907088 653912448 289048448 42813116 -377612256 -213548896 61899416 175457712 348996512 481513248 -40678452 432532800 -94309088 283302080 -515246976 289831904 -74280656 326636832 279848672 -140001280 -570216128 109333416 213117712 169424480 358490848 27275364 -12471076 -25271468 121866768 469388224 -526808224 -239906992 -146227312 -617400768 -249069296 176742704 -157063024 -116141608 -393881568 -158597248 230810400 58023684 392569600 333996224 -236054544 11988514 363191520 -326092384 281592032 -421871488 -311229088 
-51974784 -100177448 200035216 -9780652 220532288 -192325648 -236296144 6748048 215116160 92523488 -421686112 643012736 99966248 -11944334 270467392 250984048 326736448 -154626448 -244749888 117213688 3498835 298541728 21808618 -114070184 113087168 142289696 102462640 -356682432 214853104 67695384 220124880 -14328698 -183476912 106889792 207280656 -391970720 -64000828 40747472 557290560 -68523512 186343616 -352464800 401689568 525065280 418977280 -255282880 -206670272 -212646160 297473696 93167528 438628992 215526304 -215196512 476160800 723059584 -173710832 -129517856 -32294436 339826336 142143840 -215656928 -201208128 -479988512 90554136 
-48882672 491593376 -383921504 -303992448 616080896 -771031552 -458442624 -398460736 -92090536 166338032 -74764512 652377792 -218016336 -488228288 368711584 382191104 50863672 -212452480 -207025312 169075744 -52426020 100394360 21633332 247489488 192474272 323305760 -36656080 -161946176 -69330576 281031584 37432032 299720352 -311275648 -402890592 221565232 338204288 94068112 329923040 342529920 299794944 -380311712 -189635776 13325370 -21465204 -291230304 -351619904 -105201968 44200880 -17524122 -370844320 720285632 -412459424 -70446496 -36473540 132362592 70664504 304288064 124077368 -369195584 87068672 -10568512 -83614176 -159267104 -532920192 
6621416 -18572240 399267296 760159360 251654320 293887392 -15769840 454037184 -171405280 -448533632 376474176 -12006044 -357047808 -83540672 339285472 -284267104 111791184 18359716 -181384560 118052464 -176983136 -28344320 56519560 192979264 49045564 -459905472 277527552 219807680 261800208 54364280 372203008 451856224 290539328 -41718488 172028784 434701376 368560160 318903168 -471208320 -238781248 -8498072 245620672 25523052 10607224 -134912368 245701952 284704288 -361797472 -66040220 168362176 3243568 -83592928 419579264 -7439922 190092816 536959616 325875168 328471552 -38986336 -272099584 55140916 -172672416 -293918560 -78170136 
-118834424 -298034816 199184128 -103762104 191608128 99265632 -305053728 32701592 -18222122 -44328336 133893520 333618560 224295200 605545024 -334316608 295701792 11571382 -2306048 357024096 124770520 -269965952 240523344 -307481664 -226040992 -227294192 -188730128 31178100 216814480 -96356104 -70444176 -145734000 71649648 23729170 -125953072 -41340080 -432936960 20026296 399241184 256551952 -354602432 -63596784 -132810048 394520800 334248320 136373456 10093644 -347469728 -91054240 151347808 -357253024 436301344 401442080 58454488 138498768 4261076 -484937696 -203973984 -13097000 214942656 406631200 187569536 337882592 5856239 384534656 
123556880 -87102560 319501984 -6931376 57591472 -221771728 -293211776 380779776 156009280 29553064 255709264 178479936 182331104 144816576 -100919392 114905600 -207919040 368082336 -66879496 -337435424 -281246304 54734072 -245519104 232046720 990392256 106864864 473718688 -35137784 -314658816 264858624 -9937974 497286208 -87419168 -242277216 2858340 -594688640 294514816 31363012 47372800 -330656640 -119701360 203460736 48920064 -95632128 -94055288 204768544 -342781888 169807616 554616192 396395712 -1652272 -239818416 -88568528 237119328 -30103048 161632896 93878760 128288336 47406756 342699520 20381844 -413274688 -262017648 390288960 
272775488 272594400 207719360 53544452 18021628 -237951840 400370528 -184908960 -245907008 -251588224 155678192 -87875896 65953080 36949044 -283374720 297097984 301262880 -236872944 193699696 -160267392 -144846240 157552560 -243538944 -83919472 432336128 -20951250 239313920 -14567322 -347673696 -211021216 209838752 -16939062 -288766688 -36984684 298996288 -47781140 13983149 -194725040 13308491 229088448 -376312064 -238303216 31416862 -118967752 121998448 580142976 -477638048 298369344 -259101312 -25883400 -152348608 140591824 -466022336 337261888 -298536928 -507280160 -250534400 -43989080 631629824 51159520 -60983280 250256320 -522507040 259513376 
-512941696 395299616 -252390800 -345388544 -388861760 -97974488 57274416 364723744 -271419360 -74584080 231062144 -238831328 271704800 179456416 531635040 -317143456 615289856 -27456196 -110536064 107353336 -482777216 -180444896 220352832 449470 -80758192 -322495136 -623951872 -89205712 -94667112 543225600 143882080 -347100160 240030880 -12323346 -135998784 278105472 -221449456 92972352 489142976 339742240 175958928 92866880 379429440 -442511648 -319813376 -112068208 -409021184 231835504 -86367288 -698044544 -248027760 -335845984 -351636384 27784024 129620048 -119170680 52810132 -528056928 -48672640 -598020160 -506544224 -25650482 107820704 22109700 
52702932 439383488 132954616 -68471856 -5217577.5 -458291104 247008784 -143836064 -77299752 -63840132 -309044288 353402208 -32230520 -472927104 -96647712 -402802112 248633104 -70163776 -96064200 176337184 -517284864 -94159120 231849472 62378444 174521024 269327584 -371466496 -191609792 233943456 -322082016 -291104544 -158869200 -651796864 274078272 -202742144 -47242612 -145538960 375414016 134098672 72245696 85317560 -200443168 181030352 -282816864 -301986112 82018944 107846568 -492214336 -165361872 -51206244 223898784 -106579920 401198560 -115331128 -444233952 -95287504 -177063456 -240997200 176446544 274982720 244399552 -133870944 -6772325 -9187476 
36605284 -191880912 283640736 170259408 126801632 343155904 -535385920 -618998400 202432032 474101120 95690320 672351296 -98187248 -100524424 -8648698 234740400 -323536960 175443360 -51153400 -98211352 -138968704 286975104 -106570560 -411607776 -85977496 386720608 65466036 388194560 -129524552 162288576 141965664 -215154240 387243712 -197104736 -21114488 -224926480 -213041552 96034640 -82699872 -155331664 -283699456 379304128 236107296 -403707968 -209032128 390564640 228221120 -552210304 189844224 134142544 -258606400 -106619528 -355647264 -30169786 -448594624 286595424 -674156928 -70533488 378674368 139708864 292416256 459256832 -279094432 -394121664 
403647840 434750272 286595072 -33269372 285379968 -334809056 421363968 -361555648 -12528665 427762016 -375183552 84508712 4861992 -359918816 -168580448 65770696 -289652448 69075648 -96005432 269199648 -173568864 -181303040 -58878220 -517939552 130742816 174879104 5726950 -279846752 386019136 -137172928 -195701008 267506896 -360083264 -44773816 339303424 -197646592 -230397456 59373228 -211174848 173678480 153331488 315751136 76452128 -119523368 -65521164 70281768 141237200 -12024971 -290888192 -456910848 372011648 -79430256 37386828 -440147104 2017435 -54044308 -180167904 -55279264 120984048 246374320 349775616 -183078944 101146352 -381954432 
724949632 -366717792 4736978 319011168 -100898592 654363584 -89977544 301565408 -435583872 -293386304 47259928 719385472 -953743296 -201029344 500952416 -330725504 -116042200 -386839840 -222263520 222722288 459951360 -13686528 519587520 89965704 -142716080 119166264 -376066048 221192416 -182067104 479475264 476510080 -419036832 393284352 -56495424 -222282624 308317568 232601920 715454848 -283291424 135769632 -45458756 207147792 -11810912 233414816 -198398368 -621843392 226085056 -418751456 -231228256 -117406856 619649856 23805708 77763648 -196444736 102574928 186537984 142240304 333154464 531113408 -174128160 82088600 -404508736 -138539872 -365989536 
330874112 25782454 -125199320 -81643144 32087236 -133279080 -342680576 -12409348 1634661 -154309888 -181051504 -48965712 -18598188 120147160 198726512 -132178872 -146342560 85781872 -636911360 -469417472 90596048 484895104 112739432 -77362096 -113035544 32513028 -45852764 -50150540 -14706280 -247871936 -248219584 -237806432 52431200 298495392 43388016 -300514848 -105899752 -360202656 -151526256 -18298558 -308826624 253008128 -286667392 446686592 430857920 95008304 -45423912 88261000 -383439648 337425120 -6009451 -495378624 -170403376 8953710 -269068288 374918752 21018700 103994208 487176224 -70676496 -353457472 -36508292 -347111360 106152528 
1091332 -405284800 167738944 45753608 169928656 547497920 5101014 -12583332 -328778624 386420448 -418344480 -77135072 -497886240 -430626432 -127496072 203382240 98724608 -53720644 587301568 388608736 617866112 -320597344 217190416 -166609536 -159330192 320772704 41405604 316829408 238144560 -34437264 635628096 186687520 56115552 92152256 -202204352 173960480 -19675450 -141628416 -204824320 -125355512 58285496 -152410960 523936160 247046304 -61391496 30744018 337270688 -468114688 -60418112 -347308512 -64985832 -85150776 467631552 -248713360 -128188072 -41317592 54445124 163593456 -45794732 181536384 -102658912 -287092800 -61173744 -374034592 
236895680 -56852992 -203389616 -59249024 -244978064 114891464 223244288 266104368 -31920838 -376507744 178517696 -108032608 -39086360 -106764448 216577952 -47699676 312106592 -324730080 -376013760 -309873344 16346604 35283580 454834336 258405568 -92401640 106190928 75909072 144503376 186577840 312183360 328959232 -231093808 93337392 -325316064 -217229440 341510720 314251840 316544704 -192107856 228538944 109989544 239907 -434791488 -80796776 -367779552 -339452544 59230752 -269844352 -243684784 211251648 126113576 -23593594 37435080 166005520 -121862688 316845600 21093206 -78131464 -277543296 -462515296 -58085468 108996712 296587008 -291028160 
-421964 -267518512 446919040 148722240 556418496 242832016 -357649728 -405268672 235750320 -320938272 241347920 -5096942 -412815968 444754688 127712944 370210112 -238661504 -505779936 -253487328 83648720 -475128960 126255728 162194544 -463875840 31466882 -33377648 -14265900 -285314624 -33371628 149050768 291440576 20356226 -72867416 -309205888 -206529472 174916720 309036800 376741504 -22477264 -86116160 9107848 300500928 18169714 -24812804 98359856 410591776 77158856 -179115824 -165583152 155092720 -18106700 664051072 -384033472 -15291753 394376640 -205701856 -104667936 29504092 -233036352 -93245184 238285280 334896064 -8093746 -97734408 
-425600768 61409772 -465528320 -177499776 129815432 -285691648 -494029664 -45936384 170537984 221382144 127796560 488849728 203562400 -613837248 -201847248 -100289464 114258528 387529088 -128215920 -210485056 -507561472 532923552 -89509856 122062560 380093440 443128928 -485692352 -255163232 592902080 -279467872 226458528 209172448 192001344 209221568 197693024 248816304 -385952 -310682944 208456560 176491344 -109153792 26031024 -192858112 -280486848 -114293552 -67594304 11322948 -68310128 -165126336 -184143040 73518584 -388655392 408411072 -29522232 -369365728 -43751176 134280592 -59550144 8888176 -405575328 -81728928 -276138336 -561945280 -484573216 
193963552 276268960 230342288 -17201432 192668208 -435265248 -337680640 572739264 156131088 -165333248 -323592768 104185896 86422864 406700864 277534048 168976736 300235936 -31565236 -173654880 332861248 93941136 -103795064 56833408 422011072 246422176 -173457344 -75120416 -607358592 -23281428 -64875408 -9625040 211065152 -152613744 166297584 196232672 -43401904 58928656 -127618304 414249056 185254400 485108864 -222330464 102697520 31271372 461344896 -383473376 29883084 99392176 106577880 284485408 49447392 -189105024 247233920 -246731680 238947168 -2552216 -295203904 -64002736 12350576 419281440 112517952 -105976696 43537724 399572000 
-303548288 90003464 -241064944 270029536 189807568 -146361168 -336836480 229470288 4239200 -194695760 -768677504 395852032 334331104 -333485184 147391904 -595773696 316540736 76646000 -284501856 -119223568 102703472 -44579000 -12718864 212635936 -171356416 -239044736 -161121856 189288096 354662304 -98071696 -235848688 99614840 450698304 77316240 -63820464 201908688 301409760 -118900616 180642464 -399098752 35420776 -162539840 152721152 117250920 118385008 -523536960 175397072 -144021600 228157552 186610000 -391466240 -281350880 -75340144 -135004192 256160064 599069952 175835840 -208680800 -18893672 -422490208 38043984 9581652 -63648584 248909440 
-68343456 -372976736 327258656 563922688 109697824 -417660192 -481693344 69897696 -414651392 -293718848 -49408588 -246018576 132167088 -80238640 -96392144 49567644 -259453904 26876842 -153174608 -7988676 343463904 -223375200 54929496 225676640 -38938872 415639264 368363008 -452954464 251158176 -61309692 -20482914 485295296 -139103136 -190390384 -138926464 47809936 198672976 185939888 -148905504 -298919168 219658512 643048768 -468199936 416632768 -521836 -100362560 454017984 -29602112 183498944 328360544 198933008 -293892224 200224016 181854624 -125075344 -45537500 313531456 -54493384 -525909952 143252544 174876640 43079060 24816984 193443760 
-79054312 -279919936 111491072 -67307280 -73483528 303016864 -225239680 168407168 276260928 -689106880 229163344 -82180944 -267201472 264513056 140228848 -146441632 -69576976 -569452544 60324236 199248432 -570005120 41671328 290806976 715253824 -354519168 -282179008 356597504 72857912 -560573952 -67504776 360513408 56411736 -187061184 204795904 -413770336 -371701792 -159458992 206586864 -262064512 -451346720 -612538368 -224583872 640230464 24463300 -228424208 474295104 279333408 -289291808 300115008 143691968 -24131212 190464480 -174220416 528087424 217891072 131816992 -476902528 4103874 441287136 -542209856 -124491872 3537356 -281788640 -368477728 
771443968 -50728960 -325993440 27556912 222200544 191100352 432431392 260527776 -183758000 -270436544 409344960 -331812544 285919648 214146368 -168240976 -246686288 224096480 183726544 186199280 -440248608 292426560 325512064 76294816 165727360 -56631856 -212558304 331964352 -91274208 -146609104 293471360 266733104 -224442720 293885888 -92041760 100450984 -577653568 91228112 -110769920 253790000 402735936 -32479900 -512111680 -22147456 -204630864 383160832 301690016 -199292896 237270560 -398335136 -229383632 -248046656 -225121488 84523360 152036816 -371438464 92156392 260003344 -215999680 42368872 171869664 43103180 -275822272 -106531968 317147936 
-192117728 -34539300 -155032448 113603384 272396096 -327681376 126304776 155449040 24924232 107574680 -442991648 -357986944 174444288 108506264 -291861536 -68525376 392807392 161251344 496831264 46334088 -77357632 169039808 -50443636 417513312 180300080 -87396920 70609320 -161584736 68109600 -163178288 -222236752 433217792 -199105776 303426240 394115616 254522016 135174288 -346713920 51409316 194729952 138894192 -376115392 -139100624 -53529616 76720848 109719592 -160254352 283212960 -35110804 -66895144 407527840 -272522368 127022752 -390781984 228237824 -377562944 44400384 73014352 -654770048 132579120 168279920 -295876352 -92480824 -229506464 
-189398976 122000296 -54517660 190611168 -193960992 33623224 -79645968 147967040 194964768 -214898912 255799504 -319638528 249382880 272515456 269112064 -465918144 74720064 236921312 -32651672 -96325712 5287714 234768480 -46855080 167628096 55090904 -44095468 -301741824 318926144 55447440 300975872 108167288 -454973312 179597920 -304895232 -378603936 -253693776 -631208448 193635104 165413504 199203296 -194075232 115819120 150270384 -610905216 -273375360 405578880 -218964576 -144385696 -48636788 -166133456 128212632 -261439168 178935232 305011104 -91304800 308620896 -52228988 -120503088 17811240 -228976704 34689040 -479314560 216261120 9163312 
-165839376 -479293568 -43971848 -56914488 142712720 376420864 109318048 -81277848 263763504 -32284986 -241729024 -303121728 -27409392 104146128 -226240256 -155677712 71765336 -97522312 338015744 51616940 431462944 -155654944 -114373376 335850080 -666605056 -8516282 -70745968 238846752 -379756544 -351348096 148195584 -62231676 21207786 57523736 -449209344 -165286128 355858624 305867840 -306550560 -236023936 -426881984 -290471712 317769856 390888192 -179025568 -575536128 131354704 -123546232 120521968 181132032 89619880 282904896 106030864 176952832 182676496 39480476 -166929984 -53221888 -262923088 208068160 -336467904 229299024 -236854048 37848064 
-241704960 260338208 -516624736 -306214016 179837216 -34058384 60748764 -560683008 126020192 129263184 -194751728 378242304 -42326232 -4059356 -405554944 -10942631 -116773176 267620576 -404677568 439612928 112493464 338632224 83836368 197988704 191671008 322574912 -302404416 33255612 122940200 -381848064 23329244 -73365568 -57835484 358902784 -111790560 225729424 -176398960 -450283552 63461940 486405568 411069600 94117592 -387548672 72574480 93291760 -322454592 259178128 210909872 -397693760 163266208 -400359232 2233717 270095520 -180739824 -806847 77845656 356775424 337804832 590443584 212744800 117370560 -65260604 -70341744 114651456 
196988032 -78226936 32622952 -36832040 291684096 192241648 181716384 -488808448 -1155530 193504208 -660581056 26597372 -132763072 -148987824 -699429120 -159558160 -541414784 12218412 410629024 -88527320 196484928 68236096 -147766016 -652055040 228618080 233779584 46892212 124505192 163080464 -149481696 -1523704 6262440 -383132608 211950992 32428354 -95126896 264996960 -126118200 50301640 177708704 206841952 -46814696 -404003520 171679552 129525552 -84263408 553267776 91776608 -624636480 -313342080 100300336 272912512 353908576 -714556544 235480256 116305136 322224384 -95586040 -203503792 215012448 165445696 -225584736 114736336 229169696 
-194139584 117514904 -122652064 25425658 -302821248 -109753808 -20061458 -169564016 169183360 -121635704 292610880 74942584 -419184736 -161467504 36415060 543572800 201811168 -170670208 -55588008 360075360 45012364 218914592 101273424 531804896 -461432512 640155520 -180816704 -485203040 -158417616 -17347780 57658232 -164431856 -167655568 553923328 -201973712 33182272 176471280 519703936 -199514544 138067024 -288285408 -226131680 228535904 312695552 -129000336 -370054048 -143582048 -314061536 154192688 -215655856 -210304560 92261944 174447360 563087104 -49336120 -128397192 -164683504 103248232 -21443644 302405504 -450490976 124615704 -47137844 -96303672 
407421440 -66978900 153857312 366964480 299361376 322358496 24385552 -275552352 -162735376 173892720 -71154240 335606304 -52185160 -88358064 49485000 -42380340 -120995224 95466304 255698704 -618837440 482821568 529566720 133887856 -273718016 -272074304 60721620 275164960 317028832 409632448 156119472 -88986128 -342359840 -141935536 32963170 345211360 -287640576 -458116704 -453331744 162380192 -258699056 246768224 292519424 -244212912 156856400 357308128 378684832 340688768 -399222880 -329677056 132741520 -96657552 -153661744 -264196480 -24943202 -509560832 271053632 128355264 72694912 -2289640 180447152 -26477628 117812288 184829088 42341220 
115285536 -59005496 -284135392 44953024 78501200 27821288 640962688 228495104 -243692368 146300080 -541085632 18510424 252710720 -193818176 331511360 -463336512 795177408 -199151552 -74508400 -294011296 263175376 74846160 41857392 525758240 208055984 -270184928 237003008 333625280 222624592 167138736 458761440 332935328 -326067104 -48481792 -69542896 74926200 215225744 -236190560 -104985072 -203261808 -167415072 87339216 5527288 15622688 37390496 -468219872 -291144896 172734160 253388112 30132702 144384816 -570521664 -6082321 236717936 655604992 336615648 550022464 -324007520 -420669696 -540908672 -393650176 -196878720 2581303.5 -95858904 
-225793888 223462144 -405220512 -64644224 -153916448 301268608 148544928 70458384 65827256 34224320 -243455008 -184454720 -314673824 358041952 -141631344 -148315376 89717392 -167048160 44344748 -20825136 193415232 -158900976 -70261352 180464656 -16614566 315791936 348507904 188593440 41488612 -108807984 -221406672 -184235472 105767136 430965664 170026400 61639088 -570001024 -367906592 61224732 -15196587 250471440 493329248 -70521288 452455488 -155653120 -205040784 132177040 73230288 22979804 91316616 -118837296 -223976848 -141699920 -7446022 36445192 22433496 -261174240 124182712 209415616 236655264 207649312 196807232 79872400 127278760 
287330592 278575872 -56020304 -167074944 222550288 -51713908 201824352 -276206368 62287964 257148448 -158433616 -260469712 -470021312 -44343500 -359528608 92153392 -214483216 33979548 -163442272 369561024 -130672912 -160981712 -241633600 -324526496 -114598488 244756416 -88071416 -203076624 101169400 -136497072 -178461200 42340976 337069920 336319456 438542368 250390304 -76474024 -579014848 -15445340 186956432 359746048 -105967664 -591491200 -17876782 222689376 143089488 479460160 489971936 -134954304 -319657120 -71857464 256419536 156830944 -386212480 66191112 -252310064 -487043040 -45423204 110038736 38640344 165670976 -53184832 36755104 -229093072 
86732752 -482982656 593030400 196008080 273363904 359795552 -5948242 -198939952 180883056 165202880 -583869120 243325248 -46652692 -824932608 -110000984 268616448 -420183104 150798912 -108171360 -284858752 -211778416 569197824 264764096 -446360960 66786576 8363692 -109563296 273015840 369226368 -231231744 350802144 169732288 50260800 -262306416 -256075648 -235198912 239323008 60677996 -431942336 37172184 501647520 391362240 -125073944 161170976 -169323280 -186370208 152234736 -1269593088 -160576288 160861520 -645694272 255566400 -328065568 309213792 -210917408 277654144 174708720 -137366640 -183314848 -287133920 -448307648 52216884 -99011104 -208576608 
243004272 116150000 -625934 73545224 -433057440 -304990464 -198545680 -240486304 -168733904 249755824 212477488 -123812888 25657168 8048055 -64012592 336810368 157951664 -83892840 -319210112 386303232 317042528 -194663104 -360351104 -365147648 -27851128 382904576 128196720 -137908480 -212950768 116182720 85834128 -191234880 450326880 -202767104 -281716160 -278194272 -246536320 -32033032 -643683264 482904992 -154110064 -129601176 46325892 -268951488 143451680 77649040 -55263960 173115680 136694544 -66367240 50642608 -99182024 -35052944 -113858824 -177260160 -282865056 -322547584 336707232 304366464 79552064 189708688 158383168 401156992 -103111824 
-42439656 -223872160 175235488 -411217344 -142249680 -227711680 -134889008 -170344960 63012672 -169345952 -180717440 -141306992 10665077 60464944 -213506928 56440288 -426125056 -306753280 153781248 -437357120 -169951632 239312608 -349861760 -484376096 234757904 340690816 402903264 165718448 31342576 486255360 122550336 -274291712 208150992 -408942880 -274576768 -32654944 -123622376 166729200 26269368 -126452248 -104183488 334063584 -26030412 117489528 -170433296 455588160 278442144 312613984 -15155466 -397773216 -160726896 -624118976 -69731888 192674624 -191077072 166630896 -139820640 -163039936 -332644192 33029486 82575768 46314572 550747584 -120963768 
53770168 668967296 -360947424 36889432 -97873600 23146788 71235560 -250706592 -235621568 -280019552 187343168 87074368 -132076848 51178760 118524736 -256494160 354559328 138994304 -373805152 -8684779 -92102672 -140720864 193726656 23675432 -177733840 116874064 -271798848 -42430388 248467872 17362872 -357633952 -148785872 398140128 282069408 56119984 540156736 178631664 266961936 -38918932 319338496 325244448 460404992 -464059168 -435974112 -54014452 -518153888 -197167232 91840056 -238133584 -83858376 117438768 92121992 355908576 -527979520 -258733472 -22877436 474714752 -167362608 -212735776 -461821408 44269264 -50226404 271250336 -57868256 
-95535312 -486613728 -12596490 98762656 525925120 -120524224 -177675808 474080736 -21801954 -237208048 -47942148 -510770528 -509801728 -311548256 -22982662 -66340508 -136700016 249256160 46330464 -220456000 153349728 139110720 -65107244 164076928 5662160 -22802006 34343164 -126858616 193227008 85929456 -265318128 251955648 -188658832 -99916888 143755872 44992872 -16120203 -266253248 62970544 -310702912 -62685192 117561024 -126891360 77733216 140457920 337579968 399099264 10079148 -242491584 229263424 -40825928 -349268064 63923056 200045344 -441736640 167290032 -585458624 -197884928 -27526836 -221256400 158773312 -34695084 -320324448 353823328 
446648928 -328814656 600366976 234897696 -58283912 155028640 -181092144 -369617216 -73115632 -142925504 -103354000 33877204 -672414720 -229794688 169509936 320363712 95082416 -678589248 -397496224 -187199616 266175152 306575392 227141840 -365489600 -168202448 516337120 373965600 234226720 141658192 -52249424 851630400 177848688 -20546764 -13826530 -64779816 37520528 216571824 191381808 -180760384 -142293792 184471344 212018144 -43631096 210370144 197860896 36696188 268811712 -624825728 -344872512 314373760 -14675934 -72991680 -328380 264173408 -65890508 129489120 -45632100 25117244 -389379168 16737213 294112 96923568 238838832 -265899936 
172785552 250444032 121259464 -106497624 228716752 -442845856 8344196 456958048 375867744 343492288 -28851882 157019568 -366503872 -251464992 126180760 -133631216 -173430128 447109152 265136768 -209469168 -281423040 459105408 -326171584 -441535360 230291168 -178306720 50253316 -64026176 -519888992 390930080 76668920 -43283644 -65624184 -14764722 784159616 427930208 -291896992 97493200 -241285232 -29456072 -256322928 -70358104 -147029696 74284488 173758208 -33468018 713424512 -192823424 -296819168 -33920128 294977632 -105954888 -5240473.5 135357008 -78907000 71271776 -457984672 -24133156 -437027168 -378950016 2256214.25 511896128 420764352 312397760 
