16 16
1.6519010066986 -0.54769647121429 0.075207218527794 -1.13034927845 0.49412542581558 -1.1653184890747 -1.6234850883484 0.84065842628479 1.6784589290619 1.0551158189774 -0.35611706972122 -1.2282627820969 1.9938545227051 -1.3226857185364 1.4234491586685 0.34708631038666 
2.26544713974 2.4969856739044 -0.0077283252030611 0.23451906442642 -1.1003067493439 -1.2975199222565 0.59217840433121 -0.82840776443481 -0.56728237867355 -1.2581593990326 -0.63183665275574 0.23116397857666 -1.2836750745773 0.9085481762886 -3.9317960739136 0.067403078079224 
1.5465553998947 -0.56679826974869 -0.45736709237099 -1.6104842424393 -1.0077648162842 -1.3478333950043 -1.7724895477295 -1.9671651124954 1.0088633298874 -1.5640530586243 -1.645702123642 -0.72397023439407 0.24435693025589 -0.13930997252464 -1.6098091602325 0.62173199653625 
0.9262530207634 0.81444978713989 1.1291900873184 -0.88124239444733 0.82599592208862 1.2733945846558 -1.7996771335602 1.2029377222061 0.2529034614563 -0.49574825167656 -2.659806728363 0.65895634889603 -0.19541004300117 2.7099788188934 0.68684053421021 1.9669967889786 
0.49477779865265 1.1413470506668 0.14229655265808 1.1267666816711 -0.73722249269485 -0.11563074588776 3.4818198680878 -0.26802963018417 -2.5358703136444 1.0614709854126 3.2015442848206 0.45821025967598 1.3968675136566 -1.7517782449722 0.45027884840965 -2.6631641387939 
1.4607375860214 -0.25399535894394 -1.5598022937775 0.044193238019943 -0.10783106088638 -0.66516077518463 -0.62149822711945 -0.25472241640091 0.69205558300018 -0.67988920211792 1.4681851863861 -1.1508742570877 0.061417400836945 -0.066636607050896 1.2147492170334 -0.55049121379852 
-0.2354561984539 -2.1225140094757 -2.1004164218903 -0.054978724569082 0.60020822286606 -2.094535112381 -1.6203992366791 -0.34846964478493 -0.079206213355064 0.72507727146149 0.94958555698395 -0.63888776302338 -0.25179260969162 1.0758755207062 1.8189704418182 0.1564289778471 
0.1408280134201 -0.50892919301987 -0.46172419190407 0.3742670416832 -1.1969767808914 -0.65123331546783 0.36980175971985 -0.037960357964039 1.3869785070419 -1.4025882482529 0.64702516794205 -0.51546955108643 -0.59548497200012 1.6753548383713 -0.12227693200111 -0.2658072412014 
-0.86298030614853 -0.5207211971283 1.7237207889557 1.9789612293243 -1.8047156333923 0.4419464468956 0.27673205733299 1.2944474220276 0.5930427312851 -1.3937817811966 0.43004304170609 1.734303355217 -1.9979586601257 -0.11370871961117 -1.2996926307678 1.8836179971695 
0.84794044494629 0.79988884925842 1.0869686603546 -0.44949081540108 -0.051809668540955 1.3374781608582 0.21213316917419 4.1119823455811 0.80831700563431 1.2605489492416 -0.66268682479858 -0.39154586195946 0.58870017528534 -0.19818259775639 1.7255500555038 -0.56857484579086 
-0.42791739106178 -0.55337435007095 0.38117289543152 1.3093359470367 -1.1729197502136 0.7238741517067 1.6536762714386 -2.885942697525 -3.2558174133301 -1.6855340003967 3.5323758125305 0.54660421609879 0.2100036740303 -1.0174981355667 0.62106418609619 -0.21282178163528 
2.4880003929138 0.5757292509079 -0.019300278276205 -1.2865973711014 0.58994430303574 0.48295739293098 -0.67374289035797 0.34205988049507 1.5768527984619 0.92985892295837 -0.52163523435593 -1.0761981010437 1.0897748470306 2.0160002708435 0.95841109752655 0.91059124469757 
-1.0493812561035 1.3767282962799 2.2274556159973 0.377690076828 0.54489135742188 0.84235513210297 -0.81433457136154 3.8641946315765 2.7042088508606 0.010844543576241 -1.5857924222946 0.06756366789341 0.38713836669922 -2.0806827545166 0.29942852258682 1.2016007900238 
-1.3786417245865 0.18516446650028 2.0961616039276 -0.56822276115417 -0.14107209444046 0.40202838182449 0.049245536327362 0.40084740519524 0.6890926361084 0.9131817817688 -0.68470102548599 1.3242304325104 0.18878009915352 -1.8075987100601 -0.14621062576771 0.67300134897232 
-1.7079496383667 -0.89159387350082 -0.97186559438705 1.6883099079132 -0.64817547798157 -2.509530544281 2.2699422836304 -1.8140758275986 0.12371324002743 -0.17270182073116 0.69900816679001 1.0774581432343 -0.68245649337769 -0.3222561776638 -1.9934102296829 -1.1085860729218 
1.7001625299454 1.2689001560211 -1.0032880306244 -1.0627775192261 2.0428128242493 1.4093959331512 1.7226378917694 1.2171620130539 0.60098576545715 2.7900812625885 -0.38444012403488 -1.8053560256958 1.3370487689972 3.0941891670227 1.2581835985184 -1.3975404500961 
