16 16
-1309104.625 -785231.625 -1728003.125 1211408.875 -457018.625 822798 39916.359375 458007.4375 -1827165.375 -246337.9375 -1015638.125 -1427292 -1210196.625 -1330390.375 1242485.625 -758134.625 
-668983.5625 1580837.625 -429289.5 -411097.96875 40060.328125 537795 -591597.875 -1510222 -608845.875 -398888.125 -185052.515625 820032.625 -103519.4296875 312051.625 -564424.125 -741209.0625 
742124.125 -2224805.5 -2693428 168014.375 -868017.9375 1466322.25 -17914.71875 1396846.25 1341997.625 1291295.125 1943037.875 -3389086.5 -1629088.625 -2545538.25 -2819928 -837958.625 
-828891 1799170.5 695349.25 1850653.875 -2150128.5 1157000.25 2021274.25 -640463.5 1075282.875 -2093787.5 -2474252.25 3158805 -124274.0390625 951018.75 933398.75 89859.09375 
1079971.75 -439873.9375 -512897.84375 -2110610.75 -421815.21875 -311289.71875 -265285.46875 532043.75 682867.3125 -3382664.25 -124542.4765625 2499263.75 755865.375 873726.5 1464939.125 257151.171875 
682865.125 1341800 -2817464.75 157521.4375 522113.71875 -1201373.5 1394467.25 3220139.25 -303510.6875 -771829.0625 1670100.625 -1372387.25 559763.5625 740325.25 58364.375 1125177 
1458809.5 -25724.6484375 -91987.3984375 715878.125 -865518.375 631500.3125 766678.25 -317587.96875 96742.1875 -734822.375 613096.625 980931.3125 -433980.0625 1603011 -122054.1875 -304728.6875 
50975.77734375 -1249998.125 -136546.59375 34831.34765625 613847.25 -981386.875 -1735198.875 -3651017 2150735.75 269531.84375 1157271.75 2303120.5 771181.6875 1071971.25 1197857.875 1273618.625 
-633977.75 -1698276.375 -3097648 -360599.6875 845865.8125 146215.6875 -331733.28125 337158.15625 -1025421 -1796348.75 1961378.625 1298334.75 -2173340.5 -1721033.375 1493533.25 1060518.125 
-680949 -85069.640625 625938.3125 -2166120.5 1258719.875 -145206.0625 -1373914.625 1459346.25 -928802 662936.1875 1023526.1875 -1757623.25 1485664.875 -749486.4375 -115021.234375 -364351.28125 
-1162515.375 194357.5625 365180.1875 -2900211 2579433.25 -1120177.25 313417.75 3748545.5 535624.75 1897018.75 491554.75 -2353472.75 2498808.75 -657372.375 -1062129 261056.296875 
1494581 1237356.875 568919 -100340.0625 -730511.375 -76.6875 533186.4375 437865.75 -926353.875 -1538003 558155.375 2051083.875 -486596.71875 -187640.84375 -1158454 1125323.25 
2173625.75 940713.125 -585887.3125 1343445 -999125.25 -156157.875 -763405.125 -169494.4375 1904183.25 133239.75 409140.125 -583674.375 -1019440.625 2005982 391607.3125 -1242305.5 
838413.25 -435188.25 476467.71875 787933.875 855993.9375 -1515325 857426.9375 1545870.875 703859.875 604490 1412520.5 -1034703.375 1011780.6875 2025115.75 1204204.75 710006.9375 
-1373736.75 -806152.8125 -625474.75 -961795.625 973149.875 -1350545.625 -33631.125 -2136464 76974.09375 -664842.75 1336788.75 2728617.5 -2157374.75 -1024606.875 299632.25 2054243.25 
-2227406.75 -1596436.75 -164506.6875 790357.125 -781457 1635159.5 -367885.625 -1903079.125 -598150.0625 816636.25 1776411.125 2109807.5 -1664338.5 -1510396.25 -1168472.625 704867.875 
