10 10
-1.9622266292572 1.1021065711975 1.1661307811737 2.2663080692291 -0.4707573056221 -0.082169681787491 0.73638880252838 -0.35015916824341 0.71264308691025 -0.91836208105087 
0.24287793040276 -1.9351761341095 0.040543973445892 -0.53060466051102 -0.078977018594742 0.8806813955307 -1.2587358951569 1.0342277288437 1.8504951000214 2.3329782485962 
0.19355396926403 -1.2739535570145 -0.22829808294773 -0.98929804563522 -0.65671986341476 0.75935345888138 -0.10246051847935 -0.25314530730247 0.25549158453941 1.6488471031189 
-0.30839928984642 -1.4640786647797 0.1573968231678 -0.27008548378944 -0.22013457119465 0.3660104572773 -0.7128729224205 0.25279361009598 0.66030544042587 2.0532133579254 
0.69691503047943 -0.83241587877274 -1.4188704490662 -2.0280184745789 -0.23682253062725 1.190382361412 0.005673736333847 -1.9725093841553 -0.81010591983795 1.0600126981735 
-0.92873460054398 -0.099717736244202 -2.3435871601105 -0.67755621671677 -0.078279614448547 0.18221211433411 -0.97680902481079 0.55288410186768 -0.10933467745781 -0.29239755868912 
-0.023147255182266 -1.2624278068542 -0.32905268669128 -0.98099112510681 1.5071943998337 1.1524900197983 -2.1736936569214 0.082139194011688 2.2038445472717 2.7375750541687 
-0.33509051799774 -1.2764728069305 1.0783543586731 -0.28294587135315 0.08646185696125 2.3788039684296 -0.54047566652298 -0.86467283964157 1.5175124406815 2.5820355415344 
-2.0487234592438 0.89681446552277 2.2033152580261 2.2553255558014 -1.0982352495193 0.7574970126152 0.27395862340927 -1.2343828678131 0.96440047025681 0.074476465582848 
1.6564218997955 2.2358996868134 -0.77834278345108 0.18942832946777 1.1272526979446 -0.87532633543015 -1.0184651613235 0.08319079875946 -0.57776939868927 -2.170432806015 
