16 16
-28271828 -209724912 -64844280 -19497356 -61373984 195871920 -71411336 -253550160 -37137432 -76465888 -217069136 -90180112 237470000 198344816 110614992 233073936 
-66976324 -94867624 65275028 3006148.75 -58890160 -112967496 79153808 34713940 136731376 -85735856 6100625.5 14606725 -54427244 285808160 65470776 156003456 
29651424 206533952 -35024648 -8381084 -207333136 -119147160 -83033368 -45739192 -105801120 94480992 68332776 246922816 -148376768 -166163760 -75110368 110249512 
280426688 8084072 -188433488 -76378576 -48330404 -134298192 -13145145 27142972 -86926848 -235561616 -129670344 75559672 -209414112 232723072 -75794704 80007776 
102393184 195571264 -129842032 -177214816 -49931344 -32443324 224076256 -37789160 -146356640 -239737088 -84630976 55799164 -202774336 129830024 -59128432 125925824 
-121771936 30711466 130665184 -101460392 -551986 148299232 274942624 -50773328 -37087952 13398509 114939200 152762240 95000048 50130520 97014624 -15685413 
-133353728 71788664 -340316320 -101253296 209386544 -278548352 -20612304 30614948 102321008 114008944 -87882704 -18499596 -138589088 -73169640 -203122864 62736368 
53592352 163772160 -287828800 -169208448 39967180 -240041024 -129006824 -298618 -135283712 14329316 13497462 100699432 91042048 -48961072 -177592464 83142032 
144746752 26283620 -39024864 32129336 -4806468 14119060 -217574576 290106656 42302436 -44938688 -150079504 -266710944 116350944 -70838160 -57615512 -114199744 
194357728 -149757744 11024935 -1066918 -79796512 133578240 -164346160 -62183956 -61752756 -165795888 -41651604 -202890704 263334640 196969760 109258488 -108122664 
177829344 -115607168 47201440 104532264 179013040 52715372 -147492960 -29259934 38979144 124190384 -50196644 -57946008 38392704 -165460256 -128889984 -97427736 
221342576 -48584236 98941392 -1924292 119027744 -62343220 28443532 117600880 151488272 -54690256 188668912 -136672352 68027712 178562320 120077216 -101460352 
-61841720 -155724080 208864032 -774656 -165101312 126098352 -20663446 -76210000 165922928 -4339184 -2376370 26534160 -319734176 280522624 168117856 10959638 
123515472 -277249536 -237045472 74552224 242936528 -120332560 -139853168 142863136 107805168 255744112 -195839728 33965072 -196188944 -150067696 72866176 -33792728 
100674320 223067872 -207098976 -139541120 -61826440 -138065040 4036039.75 242002256 -101615744 -254348016 -55653136 -171198560 -46507016 73834888 12915544 -59230704 
29471524 82052688 -212171504 -245250528 227587504 -89171104 -215576128 -32831968 40096188 167960624 54938532 -99096664 81689928 -19460516 -99649872 -26255626 
