10 10
6.68017578125 -75.210006713867 32.350818634033 46.29704284668 150.58540344238 188.35870361328 -50.020195007324 63.673892974854 -10.194519042969 76.222869873047 
2.6493225097656 19.393404006958 52.101390838623 28.940841674805 -72.125297546387 -119.27198791504 14.013107299805 -44.315093994141 1.8893089294434 -67.310836791992 
75.048439025879 23.466138839722 12.805436134338 66.839660644531 -8.7850933074951 -150.32215881348 140.05993652344 -70.319618225098 -54.81729888916 -71.851745605469 
-152.47724914551 61.930644989014 33.053127288818 35.980949401855 -107.92552185059 -87.038024902344 -31.186622619629 -61.219951629639 -86.500183105469 -35.550903320312 
-59.739013671875 -142.94769287109 75.431861877441 208.78215026855 -85.431221008301 -70.034729003906 -155.04705810547 -186.62030029297 16.321542739868 21.675827026367 
-32.600486755371 180.97236633301 132.10432434082 -74.486152648926 29.922706604004 -69.681335449219 -151.73480224609 -4.8596420288086 -91.070426940918 -29.605905532837 
122.42604064941 -89.06014251709 -16.406763076782 14.587243080139 -118.78235626221 23.385726928711 -54.0908203125 -75.830192565918 -14.618922233582 -93.923271179199 
-62.693531036377 240.72888183594 208.1428527832 23.761253356934 -38.419052124023 -74.62126159668 73.225067138672 81.735336303711 -354.22637939453 -145.43426513672 
-85.013519287109 35.17236328125 0.95447754859924 47.971691131592 52.199829101562 -71.811218261719 -25.758010864258 -39.326496124268 4.1267967224121 -132.60945129395 
17.450916290283 -138.11741638184 63.039558410645 -43.126014709473 -15.433322906494 179.91751098633 -22.633743286133 -62.611999511719 -45.984149932861 34.553527832031 
