16 16
-2251727 -150364.40625 -125809.6953125 1822204 500075.3125 7334.84375 1540530.875 934718.125 141621.25 206202.6875 -1744374.5 63106.34375 -1029080.1875 -2067382 180897.65625 -1473308.75 
203710.5 -2581424 -2586935.25 -282000.03125 1684833.75 2242670 1767972.75 -1019.6875 524044.46875 1978190.5 3057474.5 -510192.375 2048837 -2197072.25 -140106.328125 -885773.125 
646066.125 -2845064 -614403.5625 1039573.6875 1131837.75 -398537.03125 332918.03125 2172758 3258957.75 -289201.65625 1813472.625 -2348764.5 -2011303.875 219897.65625 896530.9375 -1275518.125 
-1114074.25 -711136 -591170.875 347454.0625 1369150.625 214500.359375 -235514.734375 -519119.75 -761772.25 854298.9375 -1492.046875 -355636.65625 292519.03125 -1338341.5 -1031449.0625 -2064258 
280337.65625 -1200821.125 -452501.09375 347900.90625 114649.875 -1017694 -88985.640625 468554.8125 1362610.5 519767.5625 482688.15625 1298280.25 1288800.25 229954.90625 1094322.875 -241641.1875 
-1148266.625 -265078.75 843021.25 -96156.21875 -449311.5625 -1312910 -1182659.25 -184735.1875 -976985.25 -717727.25 -1365138.875 -109057.625 -199689.46875 1008718.1875 -132613.03125 -181356.015625 
560927.5 1769474.75 -152174.4375 -288443.5 -1021286 -121392.6875 -1065243.25 1144926.625 1559635.625 -760038.5 -1577527.75 -153005.8125 -996946 1026445.375 -1612920.375 -1746056.875 
-575754.9375 -22720.49609375 -523529.875 -775897.1875 -1410246.625 -211778.609375 -1522949.75 1104717.5 1780141.625 391469.4375 1729731.25 -538707.4375 -206171.0625 -82580.7109375 -2439183.25 -1843764.125 
290896.1875 960908.9375 -1170301.25 -943091.75 -1605533.375 1602183.25 1484664.125 -1368104.25 -1031059.875 -266370.0625 -716689 -204925.671875 2199876.5 -1209832.125 48704.9375 1220660.25 
1951066.625 91115.453125 -65621.796875 154106.109375 304332.15625 324057 71200.234375 1459080.5 48256.9375 -1228287.75 436897.4375 -1314868.25 -796662.25 1204708.75 886025.25 2967999.75 
314467.03125 1272415.375 657496.25 -2051908.25 -1490059.625 1647989.625 405226.28125 -687121.875 -2123788.25 -735153.875 -1701125.25 8966.09375 689633.1875 1485584.625 1425602.625 2214071 
-2005982.625 81119.984375 342689.03125 220144 -101885.640625 -1562719.25 441076.625 -1066395 -3085266 -715059.75 -3888716.75 478138.75 914793.125 461471.4375 162494.34375 369915.8125 
-205741.65625 292433.625 -503545.6875 1671396.875 -1624752.5 -959210.5 224322.4375 1842955.75 2699511 92934.0625 483088.625 671269.625 -1734353.25 -483384.75 773794.75 -1261648.5 
627296.125 357256.28125 -2590052.75 -745302 -1354540 1392536.125 1638951.5 2487197 370300.4375 -859339.5625 -218627.8125 -529925.125 1383175.875 328591.40625 454637.0625 2035969.125 
-652547.9375 -1830557.375 -1683792.75 1906437.375 864570 -2677117.5 1101173.5 2864407.5 640356.3125 1992657 1191620.25 -694177.625 276641.5 1803896.375 376372.75 -922039.375 
2141063.25 -529839.375 2500830.25 1758829.125 1879764.75 -1568869.125 -821565.75 -724718.75 283413.0625 690237.375 542759.75 -663415 -1703710.25 1226681 398152.65625 1020728.5 
