16 16
-326193088 92672752 -86148072 -128991792 35773528 86518464 -208119552 139710752 -2422344 -192113200 -169434080 19456882 -257137280 671176 -175551648 137082816 
25248840 -102533816 -174979648 140588096 -199888944 -165638208 143980064 61517696 171957760 35152692 -170318144 46115556 1142524.5 54349432 90399112 -61596680 
-182346320 148962080 200483456 193832128 92167520 -7703752 -263449024 -68669608 200940320 -81407552 235229344 -6964728 -48255072 -101881168 -109225744 -59287364 
10753576 -5891000 -35622552 59371784 -144021920 367680352 -95956352 104904216 -43573384 31646280 -156068400 320294720 167720896 -249515216 -71558504 214088816 
209418720 -189757888 -99716664 -160857280 78124944 66401156 168178528 -237123344 -55506472 62452988 66454176 -65243384 -43132940 171697984 197431456 62737180 
-137763360 -89472936 241379008 28614366 4053636 -153951872 -194501408 31588140 276605696 19221968 -157973584 112848016 -147998432 -33094096 -138980400 -206929760 
118200128 -43588840 56473264 75194848 -83287840 -167289536 157044464 17223306 -85016960 126200272 78699568 -311107840 -20088176 49470332 111464536 -33321370 
-140117184 59080492 126470984 -66874888 -25892588 100202480 -121530128 -104266104 -46400512 14545582 147892608 -30026276 22730012 -174113408 -53202440 28617574 
112697536 -138630416 -61144424 -112849000 43321284 246830624 50999200 67536312 102929152 -325700992 -45917572 424646912 107666464 -97538336 30908798 -130372976 
183203376 -55842656 -145566640 31567182 39662804 -161349392 148237472 -45985848 -93134904 -26218368 136469088 -218048288 -28182796 129685224 103972144 -64795964 
219259776 -142190944 460246880 112540296 -169406496 -19463980 116310272 -150136880 82163160 177565600 180845824 32992216 155545344 -84800904 -160240096 -277532800 
-186517376 84904200 58933136 71281992 136829360 1551624 -240620608 72639056 190994176 -106260544 -73661536 79141432 -89769440 29872408 -41061748 -13348964 
-47518388 11715734 16590818 -201523408 388351936 47940464 -44560784 -68054080 138561216 -95805680 -122610256 -69171392 -199606880 224733264 422919392 -64968016 
15506872 -216479600 -103554088 -281821184 70178192 37116604 47160180 75516240 -168663392 48966396 -261216800 26377416 133785296 -46190860 244262720 62020952 
-148501024 -71331984 -303230368 -182895120 64024460 -120643176 -138335648 175957904 -32094268 -155647392 -284409152 -15420146 -244897632 160521952 -125003384 80155656 
49619036 -113526208 33415940 -17452654 -64760824 58586812 43480408 64376220 -8693501 187729824 -244989264 133316768 27771394 -48376448 -23035636 119174640 
