10 10
-2019766.125 -600364.4375 1083977 -3684898.25 196950.09375 -128254.4453125 -131122.75 2757988 1134497.375 526956.5 
-555167.1875 1136900.375 645583.1875 -3297990.25 28119.046875 813716 -1597851 3635793.5 2048567.375 478452 
610188.25 480069.0625 491930.4375 -518461.03125 1393702.375 -1665359.75 -995933.375 65151.875 505254 -1854572.125 
-34578.6640625 -1405102.625 195895.8125 -2825647.25 1209249.75 -484686.0625 -271410.21875 361982.03125 -1449012.5 507271.4375 
-462738.875 -98300.625 -1053943.75 2497320.5 -545558.5 -1505088.375 1734867.875 -2236666.5 -1767480.625 -1928501.375 
839773.625 -1031889.8125 259164.421875 121574.84375 723936.125 -237652.375 1022004.625 -852023.4375 617588.5 -596017.375 
-1675956.375 475827.03125 1257582.875 780877 -869870.625 -450908 -1341558.25 1612740.5 1716033.375 -130364 
-1005131.6875 -2093483 1028766.0625 -863753.5625 1023788.4375 -1356217.875 -195452.90625 -1088482.375 802108.8125 240683.78125 
-458847.28125 385177.5 -1122964 -822449.125 -1003207.4375 1686971.5 2454950.75 308552.40625 566383.3125 819377.75 
317179.9375 1792188.25 -693701.375 673209.75 -1719996.375 2983281.5 1223617.75 687899.625 151640.671875 1825596.875 
