10 10
41.073894500732 147.98303222656 -11.433738708496 119.79725646973 -44.989105224609 -53.504249572754 241.97891235352 27.836713790894 4.6318054199219 35.473731994629 
194.69950866699 65.885780334473 -167.31091308594 -93.031005859375 98.80037689209 -50.956085205078 55.622268676758 -132.81289672852 -90.04248046875 158.83418273926 
-110.23121643066 55.311973571777 -63.353584289551 13.923521995544 -84.543106079102 66.086204528809 -136.0569152832 50.397541046143 101.82167816162 49.982490539551 
87.717086791992 116.99682617188 12.999919891357 135.81161499023 15.612049102783 -6.6833996772766 197.02618408203 -88.322509765625 50.42212677002 21.533885955811 
-169.31985473633 67.136199951172 151.58280944824 61.77271270752 -82.849792480469 -70.36865234375 107.53240203857 -12.266276359558 78.850509643555 -221.22988891602 
51.331748962402 139.85620117188 -199.08419799805 47.562805175781 -134.38745117188 -86.99137878418 -16.634857177734 -103.25855255127 142.76573181152 -0.23074913024902 
-55.13423538208 -119.21903991699 -151.60015869141 21.067535400391 -34.148002624512 49.422290802002 -227.2532043457 -94.342620849609 65.666381835938 68.521553039551 
-2.7166900634766 -166.06394958496 85.999504089355 31.795928955078 132.4659576416 95.620895385742 24.495952606201 -2.8477554321289 -135.95011901855 96.200592041016 
-67.678413391113 -49.036308288574 180.96676635742 -45.131404876709 -14.628082275391 144.49702453613 -58.057167053223 47.106826782227 40.171337127686 124.55577087402 
-81.042320251465 -329.28369140625 -169.07775878906 89.203872680664 82.04174041748 127.08271789551 -288.48571777344 -181.05682373047 -85.13166809082 77.387184143066 
