16 16
42080988 -6729304 -1852480 137877024 -50089300 54629496 134668272 -77466272 101439296 -38973224 195538704 -54302972 109320344 1483836 149247696 -143370400 
-76286896 17567496 56435744 27228828 -138520480 -7626364 9442040 115993616 255376368 -35210012 -19436448 51041868 31506584 -81186048 -96992496 -120028304 
169307168 -343246 99065824 -129523320 68687936 -69264664 -214851216 250602432 132172192 -229637168 -169198848 -110323160 47630616 188723808 -797783 80956768 
50541848 -243601568 83036784 -101402488 30636580 -88014712 106825328 -29343664 294152960 49289024 -7492211 -136084192 55942064 -119313072 202800944 2662974 
-63832820 167415664 -129002976 75869240 -161095632 148639312 112020280 48780084 -255560240 -28808764 166198176 138334416 -53570392 29192296 63062096 -9429160 
54127544 9060314 -22769126 156214288 189822912 6264324 24710240 -309374944 -33545644 -203176048 -24017644 -44331304 -24080576 49227940 3591472 72085016 
43152232 -85920704 -178588256 -37225872 -181476560 94252304 27501410 166399184 -49991600 -20047488 -183482384 330247328 137673696 246897200 -95052624 93122608 
-14528790 -209869264 -78486848 -211719376 83825160 -63613864 -150590720 62664216 2355856 -76264520 -158983136 59990276 -290049920 -27181292 -117592896 -18716284 
-73245088 -128834872 -135677648 -135196448 182324304 -45760848 -124933464 -74454160 -100438928 -16494016 -102815344 49028768 -155839536 -6663086 52028344 51479380 
-13877017 -125408184 -112385968 -49509624 -79627880 -23695180 33821420 78391600 -1743968 -132072976 102562856 -124726696 -232015216 -121255960 68214472 59206980 
-161657920 22288192 -64397400 -135980512 38266620 -52711744 -108821184 13260252 608504 140044400 -163519424 -12213183 -24252444 -55046568 -98242272 -87357328 
-228199040 -9715468 -30228512 -239554352 206303568 38894696 -70374880 -213246656 163671936 -166116224 -152887760 -160217712 56788248 -145671296 -254956480 68633808 
-247051008 -105109016 -79008 -26506440 -74073128 191504384 -172484352 -99988032 134070312 271143264 159885888 -38119028 206739744 -63681808 247836768 -260869120 
-189236432 108605392 -22637184 -219880272 187112832 132807272 -110116064 -122030816 -42350048 -32079032 -245730240 8850997 254442064 29219724 -36568516 257112640 
-114493848 -69587848 78373920 25063450 -207457824 -14219936 -121796368 127963280 307052000 77001232 -85516272 70343568 -154604096 -194646256 -60321776 -274397024 
-66629376 -339816608 -183467184 -28153232 -147186672 -68515568 131649184 -82195904 172937248 66975168 45023420 97739872 -77282208 -263295024 -64679300 69889480 
