16 16
-11184.583984375 3566.7097167969 -9909.125 -4706.6484375 -1761.9934082031 11696.665039062 8096.54296875 4722.4892578125 -16862.23046875 2130.7849121094 -17284.59765625 8278.908203125 -9066.3515625 -3976.6271972656 -4686.44140625 29252.3046875 
5343.7905273438 -12815.055664062 1648.490234375 164.54052734375 2242.6633300781 -5773.1796875 -5829.546875 -13707.5859375 5362.46484375 -1288.984375 10541.359375 -303.98245239258 14055.0234375 9342.130859375 334.30749511719 -12488.396484375 
-20836.4453125 1130.8110351562 -11157.098632812 -19089.25390625 -17660.935546875 5204.7548828125 7814.341796875 -10530.193359375 -5552.3154296875 24566.16796875 -3941.2087402344 -20593.5859375 -15791.40234375 9467.908203125 -11466.561523438 -17938.19921875 
16076.546875 -10007.838867188 -15777.85546875 3253.7827148438 11285.37109375 -17487.2890625 8588.8564453125 91.726196289062 19874.138671875 -466.58874511719 632.35070800781 14666.252929688 -4789.845703125 -14126.359375 5858.1127929688 -8460.6962890625 
16972.236328125 7187.8740234375 12564.837890625 -7396.794921875 11535.834960938 5517.4814453125 -1217.9147949219 -21295.015625 -12973.435546875 -10499.265625 11503.530273438 4955.7329101562 18096.8125 5597.7578125 -6581.1103515625 12278.787109375 
-9770.57421875 2880.5512695312 -2798.30078125 9403.166015625 -1478.4311523438 1063.341796875 -3939.9733886719 10690.826171875 -6151.9384765625 -4872.7890625 9741.716796875 -7345.8247070312 10673.311523438 -8521.1650390625 6166.7250976562 10990.803710938 
8696.861328125 -6130.9814453125 14872.073242188 -15806.110351562 -15495.014648438 -12772.34765625 -3914.4565429688 -9174.3154296875 23315.794921875 5352.1206054688 -278.57501220703 -4640.6352539062 -6361.59375 -2471.4938964844 -21413.42578125 -26708.169921875 
-10638.72265625 -1250.388671875 -25195.984375 -4721.4677734375 10388.887695312 -8427.740234375 15349.7109375 -25793.869140625 -12334.79296875 11776.8125 24760.595703125 -1350.0856933594 12645.548828125 7522.89453125 11902.17578125 -24327.91015625 
9694.6689453125 -5696.0849609375 -5102.8842773438 -4844.2607421875 -6430.7333984375 7183.5029296875 4982.8427734375 -26852.123046875 -8826.701171875 1781.8374023438 9460.7373046875 14282.341796875 2226.490234375 609.880859375 -23242.255859375 -3478.2451171875 
-2742.8784179688 -6728.9189453125 -7697.5346679688 -6060.55078125 -554.99188232422 16516.1171875 11227.846679688 -41598.64453125 -15972.911132812 9862.76171875 22753.873046875 10641.645507812 -6472.9252929688 19948.3515625 3886.5217285156 -9801.59765625 
10722.24609375 21116.119140625 990.12817382812 20574.787109375 -10356.004882812 -15865.569335938 -2209.724609375 21275.5546875 6686.1279296875 2816.3098144531 10784.3671875 2699.6311035156 2233.5495605469 -1215.8197021484 12744.241210938 -5251.7397460938 
-16669.33203125 -9508.810546875 -5007.091796875 -6290.6845703125 15569.807617188 -11014.885742188 5031.0620117188 6647.494140625 -1307.236328125 -522.72314453125 -16793.818359375 -1254.6640625 470.205078125 -11257.87890625 2433.1284179688 933.19421386719 
11410.98046875 -8553.2666015625 4319.1259765625 -13957.755859375 23185.513671875 2732.0708007812 4713.3442382812 -2760.1188964844 10005.10546875 -6428.6611328125 -9820.4560546875 -6663.9165039062 6903.6206054688 -732.560546875 2466.1154785156 5053.5458984375 
238.41198730469 25892.146484375 -6932.1826171875 -411.97900390625 23380.41015625 -5269.7338867188 2248.0725097656 -12124.717773438 -9968.4873046875 -6086.3989257812 20786.0625 -22643.166015625 12035.350585938 4520.8403320312 11603.661132812 -2314.49609375 
14177.72265625 -7305.4521484375 3170.775390625 -2283.8950195312 4191.720703125 -7948.7392578125 -18491.546875 -2421.7836914062 10319.94921875 -44.425537109375 15543.653320312 -19773.951171875 1715.4270019531 -16013.733398438 -3672.7666015625 16102.831054688 
-10308.939453125 4443.8198242188 -5905.5405273438 -7160.7963867188 12332.790039062 -22741.888671875 8638.4169921875 926.07495117188 -923.14428710938 -2782.8649902344 -824.63159179688 -2373.8662109375 21417.28125 -5402.33984375 746.00512695312 -9833.357421875 
