10 10
695540.0625 -1881736.25 -921225 1699406 -2609008.5 -1375609.75 788692 171093.5625 -1413196.875 -2473913.75 
114176.4375 1724429.75 -147.375 -338504.8125 695132.75 -278227.5 -815036.375 325332.3125 -637541.5 -1386701.25 
-240067.46875 -2801309.25 -323317.9375 722951 -1248031.625 682779 483068.40625 -201568.46875 -2420948 -2354755.25 
-958089.875 -61232.34375 -2361025 573362 -1103383.75 -1267247 -815020.875 -1297466.5 496156.9375 -1636756.875 
1509441.25 -1347212.75 505095.8125 593277.75 -892536.75 429801.1875 125367.0703125 1063640.625 -1917945.5 -1441235.25 
-510754.125 -420448.8125 -900300.5625 2104176.5 2434410.25 -526857.3125 -705703.1875 -831004.375 -1973715.25 -751523.875 
222924.25 -1028621.9375 -1868384.75 1968824.25 184118.1875 -586512.3125 -1307721.375 -579682.9375 -1787507 -3371129.75 
1386197.25 -988865.375 771994.6875 -1023023.1875 -796661.5 1794975.125 1418987.375 738984.8125 -1459939.75 -1443844.625 
-397043.65625 1033323.375 -171643.6875 -45742.375 -495760.59375 704825.75 -1102574.75 -701014.5625 521437.625 -1357639.75 
-1855481.25 -1499537.25 1898494.75 1000115.3125 -166419.125 1096122 1647589.5 -956209.875 -115846.1875 1598304 
