10 10
10176.3125 2735.4445800781 2840.001953125 11311.228515625 12866.994140625 7454.689453125 -9358.642578125 10543.72265625 26291.96875 1805.9174804688 
1025.78515625 -4027.3061523438 -29125.375 18219.462890625 -6325.6826171875 -8236.078125 -11195.013671875 -7097.6357421875 5865.203125 -4265.814453125 
-6530.693359375 4218.8916015625 2627.6655273438 -4125.154296875 1081.1477050781 1317.0895996094 8956.9638671875 7118.5244140625 -11266.525390625 -687.67114257812 
-2617.1123046875 5710.1767578125 -16592.7578125 12451.826171875 -9610.9765625 -16898.015625 -23841.56640625 -25106.0234375 -15149.37109375 2574.4162597656 
19204.31640625 -3033.4326171875 -10129.375 258.1611328125 -14267.248046875 -12240.44140625 1541.576171875 -7474.953125 -2403.5085449219 -4736.021484375 
1218.7261962891 2785.7272949219 -13291.055664062 4377.7836914062 -20209.623046875 -25038.138671875 -6426.3427734375 -10941.73046875 -10347.577148438 1048.6437988281 
-14134.361328125 7822.8564453125 -15689.65234375 -2871.3793945312 -1356.7202148438 -10449.25390625 -25206.720703125 -10528.904296875 -3424.6806640625 8612.548828125 
12087.319335938 5576.7006835938 4822.181640625 -5614.5361328125 -8910.537109375 -13972.025390625 6895.33984375 4772.1069335938 16493.59375 2640.1479492188 
4674.572265625 188.45205688477 11729.78125 12286.91015625 2203.9619140625 4282.1577148438 17987.609375 10563.318359375 16187.046875 -8459.7470703125 
-6577.4228515625 -7503.138671875 -11488.62890625 -5126.529296875 15790.359375 16353.940429688 5514.51171875 8322.81640625 2795.6049804688 15743.134765625 
