16 16
-1.4039151668549 -0.58563113212585 1.1868549585342 0.22574763000011 -0.85576552152634 0.27329275012016 -1.0227153301239 -1.2373371124268 0.66961574554443 -0.94149994850159 -0.33687660098076 -1.1420594453812 -0.17769593000412 1.0502220392227 -0.55176651477814 -0.035687439143658 
-1.6731448173523 1.6779109239578 -2.5131642818451 -1.5813658237457 1.4715658426285 -2.3397300243378 -0.52778351306915 -0.85582810640335 -1.6586844921112 -0.13446301221848 0.42534267902374 0.42504215240479 -0.25357168912888 1.9429076910019 1.5557698011398 0.66149663925171 
-1.0200459957123 1.9082696437836 1.3711009025574 -0.084001064300537 -0.03645433485508 0.8384964466095 -1.3948143720627 -0.45983213186264 -0.79910725355148 1.9326511621475 1.6277112960815 1.3711760044098 -0.85758972167969 2.9585435390472 0.60781109333038 -0.68784856796265 
-0.00027340650558472 1.5206567049026 1.2760241031647 0.15282633900642 -1.0531802177429 1.3752632141113 -1.698632478714 -2.797530412674 2.1854994297028 -2.5507426261902 -0.0032294094562531 1.2458662986755 -0.70318031311035 1.9681066274643 -0.31146323680878 -0.62251698970795 
-3.5202894210815 -0.82349848747253 -0.1698457300663 -1.0902245044708 -0.23569697141647 -0.66904336214066 0.86101216077805 -1.1753860712051 -0.53974437713623 1.1510262489319 -0.50213706493378 0.3758465051651 1.0159697532654 1.889426112175 2.7157025337219 -0.82685881853104 
-1.4754207134247 -0.045962512493134 -0.03535270690918 -2.3878054618835 -0.20447891950607 0.080404460430145 -1.8800638914108 0.024976246058941 1.3210678100586 -1.0700130462646 -0.012761890888214 -2.2104878425598 -0.31172245740891 -1.7622526884079 0.86271542310715 -1.380920290947 
-0.055406838655472 1.7758356332779 1.5309784412384 1.5315755605698 1.3624267578125 0.25052985548973 -1.706991314888 -3.0087985992432 0.77525383234024 -3.6986300945282 -0.82154148817062 1.5657613277435 0.95893108844757 0.66078495979309 -0.13639518618584 0.90721368789673 
-1.7474290132523 -1.8761897087097 2.0000727176666 1.2520358562469 -0.048262670636177 2.2874307632446 -0.96349102258682 -2.9450988769531 3.4310503005981 -2.885632276535 -1.7580431699753 0.85485500097275 0.3646212220192 1.0662144422531 0.16966587305069 -0.62509077787399 
-0.67056441307068 -0.34053736925125 -0.49478060007095 0.61327522993088 -1.7239323854446 -0.28716450929642 0.71284317970276 0.16376587748528 1.2434231042862 -1.570444226265 -0.18317946791649 0.26830518245697 1.2300772666931 -0.51714700460434 -0.32831227779388 0.74316793680191 
-0.37945935130119 -1.9090939760208 2.1542603969574 0.88764572143555 -0.44730082154274 2.0946652889252 2.8257546424866 1.8993090391159 -1.360525727272 1.787587761879 1.2720812559128 1.4105713367462 1.1142864227295 -0.88755792379379 0.26304617524147 -0.85737437009811 
-0.39702054858208 -0.53146171569824 0.72807657718658 0.94655781984329 -2.1816947460175 0.68967401981354 1.4061921834946 -0.86899435520172 2.1956760883331 -0.95482242107391 -1.5514229536057 1.9264296293259 -0.92554301023483 -1.4584068059921 -0.60465234518051 -0.27016961574554 
-1.0060929059982 -1.8612664937973 1.9663808345795 0.58576679229736 -1.138165473938 0.85517585277557 1.1788347959518 1.7448859214783 -1.0672024488449 1.1886206865311 -1.1045083999634 -1.1643590927124 2.5509598255157 -1.7905657291412 1.4011073112488 0.10616207122803 
0.58357733488083 -0.94055819511414 1.7733564376831 -1.3425222635269 1.5238697528839 1.6991040706635 2.3826208114624 -0.38956540822983 -0.4055971801281 -0.69253933429718 0.70547294616699 0.51147127151489 -0.87142366170883 0.31878706812859 -1.3412001132965 0.86116653680801 
-0.53857290744781 2.3133363723755 0.12623175978661 -2.2607052326202 2.6297128200531 -0.8007915019989 -3.5614573955536 1.3884257078171 -2.5541818141937 1.7386116981506 2.2640540599823 -1.1966863870621 -1.2872512340546 0.28292965888977 0.56497395038605 -0.54503136873245 
1.8442169427872 -1.2676142454147 0.61901646852493 0.98798525333405 -0.51032435894012 1.1902837753296 1.877504825592 -1.22993683815 1.5148186683655 -0.87692332267761 -0.98146796226501 0.15285004675388 -1.1687731742859 -0.79365921020508 -2.4707808494568 0.69740092754364 
-1.7815253734589 2.2456152439117 -2.0855145454407 -0.65253818035126 -1.4233202934265 -1.4910805225372 -0.3724290728569 -0.48581999540329 -0.80950003862381 1.6540440320969 -0.83626389503479 -0.5085084438324 0.993372797966 -0.63051307201385 3.2231473922729 -0.83125853538513 
