16 16
83.908554077148 158.7622833252 81.347381591797 -82.536590576172 -2.4846992492676 -28.25532913208 -174.66946411133 -28.545112609863 -103.63194274902 159.88146972656 -31.368659973145 10.744453430176 37.56774520874 -217.27223205566 -31.328119277954 93.265785217285 
-2.5794925689697 -194.31123352051 -145.31326293945 71.681732177734 -72.149253845215 104.60147857666 72.088134765625 84.391067504883 15.475142478943 -120.1481628418 170.04843139648 -67.134140014648 134.55926513672 -5.5357837677002 60.324745178223 1.348913192749 
-136.5213470459 120.12606811523 183.52436828613 -107.55341339111 235.85162353516 -278.12976074219 41.801822662354 62.300842285156 26.478843688965 76.041389465332 75.651870727539 105.22503662109 80.69596862793 96.499397277832 -76.03540802002 -9.8555850982666 
209.45768737793 -141.83450317383 -66.834625244141 288.77783203125 185.59957885742 8.4656343460083 167.1024017334 118.87303161621 44.835994720459 -267.24554443359 52.354351043701 -108.49879455566 -25.107988357544 -33.325756072998 250.45217895508 -119.46936035156 
-52.440216064453 -172.21444702148 -104.11391448975 79.539428710938 -204.33915710449 294.99197387695 43.674903869629 -80.389953613281 88.463798522949 -306.19940185547 -100.01114654541 -37.64391708374 -56.763751983643 -35.362586975098 80.244178771973 -155.28656005859 
-54.603759765625 -175.73764038086 -23.041278839111 -162.03271484375 -160.08740234375 37.49405670166 -51.22338104248 -216.45375061035 84.237785339355 -13.1975440979 -77.496543884277 13.934904098511 97.100944519043 -76.430778503418 136.89685058594 4.1246910095215 
26.373374938965 77.921966552734 152.73065185547 -178.85473632812 -45.63423538208 -56.918083190918 -265.76419067383 -24.975982666016 -186.14930725098 248.93252563477 -63.007038116455 109.9651260376 81.78084564209 -60.938552856445 14.085920333862 292.77908325195 
7.3822674751282 -70.309623718262 168.39352416992 -98.231689453125 -21.025817871094 -94.013313293457 -245.25408935547 41.659175872803 -139.35768127441 197.35711669922 -92.752937316895 208.65104675293 151.88528442383 83.037246704102 67.238220214844 359.05633544922 
42.944393157959 -29.664237976074 -148.97361755371 187.60945129395 -35.157123565674 285.42446899414 86.769348144531 86.318313598633 16.836360931396 -197.82635498047 92.42985534668 -202.38375854492 -63.016666412354 65.125442504883 -28.817039489746 -121.72254943848 
-17.614204406738 130.69403076172 112.53153991699 -79.730239868164 120.97698974609 -55.237854003906 -276.14599609375 -114.22092437744 -49.329360961914 99.961715698242 -83.712196350098 44.218688964844 34.526554107666 56.365112304688 14.736621856689 178.96298217773 
153.38729858398 26.573249816895 -29.2587890625 65.58715057373 -7.2285690307617 -90.073791503906 75.532196044922 225.69781494141 -275.45669555664 -57.213642120361 -23.451850891113 3.7564144134521 59.852897644043 26.253913879395 -122.49760437012 -139.52075195312 
-281.01287841797 -83.398826599121 -38.167545318604 -52.105484008789 -216.45182800293 109.22845458984 90.021423339844 -148.65986633301 311.77792358398 79.674453735352 -9.2526359558105 59.740970611572 -118.58461761475 33.814659118652 -39.494113922119 181.28558349609 
-51.867492675781 110.42443084717 4.6076588630676 -259.81274414062 68.175849914551 -186.56660461426 -127.37300109863 -83.656120300293 -33.085754394531 216.26016235352 -144.84204101562 27.205324172974 43.497337341309 -3.6017479896545 -167.14140319824 58.283187866211 
97.873092651367 -86.80428314209 -27.278648376465 88.970932006836 11.100925445557 -21.226680755615 -122.26276397705 161.86245727539 -223.69036865234 -10.634774208069 -189.34422302246 203.34147644043 -132.18734741211 230.08480834961 -0.17400550842285 193.68434143066 
84.811996459961 40.619403839111 143.23725891113 -6.9236087799072 30.40238571167 -175.79005432129 -109.26188659668 -222.96899414062 73.190589904785 59.171562194824 -137.71948242188 112.87301635742 -6.0670700073242 -109.59771728516 88.616806030273 75.71280670166 
166.63278198242 14.364598274231 -111.79964447021 -42.39107131958 332.66772460938 -59.936386108398 -283.23687744141 104.97945404053 -58.781192779541 17.178024291992 -26.971485137939 223.61811828613 -121.50752258301 -32.761680603027 -32.745239257812 176.1775970459 
