64 64
149132288 -48820484 328407872 -15087998 259239840 310465312 -97307632 -345920096 -329769728 7337507.5 314740736 346146464 141507104 11531638 112359272 109337800 -265539616 68312824 -69253824 212222752 332923360 -86156264 -292757888 -343991488 28311956 -451379392 -180199056 152853648 256309776 81084400 21021548 160539968 -98959944 84908544 -428453920 -60966852 693196160 82967408 -204909440 -143413808 302449632 93476912 48677388 240558736 -495696832 619039744 -283803200 -240474016 -93812680 285275456 72845072 -204360048 -4724344 276548192 305531680 -365303776 146479392 -476383328 196674960 5075654 293561440 -555175168 166309696 -106967504 
-346462816 1176255 385830752 -68466296 -356490080 -30291970 1753371 125044000 -159111904 -167870080 26795728 -262858160 197029760 269061696 29683120 -462973504 374093632 -221663712 425759808 128127304 108388816 -265471440 147915744 -103515896 124528800 313421312 -371457248 250603904 278497952 145525968 25378916 -209397008 15261444 -476440256 34427260 -172820944 139866416 -254933872 11017852 148092032 278562368 88338912 -364621792 -113949320 -12885695 -257444640 -57926632 426643776 -141799024 -687141824 -233381360 202220096 247914064 5502192 68453368 -406230208 -272073792 317764416 -56397200 331538656 -221741552 91035264 92590792 -34026792 
-435165312 -200422736 246814544 -579485888 -46993112 176920960 -143505680 53929556 -608091200 217047472 428274432 -50824612 -48492452 113955344 217720032 -396192224 179219664 -177597824 34905620 326523712 152583648 27308980 -204402624 -35273456 -68709704 -333630848 -39330404 441696224 -15922253 300862176 -677019008 121968624 244717440 286014976 305725568 61855528 38584220 79159752 -298134592 141237776 225490080 -311152512 -209698624 258289552 -139200032 310307008 -148512960 270740128 -142095904 62224944 -123012304 -126105928 -538829376 -680324608 -236576624 198165504 -193169328 -390649856 -87706888 -176889856 -292115424 -44075356 -330950240 42050840 
118461992 -70434184 7032016 -184057936 196201376 69546600 -587655296 -145639504 530004288 516152128 -148907104 448957824 166030624 -527608256 55654928 35594952 -10579984 94635824 -188213792 113863712 -279004288 232171984 81807616 535534720 -105287184 -45329552 -42508036 -416961792 -93659168 -173943296 124979536 561554560 -66516428 -62688744 502658080 -352773152 346083296 -182356288 141562240 264869776 244869760 475952672 -83535328 369441888 -20115692 48236176 157071136 -199562160 -285804736 166107968 328297408 501364864 -487505408 -254728160 -179725888 -7545516 274908992 -188318784 292651776 -182526768 -457408000 -55885504 353468064 220666544 
-105853760 -135631312 -463948288 -271762432 28592096 506923168 405568416 103448472 429445152 102071632 -235353264 279296352 -91129808 -207492752 -276642784 -83007808 276467648 -138358560 -131208168 -26736692 30857558 -624060096 170123984 127838800 -30238066 184623056 -226333584 -97504992 -122927288 26029220 124954824 -44107200 -229858832 161766000 160278224 -374887904 -131691800 -357381152 -321640128 -145529936 -35102768 156489184 52820568 -71530384 -511912960 -525837568 -25408416 -119703288 70946880 -75386520 -133971552 134486576 -152577232 100101608 -99806416 2242788 243983168 76449440 -28975864 -45774284 102060952 -267194144 151581264 -46629812 
-187527216 305598272 -128010440 -141337616 -61929360 -198923744 70044496 127415576 -179957936 -252551872 181400496 43530460 134146040 69239120 150516512 -516618240 458597536 -233743536 -255532752 -314752960 138576576 86230864 -97382664 -375891168 70900216 424630656 -243743648 132176672 114000728 62953168 81209552 -63951364 4290000 -288861728 122813624 -164203744 -78599048 -36926760 196528640 27068950 46781960 -148228656 275753696 -95574096 -361608544 -318017760 193207552 415345536 309785376 -69053208 -279063776 124975024 647416768 -159318144 -115228792 -315310176 43245768 526692512 -150464160 -105336160 248880336 41024316 -150718080 9799512 
227270464 -52319916 -32456338 -209954416 -158628736 383995456 -100367880 311216000 -187497840 -535278.5 78605536 -286260864 -80902128 -76787752 33386624 -14856609 148727616 -211685472 212731088 -248436240 23519872 -390434752 116124200 -322888256 -356723072 123851016 232570448 -329346848 -70631584 214760448 137274288 -145968144 -400549632 188352048 -231223744 5560837 38298224 -569488704 400250912 -398294848 -17283020 -19961092 -306795552 -833600000 397776928 -163784736 -106831920 -5031895 -70109584 61953068 129154408 189480608 -526265696 564649536 -572954432 143111936 -223852304 -131137152 257986496 -377952512 -238618912 114529488 125550968 254293152 
-127476032 1242184 -135200288 455196608 -299410880 397503392 -75512080 106447664 354752608 -393781600 -266946720 375509952 223449536 -666314432 177459664 689519616 -35030528 261813136 -173774048 -171567312 310204160 -414447776 34702756 -228928800 -223438608 -75485056 -156223408 -100836576 -206824224 -246331888 -283461344 -28784992 -268343536 24038196 -202984080 43680400 93927952 -211678528 33184264 28391098 -11548800 -29134620 -379161312 -152278960 134805760 -184924336 40046252 -48913824 -50872200 -64249776 13636660 -316836512 249712768 124119272 524473280 123155544 -296558816 -210898960 637847936 -218537856 -181651120 560720256 -399362944 477585952 
360981440 -316642720 155041440 -5396524 440118880 143000048 82616864 -363504704 -153172768 -452780704 292069952 -37646028 -207834048 -382347392 -48040416 -10869843 28276874 -121921584 -121551248 -103057264 311803744 133406352 183178576 157512272 -66458080 -329919392 -97159080 286369376 -34977048 174398080 401305056 -219199392 12602688 -131941072 399565184 145036464 -138140416 200176032 227632672 -65722460 -164514144 143448656 180295936 11474973 -181471648 65372644 820776 259530144 -123723280 111642704 -146020512 -37553592 188538656 -233799552 26660592 170652192 -55750620 -100922568 -199123680 371303232 -94000424 99849296 -42544800 -19080612 
-27888896 20362024 -153235040 -211650048 -220079664 4743642 307376288 -13170302 -80084664 -345654720 -73814664 -156177056 -223706576 -272723200 -31463490 267085168 193746800 -264200512 -104922824 -197083392 343418176 183196688 -287977760 -588417216 360747072 -155670128 -225569664 -202969168 145797936 257226512 -309728960 -332497376 35765212 -85618936 -313193664 -323777600 253276048 451171744 -110993952 165093120 -199963600 362495520 -16163116 -177270096 143913056 -81691024 128877128 150752608 8563886 -254648016 -185027648 -285514528 274169152 -362249696 110143952 245294896 -139994784 -346636992 311303680 -499376256 495570944 -107342616 173737856 -85110464 
-244341920 -594430976 115081776 425617760 75161536 93631392 722921216 -192103248 62192528 64294684 497176480 -275319360 -480405792 -138590816 -139764416 169900864 -398556160 -20506980 -239988080 307986560 -308807680 35791064 -112570336 37499312 -194744 -69537048 613062528 156646288 347570816 706435520 -184043904 353915904 10733116 183923792 175377792 -302858624 226642688 130771816 -210662880 -95733448 -330902528 -37841600 -307355360 499397824 -357257824 67555720 641783360 172076400 -405414144 362894368 54932760 89322832 221449712 76483088 -176052192 -235645056 294756928 -207537440 -373071840 665239552 451491808 -479075648 -368498720 -43000628 
-26859588 14771762 -129191344 -1113560320 287879680 407040064 33256520 -67297248 -99853464 36187636 -301805856 -685905408 95441144 -18145790 17992100 -156769088 300674304 -321579840 20391492 192862496 145913424 -120017328 274249696 88153488 -73595048 -11701676 -233579056 249548576 305480736 211756016 56896584 27079314 -670192576 67771600 354576672 -68867992 415370912 -100251872 -436867776 224513440 278961344 538282368 666031936 -523000064 -275090752 15694604 -127596344 -141974960 -251462480 159122128 -43006048 -188064384 -325993632 342347648 -250726672 -161106608 241774880 -476603648 -360580576 -149295536 466336640 -87167184 349441216 -159266064 
252075520 -97156336 -17973058 -4961552 121793040 275621472 454766432 213800368 -265920544 -200116736 -51085532 -595991488 193199216 336747712 8867392 -1045669 140113072 -269350784 -315835008 -365423488 -73125392 -412988928 132598112 -543566016 -501186720 235037136 -174636512 272842272 -52911700 -297284896 -225884256 429065664 -355518784 227979440 67389856 -258451984 152743104 -19787380 -541242048 116466152 197904592 20283658 -172711888 -5119348 -916660224 -186167584 111474296 108100400 -341388288 316318080 -31881700 -464264032 -222892016 -124635856 -309325248 100469464 237004432 204336464 149564416 -483595872 254245392 247614656 -187156192 124510424 
92130752 36370456 28821334 -543925888 103238064 738186112 35511304 511409632 -125033232 12522586 73967144 -339923520 150098528 208023632 -440492352 109609544 142074288 162673136 565759872 129611488 240613840 -626992704 -414110112 -466692416 41571632 228531936 296088800 318029184 221361232 -83269192 864214.5 -405220672 112346352 257439920 57704320 382641344 -214490144 -404370400 -44022764 151864976 47335232 59799472 64896956 -205230048 -193882880 158608208 -206040960 -612210368 -416212832 197832528 54964196 -236051072 -392908704 438540736 -238803808 -172933808 77210936 -397076320 269145664 331669952 627829632 143610000 457092224 -295431520 
-429990848 -69474432 176418816 91372688 219428624 -19665428 169760016 -270821152 275560928 10241274 -376523488 611071360 129975768 -338604320 30619644 421676192 186551488 244697888 -77969576 31012210 208410080 -620662208 -259913360 262434240 240115104 20020648 -255775456 -165145344 123717072 -242346176 -41930056 -126623696 -276819296 -58874536 -214293392 -229520192 -13183168 -472271680 -272062272 -532681536 214245104 468457312 90758712 -367259968 -264486464 -158557648 -90175536 -76330352 307538432 -342703200 -106955208 -76802992 -243044688 474871296 493061440 288254496 -134981440 47245904 -91181000 -27556748 -71570216 -68669000 -532015104 -169196160 
-125968000 36070444 173601520 155549936 -594372288 -274272832 -314182400 317726624 -304956160 -148316256 -41338000 27933542 -13441495 101353784 47519624 44829888 328548160 -280929632 64011768 163549760 107347112 -298566240 2012472 -254234736 36072924 190166160 27769882 -19995572 -174613232 90164992 243804640 -113295632 128117056 205634192 -326048960 324516416 -260164480 -129473120 194021552 -270489024 591713728 573577600 -463617824 -173314080 342724224 317824736 -201232000 -62009164 306609856 -379431744 -27639320 46492056 -339739904 142737184 61450076 22804480 18012556 18037068 291593024 -130948784 310745984 384539264 41297996 -436474944 
59772560 -129937056 100157088 -453895936 -62377184 -8150292 -176236672 41739312 -262957200 108216352 -258302544 -569967936 104187632 -102111408 -139065488 -263615056 314904544 68684992 -293324704 -49405752 595254976 289857280 -45519464 -212010272 -8139832 -414572928 329526848 -279687488 5826647 -37904304 -45236896 -115284872 136264352 294804064 220354672 129882536 100246016 121070592 -234165248 519200640 95508448 276300448 373949888 369207328 164336464 -7603980 -57976136 -372372416 12782737 100713240 259192928 522389984 91403752 -116211976 -134547840 -198404768 -216816704 285547584 132740968 -61537600 -119628296 -40447800 398679616 310715776 
-145622768 -169324384 -75965376 548650 -124019944 132035688 -94663616 127273504 39341588 -5344531 172641568 -254961424 210503232 -244134992 -12463380 -118279968 -211843968 32621860 -276072640 162074608 -77351176 29702706 212599504 162223856 -238270496 -257174064 -268629408 205077408 -70675408 -156905616 -262438112 252746000 -171449408 80881520 338939584 -177521184 382917664 49284516 -142433568 222407856 50009864 -262753456 -448601984 -23911082 -53350256 -40025932 320209440 183424992 -455545344 -28542816 -155502288 -357666016 -269462144 -238780128 -65958384 270755936 75047344 -314552224 468950816 -226926800 72131112 239692272 -60228384 -219699120 
-482636800 473486880 -529661824 -150086912 -78592888 -299240992 -45235288 239069408 -199997776 11053596 19251050 24766996 -155822560 39452636 -198821872 -138029488 493940352 66866352 -314158176 324496992 -51343992 278349056 228720704 89609736 499269216 37290288 117733696 9903592 -4168001.5 -295783488 307232672 -237298464 414340608 -100153896 233511008 -440187808 -89963568 344760640 231126608 -27568958 -465325728 47121780 381758528 -228659296 -46622372 -481884384 305900224 243578032 -105762040 471195552 4927620 109918592 296673120 -410199808 94097960 -22893032 -99027008 136007568 -144495536 222603552 -294522464 -15362398 149950624 405591968 
191440304 -249052992 149712608 190318432 -143559648 -451665440 113933088 42454388 -64409360 133092056 -500345152 -285690272 -67077812 -39538656 -186639104 -269237696 301899584 -45455208 -361191200 -156197568 162758560 466718688 103877136 -79148224 404133568 236844416 -103479152 -370606656 -271686176 219217744 470661152 448544928 142137696 -371075488 -18650120 -482633376 -145278480 474742112 260920112 278726624 213211872 707555072 -219098736 489912896 -321029440 578073408 182526880 -46072428 -280340800 224248896 -41433088 71920432 591693376 45558736 -41580104 -558392000 191907024 40776612 346302848 -38887296 145384512 106585368 118889168 -85949128 
-140778544 5656816 -204141440 387225216 -290480096 -180765760 -94492272 259196304 301254944 513690368 -78458408 -85110624 -530179904 -85618992 -218140288 -209134336 -54244032 272671680 -356397088 45757800 150929776 -114358008 -204002656 -135060480 196875840 247256272 254707632 -193596256 250299216 42357532 -264947200 -442309248 378631040 -116380112 152008992 132237296 -545227328 715567104 -177103136 253116064 -531300576 -74669216 234150912 540561536 -26755438 -342277120 123771240 96595648 -18381016 119266232 123362496 618925376 669389120 251427648 -93175904 -150898448 -428096128 358884032 -52724224 -67062608 61207588 -482202496 -487796736 7313864 
509775424 -456876704 -77119464 -234701744 242327776 386656256 122046176 -210247200 -371120128 226677632 130886688 -452670464 -50979008 229092384 -150996816 163087696 66585368 233673568 -349341440 -692035712 304177408 -74314688 -457858240 -244625888 368756576 -504762144 361335808 131445600 310772640 40012968 -13660508 -222969888 198660608 -311443776 741228288 -15947144 138845248 168709856 -156853408 256256576 -216607744 465035968 207064752 70430344 -426249280 -225436352 -118136328 46166732 194996624 584655744 277330112 892075840 -244893712 46941656 -926455168 94889200 -97021896 -242956672 279437248 127603352 279823200 254438160 281661600 93749776 
406355616 -230814400 513715712 -27786590 15231054 -15649156 -55104532 175070224 -242913344 -36002800 286047616 -163476720 -114894848 -473612416 -39744528 30941216 -195746640 -135084752 -227064656 -15759477 -6860012 149172000 -116687640 125431304 -163948304 187012288 -11694863 -184168160 69492376 4965587.5 393014528 -256658400 -271491840 -173953232 124419648 -161409536 18082148 170841344 60121160 -99470152 -17312512 429429696 -729120000 -106610288 262419104 -89444968 58487464 -35876788 -369915712 -387978976 -13747390 -444874080 159318640 -302071040 178604176 63864940 -179752112 129708888 65032420 144582368 -236746144 -212007536 70208136 -7741632 
250550304 159767360 58624552 -134689152 39640320 -848355072 254010544 -47522472 -181589680 -28173706 -55602596 89538272 151982016 497538336 -319782272 -66662396 300441824 -199414976 -59327720 -203467904 146524096 158645344 58674792 -328586848 95037712 350870656 21601530 -87316288 -121380080 -321681440 10339548 -27631536 754630784 -220843344 -398881632 -311506080 -560812672 981056 254266048 -259674800 -262646752 -96361824 -109191976 -332569856 -380189760 -308030560 -69567840 116624464 100092144 229438160 -389550336 -61435272 250636944 -42257040 -427535840 164499232 -177956512 463104864 215503872 50960928 171558896 40748404 382831424 -75204800 
146970752 106380880 106885168 150140240 -161810064 417968800 203432960 42105676 205188224 -175963616 -157197024 -4968414 328600832 161964032 -433193696 -118976032 -131854240 214100256 487101632 283934944 -263716944 29226828 -161162976 255544448 216873904 96660744 132215552 55774392 418505952 -195239376 220531744 82270848 -278428992 -278415936 -331608960 358452256 302333184 -349347264 133651232 -16406707 -52802960 -216416912 -666554560 -375450496 786530880 -553782848 264477248 -177056752 114545632 -214319568 -411854464 -190684352 70592784 254882848 134774688 -120214712 427861376 -100087440 -62186676 70544352 357715424 180727504 21826992 -267903632 
101272792 141653168 -7564560 312628608 -51199484 -277933312 -97355488 395025344 86076928 -81943472 21514390 195627856 9367064 -280552576 -180012864 -172375648 180687776 3698692 -239064880 -538442880 -168829728 132912384 12601312 229285632 -193186512 179288272 -208767840 -227574288 -193987232 38621672 599861184 -217413968 302926464 -118251472 -272193504 114568672 -185534368 254680256 5070160 -159929280 -130957344 -707464064 -471921824 275454272 -183425520 -582837824 -165333824 52455748 12024172 249928976 -538078912 29618296 326106496 8590788 154353616 364481536 -47083548 -105862368 43840400 -344982848 -224605360 329722464 158739616 -23437748 
-624624512 105943520 228382592 -165924480 -392629376 -16713052 141571264 144431520 -278640960 333333536 77610536 -94607456 -53344192 281028896 -146390464 -93527440 20371816 167636592 161465488 -18073452 -141455632 113884648 223468096 -40671628 200285152 -14924844 -37570576 9526418 216534384 -390755456 -476610880 330430720 81113368 242624912 395076544 -173558464 -19632240 -69615728 161358528 52132184 -371666304 -122709624 -172406048 -365139616 -650693568 -503199936 24496608 124718800 -103523424 290898432 -319374912 -87081584 -333701056 -82664176 -549756288 487700640 -263273792 -189345056 407714240 -67834968 -58543232 -287449728 -110853320 584022784 
-300196576 82259352 -339752800 -382366016 42526460 346112128 -475859520 465821504 240877120 50974596 -245133456 81867400 -228874080 -829953280 533821376 24871526 -111414128 106972032 -329170656 124642144 58427812 205462752 321104832 299384928 298266272 -254554144 -327360192 205208016 2350491.5 58615968 59810468 19196380 -277753984 -103431864 612810112 -575358144 255226016 256930448 -364638624 286562560 27419428 266286848 464308992 194057264 -325531328 -269522816 30007444 5514885 -70654816 -77780168 81080416 -360746528 244322432 -395665088 384460160 -153686192 68264192 -358825888 -161174288 43991776 -123101808 -114098720 8133932 -268723264 
112966960 -661535616 -252682800 -142272768 26705394 -90318976 197056400 89848104 558784832 70980608 -23160582 -250654368 234592400 -465088128 -684167872 -118484432 -56930760 -178460784 -545662656 -64895568 289809600 194714368 244159328 20158888 -482500320 -204030656 590283072 -120704752 -294758368 182065536 -75866096 -139425792 58106420 42923612 280328768 126435648 -156144064 3206942 -125171944 -13169606 -413695232 -152596320 -512938464 482372960 257446000 -671151360 -84627624 -502287136 -216004000 235151296 -464269216 455824800 155759760 -210332016 -302798016 -33225198 138007184 38689716 152547888 716546944 -362104544 -170674080 -211318320 355505536 
54917816 -3699800 -88649096 -226740032 77781352 400715072 -170413296 240298032 449974432 201902032 -586972928 49180224 423016192 -294898176 -357708480 -91951312 225171616 196031008 101936448 -65503824 318983904 -423883584 267956416 28933378 -129849456 442814432 -392364736 -220371040 -287268064 -537157312 213121152 6811916 -417210816 126439704 332159104 268326624 -8453220 -193995104 -72535600 120621520 333377792 265418432 139246992 99399408 11640512 156985856 -293440768 -547266816 -99125072 -343902176 115474168 88721472 125076896 244773968 361523776 -55279208 29170168 220844832 323198016 29816384 -229161520 -11449484 -210043616 -37731656 
186945584 209984320 296098176 219599216 250086208 688224832 210736336 94479464 -354586944 -193370016 299162400 -325765792 206514496 309421920 100832976 196677904 -282031968 187677424 -436977696 50125848 59682056 167841472 57409804 -146246448 -153317328 36699216 499048896 112282328 180612512 -16893552 420140064 36815172 397204640 16952382 -52351344 -529955808 677906176 -152740560 -442406880 -232141296 217194448 -82504752 -62417804 726833984 325898976 228921936 322820192 -290455744 2642134.75 217055056 724435072 561844544 -255502560 22916560 -166192320 -726437696 -76837888 367483168 148382128 115947152 99247016 -280118848 122877840 29196374 
-175525680 188562576 -133673144 158466560 -45753944 -205205696 59327328 196976288 370761792 4053508 -200440672 -141573504 441139072 80793144 149464768 56892448 -92291824 136218544 -4977672 -9710684 118237280 -134105224 48799336 161841024 381940160 587715136 -276004032 315729792 376669664 -403750336 3661196 313489376 411959616 -714468160 428470688 278803136 -188751248 317804192 -468541888 529901376 99202104 -104431840 227568448 405729600 -146559024 -149876480 49260812 -104128656 252715440 -335028608 -583213120 204403680 456028544 258325696 -111302648 -266144416 298031488 -229059376 -144887728 147719488 -55348952 -211018144 -8526032 -82573952 
-748423936 81115664 343452224 -302754240 293735776 43147708 407330592 762540288 86263832 747659072 -206926368 335354752 162008064 -371670752 255256384 -21315516 -205503984 92407544 -134290112 571598528 -43575340 -511899840 127100656 -607894080 191155216 180430560 55115164 562690944 340492224 130607544 285592704 -292237312 -32311902 76269968 266591456 -405414720 48518968 218022560 -164130640 186960432 -42902880 175169152 637059840 -401087296 17101916 110391328 -141854608 -170211952 -292689088 76178696 362262240 -153464112 -619063744 273627008 -133259064 -156758480 -123435056 -835263616 -624195136 677076480 -335849760 -34510100 -194386976 55284024 
-42133180 -218204048 23220700 -146013936 -33933364 -357182592 -84546128 -177486544 166585472 -187232640 -184343872 112624176 78179824 -31161240 326140160 159786240 297650336 -348512064 180780160 -72744888 -281556128 -95436944 -328961280 516696768 -337064864 216741616 -187933680 248150928 -211133872 108263736 -239700048 645323712 157364944 227707312 556391040 670662976 -216414288 -36021028 -303317792 -52338436 4030664 -240086960 -259198768 623357632 146777984 -89430816 -125461464 126786424 301525504 -147141616 54313680 370629760 329213152 -60308988 66223516 166388384 -99581904 -47851036 10931420 -180122256 -545222784 79529064 -536587072 313873120 
48650772 274123840 8395328 522821696 5200056 303567168 -163428864 33300860 54400028 161476688 -215015472 130379912 231954368 421562688 465010336 107353520 -9035920 452148064 -17579872 154128784 -79062624 -78463304 -269581632 -118130456 477540864 -275736256 326745088 -28995060 190980528 157117200 288789312 -384678368 -253454096 41275892 68251584 312649408 58566976 62274092 308578528 61332584 -271046816 -343350752 398255680 159422336 -70526832 477884672 352212320 261405344 -358341376 328327328 484777888 -274801088 296796640 234063264 172964912 -194023680 -171194752 550672960 166275744 -452125376 239941408 77094096 -68173032 -198971264 
-181459728 -146662928 307868032 593620224 -443969344 601049408 -92317288 -235054592 195041280 -159097280 29035014 187362144 -130319456 174670032 -50010368 -221192896 -427990272 295004224 -264795456 360025216 -162660080 -352618720 234543328 97480688 -206447968 -358384000 107735088 8751617 37923760 -244266096 -129258152 83730192 -250746672 273892160 -65791552 152728784 -55148920 -305480096 -254185344 -58928604 -247362496 -194723248 69557088 -113210464 -459087904 -172546176 143504896 -221142256 -12127460 481311360 -38551956 -284999456 -248373392 493764768 160653936 -225651360 -100576496 -95167192 -15814126 55301568 306636320 -262101408 -521408064 400683648 
210797360 -151001184 -8171328 -258550848 107752952 136689504 -78106416 296605312 102837576 341851552 -23379896 96990664 -39213364 336656576 -116266656 -202371264 -331245184 77805768 98551616 57745044 197613248 -278920704 306540864 -532429600 -249547200 31393228 51158128 31161664 -118112264 -285407296 117436056 -589392384 119456040 -127817088 225874832 -149129776 -297381600 -152140784 206150400 -251241632 321540480 217407024 397968416 88612608 280557472 330080128 -393975072 -183442304 167858800 -49165104 483534080 316446272 -699705408 146922192 -606127296 48028996 95523280 139474384 -120427048 377384768 -26113346 -322041568 157926096 -262677760 
-271976768 -654858752 428970464 -93899248 281155168 -187525392 37531352 -316051904 133551288 -76876512 -121130840 -337911392 -97897280 -395380864 73185936 750640064 -117773632 -244246880 -305418912 -65660368 290099584 -48541860 -278437984 258017808 4163910 -95114200 46554660 -160007632 250460736 446541024 -371139328 -30993308 -584880896 -46693360 210683792 184754576 319427648 -239389632 22472004 17071110 414889504 659432192 -225754416 -15061666 49457816 287238944 327363424 -54727084 -111616 -399662304 -223386064 -377893792 35349052 -246381920 177105264 91127096 76754960 -418327936 264420032 -18357556 -238771600 -394322048 -861593920 238785152 
14647264 391678848 -75262264 55851408 273708544 -160464784 -452862912 73075920 -372215648 -35852752 -67152136 -72078944 -198444896 61754644 -222513408 -59156632 239941056 338001568 -280427232 -252691344 552725056 -565881472 96853368 -417633888 69008664 -667420 1539764 -53940440 -77218672 10651988 -43492224 -187572608 314794368 -140527712 5975944 -132516456 -26861156 -169075744 -7190688 -45047036 221713600 587866368 126196224 -314566400 -342950080 -31177368 -468976352 -35712244 6275296 14024325 -65889448 276206240 -216764592 761267648 -242195552 223449168 -591954560 7357384 -37749144 -186277552 244938960 -52162264 -91041536 -20982188 
189495296 184925888 -216829184 -155991424 513623712 235889488 173780320 -89854968 -159383248 172501568 395488320 -727794496 -92256960 236391984 223807168 -294756192 -215051664 343965312 7282590 -269638848 6253786 -277388064 -24866928 -115304736 -196714592 413098144 526004000 227981392 142623008 100680848 307104832 204875472 -3459978 -503692096 397620000 -556558208 -222088128 -102812400 263979424 98165264 -189489968 -24669790 248244624 -417125056 -118754800 92046280 -154879568 -41568992 -381520064 775219968 -53766700 294310496 -112904584 278314144 -623836800 -271532832 143350352 -316928928 -375687136 64624228 -88459.375 95688968 -120480696 336973280 
-457923520 196961216 24381788 80422912 3584832 277363392 -70644144 -77560392 -173138080 248303456 -127578000 -343277408 -85016384 231864944 -191424464 63801740 -250622416 305189696 -311256160 368083680 -132238664 -80803912 -132443928 183533312 475516608 310067136 501281376 593903936 -161691104 -147059472 150847920 -520108672 -3509232 115462456 422508160 73837992 -17542490 109039200 251263536 273457760 257894032 65456668 410696032 508034080 -371207936 255061216 87903888 -125915248 -505965664 -155010624 169298960 127553104 -81870536 6171717 375900192 168175360 -163514672 278175104 247779056 233690864 20238248 -90443064 -530349248 -202649968 
117430480 128772384 -229842288 -125549240 292905472 -360801856 -67811280 -38240156 394411392 120492344 491970624 228251904 -158054304 -238533568 145544064 102191816 -195447136 -170893312 -426473216 147626416 91065968 122881552 72968200 -59169680 -243895344 421384416 246448624 120544496 433184064 230400992 -222518944 -1267632 707956288 -252717072 -68119384 -225786704 -491208992 -35701264 108673104 156046688 -296509984 258197152 98298376 317270048 220335840 69490960 90004752 -139624128 14152480 356079200 -230440304 469119392 233976208 84371768 -14174701 31628824 60558192 -213928064 -619963776 203840144 101524344 -498411040 109413224 186414080 
336712704 503621184 -314375488 293916928 327614752 -39993468 -161245984 -389932608 71655752 -21567244 48207232 -221974096 187911840 298014080 -86064840 -120525056 -40324216 22194360 66311800 -793218688 109931168 24441940 23213110 26725258 -28950604 199342192 233927488 -492369504 -56247792 520982624 -95979672 -137688928 -91714224 -304358080 -416615136 237865888 28120848 23707674 244365840 -173863104 -19976644 -56808344 -293901504 -441154112 172475712 -170548880 -58051568 -174502048 -77479240 -238349152 -332837056 510379456 -433486912 251946096 -458135136 332765152 178920016 196039904 243513968 -47982408 110744472 -35101800 -27397456 135527952 
-182588640 -113954352 6415852 -115330688 268519584 -147451264 -180701936 -241727056 200680512 421738912 64940192 650400128 -142957984 -5550216 153707104 -76921984 123124944 156001952 -287156000 23333358 -386109280 293913504 -14980458 568908288 -79910432 -181574720 -117167416 -198514704 -126166480 5178380 203748128 81255936 261065232 -327225120 102793496 -223199296 -142203712 235518144 35003288 31019448 20236188 56376604 235893728 145731680 -222111808 -234511584 -584331200 293995872 396276896 273856960 405551648 809375360 40966708 129115008 -37451336 -63753592 -166187968 96186368 -205189616 -72758984 -655267200 -61252680 154162960 256638304 
99495280 234749680 91232448 158526752 -403106752 67673200 14286632 8607432 -129397672 -188776624 -24743370 -192755680 84955120 -70666048 -537244416 89498608 75318032 225420352 -29188132 29322326 327080256 -88772512 615055680 227010880 -165196352 91016072 74382784 56267676 -199329248 -282768896 -199255600 382984448 124813752 99268088 -140731488 -78287704 411930816 -189827952 -144923792 20393834 -91786976 26854266 -810819584 232333280 538056384 -175491296 -27908036 -195596752 -544226816 -375379168 -357109984 264115616 -56089704 20219504 -7920405 174400176 -255093664 -270862976 247555360 -69338912 -168417136 -494892672 -250691328 59073764 
152215040 50159632 362378560 63847720 223695184 218006288 187137984 73013112 -266268416 -292822080 271902112 -94153120 -183608944 151475728 -185548032 -90106488 -14347928 237755376 -10452909 180818144 350510944 -100461784 -65777496 60838840 -26115068 -64247792 239754976 451022016 -141407104 -258627008 -82039920 240936592 440473216 -222288576 432105152 -159800736 -412471200 -143411568 78252624 458474496 -410431936 101386216 -232733472 -260442256 -125021632 -320052704 -466537376 83686008 -142284624 657409280 80244048 6217941 228222240 99619808 -238911424 2081220 -551540608 -600471232 -344190208 32318368 -23820798 92004688 -240124720 11593888 
-122920816 46084652 172710880 -183250464 -337204160 636116032 -461149280 101937832 452782848 -303020352 -359394432 -474260320 -86900936 -526959520 29449516 -301837600 -135908080 -23434636 -644106240 -90437904 289693632 541229824 424837568 16314001 21695016 97031056 6742699.5 -120984112 151031152 13050181 213098960 -73165272 -503637216 -151694768 725860224 153630224 39074504 380490784 -208447840 751643072 78971064 744935168 181677056 394111648 83843920 -95829128 -246357616 -611552000 -470060576 -61648244 278230976 45631736 -83020344 249064176 580124864 -80013368 -234456624 -247830640 -11345234 -33650748 114173240 -124775536 -275891104 158252176 
352871552 189859296 224126944 158374896 -122187680 392525248 -408067840 338870560 305862912 -96803640 -618762112 107551048 -249227808 -246699712 -306316000 -391382400 -102284704 307156032 38004376 67589736 376964800 28198552 -276226560 320687648 545970304 303772608 261622608 -109072872 -201114464 -222467184 846722816 -311153792 -145755248 -207181904 585585152 -80116440 -327808096 -1984280 -46688436 157388976 -25681902 285615584 -148761888 492179648 96400960 -13202160 -200504 -489508096 -156247136 -542820736 300908960 -110357576 600222976 -204528848 455880448 -205960672 6622960 615163520 206132288 398578112 -288160352 -188923424 27072668 -375599520 
131454832 -467936544 -108757024 96786304 -511034816 82475384 -285909920 -220688064 -4062227.5 -69049816 390919840 124130320 -629535872 18539578 190704896 -463727200 -234484272 -333145088 -133809504 164949168 -374939680 244033104 -145305600 33449458 74178608 -254489584 311284512 -45828800 -367559424 139963456 86025128 57880408 -39557204 -81504008 230331536 371721312 -28855244 638462144 -12468240 -22243814 21470620 -103131168 -25890734 837554368 -278333888 -54101380 -126292192 35560312 -87720624 225393920 -313595776 -30160060 332163616 -366775488 -110073032 -223268624 244762880 90758960 62525100 -159773232 25998450 -494055296 -346474656 83647152 
76039776 130289464 319997760 -306178432 -123278152 -42245064 159756640 254255184 8119797 136659040 90319304 222205824 228164336 242597072 -41112176 -61143816 259260624 -364959360 397363872 58441460 121913936 -238357632 -74204456 -46052956 11490712 213288848 -291429952 207740048 622199936 -18336976 -290248576 725713792 162668304 26980304 73183832 18470632 91985872 -240877776 -169103968 406639104 -86881176 -120595232 -17651894 67930384 97348664 18130264 -74397920 154237504 440999424 31410220 1018408 575070080 247247600 248868464 -526017760 -249450768 383485920 -227090784 -142387216 210339856 22883506 197042848 247626112 55132808 
311806432 -339234976 249202704 -45572984 204763936 -285908928 -73647264 -49909260 371500608 -322558080 260814640 58210528 49135064 -32660240 18135748 -325758784 -226338880 -618765952 -97550752 -251561360 -61418568 165723728 -105953376 -357940704 -245679808 -106446352 -415554112 -203366400 514107520 395706592 -42286100 -82452032 -16790004 -494680640 -17986460 -69453256 -85778656 15538314 17408306 178999600 -235395712 -636556224 -123279248 -105797304 -37992488 -231975376 255330880 64147496 145145856 53401608 -138624320 -65229760 349851424 -90237312 -429116768 -411966592 168758640 101038680 -74758840 -49544832 -30952058 -74148720 -103352216 -241702944 
122056536 -372167968 131448408 -389285472 -168643904 354816000 39914452 219362704 444687552 -189286864 -169138784 310040064 -126246328 -85717760 -51740136 37604520 -56555996 -352425664 -64954064 378816864 211651712 200030000 628537472 67839592 -467063200 17016290 -450496032 270369920 4141824.75 -131498880 -465289728 21187694 -49940432 -148687456 161387024 -76268656 -88846240 -234007344 110522136 336714752 -36798776 117322464 119469064 301627040 341485056 -175652128 -233458576 236418768 160314800 -259660864 78011376 -212040816 198756544 155693280 40527704 -222807104 -122793488 -30237394 124686624 197987264 -180781456 -278532608 -86160688 -133728832 
-110798840 35488172 -124168904 686758720 -118542616 64244924 238010352 49904724 -104907536 -372188544 219226368 -32430752 115231464 286424704 -268346624 248104416 205947664 -413500192 75678992 -469497120 188231840 99769344 -35287080 -183034512 34197560 221593840 -280295456 -20979314 43981796 -179018528 -236091120 -463449120 468996544 -412137088 11941682 386832320 -473400704 262452192 241483168 229557840 -233478736 -438007392 72683160 301533312 -60774880 -332907456 22946110 365061152 54704900 79185208 -9019522 178740864 327619616 96956008 -148088368 -104687464 -330441440 177794688 463326112 168752704 -213781456 45939528 24782340 223253936 
-35307152 257797632 -625254080 202516352 -568220416 108445040 -394641888 493595872 397491328 156473216 -145902752 355009056 -480907200 -57800176 -39379392 -124504944 31559490 -8092988 113840768 -514896128 -505819904 17260630 248407312 258860768 311730016 -384729504 325925664 -397600064 -193953440 220066304 76062560 -1674472 -115152352 393048256 -181205296 292891392 -117637952 -16239388 100646688 86711768 -140316224 -221721728 -57551224 163168848 22569984 -413592096 80523128 -140325776 122082608 -436122528 -151884256 -36079068 172223680 173559456 233874160 -8977668 -168079488 549385600 115891472 -29115948 -119288776 238737696 -74399312 186129792 
428623776 -269105056 27572400 -439641728 160563840 21552518 150021664 428759584 275154624 31155288 -408651872 29582928 -334673344 -258149056 -146340192 -177120832 339701440 10778824 -180878064 -299681344 475260544 -734072000 -495299872 86878056 38410808 156150192 3596419 -278026496 82839384 695718336 142804496 14622312 101728272 -22566068 14923604 -245973392 -549791296 394243744 -452546848 -193160288 118797264 314883936 -124758304 300544192 -70059256 129053592 -186978672 -32459874 137279040 -5387910 -146854752 177284672 315468096 -463448 76590408 -51927432 298852896 170502224 -170822464 -17187632 -117965360 128113896 -208316640 -310541952 
-662992064 116330464 228684208 213454256 -55928228 400277376 96683888 -53534568 12609170 239285248 -358371584 18861550 151828192 -8013840 -119983512 54238512 -74214416 187817792 109630808 316230560 -30715044 309734848 166642080 208331024 418411840 23122688 -22418644 120378288 92981480 -182751840 63620380 -224020272 -204762608 -235963040 406297728 93722104 53278640 202944768 498806080 492181792 147605104 -74360384 649093440 83495360 2054988 204996064 183601024 94809368 -92156688 -50941064 -32265434 -186816176 119908120 -300776128 272594400 -222598176 185931248 37437000 195735424 405365824 -297631360 -103374992 10508618 -118985536 
244797280 -485824192 123610608 -31501240 -85289312 -137794336 -51529116 30018512 -79119480 47959460 154483760 -194770080 -57191976 -224238592 56187376 -65901456 184962208 317551968 -135281024 -137294464 309428192 -206562560 -71412272 -804346752 -172597648 -325265440 550899136 -109179344 -460310400 174960384 106836016 -142075456 46967076 570890176 -65282012 -104417456 -155114176 -280997952 311607616 -276734784 -453343904 141890288 -440046048 -47588456 -402694592 111247056 11653076 -127632800 -293016736 21218878 107643344 68908904 228296320 40535952 -126013432 95329312 -500576160 358419456 421547296 118347528 -187618448 -22003120 -136731168 388996000 
214627664 1158318 -186068672 -61772176 72956720 239175888 203433360 -68002984 157759664 156719488 -2588487 298320448 151543696 -462476896 4890669 -38103812 -25665888 147693008 -444753344 -350623648 178037968 55440552 -338285536 32551718 224597120 -67992304 75314848 -557755776 23207800 -69269056 467940992 -46753700 -28327506 -73497640 -96979936 -144944528 -60283016 570336640 -221837600 -8452022 -332641056 -376058912 414789152 180684064 -319777536 198075088 168696096 -490156096 -197957392 334605376 30606628 -31753464 118928248 -21654010 161380224 -227762896 258709056 52290192 322331456 -179695920 21545870 231785488 180185744 47603296 
49513896 175545216 4242480 273732800 -34729488 -363976480 163165184 -63991864 105149088 -72161568 -101132624 492260576 395809600 485596992 174238464 -191013056 208772768 -37642664 -48679216 179114688 -189714704 72292832 310116832 51776232 112128832 -142546544 397156672 30097988 -574589888 -335430528 216029376 506216256 138910032 105410216 -696019136 -193015232 11217896 -646031424 275239104 -200037232 153485216 -299211264 -90743880 -98788312 -50598588 -81855224 39287416 92329456 58016160 169022384 12973786 -55032284 -144143264 -19044332 -40586064 -241911984 -96528616 293767296 -16348587 -225504128 37302248 453027232 -133591672 -368018592 
-27536620 -12898476 -50557368 -116826944 27624376 -282732032 -439757472 -131549728 495302112 -26854696 -262834432 537372864 256862736 -164621968 181193856 339065792 -144395056 116603048 -342736032 -228068864 176334624 77743800 -284565376 -56744272 -255910496 -187772256 -3609491.5 -105466360 24514112 -93485352 -521786912 97531328 121852224 -31222188 263939840 170788304 -43199888 -106114184 58277976 129105696 28734272 -213712064 -278173248 137686960 107111616 -235776272 126792304 15460265 287508800 -352657792 -90866512 -224768688 -5175170 -199119232 218863024 374683648 -173823248 483610432 817631616 -312386176 -183646384 212893888 -337359744 -8865964 
-438867552 241702992 111928368 -257034656 45354148 539544384 102088008 222258752 -178873488 327705216 -48087704 110323480 -121914760 -206540400 18134634 218925312 -206712928 248791376 404428128 428341920 70011128 -23522368 323712128 -62908432 -306695552 339986176 -94731688 -248062688 256380624 -91622864 -199939920 -248500000 -308056320 274577408 -66155144 -208760496 26984048 -185257920 326869280 -225842512 -257058016 -408610880 83331888 -581515456 527633248 153554432 -9407438 55470040 227858544 -144179184 208424544 -187000560 -421836480 268569280 2781302 515324672 -263151856 -5514595 -105144464 -250092560 -429742144 -223859280 50660632 404520576 
-136635296 -274834560 55524896 1124256 -372371648 335868160 194928576 -10215720 -139456464 -362146240 -47083672 -240960896 -43215300 -449214784 -77720704 83190424 -90177616 -94168920 49941008 544150528 8849336 10882021 -40811876 342659520 60176844 -116276400 -205153056 -51779188 287456384 -237187504 92732736 314632864 -244838240 266709136 -98218352 512048128 45542884 72360680 -524362720 -73424624 -41094576 -615537536 -156390272 -69883240 863633664 -31412344 407640992 141483584 143411328 -18200328 525746464 78458760 -408167328 -256349168 290962208 -477394272 -215787728 -456591936 -88604152 -479275232 -443709120 -8910876 -255413920 10368864 
276666528 -33320248 -399983040 87425168 116584848 170496560 -297919264 289751520 406419840 49573376 60810404 209500080 33121890 21415152 169389296 102829792 8508646 147840048 532333184 -330419136 -185287424 -73621192 245224448 47351324 -303588640 -147399936 115016000 -333103040 -65345800 -80437728 -27586868 34406112 -17660224 222247984 -33759952 139386528 123830976 -577038336 416844864 -179585776 167847120 -259874992 -129321856 128081824 295921888 -231819632 -95341480 -123241472 84002192 -384405376 294952416 141998176 -245836112 338293408 -335544608 214172000 -83953328 246142352 100813008 -13730539 -198663648 -56986152 284860160 -163126560 
-17653208 -313875008 286098304 -438725216 235114112 -195029184 -11336744 -304665376 37913168 150769968 28063342 -338573664 -224907664 159111520 31488996 322171360 74600336 -219864192 -353957248 -180757888 75582848 201766672 375371232 -19900652 -435025376 -576924672 338402752 -258591936 117475616 332091232 -13015400 -310233728 -384987360 447785312 160538928 94421264 454280608 132867360 107240320 -49781632 -224513104 412793440 476817408 -283405184 -313388512 101219976 -58904736 -209142304 -179270032 247185728 311187136 141877808 -321338624 -168697440 -184066528 327941472 7200720 -62384936 -134363296 230324992 -230308896 -173513808 -33156028 294828736 
