16 16
32.951122283936 216.34043884277 60.556350708008 -185.09898376465 -64.146644592285 -177.92767333984 -1.8432245254517 -134.06640625 99.906860351562 -166.7318572998 -182.47200012207 -99.21036529541 51.756237030029 -231.41842651367 133.81558227539 166.94494628906 
-58.23136138916 249.49215698242 -160.10704040527 -178.90432739258 -45.079750061035 -212.19348144531 -111.82305145264 16.941137313843 -77.759391784668 -81.210678100586 -50.383094787598 124.46784210205 278.50280761719 30.493961334229 78.208206176758 69.43643951416 
24.61270904541 -31.250148773193 -186.64666748047 -33.606384277344 33.596801757812 -50.146476745605 132.01240539551 -49.425643920898 32.617916107178 20.165046691895 52.438262939453 -48.188255310059 0.72482204437256 -66.476303100586 -122.37629699707 -217.67407226562 
-148.27642822266 119.35153961182 99.585304260254 30.528087615967 17.065605163574 -201.62503051758 -117.12160491943 -210.47872924805 69.959579467773 51.247146606445 200.56999206543 128.8826751709 126.42910003662 260.15475463867 61.680191040039 -132.80094909668 
-138.82859802246 -122.68910980225 34.648826599121 -165.99719238281 223.2741394043 20.82336807251 53.866821289062 -304.72366333008 259.95999145508 30.670896530151 291.9919128418 -72.593185424805 -188.04876708984 101.70432281494 129.89813232422 63.883308410645 
-79.544219970703 -13.575901031494 -9.6199817657471 3.4586219787598 -22.340366363525 142.09590148926 -71.273178100586 214.40441894531 -58.154403686523 49.6491355896 -32.754425048828 -170.43013000488 -300.17797851562 -6.97456407547 -121.32782745361 -137.40696716309 
41.807052612305 -22.714828491211 119.03646850586 224.63706970215 46.656021118164 159.32481384277 -151.39541625977 125.60939025879 114.16305541992 -115.37705993652 59.901908874512 -74.601943969727 -108.98275756836 -104.55171966553 -14.888822555542 18.830537796021 
-222.76515197754 171.82269287109 -36.94393157959 -206.29476928711 -21.624610900879 -216.38354492188 113.53372192383 -69.255737304688 158.5272064209 13.030620574951 -9.5090389251709 -261.04397583008 -129.66714477539 17.454484939575 -59.526947021484 -168.41163635254 
-20.867889404297 -138.65463256836 -100.3762512207 -171.92436218262 -295.99505615234 -39.839828491211 -70.42951965332 126.11088562012 -27.11589050293 -65.256477355957 -51.893245697021 -69.912628173828 84.140357971191 -33.818984985352 -234.18222045898 -156.76834106445 
138.76759338379 181.36791992188 14.698090553284 242.75186157227 217.11874389648 166.40850830078 -241.14794921875 170.87191772461 26.228504180908 -95.154541015625 157.96235656738 108.70643615723 -113.21697998047 -75.880157470703 -75.414772033691 -169.13562011719 
40.226863861084 130.35610961914 90.847244262695 -238.19198608398 14.967806816101 -50.816741943359 -123.21367645264 -241.6466217041 124.72334289551 -81.471214294434 45.417049407959 -26.320840835571 -140.02967834473 11.281204223633 133.66188049316 58.120014190674 
71.412086486816 -173.8536529541 -178.12669372559 -17.070053100586 2.2483654022217 99.229873657227 -36.330112457275 44.570728302002 41.076652526855 -10.707990646362 75.648315429688 139.37725830078 -27.824508666992 -24.431407928467 28.492849349976 41.473731994629 
-47.973045349121 -170.75003051758 -19.742990493774 -0.91270065307617 158.87074279785 155.36932373047 -17.921787261963 109.37101745605 0.41738128662109 81.747978210449 68.714515686035 75.39909362793 -109.86999511719 30.864912033081 -126.14590454102 -118.13458251953 
-34.85665512085 141.18222045898 23.958131790161 103.16007995605 11.094213485718 -62.003326416016 -184.6749420166 168.20381164551 14.365465164185 -33.798358917236 23.35453414917 77.770614624023 -48.414237976074 35.348453521729 -50.24235534668 -36.184925079346 
-17.77681350708 -114.07464599609 64.294227600098 -135.87850952148 -235.61534118652 136.57809448242 -209.15328979492 114.59687805176 3.0988903045654 -52.066646575928 25.905418395996 117.7466506958 194.84469604492 183.39659118652 -110.51188659668 -54.083030700684 
-20.705516815186 -29.931297302246 -43.379707336426 -143.26264953613 -74.622055053711 -62.334045410156 -25.603187561035 -6.6405601501465 -100.21918487549 29.253131866455 -67.764114379883 -35.836338043213 -105.6569442749 -140.40106201172 -118.6446762085 -265.67309570312 
