16 16
-1.8834731578827 0.87367129325867 -1.1019208431244 -0.39028257131577 -0.29485276341438 1.6655367612839 -0.14687898755074 -0.11987115442753 0.93708437681198 -0.31141167879105 -0.44381159543991 -0.12635226547718 -1.1641182899475 0.29807633161545 1.5944428443909 -1.1882832050323 
2.1676161289215 -1.3321822881699 0.94321882724762 1.0532793998718 -0.73619210720062 -1.0994851589203 0.93465358018875 1.234247803688 0.4409718811512 1.5378839969635 -0.99341648817062 -1.7654312849045 0.1825597435236 -0.84749746322632 -1.8717777729034 1.2870327234268 
-0.14735513925552 1.2920551300049 2.6552267074585 1.0429989099503 0.33543547987938 -1.4189507961273 -0.65789771080017 0.68303066492081 -0.85149204730988 1.3402631282806 2.0065422058105 -0.17751640081406 0.55765557289124 0.45690912008286 1.2802000045776 -1.5009360313416 
0.15310502052307 1.0160036087036 1.0502859354019 1.651522397995 0.52416563034058 0.29485303163528 -0.71242117881775 0.72681570053101 -0.86779975891113 0.25049522519112 1.8468346595764 1.0558310747147 1.1887147426605 0.053914844989777 0.11394891142845 -0.97590428590775 
-0.29171621799469 -0.90742182731628 3.0266940593719 1.0204356908798 1.0442348718643 -1.2782323360443 0.094922117888927 0.95486944913864 -0.56186211109161 1.1962493658066 2.1568598747253 -2.1722514629364 0.73873168230057 -0.6218775510788 0.13008177280426 -0.78677666187286 
0.31642282009125 -1.4057663679123 1.3837312459946 0.36479198932648 1.1858441829681 2.2343606948853 0.91889584064484 -0.29013878107071 0.093417599797249 0.96847206354141 1.6107518672943 -0.33280426263809 1.4192888736725 -1.9987919330597 0.87526422739029 1.1846284866333 
0.52491754293442 1.0165295600891 -2.4060909748077 -0.25299912691116 -0.70576232671738 -0.66616499423981 0.41073474287987 -1.1893752813339 -0.057027757167816 1.1459275484085 -1.7647349834442 -1.579264998436 -0.99318611621857 1.1838768720627 -0.3936715722084 1.8553521633148 
1.3681437969208 0.46594068408012 -2.1266169548035 -0.31333822011948 -0.00038052350282669 1.1832457780838 -0.26900267601013 -0.82196533679962 -0.47758972644806 0.54185307025909 0.38082474470139 -0.36847639083862 -0.68467950820923 1.8627460002899 1.0760325193405 2.2120215892792 
-1.0523763895035 -0.18577376008034 -2.5050821304321 -0.30608427524567 -1.7142642736435 -1.0226999521255 -0.12059186398983 0.67959642410278 0.076511152088642 -1.3612189292908 -0.34560549259186 1.5081723928452 -1.4308793544769 0.87526631355286 -0.18385401368141 -0.0094659235328436 
0.41462177038193 -0.51720380783081 -0.69958108663559 -1.1440864801407 -1.1805608272552 0.75538611412048 0.68417954444885 0.4188619852066 1.8308602571487 -0.14430445432663 0.14934325218201 -0.38086807727814 0.3250817656517 0.20677387714386 -0.57631719112396 0.58890187740326 
-0.079426556825638 1.1603479385376 -2.3108489513397 -2.2502074241638 -1.1139931678772 -0.10219758749008 -0.85224366188049 -1.1590667963028 0.082563370466232 -2.2864098548889 -0.71967756748199 1.6828544139862 0.028178364038467 1.3987106084824 -1.7530500888824 1.0130300521851 
-1.9279570579529 -0.46233946084976 -0.13016468286514 0.31158757209778 -0.2088380753994 -2.8940689563751 0.18754914402962 -0.63161492347717 -2.3591129779816 -1.6183625459671 -0.17203488945961 1.9734436273575 -0.72891080379486 1.1502692699432 -1.2301540374756 0.3547847867012 
-0.65377426147461 1.2916351556778 2.6636199951172 0.15454456210136 -1.5550067424774 -1.4704031944275 0.022340543568134 -0.19686008989811 1.1199289560318 0.63616359233856 0.56868290901184 2.1775970458984 -0.41789278388023 -1.8689818382263 1.1069084405899 -1.4849952459335 
-0.27032631635666 -0.22875526547432 0.76344215869904 -2.5829236507416 0.69097453355789 0.58098185062408 -0.99454885721207 -1.4357312917709 0.87177962064743 -0.12072712182999 -0.27650484442711 -3.5067076683044 1.8092126846313 0.023314267396927 0.96720373630524 0.24581409990788 
0.87398016452789 -1.1658481359482 -2.3879716396332 0.10368570685387 -1.0678725242615 0.2641176879406 0.19400903582573 -0.15407063066959 -0.45827347040176 0.80925559997559 -1.3848580121994 0.64951771497726 0.37379813194275 0.15638406574726 -1.6372228860855 0.70862823724747 
-0.9364926815033 0.50632393360138 0.51211714744568 2.0601489543915 2.3083369731903 -0.92966163158417 -1.6370587348938 1.5398697853088 -0.29606023430824 -0.38279038667679 1.6770491600037 0.29049390554428 -0.20885336399078 1.3296246528625 1.0932048559189 -1.6004058122635 
