10 10
740151.125 -683212.6875 -637909.125 66158.0625 1101563.25 -349628.78125 286778.9375 54325.3125 -268699.125 -233215.34375 
1247770.75 1133015.25 -777556.0625 -1518810.625 103844.71875 -268413.875 1219623.75 891058.9375 -1855759 -116219.890625 
-1712251.375 1386301 477512 1526601.75 -272957.1875 951575.125 -905906.9375 -459145.4375 1382452 716081.625 
184487.640625 1686277.25 384296.8125 461464.75 1052385.625 935573.9375 329741.84375 476534.78125 -1173355.125 1387019.25 
-1916226.25 -181227.65625 -134.1484375 -1544213.75 -486590.75 -1043802.75 146225.0625 608197.4375 1621293.125 -338075.5625 
-1470117.375 -933777.25 -2033331.75 630495.5 980984.4375 -1782001.25 -824836.9375 -100513.625 1758774.125 -43117.7890625 
1029075.75 333946.96875 337616.9375 890069.8125 -1711422.375 592857.4375 51585.25 -224566.90625 393567.3125 -423106.03125 
-158898.140625 784933.5625 -1009443.5 -820135.8125 707306.75 -1262633.875 -1573729.5 -372587.4375 -1943317.75 103146.09375 
788592.3125 -459055.84375 665453.6875 341737.5625 276505.78125 1199924.875 1008752.1875 499657.5 7139.109375 -299451.0625 
745621 709490.875 -1662042 -1027480.875 -118840.03125 -1396205 862935.75 1484722.5 -1243302.875 -37524.46484375 
