16 16
-2027196.25 490223.3125 -1657470.5 -1651935.375 -2920829 1077409.5 -1091573.375 -608280.375 -98979.25 -1014561.0625 -680352.25 -1537736.875 -846155.3125 262806.09375 -726958.5625 -439365.21875 
431715.9375 -2040645.25 -400831.625 -228181.296875 1469558.75 -1486597.375 -1274500.5 518104.6875 -1404349.125 1446575.5 -578506.125 2928212.25 2189861 -106732.96875 447505.78125 -805637.25 
944347.5 115185.7265625 -524252.125 511697.875 2118207.25 -423043.40625 837592.5 1357758.75 -2327268 1628684.625 743054.6875 -1103081.375 -2180574.25 -1423462.5 522759.46875 -2092177.625 
393167.4375 852172.1875 1488321.875 767584.625 776644.75 -109888.671875 -2228789.25 -169101.03125 -596529.375 1054934.75 358494.3125 3489860.75 651745.125 268697.9375 2184180.75 289277.03125 
686943.75 -1523907.25 -1523484.125 -755862.875 2649193.5 -597672.25 748914.75 -422431.375 -1966704.375 3496142.75 515421.78125 1511179.5 1269920.75 -2233893.5 -244884.5 -2277996.75 
-662707.5625 -69670.484375 -1717917.75 331097.59375 1063756.5 644519.125 891705.1875 662945.75 -1736095.125 875435.375 326702.96875 422767.5 658724.5 -1473753.875 -1947042.125 -1578506.5 
-90962.71875 -858127.875 519042.9375 831964.625 1486181.25 537139.625 1162040 981243.75 -494952.75 2778989.5 283757.625 -2683651.25 1064491.625 -2007696.5 478458.34375 -1120899.25 
1035614.375 812163.125 947283.375 1311023.25 274128.15625 -1984976.125 -320250.25 601590.125 1442481.125 970925 802544.8125 -1567530.75 1487972.875 -937236.4375 -106405.8125 -1486200.125 
2374269.75 965782.3125 1370314.125 1090111.375 561640.125 -1524333.125 -1759060.75 919004.75 -370665.125 1285799.5 -76014.5 -1173269.5 -1869687.75 -2146213 -469986.53125 -863472.1875 
1918187.125 1300146.25 -153216.59375 1081583.5 -41229.4375 -2539596.75 -1541549.125 883403.375 -332666.46875 1763543.125 327189 -122446.484375 1177661.875 -2487996.75 137559.6875 -1036170.375 
1241390.25 -1058466.875 1470845.875 -195423.5 -448759.5 -1381371.75 -1446841.875 -2227253.75 1101370.75 -246911.9375 -752095.25 2167383.75 147165.3125 1524921.25 2685806.25 1158822.5 
1105187.125 377451.875 -939049.5625 -569530.875 -2888218 -1301921.5 100902.25 -117017.75 -1460830.75 1154151.25 -991111.3125 -426448.84375 -885803.25 -1956661.5 -1475073.75 -2247006.5 
-1606024.375 188455.234375 -2720097.25 -1070996.75 -1726840.375 -781930.75 -792414.3125 -131490.796875 -75583.1875 680221.9375 -563909.5 94240.828125 2975157 -526939 348195.59375 -958741 
-3322540 -421522.46875 -1949360.5 -1240987.75 -1008446.25 1067837 2124315.25 -699538.125 825757.25 -1777495.125 2552807.75 -283.40625 2447423.5 2110075 -573059.875 1434573.875 
769065.25 5276.3203125 -564630.5 51873.46875 -1140999.125 12565.7421875 876181.125 1594866.5 755540 -898193 1148081.875 -343654.25 -1280310.75 -893667.3125 -1968739 -583027.375 
-600375.625 1664679.375 750814 285035.59375 -3306818.75 -725359 -173820.5625 1638993.875 -253337.96875 601220.5625 -1354885.75 -718576.5 -437721.96875 271659.8125 450210.875 -75977.671875 
