10 10
24.792711257935 -11.900407791138 49.974555969238 -140.26142883301 265.05212402344 32.839500427246 -83.631675720215 212.41682434082 -103.54174804688 -20.118093490601 
181.53704833984 -105.1960144043 216.73480224609 -139.80908203125 -5.3613033294678 -82.536865234375 -204.44480895996 34.961536407471 183.0677947998 -189.72715759277 
-185.47045898438 114.98188781738 146.09049987793 155.44578552246 -94.224220275879 -45.493938446045 -110.71073150635 -56.487270355225 33.727081298828 -52.873146057129 
10.381624221802 -28.846466064453 -54.881969451904 24.499828338623 -49.283752441406 -133.88784790039 133.48306274414 -102.65670776367 14.812379837036 155.50079345703 
7.2977867126465 -25.364707946777 308.97601318359 -61.554462432861 -10.578624725342 -195.74002075195 -32.756755828857 36.626621246338 226.19166564941 -83.875946044922 
115.34128570557 11.705554962158 -39.315753936768 -58.109523773193 -49.259208679199 127.87030792236 -122.93884277344 26.317584991455 53.984931945801 -146.7481842041 
103.2202911377 -91.028739929199 236.52513122559 -208.12933349609 128.49984741211 -15.664922714233 -105.17186737061 211.52886962891 127.00300598145 -232.66316223145 
-56.35657119751 44.463481903076 -20.118358612061 -14.850261688232 250.57281494141 10.143264770508 -96.571075439453 107.95101928711 -54.804386138916 -19.214302062988 
288.68789672852 -68.326805114746 -85.804504394531 -139.71534729004 -71.185218811035 80.531524658203 -82.161064147949 31.359733581543 49.934150695801 -55.377063751221 
100.41070556641 -71.199592590332 -24.427959442139 -16.037860870361 -107.32588195801 19.952133178711 67.263320922852 -15.031578063965 23.140533447266 -8.9707069396973 
