10 10
3683.4602050781 7314.052734375 1349.1323242188 -8344.5634765625 -5452.4912109375 2544.5710449219 13313.6171875 -7684.2875976562 -3295.4497070312 1222.9602050781 
-19226.1640625 -9551.201171875 4952.6772460938 15401.67578125 -9859.416015625 5536.2875976562 6526.05859375 -1359.8359375 -5394.3413085938 5092.0947265625 
16242.8671875 8615.4423828125 -6665.8857421875 2073.1125488281 12385.385742188 6244.349609375 -6204.7387695312 -11152.65625 6682.7548828125 -992.25726318359 
12441.322265625 -10775.193359375 -435.404296875 -13630.954101562 10824.233398438 5547.3076171875 166.677734375 27065.513671875 949.2666015625 2.74267578125 
1900.0041503906 1834.4135742188 10778.1796875 1668.64453125 -6641.0844726562 8323.8759765625 -13698.70703125 5842.5751953125 7072.1025390625 -3589.4443359375 
692.03466796875 -4258.1474609375 19714.619140625 -2327.6774902344 1905.49609375 8193.7548828125 -2638.3168945312 30761.69140625 -30516.94140625 -12552.869140625 
-9093.806640625 -5878.9912109375 14684.005859375 19956.7265625 -4174.634765625 18938.56640625 -10364.153320312 9877.8525390625 -1309.1267089844 793.10119628906 
-1493.6174316406 -3611.6374511719 14392.517578125 14180.389648438 -13180.134765625 37289.23828125 666.37646484375 -3596.2514648438 9875.798828125 7168.5239257812 
8698.123046875 18111.482421875 -10138.870117188 -7131.9663085938 17780.77734375 -29615.92578125 2101.1616210938 -20748.51171875 -10505.35546875 2174.5620117188 
21357.53125 4663.755859375 -13848.021484375 -10364.158203125 -11087.870117188 6967.98046875 -3423.443359375 -22285.10546875 29932.54296875 13342.452148438 
