10 10
0.64723217487335 0.54521375894547 1.0285310745239 -0.8469517827034 -1.7824116945267 -0.90822297334671 0.60880780220032 -0.56123715639114 1.4898107051849 1.0387868881226 
1.2257047891617 0.42079412937164 -0.94185703992844 0.93241542577744 0.58440685272217 0.54864305257797 -0.56402271986008 0.021620167419314 -1.3870037794113 0.7872262597084 
0.63112127780914 0.55205535888672 -0.19261984527111 -0.83487635850906 -1.0456240177155 0.55801153182983 -0.31691607832909 -0.57595247030258 -0.071242928504944 0.39585256576538 
-0.36445188522339 -0.35667935013771 1.9400312900543 -0.19157268106937 -1.390877366066 -1.8576565980911 -0.92759704589844 -0.088960707187653 0.17718583345413 0.5008659362793 
-0.42201513051987 -0.56837981939316 -1.1602115631104 1.6413953304291 1.1718349456787 1.3128498792648 -0.58344411849976 0.20424610376358 -1.5904401540756 -0.29850989580154 
-0.20608434081078 0.81245630979538 -1.4057848453522 -0.61237442493439 -0.075753599405289 -0.20135122537613 0.68479239940643 -0.95312488079071 -0.71029818058014 -1.0677708387375 
-1.3883764743805 0.47982749342918 0.47630590200424 0.71459013223648 1.7858581542969 -0.7629382610321 -0.11981297284365 0.52413308620453 0.48222595453262 -0.70950728654861 
1.6815574169159 -0.32399636507034 -0.48573172092438 -0.017282152548432 -0.44197699427605 -0.19907769560814 -0.5989887714386 -0.1403443813324 -0.95017063617706 0.46985632181168 
1.9402596950531 -0.60582256317139 -0.4630338549614 -1.4193087816238 -1.4965584278107 0.032565206289291 -1.0244452953339 -1.1021690368652 -0.28623223304749 0.017619520425797 
-0.63756024837494 -0.51345014572144 1.6272069215775 -0.71676933765411 0.43562877178192 -0.48065802454948 -0.75304806232452 0.077817559242249 0.94352495670319 -0.64523619413376 
