16 16
-41624584 32087534 29709984 92494208 -60803528 -76161128 -247594096 257572720 -82214640 132460704 -153300672 -15475368 13164020 41714736 30577602 14055994 
-158926224 -76714864 -150967440 -94807904 152888160 18430296 -9768448 148933440 -75318968 -178109488 -110407344 199229200 17362054 -23679844 219970352 15130944 
-21125348 191385840 66102408 136938496 -22061912 -189511376 54775020 135097152 -45225840 -110784824 -171087008 338891424 156053120 -15541388 56694856 -152244384 
-69717784 82177472 207795712 86420288 43294288 12788106 209695664 30201658 83464352 -72285456 -47233272 -32109482 578162432 -274817312 -208959568 36300612 
234353632 -14574404 -165685680 -161818272 106995728 93942128 -109971024 34607472 -110356032 76500400 -82404944 58829848 -199720112 -87998816 95264880 -35801096 
-95779840 102236160 40380260 -65270212 -17551482 96749520 27692108 -56741248 53705088 -18618360 23781106 -82998768 62457040 81600784 15542392 -373045312 
129252400 32353382 42178544 172028480 -75431136 65608420 -48783924 -44403956 -9031800 4170446 15017073 -193223168 -53813908 93217224 -69820952 125217816 
127634792 -3879292 -165323120 60186956 14873316 -36313920 226362352 -301081120 307112928 73332576 -53110656 97689152 -40740388 -113423440 47260528 -44994132 
-26372484 25520248 8943032 -117251704 -21366522 -8022795 90233312 13651151 8552272 144689584 -16405944 15345400 150595344 -80977456 -89168184 -131520248 
26314388 -84824632 -44478948 -58919420 -5339211.5 -53609136 90290912 -124286256 18109264 -28744316 17164980 154010752 -121889616 84913064 145952016 26989588 
170872992 -48039292 -166590160 -172273040 -217378512 210956208 183536160 -194950544 24376128 -76764432 101532192 -324782752 -7503497.5 1092944 -79484432 -47817372 
234500528 265829728 25464096 129260000 -99716632 -115408368 98585728 62039472 80045232 -129750544 104741072 -61778988 -124546248 -169936320 67154568 44411368 
-232481792 -31383336 65016528 -1296316.625 257448704 -140975952 -134540112 89384352 48089704 41079000 68516424 232966368 -135413504 45593776 114855464 173634416 
105548624 60245720 158101120 91035688 -177421088 -61138560 -52522464 15747220 -80861016 22439928 -42650580 -1019391 102135600 7052609.5 10352902 -124898032 
181013472 139583072 49174412 220443824 -63862476 874532.8125 45491480 130747296 7919225.5 -134845280 163633664 -213617872 -47261544 -157044240 111478800 -28612420 
-37247128 -156622080 -4468104 -127433920 -94181936 53158160 -18239112 47922872 -157825632 -32931146 -178628784 68985240 336006272 -108280112 -128145560 37972316 
