16 16
-23254.9296875 -8654.3642578125 13631.797851562 -1767.5838623047 16513.287109375 4260.5185546875 -10317.502929688 18984.23828125 -8806.4091796875 8369.9921875 -8247.166015625 1574.5203857422 -10139.31640625 4562.5717773438 8652.08984375 8611.1435546875 
-14843.423828125 -531.36468505859 -19710.21875 -7493.1787109375 9039.1533203125 -15799.984375 14819.8984375 -19628.904296875 17799.568359375 13859.189453125 22979.6796875 17131.318359375 2545.0178222656 -2704.1889648438 24963.482421875 -5689.107421875 
-2536.337890625 13471.1171875 -6580.1904296875 -6537.353515625 13544.40625 -6723.9150390625 7176.0825195312 3801.1665039062 15694.220703125 28670.923828125 2686.302734375 13485.079101562 -9377.982421875 11618.484375 40005.44921875 4778.2333984375 
4523.1059570312 23757.94140625 2725.3540039062 10597.873046875 6172.4609375 4149.6435546875 6561.3759765625 20632.28515625 21980.15625 5260.4208984375 7559.02734375 21741.681640625 -4814.8203125 10229.619140625 26437.36328125 9197.501953125 
-1033.5234375 9211.9248046875 2182.2888183594 -19481.9609375 -4535.2172851562 10035.485351562 7673.5756835938 -4135.7680664062 19050.826171875 17372.345703125 1837.6813964844 7621.90625 -4440.4331054688 15040.107421875 6442.8525390625 -455.47021484375 
9221.3271484375 17086.306640625 -2798.0830078125 10617.02734375 -1430.6943359375 5913.490234375 -5975.1440429688 5022.236328125 9806.8603515625 -31167.75 -21478.396484375 -23402.87109375 -16706.912109375 -11534.349609375 8562.4765625 3794.5944824219 
5368.9399414062 -5506.7778320312 154.97717285156 1987.7915039062 -10440.395507812 21308.28515625 9033.9560546875 -12396.7578125 -7988.482421875 -30945.2890625 -14192.880859375 -11947.8203125 3971.298828125 -13011.361328125 -23686.478515625 -873.52917480469 
2583.6193847656 927.76812744141 -6362.5927734375 4360.2719726562 5714.2607421875 -19148.486328125 -8028.1850585938 32441.32421875 8946.455078125 11276.286132812 16743.830078125 11148.453125 -11680.651367188 8015.7919921875 19699.568359375 7145.6928710938 
12089.298828125 -20515.658203125 61.910827636719 -21439.703125 15837.803710938 -6267.3618164062 -12833.421875 -4575.5791015625 9938.1494140625 -9670.533203125 6133.9448242188 -8043.919921875 3060.4299316406 -11903.639648438 -8369.5048828125 -15327.7734375 
9373.701171875 2389.1206054688 -7722.9428710938 3247.73046875 -7993.849609375 8404.4375 1417.8959960938 -16629.90625 -8903.1103515625 -2364.37890625 -18750.78125 3458.0405273438 9976.806640625 -17526.64453125 -16988.435546875 1598.05859375 
-22212.671875 -10291.77734375 1019.2016601562 5095.0541992188 -3355.2004394531 -3795.564453125 -1468.3405761719 11666.030273438 -9142.5009765625 558.94079589844 7697.9892578125 15075.50390625 -11321.818359375 14010.724609375 3068.1882324219 11704.060546875 
17126.150390625 -2683.2802734375 18408.306640625 -18982.373046875 6533.701171875 -4240.6362304688 3749.9692382812 -36710.9453125 11818.177734375 -1037.0791015625 -17337.171875 -3499.5129394531 -2408.3579101562 -6880.712890625 -1366.7470703125 -3012.3515625 
-11498.413085938 4550.6782226562 20710.162109375 9466.697265625 4407.4375 3250.2138671875 -8890.890625 7111.6689453125 817.49743652344 -24980.2890625 -7708.0556640625 -673.20434570312 -7354.9765625 2098.0556640625 -8154.453125 5213.787109375 
-9550.12109375 368.79116821289 -15921.24609375 -761.67883300781 -13048.421875 -1961.4270019531 1814.5485839844 13654.634765625 -17544.29296875 10341.984375 -447.87561035156 8216.720703125 309.47265625 5926.287109375 853.03881835938 -1772.2209472656 
8710.0283203125 8776.607421875 8116.4575195312 -2852.298828125 -14509.336914062 19955.734375 -3291.5002441406 13145.112304688 1636.0776367188 -13378.188476562 -14501.380859375 -12757.392578125 -6334.0595703125 -2272.1823730469 -14074.052734375 1092.1931152344 
13055.415039062 33088.234375 8128.8212890625 17831.83203125 -11544.807617188 7837.318359375 8150.6689453125 25014.611328125 11354.396484375 -23955.8671875 -13544.380859375 -597.85925292969 -7179.4790039062 -12795.79296875 4096.2373046875 7080.822265625 
