10 10
-2.3596675395966 0.94406908750534 -0.2842161655426 0.21028807759285 1.7011148929596 -1.7136632204056 -0.40629479289055 -0.44631233811378 0.52924370765686 -1.1902923583984 
0.71653598546982 1.9433796405792 -0.431993663311 0.52890807390213 0.55075681209564 1.1418309211731 -0.10342033207417 -1.3356274366379 -0.46397340297699 0.90091991424561 
0.044060707092285 0.90014815330505 1.528299331665 0.98515522480011 -0.79888927936554 -1.5233128070831 1.4138481616974 -2.0496597290039 -0.15309482812881 -1.9502110481262 
0.47211492061615 -0.79885160923004 -0.1070813536644 0.45658141374588 -0.29198932647705 0.32138800621033 0.59302282333374 2.0140852928162 -1.5382900238037 1.3605606555939 
-0.072977237403393 -1.9625868797302 1.003258228302 0.078171744942665 -0.91084158420563 -1.0610657930374 1.757270693779 0.10118565708399 -1.2481174468994 -2.1692316532135 
-1.3859696388245 -0.30302768945694 0.67013031244278 0.17779031395912 -0.34136745333672 0.30495050549507 1.323305606842 -0.22473156452179 -1.9032843112946 -0.13064953684807 
0.22906410694122 0.82342439889908 -0.74890679121017 -1.4414842128754 0.23250837624073 -0.10770642757416 2.21364402771 1.902268409729 -2.1015779972076 -0.60164380073547 
-0.49799263477325 0.73401075601578 -0.13907466828823 -0.23830279707909 0.77175939083099 -1.2761076688766 0.19011767208576 0.57071048021317 0.57223957777023 0.37947607040405 
0.65745055675507 0.47357040643692 0.1793776601553 0.29708057641983 0.27549475431442 1.3767573833466 -0.54858309030533 -0.26951801776886 -0.8900688290596 2.230633020401 
0.066761374473572 -0.46475738286972 0.76187384128571 -1.64515376091 -0.56566798686981 0.88979542255402 0.8670289516449 0.22659374773502 -1.0796266794205 0.073145091533661 
