16 16
-0.36275815963745 0.77621471881866 3.2029132843018 0.69335436820984 -0.051326483488083 0.55862480401993 -1.4070348739624 -0.95216393470764 -1.9316982030869 0.93122643232346 -0.96276652812958 -0.40083795785904 0.49409091472626 1.754625082016 1.4417636394501 0.68313753604889 
-1.805428981781 -2.0099380016327 0.20380535721779 -1.3647060394287 -1.5145039558411 -0.12693953514099 1.5351608991623 -1.6795021295547 0.89249557256699 -0.63452243804932 -1.0112471580505 0.7486287355423 -1.0178498029709 0.21924734115601 0.50452560186386 -1.2373000383377 
-1.8172627687454 -1.9120248556137 -2.3169772624969 1.8392363786697 0.33021461963654 0.1721957474947 0.98662567138672 0.39684984087944 0.75541037321091 -2.060338973999 -2.9887738227844 0.69909197092056 -1.1022208929062 -1.2870054244995 0.891557097435 -1.9624314308167 
-0.49800533056259 -0.60846138000488 0.43146973848343 -0.24662935733795 -0.25195243954659 -0.36950433254242 1.4350192546844 0.35067468881607 -0.91304755210876 0.069160014390945 -0.33989885449409 0.66163140535355 -1.5172773599625 -0.24336943030357 1.1467876434326 -0.43293970823288 
-1.5565078258514 -1.8260872364044 -0.060037076473236 1.2914949655533 0.10765573382378 1.839629650116 0.35820376873016 -0.38033908605576 1.6468862295151 -1.4225099086761 0.93415874242783 -1.9084365367889 -1.9305583238602 -2.8726840019226 -0.23505285382271 -1.0723268985748 
1.0999647378922 -0.40337964892387 0.86049282550812 -0.081982016563416 -1.0330469608307 -2.593733549118 0.80841743946075 -1.4182584285736 -0.71876746416092 3.0676856040955 -0.4409214258194 -0.56789952516556 0.19218078255653 -1.218446969986 0.85267227888107 0.83648598194122 
0.086452633142471 -0.095104038715363 -0.97686684131622 0.24389353394508 -0.079404801130295 -1.2457884550095 2.6134994029999 -0.32017794251442 1.9310714006424 1.0614733695984 0.32159525156021 -1.0627011060715 -2.0692920684814 -3.480881690979 1.3420859575272 -3.5010240077972 
-2.1123108863831 -1.8613761663437 -0.36920040845871 -0.22142359614372 -1.1361688375473 -0.10869824886322 -0.63218086957932 -0.36224853992462 0.8390474319458 -1.6684486865997 -1.1312897205353 1.2303298711777 -0.038866106420755 2.8734102249146 -0.61395519971848 -0.035820841789246 
2.4159665107727 1.4094485044479 -0.70317959785461 -3.3183257579803 0.0099528580904007 -2.6677017211914 1.1476985216141 -0.97937953472137 -1.2747991085052 1.1381703615189 1.7753678560257 0.15256468951702 1.5804712772369 2.2238531112671 -0.7202712893486 1.3799115419388 
0.64044553041458 -0.73866558074951 -1.5326949357986 0.048925142735243 -0.42350640892982 -2.2109107971191 1.8576675653458 -1.4293874502182 1.5212287902832 0.54285800457001 -0.68235689401627 1.0455485582352 -0.87271922826767 -1.2686945199966 1.4032962322235 -2.14959192276 
2.272497177124 0.80525588989258 -0.088506937026978 1.4059162139893 1.6681324243546 -0.35695898532867 -0.30094891786575 -1.5213145017624 1.9187753200531 0.65607678890228 1.0245013237 -0.27346509695053 -0.29552137851715 -1.5652440786362 1.2733129262924 -0.90054380893707 
-0.87073051929474 1.8199121952057 2.9117422103882 -0.55345857143402 0.5531063079834 1.0557060241699 -2.0983576774597 1.4386466741562 -2.3022890090942 -0.35836291313171 0.80164021253586 -0.79462289810181 -0.37091511487961 3.7885546684265 -0.10374547541142 1.4713685512543 
2.5978856086731 -0.21763226389885 -1.7591140270233 0.20814245939255 2.6242423057556 -0.29742524027824 -0.48513597249985 3.8332347869873 -2.1581766605377 -0.34197708964348 -1.8694682121277 2.5128631591797 3.6503202915192 -1.444286108017 -1.4278512001038 -1.4692865610123 
1.8477032184601 0.18738897144794 1.6247088909149 -1.066085934639 0.56250768899918 -0.75992089509964 -0.40048086643219 0.79654747247696 -1.8489779233932 2.6006104946136 -0.50743412971497 -0.44457003474236 0.89758932590485 -0.85764062404633 -1.477383852005 0.08391510695219 
0.94269919395447 1.8848601579666 -0.68520373106003 -1.7170827388763 1.3447989225388 -0.042728379368782 -0.16413921117783 0.29534518718719 1.3689301013947 0.41365563869476 1.340661406517 -0.54352056980133 1.6369205713272 1.5902173519135 -1.1664873361588 -0.62459456920624 
1.0159270763397 0.23740577697754 0.18087813258171 -0.81178724765778 -0.21773341298103 -1.7352253198624 -0.70111614465714 0.5943204164505 -0.74670088291168 0.84722471237183 0.2366181910038 0.80874687433243 -0.10248476266861 0.55799770355225 -0.83637529611588 0.54142725467682 
