16 16
719029.125 619774.9375 628425.375 -470937.90625 -930345 171257.21875 182318.015625 1625435 -1730209.125 716227.25 -822262.75 885888.8125 -134141.828125 924900 -1292036.5 1594104.25 
-1192653.875 793367 355559.21875 356628.375 -2502829 -1831944.25 642683.5 -1131682.75 2690325.5 1512342 683836.8125 316211.875 -619320.6875 1012318 1222852.125 1545876.375 
-50986.3125 41192.15625 1690426.5 -287697.25 -1654831 -372845.0625 1334608.375 -441628.875 -805172.125 -64652.7890625 -1399932 2677365.5 46266.09375 -851540.125 318298.03125 -732870.3125 
-294453.3125 -1136411.5 -544022.1875 -2822714.75 924880.8125 -9582.80078125 559491.25 187536.890625 -15586.234375 769395.1875 -559616 1047812.0625 1607697.25 1517241.875 953993.625 -2352385.75 
480922.84375 859088.25 -467623.4375 2734399 -814811.25 1234650 -1609588.25 1232765.75 -488761.125 -753794.625 -307841.375 359498.9375 1145542.5 -2607506 1321414 135503.96875 
-2423187.5 10928.1875 1312696.25 371397.65625 -1469060.125 152507.359375 710598.8125 1785076.125 -1304194.625 985669.625 -2362817.5 2107031.5 833250.875 -1454993 146877.109375 857609.6875 
2078840.5 134167.53125 1312603.875 1247738.125 1746309.5 225464.59375 1045420 -470079.375 179311.859375 -1570140.875 1931894.5 -1311807.75 -419242.78125 866053.8125 -208964.515625 -387133.1875 
2927128.5 -1164830 542583.8125 212416.4375 1373758.75 1709414.25 1991354.125 83706.9375 -384105.15625 -462415.625 1202353.75 507451.0625 -877511.3125 1285856.75 -415861.375 -951397.625 
-1340480.625 91924.71875 124120.96875 1435961 1399929.25 -1915898.25 -1039845.375 952812 1623446.875 645291.125 294681.125 -4550014.5 -630537.375 -718928 -2210711.5 1552742 
-353131.875 1649916.75 2587132.25 1544078.625 -1573293.875 1877693.5 454502.375 465826.71875 -1039262.5625 -183500.359375 868901.1875 1529442.375 -354011.96875 -229085 29228.875 -317403.71875 
-74713 -1689706.75 1387856.375 -431732 776780.5 -297198.75 2238603.75 -1096951.25 -1653684.5 -173128.1875 -1549225.75 1528673.75 171164.1875 484956.8125 -998090.6875 2571895 
2522163.25 -249131.0625 701807.625 1108764 -2117415.25 2804833 590156.25 -47705.65625 -1288794.625 1884776.125 265097.90625 2397436.25 -731936.4375 -520329.75 361887.71875 2313196.5 
969185.625 -2637992 -1701842.25 573200.875 -873009.5 -732283.6875 -466526.3125 -1436111.625 1125685 424488.28125 -1277380.125 499685.75 3619639 -2100305.25 2098320.25 -267017.375 
1803884.25 -1107528 969536.0625 1559055 -1045657.4375 2552571.25 176765.890625 -398352.5625 -2368724.75 1102367.75 -183727.25 1614238.875 597179.3125 1032850.6875 -272092.03125 1044760 
-209498.625 916174.5625 2662970.25 2513907.5 2087694 -221325.359375 1444585.5 2116321 -24356.1171875 -1264984 -1049552.25 -1423782 -2328587 1311143.75 -2371316 -267049.40625 
-2468566.5 -406958.8125 148192.1875 1268231.125 470317.125 -628281.0625 -868089.875 -789922.625 -283658.1875 -1432398.625 -2365541.25 181010.625 -826069.625 -683110 -1163286.25 -696435.25 
