10 10
-43.461017608643 -48.152465820312 -133.25326538086 -78.867530822754 20.470174789429 151.07682800293 28.952648162842 41.15225982666 52.751918792725 -126.18573760986 
-335.26260375977 -137.85116577148 208.36540222168 -229.59768676758 -103.15605926514 -133.30250549316 -71.572746276855 85.694351196289 -157.22741699219 -151.42935180664 
-90.40608215332 -124.68669891357 -13.495262145996 -117.24375915527 -198.2179107666 -110.20236206055 158.48962402344 144.18869018555 77.959686279297 -126.07147216797 
84.108596801758 11.490072250366 -56.726638793945 -32.647041320801 57.698635101318 24.149841308594 -59.840023040771 -2.9290351867676 13.736886978149 -10.862022399902 
-106.85450744629 50.148815155029 211.86924743652 -62.790161132812 -214.20715332031 -69.498222351074 -75.261528015137 121.98506164551 -82.347793579102 -211.4913482666 
78.206390380859 94.16340637207 53.661499023438 117.87740325928 -13.344215393066 74.867767333984 8.7770195007324 -25.320014953613 167.05081176758 -56.284843444824 
-203.25637817383 -169.02819824219 -63.961620330811 -220.74612426758 106.99426269531 25.291339874268 -146.63719177246 93.674598693848 -108.14167785645 139.39608764648 
32.944221496582 192.29444885254 243.15951538086 9.5154647827148 -3.5229606628418 -13.670031547546 -184.9554901123 -265.12072753906 -188.07476806641 -33.584373474121 
-105.9536895752 -1.668041229248 -49.543365478516 -36.150192260742 -126.20955657959 -52.440650939941 93.382057189941 114.11022186279 51.983402252197 -205.65480041504 
-11.089179992676 -3.5859928131104 8.6179084777832 -7.2740669250488 21.303440093994 1.7311272621155 -54.64640045166 15.20387840271 18.482000350952 17.061435699463 
