16 16
149.89451599121 -299.21862792969 -3.0359954833984 9.3119049072266 -265.47702026367 101.03646850586 -21.390632629395 -69.133247375488 -94.904891967773 69.924865722656 45.779075622559 128.56474304199 62.719486236572 -217.71801757812 72.064949035645 118.193359375 
65.625511169434 243.47923278809 72.110061645508 -120.22158813477 199.57000732422 -59.44896697998 -117.7606048584 60.613636016846 39.6360206604 16.003746032715 -13.036483764648 123.70934295654 79.03849029541 140.71473693848 -90.929794311523 108.38599395752 
-32.793281555176 85.792572021484 -28.788719177246 171.38977050781 38.297374725342 29.533546447754 22.669158935547 -21.302703857422 -78.727279663086 83.438148498535 -226.05557250977 -55.872127532959 -112.29582977295 55.488647460938 37.381080627441 120.95327758789 
-171.12426757812 -190.0205078125 -205.32362365723 138.0884552002 -54.381805419922 -68.683807373047 -79.452789306641 124.92875671387 -251.6771697998 -163.38815307617 -22.169967651367 -123.60861206055 93.479217529297 -44.681785583496 -101.32917785645 -174.7834777832 
-233.37582397461 -285.44488525391 6.1931953430176 69.077491760254 -82.527503967285 162.16459655762 65.485992431641 72.174514770508 -278.96499633789 106.45615386963 173.59300231934 -15.504875183105 -143.91331481934 -185.59330749512 -85.491371154785 34.117362976074 
-31.74388885498 93.381484985352 61.690628051758 -81.906547546387 -88.012344360352 -126.23950195312 131.41435241699 -15.288365364075 171.73927307129 -48.227542877197 -23.580045700073 34.153743743896 39.903564453125 0.53764814138412 -19.825927734375 -290.74468994141 
92.577178955078 121.92526245117 30.689907073975 -93.701126098633 268.47058105469 -168.6290435791 14.660050392151 -58.583251953125 251.76737976074 157.84020996094 219.77745056152 168.5500793457 -27.315412521362 -137.22041320801 -249.80145263672 18.947509765625 
-31.737972259521 -19.781749725342 -15.567337036133 1.4132413864136 195.36540222168 -86.345169067383 51.463718414307 -271.13912963867 60.385025024414 -172.71789550781 -138.21350097656 -108.55702972412 -11.487483978271 47.3102684021 -213.69361877441 -126.73732757568 
230.38052368164 -173.88583374023 102.1111907959 57.492206573486 -447.55706787109 294.48446655273 -21.6608543396 123.29063415527 -254.93836975098 -16.678894042969 -1.6309938430786 65.405342102051 145.9220123291 -91.003074645996 256.18667602539 146.99444580078 
-163.43508911133 96.591361999512 7.7792320251465 141.23626708984 67.226486206055 287.15887451172 289.55038452148 272.91638183594 -269.71365356445 -27.071895599365 69.296455383301 -7.7161445617676 -312.63363647461 90.979400634766 -22.518810272217 40.699851989746 
114.21690368652 48.32107925415 186.10015869141 -174.36979675293 -194.4077911377 53.932922363281 18.039798736572 -124.27552032471 218.64895629883 -77.907943725586 -28.080371856689 -181.74954223633 119.7292098999 52.292903900146 262.72192382812 -71.500961303711 
33.509349822998 37.989685058594 -148.3794708252 -74.728942871094 -33.563533782959 183.02499389648 335.14721679688 44.0973777771 32.165103912354 18.13583946228 142.11531066895 -145.03996276855 -185.99594116211 -2.768648147583 284.67770385742 110.95082092285 
-182.50411987305 58.896911621094 72.148567199707 8.7525625228882 2.4275712966919 110.43984222412 -22.102088928223 117.37950897217 -30.714866638184 -95.248008728027 125.02103424072 -180.20288085938 -74.093109130859 149.60079956055 109.1929473877 -90.926406860352 
40.782470703125 -116.56000518799 -186.00489807129 10.053694725037 -4.0708518028259 144.85272216797 121.11930847168 -36.605449676514 -51.519138336182 -73.550712585449 89.722244262695 33.263053894043 92.243255615234 -117.4388885498 20.250078201294 -23.502084732056 
-2.2575149536133 120.21083068848 -132.06785583496 20.935451507568 263.72198486328 53.398178100586 105.15257263184 33.676910400391 -66.358985900879 -117.94604492188 4.1061248779297 -222.21078491211 -88.796165466309 137.09736633301 122.97254943848 126.57528686523 
-214.96960449219 43.103584289551 -43.861274719238 -90.325836181641 -65.805130004883 -34.216941833496 -100.46417236328 214.29927062988 -86.50919342041 -212.82237243652 -87.616020202637 -41.759521484375 83.124114990234 116.965965271 20.338884353638 -262.85958862305 
