16 16
123946648 13557820 111921016 205350464 146454960 63234896 -85445888 -16567836 -44324440 -12407124 50773932 -56513676 -70154336 -179446256 -83836704 -105139776 
7335119 171182800 140179680 115114016 31184336 142358544 -119049104 5308908 -29250620 36867328 -41127036 26452448 -22854150 120637584 47203644 201704224 
108127608 -128564800 -87690440 124995632 277457728 -258595584 238938496 131191032 -115064800 -83650416 -34494144 -181184464 -70100536 85547504 -47941300 136115232 
156251584 -147537104 -203770144 12721143 193330624 -182364688 433701728 179239616 -88873616 -204733456 -187156480 -208994336 106528048 79399680 -187104192 28344052 
120704000 -274920000 17187180 17910594 30862788 -20537228 75271112 93572640 -31908922 -45738980 -185506560 -158472416 6674140 -32054332 -59959292 170406528 
197698880 -68495312 -183335760 -30911426 16436784 61318828 -15124052 -62249964 79277808 96883048 -86451584 14965138 -225356992 61216316 172842224 31033564 
-9749538 48803176 42374832 173880752 147838224 -151440192 -106464192 299669824 45528808 12578177 235393968 -86178456 -13483826 -9943603 -267178048 173646624 
13712594 195860576 -65800496 -28641028 -33096074 -35303112 -168407872 155423968 96710200 122178048 250385760 -41921440 -163015632 17487072 -111907768 44234272 
-205410752 62728192 -6339496 -269478624 -95754976 85701896 -228473888 -245903936 30213634 13151612 -80988392 70337712 146605216 104924376 84782896 148385184 
94237992 -175068000 46370656 112824712 91924280 63037960 79528912 79053480 178802208 -38632764 -147910448 76872576 -1517463 31057822 108209528 144487824 
-107302816 -61320184 40017372 -19989600 57818200 -136480736 9819072 112715696 42734696 74471424 94521408 42126256 38339312 144393360 -18600838 80036312 
-2421491 -28759548 -277883904 -249533392 -149674016 -266720640 181735648 40994304 15887396 -23229870 135335824 82819440 -196566512 130513960 161992176 -165759504 
-37110784 -108666360 135315952 176894320 -3270511.5 -89832408 226455296 183149280 125292 122865064 -19734414 -80668400 -13706726 30863460 -136149360 -21756156 
-37379644 32973208 -139441392 -130659736 -138798608 -59047744 31399204 -4797136 -110724864 62457964 119009496 32359368 30208926 88637744 -117269896 -226326128 
89206784 69494944 -114673928 54119692 -96352032 -59049240 96191440 57096236 197285280 71578224 161988448 198814144 -53994840 79714672 85599536 -173341968 
262119584 -79582280 -151810192 15861030 135843328 -149994560 242934720 -82730368 -37159304 -104873376 -121004168 -279008928 -91188088 91586232 -27109900 118025592 
