16 16
1.3555482625961 -2.2569599151611 2.1579196453094 1.62038397789 0.64009153842926 -2.0128781795502 1.5176994800568 -1.516276717186 -0.70042473077774 -1.2784272432327 -0.50001311302185 -0.028460696339607 1.4546291828156 -1.6308019161224 -0.096717596054077 -2.1074414253235 
0.89316040277481 -0.62839257717133 0.54605579376221 0.38136857748032 -0.75680100917816 0.74124789237976 2.4494209289551 0.72493201494217 2.3491406440735 -0.15938496589661 0.38293761014938 -1.3904744386673 0.080902755260468 0.84397089481354 -0.42503497004509 -0.67077922821045 
-1.9103502035141 -0.77542507648468 -1.5569400787354 2.1237242221832 -1.6457716226578 1.2623603343964 -0.16386163234711 1.7419027090073 -1.3632410764694 -2.6020605564117 1.5044655799866 -0.85635781288147 2.3995614051819 -0.27416658401489 2.9247744083405 2.2621409893036 
0.88357782363892 -0.72657096385956 0.85890638828278 -0.057534366846085 2.2187819480896 -0.36599749326706 0.15910521149635 -0.42502978444099 -1.2797360420227 1.14490711689 -0.11815057694912 0.47565519809723 -0.3871066570282 0.78293585777283 0.85682666301727 -0.11178895831108 
-0.33362874388695 -1.5306887626648 -0.41003233194351 -0.26365274190903 -0.17461884021759 0.67629301548004 -0.12001168727875 -0.2909784913063 0.79160273075104 -0.65620648860931 -1.7766683101654 -1.7907705307007 -0.16379219293594 -1.0432438850403 -0.81141936779022 -0.71458530426025 
2.3454525470734 -1.3804709911346 2.992312669754 -3.8405141830444 0.059164702892303 -1.0704090595245 -1.5538520812988 -2.2238001823425 -1.1212742328644 1.51056432724 -2.5101442337036 -0.48960044980049 -0.83049690723419 -2.3961315155029 -2.469297170639 -1.6221233606339 
-1.5434060096741 0.51293337345123 -0.97127652168274 0.24594080448151 0.2427351474762 0.98995590209961 2.3400061130524 0.70172083377838 0.25552049279213 -0.95766621828079 2.4022045135498 0.90298748016357 1.1215196847916 0.14491674304008 2.6454033851624 1.354364991188 
0.48908042907715 0.58979791402817 0.82770264148712 0.12088425457478 0.16238352656364 0.12546920776367 0.15556299686432 0.28262963891029 -0.4063286781311 1.0306261777878 0.027058705687523 0.46793699264526 -0.59204930067062 0.86093854904175 0.67715907096863 -0.353207051754 
0.62657725811005 0.1989678144455 -1.8813498020172 -0.59419530630112 0.28812357783318 -0.63570189476013 0.71961855888367 -1.8632100820541 0.2630994617939 2.0950365066528 -0.53771805763245 1.8314778804779 -1.0460503101349 -1.9168186187744 0.50040954351425 -1.5218464136124 
2.3699450492859 1.1836847066879 0.44825923442841 -1.9470427036285 0.854472219944 1.1849309206009 1.3136750459671 -1.4311183691025 -0.64124608039856 0.75765711069107 1.5013084411621 -0.65481585264206 -1.0925565958023 0.077282078564167 -1.0419634580612 1.7611049413681 
1.5186507701874 -0.45193934440613 -0.20792749524117 -1.7148902416229 0.65896260738373 -1.6495417356491 -0.59755873680115 -3.0838313102722 -3.6839790344238 2.2309784889221 -0.11966462433338 1.2254986763 -0.3848323225975 -3.3172137737274 0.73635399341583 -0.67821437120438 
-1.9467933177948 -0.816739320755 -0.40750661492348 1.1458249092102 -2.3155493736267 1.456215262413 -1.3146097660065 2.7361793518066 3.1899433135986 -1.6597586870193 -2.3737683296204 -1.0197269916534 -0.23002773523331 0.89978325366974 0.42985594272614 -0.28426578640938 
-0.65802097320557 -1.1639033555984 -0.42857348918915 0.75398623943329 0.31388369202614 0.21943579614162 1.3220031261444 0.13970094919205 -1.466011762619 -0.99660527706146 1.3603835105896 0.44271731376648 2.1893186569214 -1.2225598096848 2.2966842651367 0.39328554272652 
1.1849395036697 1.8490724563599 1.0104930400848 -1.7234585285187 0.97648829221725 -1.6155321598053 0.82958680391312 -1.9768871068954 -0.37615388631821 -1.1450859308243 0.30366057157516 1.3389539718628 1.2968027591705 0.15399499237537 0.17684563994408 1.0449341535568 
-2.0394203662872 0.42443189024925 -2.0990808010101 1.9837744235992 0.62542355060577 2.1104815006256 0.42915153503418 1.3538285493851 2.1114635467529 -0.50838929414749 -0.60801386833191 -1.0467505455017 -1.0964442491531 1.3071531057358 1.1024041175842 -0.71490705013275 
-0.69952321052551 0.24932369589806 0.76110303401947 1.0134648084641 0.34017458558083 -0.10110127925873 1.8797036409378 0.50814259052277 -1.4705213308334 -2.2868809700012 2.3616352081299 0.085589617490768 1.7231833934784 -1.676335811615 2.320493221283 1.3438076972961 
