16 16
-1.0068047046661 -0.75871503353119 3.8451220989227 0.68104112148285 0.76145005226135 1.5220507383347 0.66424685716629 -1.6016316413879 -0.96385705471039 -2.7041509151459 -0.90001404285431 1.2674565315247 2.5737180709839 0.58173203468323 2.6823401451111 -0.53814649581909 
-0.44057956337929 0.41820222139359 -0.24307638406754 -0.43925327062607 -0.22002810239792 1.5479266643524 2.2213478088379 1.622522354126 -0.63980722427368 -0.61608356237411 2.0169522762299 -2.6078763008118 0.70447903871536 -1.6183836460114 0.71426397562027 -2.6215713024139 
-1.3289506435394 0.58849722146988 -0.75343883037567 0.44213002920151 0.55498892068863 1.2468672990799 1.3965759277344 1.064820766449 1.1166340112686 0.20716354250908 -1.1091303825378 -0.69725805521011 0.93084526062012 1.8341723680496 1.4737142324448 0.93045443296432 
-0.18542188405991 -1.1231601238251 0.089402109384537 2.751373052597 0.83570599555969 0.5007381439209 2.5181376934052 1.7136498689651 2.1352961063385 2.6872701644897 1.8523526191711 -0.93719398975372 -0.55601924657822 -3.3465888500214 -0.31336659193039 -3.2693288326263 
1.071657538414 0.80009698867798 -1.2185530662537 0.34009635448456 1.5391334295273 -1.184410572052 -0.95756161212921 -0.049993753433228 1.6262184381485 0.30457097291946 -0.50623112916946 0.45206293463707 -0.40873730182648 -0.6402587890625 -0.90074741840363 0.16023182868958 
-0.048644810914993 1.3174217939377 -4.3695669174194 0.79470521211624 1.6375948190689 -0.94773733615875 -0.59013819694519 1.4606019258499 1.2594165802002 2.6816143989563 1.8921989202499 -1.985792517662 -0.85882633924484 -2.1526284217834 -2.2293591499329 -0.15429145097733 
-1.5898833274841 -1.8580068349838 -0.63057547807693 1.5516695976257 0.20526343584061 -0.21630829572678 1.4180376529694 -0.1596814841032 1.648707985878 0.56511628627777 -0.96493583917618 0.75755387544632 0.79735493659973 -0.1557405591011 1.1223158836365 0.90983945131302 
1.629101395607 0.29552686214447 -0.12993979454041 0.21444581449032 -0.077642768621445 0.35763078927994 1.6877609491348 1.0400005578995 0.27072882652283 -2.6821022033691 -0.77396208047867 -1.4958710670471 2.2382614612579 0.66930651664734 0.40363046526909 -0.019625939428806 
0.63477402925491 0.45553532242775 -1.7356585264206 1.0549644231796 1.2302044630051 -1.583016872406 0.29515504837036 -0.053418505936861 1.4755074977875 2.014096736908 0.33173599839211 0.28084614872932 0.8792507648468 0.10564702749252 -1.7892862558365 -1.0738396644592 
-0.17628467082977 -1.263311624527 2.4358320236206 -1.3723335266113 -1.4535952806473 -0.55327475070953 -0.17693497240543 -2.3246321678162 -0.41930431127548 -0.25545105338097 -0.90999746322632 5.2311267852783 0.14019691944122 2.0452861785889 0.85515761375427 1.790590763092 
0.61001884937286 -0.55106872320175 -0.22451038658619 2.2802209854126 0.068006813526154 -0.32659748196602 1.6172505617142 0.27611398696899 1.3699754476547 0.40709739923477 -0.63178700208664 -0.38581642508507 1.2638901472092 -0.44279935956001 -0.39904230833054 0.073410362005234 
0.73460268974304 1.7934914827347 -3.0934038162231 2.1745355129242 1.7644739151001 -0.49555003643036 -0.62946957349777 2.0316936969757 2.3015043735504 2.4516258239746 2.2522578239441 -0.28052541613579 -1.7234034538269 -0.93231654167175 -1.469025850296 -0.95913541316986 
1.0873713493347 -2.8648300170898 0.031692653894424 2.7649853229523 -2.7683053016663 -0.30562022328377 2.2918062210083 1.6756871938705 0.13574182987213 0.1132747977972 -0.34242218732834 -0.68876612186432 -1.2043931484222 -0.25139811635017 1.4745280742645 1.4171499013901 
-1.0935468673706 2.2718651294708 -1.7304464578629 -1.433021068573 1.0076930522919 1.932785153389 -1.0611783266068 1.1089195013046 -0.71756505966187 -0.30921283364296 1.0797142982483 -1.1125400066376 -0.3142124414444 0.8520028591156 -0.14167359471321 1.0157732963562 
-0.85175907611847 1.1026759147644 2.005068063736 1.0012075901031 1.3068718910217 0.8982994556427 -0.039413537830114 -0.72647523880005 1.662945151329 2.4928970336914 -2.0449485778809 0.44000166654587 -0.69073820114136 -0.22080214321613 -0.78987139463425 0.81808698177338 
1.0744473934174 0.72932922840118 3.4955348968506 0.48626562952995 0.98734223842621 1.8484225273132 0.022352337837219 -1.0398824214935 -1.3685911893845 -1.6006848812103 -1.0416433811188 -1.6258151531219 0.95187532901764 -1.9626536369324 -1.16144490242 -0.10754936933517 
