16 16
-48101896 -250625504 242940720 -58452776 117570760 -94299944 89891528 -257424864 -288764992 -130330800 43630216 -182244688 -41387680 -23150028 -48923992 13921588 
256007280 201342400 -158104096 -21273172 -54261880 77402624 -164818752 300878560 56037352 -45648248 4789748 96941272 98510880 103621480 31059190 73464592 
-52241440 -24391624 -7816353 95361632 160281760 80580848 80320424 -368632 91499776 -56477884 40336424 232785824 47358116 -37525360 117484136 146711264 
17671232 12693631 27246558 1551847.5 -166799872 -81497512 121778496 -18272510 4351428 106999016 154443264 -270934720 17750304 -84001256 231297184 90002000 
110142704 131079768 -406040640 230636064 -84349312 -12236316 186022544 267184704 7558762 -88041552 31627798 229105568 197582656 -28346344 210239872 163393136 
-39793680 -15845062 78759096 -65431192 40927968 -18701792 -516198 -27457532 35676828 195171840 62111224 40476748 100320824 21784540 106904200 17981482 
129633304 206754704 4063942 -183982544 -13269108 41016096 -70082304 49322960 108935600 200113504 62671804 -240288704 14621238 -136373968 -210039808 -43590320 
-10235016 -240584400 -56675220 -136905776 -248041792 -218179520 -127558960 171522288 -23672312 -6747265 -123987552 27678964 38638024 233669008 29672572 -217934128 
-29033996 -98338592 66309972 90072856 -96418712 -157522272 -118132680 -80304368 -135608192 28747474 81796008 -80418592 -62784560 29602420 34740304 -18413152 
-14685612 -68596576 -34863216 226822320 161212032 -23514424 83725416 -81196448 -251924832 -93555920 67817504 326330208 3142193 -47218124 -31978446 72109160 
-99707904 -93485936 182366848 -140488912 -54410352 -89863424 -42508596 -117328304 65860712 145678944 103149360 -327988160 -148189888 -32707806 -72243040 -153360496 
126835024 -58822976 141865840 -127834296 -132770336 -46223428 20453704 54023452 162887200 225852064 17663930 -224060688 124160368 -66030496 123249056 -103377328 
-123698104 78074288 11390764 25243778 73857248 123037272 -44900044 7093194 -87405224 -111516120 -174954416 178905024 114586856 1366006 22749678 -36096224 
282493248 225580816 -37230288 -199445600 -77531000 4782482 -210315168 115281336 99344944 137523648 31846128 -99623024 -26346534 -171316976 -248339856 -94518624 
-147463104 -67507064 -219920272 183430624 125415192 48338896 132786184 1063916 -205851328 -263457168 -94089864 186627104 52763396 150075488 60226092 155255408 
-160801984 162208256 -193980544 -59630204 127341440 -17835356 64521940 -97588568 -4061538 -105371160 63080712 87651856 -194486544 -192554240 -309941312 -10913230 
