16 16
-1131778.25 -749919.25 -465874.375 -1432262.125 -881966.9375 -523309.1875 642040.1875 938988.25 -1025490.0625 -545308.875 807995.875 -1139168.75 618561.125 -15899.91015625 1717630.125 246065.515625 
-916964.4375 1074587.25 -767148.1875 -2354774.75 795217.875 1667557.75 -3263163.5 13310.71875 -827324.25 1466358.875 1053133 120607.046875 1306814.625 191333.046875 -678247.1875 -1227174.875 
-310483.5 1507533 886852 -247120.9375 236154.375 814973.3125 604127.375 977245.5 2288281.5 -300312.15625 -1457962.5 474213.125 577524.3125 184456.28125 374263.75 -2259919.25 
-420558.625 991500.375 -1331033 -1318333 -1041219.625 -1174802.75 2494144.5 175592.34375 -43997.4609375 -1606110 -1317396.625 887561.3125 -338853 -2766354 31196.3515625 1313525.625 
234671.3125 -1311012.75 -335214.46875 1942457.125 -1005754.375 724500.25 -1425412.125 1302342.75 869240 651541.875 -280376.6875 -1211456.25 -1278040.75 -758800.75 -2131553.75 855106.9375 
-2912444 1264495.5 308438.375 -124271.34375 2702532.5 535276.4375 -13354.78125 -894542.125 1026459.6875 1472395.125 -622347.5 2811336 712238.5625 -1841217.125 107722.4609375 1483283.5 
-1675872.75 995877.375 -1758478.875 -191452.25 1973750 -822013.75 -971233.6875 -473246 1157167.75 1049174 -312100.75 971387.625 871881.625 -737328.125 59306.203125 1013535.75 
905777.5625 1205934.375 2278848.5 1124903.875 60661.5546875 2501949.5 -611589.75 771348.625 599986.1875 396690.90625 482335.59375 -1046539.875 257867.390625 3716211.5 246326.09375 -925078.875 
-2712466.75 -211355.703125 -985309.25 -326374.375 1381670.5 -1220713.375 -459283.3125 1123035.25 2266122.75 884113.9375 -220169.578125 870005.4375 -431106 308233.75 -234061.625 -1014632.5 
539486.0625 780327.25 -184242.1875 -72868.9375 1124036.625 831833.1875 -39410.5 -1239936.25 881657.375 646773.625 1784683.5 -504513.90625 2345717 -1275225.75 979320.25 1665504.375 
-764366.375 -1761906.75 515693.125 1710852.125 267143.1875 -247127.671875 -1909091.375 1840600.375 -193647.65625 537309.5625 -1286827 76936.578125 -1311800.625 356415.8125 -1684856.875 439371.6875 
629408.6875 1049806.75 1320189.5 525789.0625 -419366.625 1425155.125 -1171403.5 -467181.0625 897515.8125 1543895.625 -3041708 -581182.9375 -87687.9375 266006.78125 -205674.359375 -2028528.5 
613403.3125 26645.8125 1031963.75 1324191.5 -187687.25 1434346.125 963660.9375 -460189.96875 100972.046875 1053962.75 -1866007.75 1401475.5 -2235269.5 -480917.03125 -2997302 -63018.375 
-347733.96875 1362045.625 -2276550 -127803.8125 470593.59375 -1875795.25 2530468.75 -577831 2079701.25 -1599446.625 -852398.8125 268730.375 2016504.25 -2305714.5 2046672.25 183771.5 
249938.90625 668436.625 2205962.5 -556989.625 224328.5625 -825409.625 398162.125 -874247.5625 -39268.4609375 -771561.3125 -1396405.75 1440088 712856.375 -1862052.125 -366300.84375 1337027.75 
-215748.125 -1203669.875 -1261163.5 272080 -220315.0625 -342410.875 -2837707 974713.3125 -607473.1875 1446050.25 -502702.8125 -552088.9375 -1745257.25 574826.375 -2439149 411168.21875 
