16 16
1.6156058311462 -0.54930704832077 0.083059877157211 -0.4324923157692 -0.78546929359436 0.51809072494507 -1.1116588115692 -0.81853049993515 -2.1127851009369 -1.9007309675217 -0.85481029748917 -0.51103448867798 1.475532412529 -1.5108872652054 0.17234070599079 -0.18363246321678 
1.2876091003418 0.31589838862419 -0.71022605895996 0.37755212187767 0.038855731487274 -0.27847981452942 0.27554941177368 0.22522255778313 1.0477644205093 0.74556523561478 0.15222422778606 0.98641443252563 -1.7089319229126 1.4653828144073 -1.1276277303696 -0.88289141654968 
0.070069849491119 -0.89007669687271 0.4074130654335 -0.90174424648285 1.5081843137741 2.150018453598 0.52941435575485 1.4643691778183 -0.39601993560791 -0.5827077627182 -0.92609310150146 0.8657830953598 -2.3196446895599 1.5040364265442 -0.031927347183228 1.0574100017548 
1.5485135316849 1.0894867181778 -0.23335072398186 0.0015650689601898 -0.42133837938309 -0.67449402809143 -1.3326579332352 1.9132387638092 -1.2072342634201 -1.6732137203217 -0.10876229405403 0.099583506584167 -3.060750246048 0.61814564466476 -0.093221962451935 -0.3976863026619 
1.7025241851807 -1.6686314344406 0.29029095172882 -0.56429839134216 -1.4944241046906 0.76739221811295 -0.78586220741272 0.28545051813126 -2.4031472206116 -1.9842058420181 -0.42163753509521 2.889711856842 -0.66133344173431 0.82152366638184 -0.96982216835022 1.1827026605606 
0.38941898941994 0.67762136459351 -0.54665923118591 2.0837948322296 3.126927614212 -2.5412881374359 1.0829454660416 0.20893839001656 1.0833231210709 -0.81100398302078 3.1155936717987 -1.222784280777 -0.91736948490143 -2.3378257751465 2.6598761081696 0.76058685779572 
-1.9872362613678 1.1592687368393 0.97122997045517 0.67393112182617 -1.987216591835 -0.040467120707035 0.76619899272919 -0.55054575204849 -1.2142964601517 2.0093524456024 0.10933423787355 0.75011026859283 1.6112498044968 0.0080081019550562 0.4063458442688 1.1710592508316 
-0.41293436288834 -0.23898357152939 0.26370793581009 0.74073261022568 -2.4406361579895 -0.77020657062531 -0.8092782497406 -0.21514609456062 -2.4254205226898 -0.90444582700729 0.51130264997482 0.87811291217804 0.47677946090698 0.51750129461288 0.33002316951752 2.6461410522461 
1.1607432365417 -0.68152588605881 -1.5210876464844 1.6713917255402 3.0034418106079 0.29987299442291 1.5491487979889 -0.71245384216309 1.2611593008041 -0.33884456753731 1.0588150024414 -1.2552777528763 1.3076635599136 -0.42309254407883 -0.99497085809708 -0.78243309259415 
0.12770363688469 -0.63794040679932 -0.025716125965118 0.45868599414825 0.96627819538116 -0.2181032449007 1.5524070262909 -0.61751437187195 0.14200599491596 0.18172599375248 0.35335323214531 1.2575377225876 2.6867277622223 -0.24632136523724 -2.20672082901 -1.0108826160431 
-0.42309364676476 -0.22755318880081 0.39928796887398 -0.095922812819481 0.98349970579147 -0.75785177946091 0.10075340420008 0.64111083745956 -0.061898939311504 -1.0117379426956 0.61406719684601 -0.39078387618065 0.19450984895229 -0.77367699146271 0.31956723332405 0.74085211753845 
2.7354197502136 0.86021816730499 0.31774574518204 -0.026501476764679 0.93119305372238 0.24866026639938 -0.78857523202896 1.7024627923965 -0.32854378223419 -2.6309292316437 -0.037969559431076 0.40911391377449 -3.5225100517273 0.39799299836159 0.95117676258087 -1.0052434206009 
0.5455858707428 -0.53096133470535 -1.4853963851929 2.0528752803802 0.48547035455704 -1.2113889455795 -1.2438889741898 0.90139758586884 -0.71632897853851 -1.0613899230957 1.966313123703 -0.059471301734447 -1.5215755701065 0.18107342720032 -0.34038949012756 0.72119867801666 
-1.2587659358978 1.8874351978302 -1.5653803348541 0.96661281585693 -0.56368720531464 -0.79843300580978 1.7279899120331 -0.41068285703659 -0.32806405425072 1.1027612686157 0.69847494363785 -2.4863469600677 1.8245677947998 -1.4131020307541 -0.83501768112183 -1.1706187725067 
-0.24495762586594 -0.072481721639633 0.11425858736038 -0.26311683654785 -1.0324062108994 0.51779717206955 -1.0414171218872 -1.1296726465225 -0.25531101226807 1.4827208518982 -1.2809332609177 -1.349570274353 0.20261667668819 -1.8865209817886 0.62590438127518 -0.65429139137268 
0.45224496722221 -1.6149129867554 -0.11723473668098 0.48896715044975 0.80829131603241 -0.59723401069641 0.86614942550659 -3.4302971363068 0.77019500732422 -0.20481379330158 0.83452212810516 -1.0440453290939 3.9428296089172 -2.7542772293091 -0.01045349240303 -0.92857605218887 
