10 10
2134.3735351562 -5414.2421875 1223.6962890625 4746.677734375 777.47204589844 -19655.310546875 -6846.7041015625 -42.411075592041 -25912.765625 26484.1640625 
-1132.9099121094 11245.079101562 -4119.6416015625 -5539.4819335938 -16850.119140625 4465.0825195312 -30620.056640625 1660.2556152344 -21689.275390625 129.22290039062 
-16815.97265625 -11211.102539062 1276.5069580078 9689.5634765625 5178.0048828125 -8439.484375 11430.874023438 -14287.251953125 14656.948242188 1715.2966308594 
4590.421875 -6982.5483398438 -17072.953125 16820.244140625 4326.13671875 9726.802734375 -3993.3757324219 -1622.6765136719 2424.5705566406 3251.7038574219 
-11122.325195312 -14588.772460938 6167.7993164062 8227.875 759.24780273438 -8922.810546875 5193.3588867188 4722.3627929688 1090.0941162109 -7692.3344726562 
-4001.0119628906 14690.18359375 4061.083984375 -6870.7587890625 -1788.8555908203 8527.3466796875 3147.623046875 10571.6796875 224.96759033203 -8712.23828125 
14195.056640625 10349.87890625 -11061.017578125 -17118.91796875 -4456.8349609375 -2507.6547851562 -13822.396484375 1907.2985839844 -18853.9453125 -2960.3872070312 
-9856.548828125 -24583.236328125 -4526.6455078125 12027.19921875 4.907470703125 -18867.857421875 -4357.12109375 -10948.244140625 -10058.146484375 5824.5395507812 
8502.6650390625 10177.696289062 -5756.3095703125 -6452.0854492188 7933.130859375 -5961.470703125 13573.330078125 14363.280273438 -4018.265625 10756.19140625 
8267.32421875 10434.8046875 15531.743164062 -21439.794921875 9550.7744140625 -4063.7263183594 -17922.837890625 -3266.4396972656 6862.4809570312 -1712.2888183594 
