64 64
752951040 61714200 -45069592 -193600160 297814528 -71406968 29371096 -391361376 -48070548 13775534 53452580 180798176 110638504 -24757216 -148914800 -14601665 -20537974 -362617728 -223828160 244665248 -157183104 -452922080 53853124 -47692644 347910752 230786816 -42375688 -252464224 -127532456 -206080016 -155526256 -18575632 -51213164 332675104 91309880 -142517280 48624692 -177468000 -214628944 -182644112 -7408218 -303628160 706467136 -168416800 -399074304 -134947168 -130240144 186053600 -366986208 153793008 27526514 14108533 325667168 329585632 -6313564 20191312 -124017488 181115184 -134977664 -73252192 -218978000 150761104 555323392 -190760096 
-349551360 -101391696 118345288 562053632 339179072 22376694 -622453632 239260864 136202432 100666048 128883520 265959312 101691880 269787104 -276835520 165007872 -121573728 333204256 261421648 -226400960 72277384 -4335162 -20911092 15496340 218037744 -71311040 -42657556 496962880 -216998880 564911040 442768672 461395008 204279552 -522704 358273664 446746336 322149376 256586256 -162712704 -313634752 -178983920 -291541888 124562992 -17801098 191829200 -27604826 175014080 -103375760 -179938192 -261862384 -523302912 317737312 155430256 -76214592 -96709144 446241344 -7808038.5 -12927762 -92652856 -228408000 -102186440 201476528 157512112 -95398960 
603933312 -660152576 189589296 -222100352 238906256 -122647744 -6579204 498509664 -111828096 -29207644 -54539960 -88691288 -137418944 250462336 50154608 -184800224 -359925184 487579872 -366930048 -629437952 339082944 734154496 -214828896 -228056064 198732064 -210202208 -63452740 -190568288 -313694080 -264931616 -34590316 111149072 179270336 211810640 227565216 -717634880 -173860144 47466300 -131940784 -89484400 -287511456 -228680400 -122604336 36147364 -4309180 -1240277 -7490172 -560796096 160601712 -4302332 596699712 -49261884 351790304 -553970624 30119616 272763872 116418744 -245244352 199662048 -90313808 189834912 208715856 280897600 219437120 
-90312216 72807440 -79175088 319266112 90760936 -146299104 7662874.5 -556704064 -211941536 -106142712 -198231280 -78488616 100069384 187755424 296718048 -79917832 61822712 18215558 374534208 123073944 123736216 -30185050 -291827744 -151779152 431275520 -142108096 -209118224 -324507808 -31086894 743209600 -101015656 -35007820 168652672 106106856 -279740320 541403136 -419878400 -68900792 -641337920 51330520 112780808 -167203152 -414181568 355913408 129892544 26457382 -222658368 -383168704 38808796 -153016416 -81778664 754255232 -273013152 44125564 -37211280 235798464 348859328 -55353388 299017408 169220480 245521104 433369408 41560072 130795128 
-225238768 249912432 -124240736 -202322592 208980224 209190768 234619472 198951856 -138482624 69370400 -306613312 48208824 37771768 314186272 94105416 -456211008 -67406592 70085984 62353392 -343991328 130812976 -58855984 -19084040 -54077956 28494084 172022720 -179457456 117002824 44202192 -34476248 63932692 65783112 -147292176 330527648 101900712 290180384 -79680272 -311555616 -30922190 -9817144 23883042 216793936 -598337152 -72046024 -155589536 -219030800 195367280 -3854149 -117641944 -52619128 -216670496 351833248 -164157408 -597263232 71783320 -32475566 386284448 -80480672 -125283920 149596048 455144640 -41697192 -124396608 -147369600 
668575104 -86861792 203564976 -94792328 169118496 -10061378 17278078 -513598144 67883112 -124873632 326560288 -229730304 -625755584 -153029184 -126216568 137716432 -197526880 16366112 514916640 276138016 -351053536 -368464448 166437120 -18305856 374479104 -81218496 106050288 -237064032 587147008 -333470048 127641480 659908 -454662400 -11557392 -146959824 235626176 -186892384 -210122688 220154544 76143664 462326688 -199019824 344905504 -40248604 105885496 -216273152 -206285584 113276608 154033376 289136128 -128901088 383128800 145304080 -255958736 82603328 20365220 94640720 -127565480 -128178240 -6346724 -148313824 -176226416 -82585904 -106589480 
202566016 37707792 78219880 -227250704 345032992 -352154912 855651584 -89080824 643528640 -69323616 -181197984 362042912 -491736160 -255627648 340187552 407244672 -414615008 -315344 -217498848 41417996 575727360 201881312 -21218780 348363040 223536816 -92686928 -121450392 755352768 173600992 -305769760 -418895008 -361555744 443517792 252493968 -152761968 109875440 -277608928 -410269120 -339845376 -276771264 -159779968 -244011232 514093248 -224753824 49461096 220176000 69039296 174925936 219891136 -54540652 -122817136 288228224 445168576 56476200 -317597632 8808252 -101375992 -332466464 285626816 9639232 -101206672 -232342768 -82108336 69328640 
168001248 565222080 421415072 31538134 -311115232 -86012384 -152852896 -187142128 -55589964 298370688 -312365952 271536320 246404640 31028588 -56047196 -92608840 217117776 -134897904 269049856 -174034880 117806104 243095296 -519113664 -198549984 390042624 25885370 -230103440 -152126720 -122696528 31398748 87596192 16298512 72414592 -347699872 -208118448 -388202464 -13277988 -39332276 231450992 261857184 -327032800 -336741984 80728112 293535584 46694824 115636144 151114416 -219794560 135096800 535743936 -2190688.5 16810430 190735680 -502365152 179220464 112144856 368440928 -57828728 -315491360 -154003264 113954320 92477560 362892224 13919584 
-158589984 625484480 79783856 171968640 -350474464 174636496 -413093344 98276992 189095104 -66958264 200112336 -63325604 -93511824 193848832 48438328 53984656 -224000672 135039328 -349974624 -344082624 81117728 -103951008 -24011228 15327104 -227459232 12880772 427218464 -214164016 -311779456 159448240 261787440 256545584 449473536 -311248192 -221091504 7370836 416900416 41106380 686592576 168519920 -629717440 -7631596 411875520 166200352 31484924 -580663104 228159392 -54083368 48010716 331322624 -120955832 -152299264 232902416 -639834752 -483913024 150934432 143715440 -53823732 294224896 -407444608 -64515640 -117462976 -102632448 3463954 
546759296 241709664 -122881856 255539520 99602400 -19534108 -303452416 -407440448 -253916864 155259760 452777696 162970960 258261152 -20376368 -309819200 -90678848 103570704 -201409408 7028358 -260356352 -153200320 9271807 -386778304 -343094720 225352768 -430380928 222680080 -328417280 292499296 548313664 -146280416 151189072 -273500928 66272360 -227706352 -211979456 -457742112 -230661888 -149707072 -86306880 -255967008 168088288 -300611488 -7942095 -108545424 68060544 -291364576 -288979456 -181831840 -88812272 412584320 84892768 -65607748 235523904 162495712 -230825440 51106320 26964862 -104946696 375740928 -69305936 -208127920 247693120 -36908672 
-123689040 -479137280 -83404104 321858400 -217052336 29741972 -206546256 327694432 -194649424 -48753520 553736704 -572562432 427080640 275129248 -333138208 -210458368 263696736 -177479808 -488972960 -489739008 -65150268 201598400 111721896 -198313632 -76545040 -121676744 222073728 303215040 -268944128 -61945348 -274158176 -359755040 -7675604 -293328704 289807360 -80754720 106975168 404725696 18245384 208138336 -537211392 137608208 -506373920 -12055416 -236880288 -266104032 -437625952 -618491840 380325120 -63187388 111797264 -317532224 238814464 284915776 -327692736 673615104 31269040 -461071904 174252944 541328512 -33136752 209452240 -49260588 -85414696 
97780224 168396352 -181591072 82332320 591251520 -64113728 -182546464 -127835592 -114430704 99252488 -121687296 30034826 -86110560 191144960 224307344 165647088 616771840 146631088 -86073608 55128960 -505698208 93538608 270366112 -161587424 -42595096 -130695320 -209646496 122939648 90845520 504615488 -230724960 255650432 -300541600 -287207808 71582032 371627872 -307000384 -88588464 -1775959 -106979872 133940680 -117218280 -198808800 -369956768 -246678928 236523344 171800608 -96025416 -366791168 -116550504 457865728 366345440 180249392 64909480 201595184 376409600 240444528 -13930385 154557392 -101535520 195313696 -201286960 -182558720 348250112 
198234448 72579344 -198411680 -11439434 477752608 65128448 144903104 557665920 -444130624 -274227168 -268229120 370283712 207188064 -124515208 40775436 -42977912 573262592 -45759672 -450816704 -334610144 -257811280 343788288 393224896 -69433664 176362320 75248768 -392531808 170019568 -42306940 -5837642 268298672 62523960 304602560 126153104 408368288 -58001344 297048384 -276348320 183821504 148229568 -65283672 -86884720 197794272 -90117960 42046848 381535584 289614272 47596128 452113856 -315512672 268638496 58109556 48438576 358140832 170871600 46962696 481393216 -228921648 -65100460 587034880 109584296 -479865728 -112641376 350831584 
114651040 -55492328 -323874560 345263584 -15319504 195850592 -43972864 156556960 342287936 46935424 480051136 149535072 -36691548 49082628 -4633523.5 300973888 449700064 532461056 150185104 182603232 -239409776 -148320000 -178924080 36427480 -218141984 -285812384 326249024 35475388 245491696 584722624 7467781 -46373200 75362904 -189820160 -466777888 121175792 -259812064 74400456 -337355616 -93241144 205673680 388303424 418937120 -404591904 28279514 119006504 -189736688 -166007744 353442176 -60873680 -146222224 -669620352 60323876 42597912 -144556048 281409920 -404020608 -116755320 231289888 437779840 40607080 -26943614 -398699200 177947936 
-57479764 339454464 288792608 106625376 -415370368 -119461992 -147203920 -188006736 -360330112 -494506 -523851392 160447648 432562752 -75034248 316779424 -659324480 -360959264 -449332960 54035424 21938040 3316290 -294969088 -525839552 121687344 420067840 404829536 -311422752 45257332 235074160 -690052352 443734304 -175862464 14068552 38402808 -66564720 -209733248 296990880 3927484 151588480 206244768 346348672 40184176 74095408 272021760 -15442328 -385327712 -205302672 313061088 510763488 550444288 -372239296 57681688 -359595392 -541768576 -261859008 -341384544 359478144 5772310.5 294475392 -203745200 146944576 -90028928 -137334320 -19581680 
393175168 -263168880 -23623716 131319904 -164118976 -132027040 -204696096 -434682272 258406320 15444958 -557254400 -514911200 -64637876 4469528 159054512 -63081144 -141939104 -209352672 65972556 148469584 -148181568 -34090700 -34815472 40916056 -182917808 488021952 -140289728 -250526304 557504768 -107682120 -43901728 24967084 -270517568 162000704 -518504768 -139707600 206938928 -90521184 550879488 527350720 372844800 -416479456 -322270240 -25814676 -205794896 71085976 -57640864 -218908256 602145664 80448672 -39381820 566961344 -92080576 -62104552 300267232 -407602176 367010432 -373626560 -168820848 135607936 319221248 593250688 230661296 318143488 
-239455488 289966944 -307846304 -103584584 -97257504 -202159872 -58847044 -171729168 -333356928 68716128 111193680 173568896 -152414992 467762112 -479431200 217624576 212210704 165660592 223823008 -320671072 -13693724 236575200 20210830 186411712 141425968 -31417242 -221550384 -220885104 31898508 686605312 403599392 268625792 250221296 -400495392 166557216 584164736 -356522688 416586112 -59342084 -137153152 251254528 99377736 -29338044 170491168 347570432 248314448 154309360 7421414.5 -514119712 144626528 241746256 92168472 102137472 179452592 -297739936 -61144456 -191023440 -91372272 -198472160 -121804592 18663484 16144414 -175099120 207613216 
-278840352 -292171296 -344320832 -32315072 166905328 48650056 -73597968 -97255880 273221920 -191868848 303841664 -313941824 -710943872 -296203264 -73139824 525658720 -41789744 153073376 253479840 123622976 -215518368 -572227584 593079936 36239364 22344664 -209494000 -205809840 35886176 -33375634 134260896 96545704 131726080 -569927616 226633552 -159893008 366491776 113902208 20654592 212542848 145206224 376747936 -57085416 358317984 380412768 180666128 17891384 160723056 310489056 67318728 -477118624 -265443392 34508624 -69769008 384062048 327575872 -432999424 47346788 459560512 -285933856 9534618 -427667648 276743808 -377201056 -395126112 
76971288 -79823536 -535676896 170879280 325797728 -6895088.5 167167328 168191008 31647552 -290701024 -89544232 143678976 -433021696 -554119872 -118224912 352164896 542108096 -10762875 -124796784 151545056 -232570480 -375116512 291061440 315176672 -308435488 294972352 -176008464 314762976 234132768 95562272 259996144 -54648252 -487840800 190634720 -185648768 544904960 213053824 -256137136 -185546240 -182901280 212039552 -175019136 581837824 -254105968 16204150 23133926 -5984503 501477408 -75035768 -68042544 103765112 -211202656 379655520 645720640 249857776 -236348416 -21696360 629725504 -175226848 -73867368 -94162872 -20122992 -303285120 111664576 
-264719264 540712768 42645912 -310885216 130900352 198540800 455472672 88204264 144314944 128888064 -521115840 359585504 -328094784 -145928288 221876640 195353200 156267920 -83535488 -194141632 307611872 -40375500 -8697762 16858010 254287520 -60469344 -97106112 -345250048 414503232 -72448224 -240573440 67883072 266285552 227799200 107494176 392159360 -30747872 710277888 -144912128 -426791232 119586808 -195643904 -649741568 -123913552 591375104 -286232096 -130633152 -168815600 148872272 35507852 130369032 126635688 293586784 130549312 -12901322 96498848 -97065072 29806850 -207863280 455401024 -212076448 -196900272 -198356064 -5891984 -134409344 
335528512 -12054436 -143242560 -184729680 169300640 -6557524 556591104 70188656 -310138400 200986368 432476832 -88104656 -292101856 42253904 57408532 -145214240 107398960 -279214688 -691209152 -489806880 298072640 -247366480 -204578368 247849408 -147921552 -29188240 -14919785 -253128176 36485888 -91114328 -169315936 -178553376 -420574560 185226016 304650560 -103668880 -95873456 -110876128 -50019708 -37098420 118822336 362369536 -155832640 18518022 -399702848 -11837003 44420380 144047168 373062432 -212364928 22158744 -162822096 250677984 95049784 105038240 6643472 -215800576 119759000 81688064 444686752 40784396 -4146876 117356704 271183104 
-21046300 113621856 -139691408 94279952 387229984 95093856 -172631760 587218624 100434216 13112573 195430928 178971264 -378062176 264452032 -355545920 314189984 195651520 391966016 -56454336 95081056 46526352 -24227014 134869232 423428736 -387142112 115191456 -347947744 600494208 -12718872 117513640 544862720 395368448 -201045824 -174652320 57869808 210640000 -265612640 -216942752 -399833664 92021496 329180512 79287832 213176896 -175851680 -237337568 -12126887 -238006384 82900560 -4618444 -21719176 188619264 -146088736 326796544 1475592 -112261232 -168566496 -144846976 -71499144 -73021112 183124592 -505290400 -609549440 -82711856 -124724064 
-199456608 -459045344 -103806576 113800008 -187793104 -419433504 -142991360 -191956128 -246580832 159553648 -11769034 -559042432 111220560 186740016 283590528 409791456 -84978096 -68660328 -107395256 -282653024 -140869328 55435836 397741280 -282806976 118930760 130652832 -146420800 41680292 222215840 -200201088 -347040416 -55987572 -195844496 -276824096 4900693.5 456630656 -284551808 59721512 -74646992 -203130240 51132420 134370496 -332169984 -126160928 322746496 152011440 -103717240 -144865120 129010696 46490712 -122616992 195226304 -370922400 48275324 286624896 -67596280 250801600 335478784 354138016 7478727.5 68449352 -83500440 -59890368 158325040 
121368352 554066688 -37274584 -261993152 -114114544 -35808896 -496563872 -612615040 102692224 271429216 -356812064 14333718 409239936 193706032 63553520 -272971968 -5521820 -683492480 68292752 -247432112 10635094 -530127904 -156524416 346914560 139575520 364911872 -370214016 37731648 -166786992 96059616 146461200 372441344 162379232 -185752560 -424266048 738539200 44868204 -307191552 175964336 610327424 85054048 -215644528 -8683786 51500548 -533624832 -377467968 98800320 -334315296 -53453608 243666752 -101842992 312446784 112730632 -16990644 -244657984 -244870288 351728256 -109410208 228866688 222842880 -401178304 119805480 196017952 -49652772 
-415072928 7987580 28327306 -257447376 626959424 -1179204 -75314304 316069696 -244741488 -139823328 258085856 300029440 1992854 94763088 -33210612 175899264 707710720 349983104 56388980 -269714080 -269032480 125340008 -66045888 -571379264 317536768 -285618688 -533837632 310631232 -98027504 294167520 341662368 -117688544 21659264 284746880 504324288 -110140864 116574448 283243456 -182596656 -221331616 -129088480 469654976 -191376736 49721080 -183543776 109440136 -541278336 -87879256 -294448832 -139360864 -145762048 120819920 211096512 312152864 -200489152 -191557312 103115320 223697264 -165860592 -75516840 312896576 -622318912 128784696 23960216 
107164688 339394560 102962304 -139624800 154254624 -61589624 -57607752 81595032 -715255680 141926944 -105874880 47524860 122944688 36126472 103208016 -133646808 134203824 -285562496 -175930208 59879904 -131909416 205671680 297643936 -65428028 102057328 243579888 -246890976 278651456 -290099808 109159480 -342420992 45962408 253094400 -183150288 279044992 450112064 -441843648 144687376 -525850752 -330966464 -381842592 -145700928 -447583968 220200464 -330055392 113801096 311126592 -380028032 -319354176 -125166352 475484832 235583104 286135840 241831616 385556000 410113120 -39834992 -242121104 86852792 185760032 112427136 251673184 205860624 182645744 
-67608352 355731520 47035568 406893280 213334816 -61846064 -276390624 -67372120 79847744 230214976 312999104 102781184 112172032 -30906144 -283642880 -78076912 -84755104 -139372160 435096704 -17761128 146916032 -191789440 -52936224 101960512 88357296 5969544 331832384 422009504 91137392 360554880 265327040 244677120 305934144 -222769088 90919432 84396896 -142956080 -46490936 566171904 127750424 32529700 239809664 225661104 54193736 413333376 -298871264 446038592 209901152 -169538016 389547136 -539864000 323884992 -53799680 -307842016 -73466736 -12363312 90777648 -64171920 -69332064 581257088 -119462240 -545093376 193832704 -215901312 
-294495360 -1590794 316334656 -460234528 59107472 122433688 508157888 149873712 156172064 -45913420 -1256546.5 375554720 210586976 -108662400 494173504 157291952 -64621416 52902948 -59299540 -84111336 167648864 -144078928 -118392792 379627680 45274784 235470032 -284687104 431914816 -331416224 -282086304 85579280 295799424 540421568 -373170496 122394672 263176128 -172578544 2231281.25 -400208032 -67984528 -312926208 149712736 -37065936 269650624 173313520 -44314660 98132192 225972352 -42310072 320221824 170344208 -228668320 480985024 -312020448 -69343816 133282824 -193498832 230185840 237361504 -108167936 519060800 103729064 -99356816 -95492240 
171209360 -138215488 380902176 -411563488 -163260448 22279036 18463936 -51287372 169893600 -446499104 -203872032 322965536 156369664 -893044 -152811568 282525888 106932048 -178267936 -323576096 -328356640 29236414 89063704 -239657744 68927704 25095724 341974304 20309516 -203661152 -715896448 -258553664 257094752 287870560 -343268384 -348050464 222219952 -262396544 38545680 -835565696 59308032 -100959832 -96162088 69874672 -187236624 269128608 82780128 -345000160 -207695792 356447584 -547107136 281946784 384737280 129620016 51714184 -309660864 -122672800 373349632 -73576512 799508096 19606908 -245154704 119224528 105447600 137248096 -261940896 
167589776 -23996732 -129470496 -84728728 35026972 172863296 93156768 -420930912 43981024 420601216 391550720 189211856 356227776 447810432 -25874012 -301850336 276560192 -553321472 -601596544 140381696 -457146240 -40169728 353454496 -302601088 45094512 -82800976 -365311680 -645734400 14898320 446583264 -286337440 303075392 -189185664 27062568 -95958624 98371976 -52414648 -236191136 -211397920 184557120 -315268224 -314588928 -422707840 -352241920 192526272 -236620464 77214576 -415949728 -303961248 -194963072 82594728 -282940832 -555108032 68003600 543311744 391601024 136722656 426411840 294653248 44340696 14332256 19318200 376293152 -228490688 
-233635504 -261104752 -10145834 18573470 -172069136 -30049976 102528216 -616899520 292691424 -229187696 251310688 -30606730 98195728 -440421248 45126120 45868896 49049976 44805212 434291584 84181664 -153743472 68101904 -42689500 74345856 -21436144 -6743056 155247616 270677440 167359024 -301228544 -155396256 46581900 559589760 43263364 -523359712 392998528 405489472 67641808 -25963052 32797760 399736768 -358093568 167224624 26575416 69178776 176142448 166830336 -182866208 116925184 298442240 -21767470 -339261760 -352291008 374008128 -510288384 -358824960 104052176 70202656 247569344 -168188032 53972928 156684368 196421328 143182528 
69247504 282930784 -367760448 -182919712 102582224 253380016 151724560 -7843176.5 -151695536 -38111628 -88256232 258342368 921078 658493824 -232065312 103099216 24957260 -277982432 -50041912 -445828640 -323372576 -449865024 25712922 -140188336 182507360 415077792 -395543424 -338026656 -111997296 268458976 251724912 -221310848 -79061576 -97214336 322492672 284842400 -2137478 -691379008 -392458720 501205856 -198955792 -134422816 -466072640 -316119808 11715401 -325501728 23080024 -271564832 -346355488 -487992032 -525538368 399290368 -609647424 -48362568 114083064 -103230232 407973920 94616768 28960936 146248736 272506848 234827120 -295303136 -292202624 
-90834704 -453757792 -27725348 73091712 -163228704 -314263168 -30242548 -97195912 -94853600 -77787536 -303350272 97905056 -67071480 105687568 65949952 230324608 100047816 -148730928 -378887296 184949728 -236520992 262746240 136688016 670081152 70935600 168613184 -244145488 72885568 -581052928 16745764 643772928 182679616 57573984 -138136944 184267312 -152059088 -297461952 121970096 80500320 -94101800 -134960672 -94926832 120249776 -170119600 278955200 280353376 289665664 390076640 -289748704 252790832 300886432 305335104 369127104 16799152 92928480 22278852 253540176 -1313818.625 -507028512 -197544704 87307360 -94778872 411610080 253390752 
-286178208 36081716 -173258592 215934480 -263037520 270257728 184950032 373015040 -858664 -370673248 111295888 -296338176 -369381056 122536 -102075568 -113170128 372549728 626737920 743475072 406226464 297681696 87626600 -117822704 -144643488 -228573504 -549407872 250924368 -223905776 -109957608 -370232896 382362144 -668768576 -260558976 -393848000 -30709194 -660325120 -118076352 -185656800 174433728 52563552 -36458904 45331248 -68207656 59008856 257674704 -334687328 -308274080 -170916480 58971440 -137406176 -166115072 -245156048 -584466496 -496386304 17841568 306043648 -297225792 -202464336 206718368 -94522568 -487683296 -175887648 149666048 -238548880 
125744016 -487776960 -234811408 -147070944 279582304 94543744 -379584928 -726863744 238321696 -10000230 143220064 -303106304 124580816 -174816880 -571871360 166720224 -97880712 88650800 257616928 455595136 49147400 -146395568 196408496 41990368 -170337312 -248061600 175443424 -320873440 446902560 56135716 46995296 148044992 -287531968 422384480 -168114048 318189344 -89461056 -74195968 332742528 219365456 353022336 -161299664 119818104 -731186368 246301216 -64582576 -112421280 127958448 -343557344 -201340208 -90014080 563411328 151547184 700581568 -292165248 -245206528 161811280 -62301864 -405419328 93777184 -108130848 344209120 715357184 245856336 
-86123984 271337120 176274624 81182952 124864552 -164177184 -9035710 254541136 -317386368 170697632 -182606736 171947168 207473568 -77537904 297024320 -194593888 -42191380 -805698112 -400087968 285796544 223520240 -121810136 28543084 997153280 -438631360 171118976 -197441152 727968192 -282717824 -440003616 -65818124 78605248 566115264 -289788576 -46236988 -224771776 -267045312 215577248 -45323680 201236256 -247239616 -790631616 366958336 475267712 -386184032 -512954176 224822784 113942336 -48028484 211477472 -225173680 -275043904 359870368 69594960 -233525568 23371180 116949496 -385951264 476106432 423729024 -431814208 -244738912 324161280 463048544 
190812928 -154848176 -6097988 250135712 39008836 -273867776 -72751168 -784119616 9016984 547531328 869576 200924848 -325732416 447489024 170143248 253766400 -243670816 -514391776 -261545904 37494592 -340868896 -294366464 227379456 210943872 382184736 174677056 -67137024 249416144 173198016 331905664 -317529472 485737504 -268913408 166347904 129492280 231831856 -281849280 -272477568 -632571648 35713108 55223052 -251147472 -72831480 -199010320 -33797896 162613600 163445696 -129277224 -62620644 -190870960 -11795746 602548864 15774447 243124720 729266752 131449552 170531296 314552672 -227467056 105838064 -54458472 118203504 225202512 -401484960 
125472408 -134810032 -26060606 -215962784 351200256 43572144 -172007072 146072512 328186880 -501553248 -266903616 402450496 192177152 18490952 167108656 103998152 -94521224 496368576 -268655328 -44230572 112829168 34851260 -754175488 -310579968 419887840 -49280144 102489664 104696968 -414169856 181209984 113019488 -193243344 303901056 295203872 -38898528 -277743936 153951808 144376160 469547328 13583280 234424576 200493472 338830080 -93400416 -384939904 64647840 258678096 202514976 -75286880 -286444800 -454502048 287357952 3204085 100396256 -602355456 6388236 170340176 -211104352 -94028592 -91070960 322021312 654520000 434066976 425692736 
335147200 -200596352 -80193664 131822608 414590400 -19533444 4957284 246210624 -101970016 -160022432 -612670720 174395472 401496768 78731472 746043136 -162653888 -72909072 -358136736 -281301248 263108704 -95074504 270442464 -8735454 139417184 229908928 -62541528 488164000 -270920352 253265984 -76632824 404342784 -121600176 141575504 160737984 192112752 -205647952 -213189440 88946960 106885352 -47337296 270071776 -101209056 319389632 -150874976 91829520 263209952 -103217512 -108430208 470993792 -556831360 -191922656 262274400 -217433152 125303536 322900608 186030736 402054272 -572408256 111619744 126056112 251333712 -6829566 137248448 451113952 
253321632 -7252152 107652224 172399824 97055848 -295096288 138946112 -156263488 -153320272 52901600 147273632 -190611280 13453616 110293440 -297682048 83106480 -244710016 -265381088 136341312 13259928 386090176 -78463368 -408951904 2297536 -9424362 277708576 51383428 59928552 -259728320 242759616 -177887216 -162926864 191281920 -56107936 242218336 -504729152 -399533568 350655424 275501184 221907344 373500832 323339808 -282804608 377785696 -235133696 -103767968 82289720 113319080 -15608020 -65139204 -111913136 466178688 256803520 276144736 -230717312 -57008140 -113186680 -95833576 40553864 481817984 442188576 123460576 -34811872 -31409236 
168484992 205397056 -72564128 405027456 -267988512 -7052841 371424512 192164720 -505752096 265875024 -423476384 128863656 -244989344 150398960 362602592 -333413088 -143007584 -120450264 -63559700 -346049792 -266067840 -84565432 -254499888 21682504 443654656 63816444 -80629688 -390787392 205806544 -250035408 -190165248 -279981536 -325711264 217490912 -129620376 -205383632 36638080 -276797792 -277006560 -396093696 -149183520 -38348044 128991984 375186880 23723590 -559656064 -351308128 395298912 309600512 502133792 25758146 152471936 -178091472 -690811072 43805576 157771392 -49444732 82069768 241074368 -90969968 -414790144 -66241000 47704348 -348793024 
-173572864 445344480 -274840320 -91217480 162276832 261722768 181018240 166825008 197516256 -238736784 -149197344 387447776 50094848 91705528 -123945552 292949312 88673640 96268016 276724064 58846228 617190272 -299803328 -273230912 -197828128 47010400 177285456 -259401376 31960824 114323832 28101794 307145536 -136529792 408962656 135919584 -112894208 99113776 97806360 -460251552 5446058 4036096 -26525066 226396336 490294816 -184846736 169438800 -225556176 -193494928 -3416072 196769056 -474905856 -455902656 148820736 -272359168 106749616 -137621856 -38361624 -305871904 98640960 287717920 -128682320 -262877600 -204433392 -83862368 68577640 
-144584864 267018432 -36610096 -143684224 223435792 120503432 -248411232 163629440 -416736864 39009240 194002688 126338072 86229088 91058096 -33816908 -217631520 101359120 -349027168 -78820552 -267571520 359359136 -536977152 255500304 397243712 -118393896 400922336 -151710736 218485760 -715463296 220908880 60625924 325424832 271103680 460330496 -24916416 161401792 -325625216 38716340 -946910 141161856 77211440 248833856 566091328 237845184 -374569536 -70221168 620998144 213765152 -487332320 -125299360 -87359072 -175221280 269989600 181610624 28415156 -126063936 34827112 587690432 -239715760 212436960 -304905312 -163604832 291982560 253280720 
-337755104 99973344 -93389256 225351008 110078960 465541536 -32119392 95543344 133712536 197427680 124142160 180277472 -293602432 -71852480 513916000 286711328 -157966944 198750288 409967712 277868064 37755248 -455315776 -287465696 -160383056 137634144 -215927328 270100896 155524448 503965216 120681776 -221611776 -104960216 -333358464 -417566720 -38803340 -112145688 -74005856 -68489840 618661184 164882496 -29109388 676777472 419410592 -290200640 503229792 -434575008 80715416 512120896 114420080 -19271500 -636534336 66991416 -234778272 -454692544 -50501104 314872832 -210323024 100923600 36198876 118343936 -509300608 -122708440 -277453056 -287165696 
249442112 102446320 -55920112 197402352 -350829952 164710720 -208431632 22586668 -273136384 -143154336 -208872432 -65555900 142081120 -38230024 -558957440 19384252 2489432 295495136 517016608 -40365648 -86534744 197676240 223248336 -341564608 274657024 -131437632 191083296 -311561472 284470496 -261701200 223647680 -255895872 276351552 -439292928 -108168208 189798864 470098304 51462092 143572256 -4709732 -153923248 -56869232 458947840 -206399296 372762944 -40556108 25181654 -222175168 423472480 -116902704 -54401568 -163470672 -45334040 129276928 -463750080 228261024 -73033208 -541349760 127219296 -235245136 -99359072 202386176 -632170752 -72954424 
-292256896 145974848 34679168 261365888 -405758400 -263787296 -473152096 540879616 -95857648 105482224 211224288 24419470 -544745536 845430400 -244059744 -124060840 -1812168 -185462752 237921184 -154325776 321254304 -90372720 -394608128 134174336 99754104 251269504 -268747872 659021888 -413130400 245684096 210096432 127023640 93709376 -824956992 87728848 15092280 -205982848 508568544 67363072 117754136 -432940352 -16112040 -349437760 325868960 -271357248 -11785773 -261958368 -662769344 -237628544 -98628936 -307176896 -19436760 -45158376 -413622784 -85072912 446447968 -57517240 -293995872 176757248 -176619280 -618325568 351294 120306456 5833490 
-250991568 -465066656 -99117016 -155915120 479528960 310438240 -11629713 9329488 343846592 -161155968 -131575368 91143088 -88200544 -192862528 457979072 58136416 151061856 187056816 185345632 298663488 260350960 -151656480 216919840 -169887808 63247008 103644696 -290544960 217467872 212262960 -170251120 167663088 -65411788 351798304 -156946560 -25181576 172584656 -249267152 176977072 156500320 15448111 -44617888 172642368 335775360 -867865088 301310464 -55239596 177494416 -271807264 -282285760 -134307952 -19412542 -450202176 288789056 -99521056 285631808 -102649704 -142275824 -87975120 -51001208 190365680 -10813759 6295866.5 235732992 40885044 
-421339136 -85105752 115753536 -193136416 -467679456 -356788576 98661544 -33347646 -139544960 -178005568 171559712 -215707488 393721664 357446368 -98890120 -112897736 346704288 123198592 -50135168 153065920 -29630568 250292976 -122989304 114087256 37390992 -129110536 128580512 239822720 -447746240 72651456 40216732 123286008 282839808 -329928608 -6659355 -12494994 258367936 257134816 101153264 112461024 -245383104 -125518232 -305463840 443781120 -243095568 -113377680 -90789560 64221704 -204704256 489304640 -97107424 -190458080 -92766624 -177293600 -331972704 351744032 -366771296 78391872 168138784 -243203152 160043216 193771536 196947040 101793712 
163508032 20900160 430722816 -432715648 -139815568 -89105672 -93471328 50915028 275344768 44452904 -133102688 95785616 -267016432 520318784 275930272 -223796768 108093816 -211191680 -351916128 -386326720 -21958304 156947200 7699953.5 -58676360 280809920 272136992 -364870176 -309172160 -346457088 273200640 173983408 135266624 -362599840 182178800 -26824088 -698383424 -128527872 -841192832 148066672 678417408 -112610784 14377112 -51518480 -125299520 139987504 -171173472 -69724320 -280444800 60860228 91448768 -37546836 147617216 -175748752 -576930560 336775872 150817088 340470208 475116544 -276631296 -175070176 127546568 81228888 309081664 -143529984 
-57442280 -136027008 158256656 -441550688 171503424 94264576 -229452128 346434976 177353008 -30423352 -305285312 -35367748 -232589840 -108093624 281880128 282449152 -226014688 579354048 123710088 110663488 -78594776 202767328 141569936 58513064 201042080 -192299248 -67353648 584385792 169962688 -503106464 -46004840 498700 436006560 -257119168 451729152 184317120 -66377296 248452080 -78920520 23799896 349376000 -202899440 -9133300 82975552 -2554636 113545480 95223848 -84988488 113108096 54680008 159289216 122670224 -244012176 242475136 127916336 -19083572 203507328 -919198656 204001392 30714224 -12992300 222551520 88664760 12150992 
-437241632 511252576 63369960 -163740592 235031792 287280928 -526991104 289423552 500018080 -58753044 -123877224 745141120 -134790304 396683456 -318548832 335695136 -5554836 441393920 303741408 -461338688 509649216 -162930384 -328964352 -122464952 -85008064 68431280 195499712 458063456 -186617488 2629840.5 456968096 740803520 542592064 10315124 -508770560 529426176 43608148 -237769968 237583568 565728 -257512704 -117071096 660802624 -161299328 -147232176 -166274736 242884752 -153445584 -301792960 -104855224 -295088608 -86638832 290631968 -465130368 -518172000 -10759890 165159312 238203088 33582588 -321821856 -590481920 -315076576 143033952 105060040 
-196847728 -10852552 -105588416 256938960 358544992 389483616 375502240 496187872 -341158368 56879280 -241526768 282789600 -157063456 113775688 395276896 -496407872 -12403132 -152616944 -44303168 -577939200 292115264 52944824 -184468240 214994624 201519104 -216824512 -416860256 -95054512 268220160 161792784 -164408528 21734826 -267717056 477390400 -65407924 -319296128 -7188658 -159997136 202419744 447619456 178546496 -403700288 -162619648 85673896 -285926048 -247495264 268434864 146609072 -340361728 -157368912 -104608816 178369824 -26746950 -282686048 -304414016 -74120400 345310496 -133220864 -40901288 -100196048 -424322272 -273393120 508215872 284418080 
472557024 -72508568 349356960 -225119888 231815584 113194240 -291883040 319453824 92176280 -181102016 256841312 -189296480 132542576 -163271824 15519298 64294324 -56770960 274859584 -264107664 -157334752 -215755968 220044928 382567360 -39623216 -116051248 -11042896 41178864 348446304 -617242624 337051232 -44667532 -315384736 158147440 104926120 370233792 -496357088 -61243728 -213087408 154458192 440878112 -169099552 -42264680 -138905968 -42638244 -347160000 22460328 532070656 -249358272 -227511760 -319275584 75093936 -18246722 -10260371 30154266 316282496 422186304 273825312 75657272 -21789962 -52243524 378815744 -29858280 154392224 122626984 
133812528 -3365548 118500840 79961632 304906080 282481728 335310368 483443552 -179176416 -18588792 200105328 -9158528 400948544 193175664 -475505152 100244752 397833184 295835552 -62532600 217816960 -202787216 737477376 -329140864 -504178464 18321224 -112459240 128885392 -677697920 228977568 -79931968 110210192 -428221888 101800960 -656554368 809890752 -190168416 103554888 351070400 -64793256 -224195264 -212363552 165486192 -399384640 -67722144 537588352 160817616 -638898816 97943672 175994160 45461364 65620116 -17986396 -472335200 -18700592 71153888 605047872 -518862176 -544068224 151316512 74912560 259167040 2399362 -97700448 27509338 
474095488 -372988864 104872600 4263911 225104896 588967808 159827248 401158176 177382320 -528089120 -482713088 -92970520 3280642 -170320768 -133381280 172298896 72763968 2724128 -329153696 -142166320 -146796048 -218555168 148466208 44174100 -247160512 72405040 -350399136 -208285392 6478220 -304375552 554392064 -327903232 -356251968 243854992 320037248 -118767832 229912512 -376494688 -173607824 400500320 179234080 -415777376 -24027344 32139398 -336784704 -105802296 -238225504 -111831736 160533776 -79783736 238830672 -99981104 190338848 24913032 198638496 -241710080 60072416 155351680 -201417088 -152304128 -10699530 197199904 420098016 245866800 
-403657984 33130960 264443680 210464304 -16506243 -147825488 -55099956 -485444000 -241158752 224986784 753573504 -425783328 181362048 7887080 134342144 -134805008 -49737236 203967680 337857120 18042616 -5284711 -135560384 -16992910 29588560 259387072 -667884672 475652064 30891566 451215392 -284017920 -292285536 85652480 -266595648 -197907728 -212374176 51600064 -51521928 -52681736 181591808 467728832 -326561952 -245284688 246236592 155417280 531571872 178503296 -84747264 -48716040 485224640 156777552 -179394336 43829852 -442104096 -300014304 90283072 131662360 363771616 76132552 138919584 257032224 -132588736 204251728 404393664 -61204392 
246166240 -155510928 -1129475.5 64481632 8931775 50349308 -301824512 356874400 146155344 28647004 -523643584 -138915360 76516960 -189318400 113271664 -725342656 46404532 -71897872 360128160 -145772432 -78160920 43499600 -148799664 623618240 -424283136 198113168 256420832 613516416 479842624 -318982208 24391094 101359344 -36297456 -184119856 -147056864 -181354336 110841848 -144615360 214460416 275691232 554984384 -396373664 129113472 -306539904 24641838 -275699840 82782128 -138182736 265569088 302199040 81657920 -531496640 -227546544 -199722192 -324179264 156873344 -40178392 -505040480 421324416 334069120 -181890336 164920560 -205064080 376763328 
-373939008 -25831184 105327328 -105962280 -86587712 7954188 84146696 -255671968 78791704 -177073760 455020224 -112685040 -52931488 75341896 99523872 100821456 536473728 356583776 337162272 -407940384 442770144 -498021632 -493772096 277981760 -47523000 26556428 58495936 292615104 -73118472 -227202192 -446672640 -291495232 236099856 -356863136 -299008032 -21158964 68585632 -167527648 13784806 552312064 148512160 -177348544 237938224 -104961568 -160668960 194132400 92095712 235626144 -582564288 450948544 -253061200 -261195200 -177339856 -152180048 -67686976 -389811872 -105343136 238962768 -171740384 120998336 -301022080 243075504 43072724 469470656 
-36480232 109263912 112546344 406007648 528761888 -23215412 138327808 267116384 -164237808 37352456 -152402400 157379536 -152031952 552298944 590553472 -21586026 -165425856 -208776736 -390807168 191461552 -341533760 -376688544 -133995832 -77954304 451158432 76032048 -155798608 166488848 84000752 -262231504 45247296 -63790192 -229132768 243765120 491165856 -284953824 64183104 136541200 271219136 272935328 207498112 -240146640 128779776 -88109960 -389585440 -300630944 -58579 140610944 541906432 -379630144 -413061504 690607104 -52174080 -88124568 285832768 9734064 252569728 -552641600 77008160 382256224 82459208 -285620064 348293984 -246392496 
-109249952 -275542720 534948256 -119671384 -303559104 -38865768 -226410432 -112638256 381380736 103761536 -116396720 161774832 376059296 1333256 24148416 93009424 -361429792 -186048560 -282969760 -3610742 173167632 -92770240 -436785600 -56858692 -142879232 116373568 -37384200 385165760 -172889824 -396438432 108847872 -111060880 -149373680 -123534032 -20089172 -41869280 -133325376 157111872 48083104 170940320 -138188816 190359280 -547848512 -166695408 -388200640 137404816 -351917760 -211382208 -56176340 321828064 83083536 -266782240 354119360 -156396384 311703072 -213299280 22564202 327665792 -297000704 -266901360 137521696 -25032736 256586144 -397141760 
197367904 578459520 248888880 228590336 -35744112 198462560 87840424 231985856 -321907616 -44852396 -180244752 386732768 -258696144 229570784 -18524576 -174136960 -87284664 -358096960 236266016 -470387776 579665216 -602673920 -774723200 11775312 529660896 535466016 -440833856 -157384048 81583192 131679392 83577008 -163713760 -106842312 123241616 261882176 125226960 -443896640 -134823584 -365698304 -219473008 -43525992 146455696 -103737760 196344672 105777584 -207125856 -590744576 -67785696 -194494112 85375000 133103920 153933312 148174256 -477650272 202878752 387552736 -275805504 187818896 412602208 241663920 -165673840 -138098688 264731088 -70795936 
-62564680 -21652674 243292448 -209575952 414649792 93451872 -244475968 -38982712 166517776 -115858776 307248384 -87483992 -126850736 -255843024 -139343856 340644704 347295392 286783808 448797216 70313648 -207711360 -100627856 342631968 7746523.5 -144793568 -227909632 126891224 267427840 184780192 -229768128 244316544 -80030480 -75923056 -30393022 320859936 -250057952 -111561200 -306154112 83770256 94324992 101132248 -155804048 81056264 -138701520 225816976 -52383188 -378004096 38916044 58831444 -212432112 -39042256 25915690 -136803888 263015984 268456864 138955376 -99357600 -41657148 201581392 -10727188 110375448 -335034848 158863152 67683888 
-257545504 287645792 382372288 38497476 -228065728 -79523296 -100490064 -389455200 -112092256 202510256 188052608 -403967168 -137004928 -57779836 266883712 -173808320 -205426800 -98651376 156560832 -18400908 -106525792 -742929216 73936888 -47479304 187656704 352554496 -94443440 351534752 405480096 -117046192 -244734176 -32829916 -513454784 -308442784 195855568 23821492 118838416 -194858992 269822368 156292080 252013504 523783008 -46666592 142005920 91648456 -543312512 -132515576 302109568 -111174816 399978944 9413064 178414848 -130914016 -399297344 214597936 -176510080 -241914656 631937472 159557616 72763616 8745908 124303176 63139796 -539859392 
-555642496 -548813760 220151520 -333339360 25539972 63825368 -47440380 191893744 -19141176 -44516616 -101993768 -444504256 25676524 282466528 -163771792 174750960 128916816 166588384 263040032 -274058688 254436960 -311862304 75329968 -90223848 -290179104 188195776 -176216160 301253664 -174285152 -90809784 338064032 41407116 117187424 160122608 79890320 45881396 7907344 18653164 428845664 71618000 -60802192 389032320 -97075152 -141375216 -47076368 -500942048 -106437008 -419478176 -232173120 194128560 -304538048 -126316600 131788560 -257558592 -340431456 217108000 -421715936 426440352 307210112 -85876416 18205400 66312464 257153216 146370800 
