16 16
130317512 35511332 120924576 128963616 224527360 -78635008 -139740272 83134776 31304578 9701112 -263276000 -116173152 -2649916 -134203696 83519736 206302528 
97550112 -55326456 35671496 73081832 87309520 -3740380 -120938864 58888268 214058368 -20361192 -178334688 185983328 -21449664 -186466096 79755000 210884848 
53120156 -62973580 -109077416 -120243640 -221784160 23078484 -277801088 -27699518 -220523248 -38802924 150054000 -7543040 66100464 -48979676 -90815480 57795540 
163274848 223394016 69494592 -149433536 -164589264 110328600 80451232 -28035370 -46509648 74446816 -192916208 -192764640 101056584 40787516 -57078872 84329872 
-125032896 103435296 173648064 -43548344 135078624 4286908 359529408 -32832218 -7090786 37358252 -82367984 -213658144 -31862678 163523152 111696560 -200559808 
77578288 -61476532 45382408 -149463792 90413344 42691760 -4298561 1812530.5 -103527600 152681504 118431944 -85513456 -123072360 227552688 163560608 88921064 
-855872.75 126274592 119772504 295236096 -43300448 -151852000 -11847653 -6731342.5 17866492 -187788480 -278536704 -35174680 -22839978 33220910 -56057668 -59558552 
-100492 260496576 63759792 41906980 52701104 50101484 100200432 210073728 -139722272 91916880 -249912816 -287928288 -32181918 120883128 210153120 84011184 
-81547344 236681904 96010712 -227986560 20083470 272629280 -88081904 168364288 -168927840 67600192 -26084586 -213138272 -53320148 -36048480 235366464 61909180 
-176634672 -75125056 -153270128 -217964112 -52522088 107007240 36429032 -133994424 -13310417 -106841616 205894656 116970648 202114144 -148388336 48149248 -43362416 
-233113632 144674688 51980680 -6716624 -85500256 155660144 -26432256 -37705780 -189226496 -187378336 212176800 -23019176 -190189344 155880736 91995120 -209582160 
-2282672 -272392128 -99522048 689072 -145016960 -130839656 -23930776 -246557712 32320520 -142674112 195873856 180951840 -31891020 83993416 -270402944 -212911376 
-154521968 84250704 164664832 70365496 121279832 9000521 76368520 37943764 -161645792 34349984 127014064 -201820992 -192879392 85336624 64032800 -193728352 
-261315248 16082646 278704192 76016768 152882816 -49492532 113943320 -34878988 -32581272 -65339884 19322676 -121436848 -156114208 -16968716 -1104456 -306793408 
221581792 -183385568 -19616048 6962012 -78582864 -34368376 -170214544 217701728 -149302864 204140288 126185984 8341172 -62055056 118676040 -85016576 68773152 
14699230 152861056 -62458368 -148451040 -200393648 14860632 99026392 -54094752 -118848048 140925040 203280288 -118986416 131421040 201040608 -42516912 -57720620 
