10 10
-58.240791320801 101.55210113525 171.04736328125 -143.88174438477 -55.240005493164 31.306419372559 9.1059875488281 -2.6954727172852 72.071487426758 -232.92739868164 
-2.6124815940857 38.102210998535 227.78886413574 -136.4026184082 47.72766494751 86.072967529297 22.647901535034 -7.1074800491333 -59.490119934082 11.547857284546 
-85.753356933594 223.95635986328 267.42645263672 -112.45880126953 40.766426086426 5.6102142333984 -0.10536193847656 -3.7008399963379 -44.216758728027 40.142211914062 
-84.195297241211 3.8102684020996 -62.507785797119 -89.856239318848 146.69007873535 -63.826194763184 98.9990234375 -113.26266479492 -59.09423828125 -37.65503692627 
27.174777984619 40.309085845947 -159.42614746094 93.151275634766 -180.34643554688 39.772205352783 47.469329833984 -43.683570861816 26.898221969604 -26.990917205811 
-28.067581176758 107.42652893066 -5.6532649993896 77.204284667969 -176.03773498535 -27.381847381592 -30.545749664307 -22.128261566162 123.87702178955 -80.645767211914 
61.620101928711 13.218814849854 48.372180938721 59.074203491211 -116.80924987793 -126.99345397949 -114.95993804932 -41.514854431152 199.27471923828 75.796768188477 
63.136344909668 -220.83824157715 -200.70072937012 61.871765136719 -58.180793762207 -20.286479949951 -86.186157226562 49.921447753906 53.788238525391 -41.442771911621 
-2.2186951637268 34.810222625732 6.3989610671997 -76.026191711426 -49.128452301025 -31.4261302948 -96.058097839355 104.10904693604 26.663970947266 -169.53797912598 
150.69831848145 38.17497253418 -275.10888671875 238.2813873291 -0.74700927734375 -17.380275726318 154.80244445801 28.675386428833 144.9242401123 -16.257711410522 
