16 16
-327637728 197465280 -194768512 179339408 8803264 -1477680 129479024 336814208 103477584 -177152896 109556864 -203234816 -7577074 -81812456 222044368 53278140 
-19684758 104020904 -91492720 -10056863 43306436 -65177804 159766896 -8049123 39225588 -87979368 106795800 243531760 -298668032 -89374056 222831728 23458680 
125543344 104100024 -98628064 -76931232 -87040072 -513704 -6749832 83060816 -46672728 14804248 97740896 -271629920 103418752 -264576064 68157568 -253845360 
8328140 71349000 102864368 -25602370 -95437760 140829856 -203519728 -219645472 251595424 325400256 -70125048 -43789760 -8417170 -105880680 -255761648 -2484432 
30080260 61957628 -77707136 13900424 -35396600 23609732 -109880368 -45603196 -65715084 -33171964 -18179028 -46990556 101482104 128522064 -279567264 -165833632 
107808752 193633968 -70980648 7592828 136836608 -117457936 -55272720 -6200162 99868320 19428294 101009184 188180368 -116986528 -1143308 2218640 29420268 
-93337512 33208156 244250208 -108865176 -104166048 -21820120 -30727972 -259757184 -906882 -84185272 -232033760 130691344 -71924120 -202451184 -226935712 238667776 
-235567424 32688490 -58970412 238254192 -123101856 377945216 -60173904 115562200 161931792 230940960 -90236664 -397860064 328969824 94263920 -24930172 -47630856 
229537248 -45871972 8565457 -102255760 11909924 -140266528 -59725812 95384216 -60099432 47224876 36199256 -52493680 128247024 119553160 55885228 6522876 
88473728 -41032040 59658888 45192500 114102208 -154848672 4863440 9239410 -15623299 -47230128 122676504 13079284 -59186524 -188769056 259367136 -64691488 
-121285992 -5629634 -83180976 197911632 115552344 -56789180 -5364752.5 267457280 80320280 51514092 144695904 -33917632 -49952984 60086692 244126400 29603962 
-467223008 91158088 -6436803 120031016 -187066112 116704416 38262488 62870036 156914992 -128490048 -95615360 -99845568 30836302 -26929830 -129966112 99179696 
-125128536 -126429832 115968464 -47733208 -222540144 92512448 -164197008 81465504 52621720 145608368 -71554512 -272476032 -6891876 8671864 -145362752 111434736 
1701596 326667136 -259255680 139339216 64675872 40961808 12871428 89147104 -95619656 -52713872 -33335490 -7114112 165163104 204972976 -226157264 104316744 
-20189026 67382360 -184499776 77884568 211349504 -40268792 151627120 140510864 -45746428 -181776032 172411488 -76401088 -158917248 -117600576 230496880 -171360320 
-84643856 -8553565 125177400 -190473152 -67229528 -136896256 133074360 -149692816 -107213416 -303288960 -163402144 159690480 -81070632 -130278952 -114825664 109362768 
