10 10
-9406.470703125 1334.7358398438 68.535400390625 9783.474609375 -10718.541015625 2125.609375 4622.9038085938 6251.2001953125 -8593.771484375 -2636.1103515625 
18226.16796875 -13750.365234375 -2631.9602050781 -17231.74609375 4683.7294921875 -7584.1049804688 -8304.896484375 -14107.094726562 -4507.828125 -9113.5732421875 
-13263.651367188 6624.8510742188 -5911.3525390625 -1174.4565429688 15604.598632812 -8729.7470703125 -8187.6513671875 -12217.951171875 10504.896484375 18192.34765625 
-3675.728515625 -1214.9658203125 8196.8447265625 5227.62890625 7579.88671875 3554.09375 -8934.953125 -10573.899414062 13255.177734375 12213.916015625 
16374.517578125 -10407.78515625 -5652.3715820312 -8585.67578125 -18766.875 3884.466796875 12291.198242188 26439.521484375 -27503.59765625 -13027.377929688 
-9632.541015625 5076.537109375 -22448.126953125 -5935.330078125 -16141.560546875 -16111.219726562 13996.1484375 22831.72265625 -17431.01953125 -1704.7670898438 
-5060.5927734375 10674.340820312 -9554.921875 -944.48901367188 -12807.454101562 -603.47528076172 7426.7016601562 23446.796875 -6179.443359375 13857.375976562 
9703.888671875 -6779.1962890625 2331.1711425781 6896.1840820312 -920.56097412109 -2025.6291503906 -5621.3984375 -7073.1606445312 -7242.189453125 2498.3500976562 
-12124.3125 8121.8920898438 -265.44995117188 25885.01953125 -12286.538085938 -564.8994140625 3482.0256347656 6961.2607421875 -897.224609375 7536.720703125 
-6158.3662109375 -5787.693359375 6030.068359375 20878.0625 -112.30111694336 -597.677734375 -3532.5297851562 -10551.455078125 7634.822265625 1500.3740234375 
