16 16
0.82054537534714 1.0905953645706 -1.6149568557739 0.25362509489059 -0.21027199923992 0.30575609207153 -0.49291580915451 0.3192874789238 -1.2989747524261 0.5163785815239 -0.72990149259567 -0.46682253479958 -0.30836844444275 0.072330750524998 -0.58636224269867 1.9854562282562 
1.182155251503 0.06140585616231 0.91549044847488 2.2375335693359 0.51256549358368 0.44117724895477 -0.39118933677673 0.50954794883728 0.0056984424591064 -1.3782068490982 0.46954482793808 1.8798213005066 1.2989491224289 -1.3943103551865 0.50435048341751 -0.25398424267769 
0.86895322799683 1.0082706212997 0.62886959314346 1.6797652244568 0.15607088804245 -0.73098957538605 -0.96733242273331 -2.187931060791 -0.1397277712822 -2.6035857200623 2.004851102829 0.24602389335632 -0.028607726097107 -1.5640978813171 2.9923589229584 1.1251630783081 
0.43790000677109 3.7037949562073 1.2906721830368 -1.9717389345169 -0.75834745168686 -0.25076353549957 -1.9330164194107 -0.44480139017105 1.8299570083618 0.44513404369354 0.84857994318008 -0.86039072275162 -0.51403248310089 -0.082974247634411 -0.09747201949358 1.0940115451813 
-0.52445334196091 -0.35170155763626 -1.2231440544128 -1.494770526886 0.76113426685333 -0.36776232719421 0.23605170845985 0.91131496429443 -0.83747971057892 2.6135478019714 -0.18947529792786 -1.7799016237259 0.60449659824371 -0.6690166592598 0.033931761980057 1.5605534315109 
1.268758893013 0.41272062063217 0.74200373888016 1.0070053339005 0.67938542366028 1.1005771160126 -1.6783246994019 0.78222233057022 -1.8098828792572 -0.62395697832108 2.3190815448761 1.9080435037613 0.45020771026611 -0.99031674861908 0.20020753145218 0.43136945366859 
0.33407264947891 0.31429624557495 1.082582950592 0.48611292243004 0.62284159660339 1.6090857982635 0.65961754322052 -0.70026165246964 -0.15990257263184 -2.7153706550598 2.3867115974426 0.99643492698669 0.19765035808086 1.1901837587357 2.2315714359283 1.8904590606689 
1.7434252500534 0.77373260259628 1.108469247818 2.7806713581085 2.0210869312286 2.8095510005951 -0.58511900901794 1.4496830701828 -0.8926784992218 -1.9954731464386 0.38163483142853 1.3469997644424 -1.2349859476089 1.0872234106064 0.1503743827343 1.2857965230942 
-0.71393662691116 0.93739926815033 1.8932163715363 1.8761121034622 -1.8568459749222 -0.83815211057663 -2.0586438179016 1.3559737205505 2.0497405529022 0.29563838243484 -2.9715206623077 1.1171691417694 -0.047491282224655 0.054199516773224 0.4746772646904 -1.6074928045273 
-0.10226438939571 -3.179986000061 -0.091686926782131 -0.2836589217186 -0.99949133396149 -2.7938094139099 -0.20570749044418 -1.6291522979736 1.0026887655258 -0.84821051359177 0.84985601902008 -2.1149168014526 1.4853544235229 1.2473160028458 -0.22283115983009 -2.6365475654602 
-1.6357655525208 -0.9356449842453 1.4648808240891 -0.17861366271973 -2.3780553340912 -0.091629683971405 -1.114518404007 1.1848932504654 0.50012391805649 -0.33682984113693 -1.4708163738251 -0.069057911634445 1.4682101011276 0.57409501075745 1.9079768657684 0.25293391942978 
0.56848037242889 0.70856010913849 -0.36156630516052 2.4451606273651 0.51520335674286 -0.84624576568604 0.4040869474411 -0.32201763987541 1.483154296875 0.089782983064651 0.34954938292503 -0.79267221689224 -0.99583625793457 -0.39055448770523 -0.80072063207626 -1.0729316473007 
-1.8420468568802 -1.7383785247803 0.42506140470505 0.40280079841614 -0.58237552642822 -0.08518186211586 1.9360196590424 0.29695147275925 1.7692711353302 0.83014196157455 -2.0090770721436 0.96515899896622 0.68868851661682 1.0507092475891 0.91530150175095 -1.0402427911758 
-0.63155072927475 -1.4933593273163 0.75543469190598 2.778342962265 2.2275011539459 0.51112675666809 0.28070431947708 -1.8195120096207 -2.3311140537262 -1.1413040161133 0.67446142435074 2.2935266494751 -0.54205679893494 0.42444556951523 2.5258746147156 0.53757572174072 
1.1700021028519 0.29414686560631 -0.54481530189514 -1.761904001236 0.78395026922226 -2.0140433311462 -1.4318246841431 -1.6550072431564 1.0000072717667 0.67004555463791 0.16163969039917 -3.0110738277435 -1.1352413892746 1.0383003950119 -0.72867321968079 -0.69802695512772 
1.3231242895126 1.6868957281113 0.26815778017044 -0.41440504789352 1.4759665727615 2.4566807746887 -0.99040627479553 0.88657319545746 -0.68295294046402 0.41132095456123 -1.4412331581116 0.57021695375443 -1.146556854248 0.32272687554359 0.2253652960062 1.8797950744629 
