16 16
-8119.6059570312 21921.388671875 -22406.375 13764.06640625 1040.4385986328 -5482.890625 -7846.4228515625 -22083.9453125 9351.703125 -31721.845703125 16611.009765625 8669.998046875 -22230.439453125 -570.505859375 13068.4140625 -15062.45703125 
-25388.521484375 4195.142578125 -712.10546875 16436.599609375 -7260.3100585938 -26043.611328125 -5976.6484375 7836.751953125 26883.427734375 -8127.970703125 -3220.3481445312 25092.4140625 5231.9272460938 11945.21875 7348.7353515625 15974.276367188 
15173.127929688 9506.8974609375 -10042.22265625 -2206.5737304688 -4015.7856445312 17330.51171875 19025.90625 -21700.703125 -31687.91015625 6232.3720703125 13384.75390625 -17521.916015625 -9571.296875 -9573.98828125 -10750.5546875 10573.240234375 
15382.850585938 408.24304199219 -6348.0454101562 -8730.6826171875 -8289.3994140625 -15534.87109375 11485.854492188 12705.208007812 -5268.8447265625 19006.21875 -16569.85546875 -6725.7685546875 1447.2493896484 -4144.61328125 -32.496948242188 -13080.690429688 
-18091.091796875 6740.0805664062 -9235.734375 339.25305175781 -30747.775390625 -16353.79296875 3956.5202636719 -8404.86328125 -13136.96875 -10590.078125 2111.9645996094 4327.2436523438 -5322.8154296875 -23049.6015625 -739.38403320312 -16211.716796875 
-16614.328125 7384.8862304688 14780.548828125 404.99780273438 -8842.1015625 -45073.03515625 2326.0942382812 1924.1354980469 22491.123046875 -12422.943359375 1846.4692382812 11887.514648438 -8641.6943359375 -1668.8608398438 8460.2001953125 -14544.07421875 
-19626.30078125 2457.3569335938 20055.583984375 15709.4375 -33458.453125 6154.1215820312 3777.2568359375 11684.71484375 -16047.8515625 -349.83837890625 14036.14453125 -3453.4494628906 1908.1790771484 -24738.78515625 -17289.03515625 17646.75 
12170.331054688 -10007.515625 5796.70703125 -2734.9875488281 19547.74609375 43541.8671875 -12860.671875 7619.7919921875 -11429.501953125 21623.515625 -22392.861328125 -12765.129882812 17928.3125 -6466.8901367188 449.26617431641 -8662.9609375 
9288.7490234375 -4819.75390625 21337.9609375 -12839.399414062 21597.111328125 -1761.8508300781 -126.77807617188 7956.3657226562 3917.185546875 -12325.939453125 -17005.880859375 -7460.5249023438 -10817.139648438 13454.149414062 20115.0390625 -13341.970703125 
-1208.25 -1888.7153320312 -8290.24609375 -20450.337890625 7402.353515625 15759.486328125 -3763.580078125 -26142.78125 -21348.404296875 142.90234375 2667.4458007812 -5761.9487304688 2729.8063964844 -3240.9638671875 9051.1689453125 -29225.220703125 
20139.3359375 11938.133789062 -7014.4111328125 5230.740234375 19916.529296875 19670.75390625 2482.6474609375 -6606.4306640625 -8775.6240234375 -4465.8525390625 -1381.3159179688 -16531.650390625 -11194.458984375 -8736.509765625 11768.094726562 3764.2963867188 
-2698.134765625 12614.263671875 -10996.8828125 5523.69140625 3027.5297851562 14511.034179688 8672.21875 -7483.7250976562 -6154.0454101562 2119.060546875 -1084.1865234375 2842.5385742188 9701.3125 -16112.162109375 4034.2790527344 -4049.552734375 
-1236.0358886719 10938.905273438 22325.265625 12923.708984375 -7660.3725585938 -12670.893554688 8385.9150390625 6327.0498046875 18847.5546875 -11190.220703125 -10774.373046875 -7518.3720703125 1112.6258544922 -19278.3203125 9059.2216796875 14431.243164062 
12301.59765625 -16190.255859375 2445.9799804688 -1918.5778808594 -3426.9379882812 15661.513671875 14257.255859375 -1800.7297363281 -18185.15234375 9817.5849609375 -855.82397460938 -21699.681640625 3782.1369628906 -13992.216796875 6192.873046875 -3520.3671875 
-23416.017578125 -11861.284179688 978.49169921875 -7439.3354492188 21929.232421875 6359.4819335938 -20037.08203125 -2460.4321289062 4935.0068359375 -550.41650390625 -8080.615234375 26230.19140625 2725.8139648438 30949.787109375 3033.5139160156 -9807.189453125 
215.68249511719 20973.955078125 15848.494140625 2646.0888671875 -6055.6372070312 -4490.9975585938 16428.08984375 9748.6171875 -3773.5551757812 -1828.9174804688 -5499.470703125 1047.9216308594 -8981.2373046875 -7727.6552734375 -7697.923828125 10879.033203125 
