64 64
-21349164 -20961380 173033888 19233348 -276154528 -266049936 -280035360 65817112 -83202040 -294215520 -93113192 242006480 633400128 31464500 -302932896 16714016 -542566144 229658128 -13874392 247687248 -237507232 -339209728 393385792 -87867000 -596040512 -95843160 427358080 -484133664 217102544 -12397280 91440736 66785016 -280435456 -53884012 -382195392 274500864 -329617184 196442672 -321397248 -255079056 -321952768 -178952272 357449952 -462836096 102333768 -25914948 -214506720 -500920384 -321280288 -357619008 28286308 -237520416 -397488768 -701630464 -160783392 -161648352 41793292 -87766112 -48327176 -390469184 169555888 -111331656 206959312 -167326304 
50082668 -285163168 271013792 117985056 -416047840 148427488 320858272 167198064 -12953584 51032680 -404147008 13261212 -115800152 -104292792 320111520 -349927488 -104309184 18524440 -47534812 -124421616 -410001344 -86146288 -411049184 32795622 -39880336 162810144 140032336 240724592 -335168896 563486016 -53723528 -745956736 385308832 -145523552 -309957120 344129312 550074112 -36949744 564414528 452396960 -137479376 -247368448 317102112 512850880 -34135228 58545448 -283383168 220212560 -334832512 -579640448 141137952 -720315712 193814304 124649816 72082200 -59421656 -280636352 -33870824 -219670576 112554128 -251922656 597414400 -64627104 509335392 
-15011640 162917840 -408310496 270950784 471171936 -53559468 -87672616 -12906806 24856384 -490032832 -297477600 -192031424 -250551520 185289312 42063400 133545464 411178496 -206212960 161523520 -364002176 -341068416 300912320 -225626592 167731424 253462896 222372960 250628016 -70213656 176735872 50910212 585270976 -386566720 -621995776 361756832 124304496 17738008 323277376 -89020520 229876064 -419820032 306056544 204117920 -297024896 -147142416 273199776 143164480 -43122680 -401377088 343369600 263209968 -106505776 137032736 327649824 -70961176 -230595520 130107536 -497189920 -15729168 433800480 -538831168 -81863184 122710392 -342796704 288715968 
-280140032 -110830160 82360464 179983808 -439652928 -336434528 180341680 -527104032 -270100320 54994292 -138044320 -164448720 261514048 -6202292 -145404928 55653252 -390520384 -121335840 -84271960 98348392 387176384 175233600 133421120 -164635200 -56876320 90496944 -202273264 32656926 310673536 69797960 83944384 79772880 -232583424 -303019712 -32337832 -499666464 335683392 519755104 -476661312 214257888 -121136360 297712704 -381497568 -236461088 361368768 218085040 414334080 -413663936 186396992 36510816 -323643488 241126656 -246513056 -580138176 326463776 85919328 451107104 -6817152 -154984896 68020872 -154667168 -136301024 80163200 -431752704 
123776704 184305472 250445904 492705248 -344138560 -326074080 76917344 -17948104 223945216 264419632 157070848 -216408512 -78817680 156261600 -11479904 -346273216 -172571808 630512512 50909020 97878160 -323739072 -110694168 313374304 92570152 -259392032 -35295600 -28966330 -5415567 -86696632 213198240 -59438632 86629264 -518407200 99699808 -256797408 -267967376 205744496 11322040 -202108080 -52492248 -87075184 -398108800 -215468896 -153997088 252499392 -398520160 208751952 465806816 -139036080 22570810 -276628384 -515007456 -29832904 -416932672 -19972590 -37887364 293628320 -25452056 -335184704 462376 -537692800 585054 -95833944 277589440 
-378674976 -41603552 -643962816 -130238608 324192640 -495057664 -232328048 51189652 338818496 -344784768 -158225152 304699232 -155011760 220172192 233578096 -305619264 -109345680 180548176 -20768118 200557536 -89507872 -568476800 428375488 293693056 -139097376 79234400 340847808 -73422912 71725136 241027776 -173431664 367377056 -298135232 93068624 222981792 -49109024 -72158680 -316776128 -94101016 -601626880 -249662336 239804576 -121362128 -5418207 153274672 -173021856 -57687336 -139709280 223272928 309042592 -254062096 162967136 -202973664 144580448 -99493072 52698128 -48380820 -275002720 -203538528 -318184352 -33068144 224860912 -335736128 48544816 
289944960 304928192 -205364384 97438768 127400688 195055136 167857392 107655840 438511296 19901588 302611616 -269037792 10783650 20012618 -61679968 371600832 226994864 -6647312 31729594 -255653456 454208320 8825960 231991424 -24088140 253713840 226955168 47253524 -40717592 149163488 -335804640 192543632 -50971544 -10612868 112668640 -110218312 -211180192 -428612160 247274976 -246835728 -127416808 -62401308 68516448 -566934272 -66354184 -54246268 18719956 236278112 -184745760 223683296 825583936 -53111976 -100857024 -226087808 175932032 -344765312 -234479872 77197808 195165520 -18734624 -58494948 241456560 95818144 -62225260 309847904 
56418408 -170431888 383105888 -16023822 40196208 573353088 521632000 72861616 -318588288 -261697968 114484560 13124936 27979402 -733966400 45396232 108424824 258776432 -284864960 266906448 118329128 -123529008 269684800 339719328 -282520672 -159200448 -412712736 -18702502 -211684336 239143424 -289670144 -437952032 412286528 67938368 625683264 212643664 -198299152 517054752 94134944 641021696 170259792 36687432 -154679584 59201744 -172097424 -118635816 -10489332 -238547008 -2395499 327444480 -346420544 -368451264 -166015616 347327872 379313344 260705200 132483744 -169512528 577310016 -234068288 90513488 143779184 257845008 -11062514 186110128 
-285535936 -340436928 -43098136 -264669632 -168386560 -101053072 469009856 -468672960 82510320 -606327232 42556792 -280130176 -169473600 480591936 99313504 15361524 406105024 -343702880 -372771360 -131266200 233297600 -39240732 -426592160 -28772816 439438336 -128113624 -491423488 -37847700 53563060 102717200 617106304 7660444 272152224 -6882350 491983712 -525942240 741246400 112806192 82892328 136571680 -539548352 -173850336 -211637712 -17662850 37617872 -463657568 -344020640 -232323104 390132128 -172253424 253399616 469517632 244199328 110202080 -504960064 68272384 -148893344 -183140576 315242944 -83144744 -245610784 246792928 -727136320 -305572032 
-323694912 311907360 60419392 46095832 -68576232 377212096 524734752 263913776 212159584 328029472 -143717744 235143424 -3483282 457447712 -528368448 -22944276 267349696 -322543040 -53796784 290321248 87706160 -31044856 457925024 -355986368 -148815536 29986968 182334224 -135572480 347276416 231856320 327036096 359170944 -398795520 -228456736 11939700 17785428 -345756992 313950528 384985824 401338656 -99788064 40460500 159893680 29569186 -46330696 -225953920 -146753920 136204480 -51168528 154095024 55129960 370591424 -226726272 387067.5 -275307200 354772736 -110299048 246844256 49939596 -37342772 261420672 91375984 116604928 -170874768 
83473040 21805706 374978976 156240816 -217799456 -28568548 4466949 -214219584 -315358912 -56944844 -71852984 -80685888 310425056 -170943136 128779280 -43119164 -31401204 90153040 462758720 78361304 -416388416 215500832 -202720464 172913584 -50975904 -185795568 32012938 276062528 53443520 136184352 21736848 72798928 158295760 211683472 213475904 71425456 293685728 315109696 -115755200 -5324168 346654656 -156516960 263202720 436986656 -238556560 186704768 -58028920 291778720 48097416 -153190160 213498656 -106241576 191079808 177996800 -220452032 -97151520 72005792 -224484960 -94638080 162647296 197994800 43012364 401091712 191625760 
-207298880 -134950592 -157503840 62959456 16985056 28831538 110561384 -648249472 314286400 -515854848 -81340952 2143434 366795168 -546955008 157336416 -38089116 -289714752 -120054288 -81119352 241453520 -5406812 -85730144 -145236176 -67676056 285652352 79262584 39401856 -159530592 -47408884 94431992 -111130544 -226540160 -389040640 -15553630 -107957400 -329677280 138012128 263612928 -204370272 199733232 -260995344 -242428960 -25662988 241072560 7747105 61956740 -77415576 -573380032 -14367946 13271796 -259593984 -152778336 -343082528 -151316800 211732784 156904144 -403041568 -78660912 -153701216 -244023440 -27048956 189127680 -215653728 -524290720 
-185685552 -129221016 -218448928 349782432 354173600 302927872 18198872 -165781152 177910512 94907360 -113063104 -51446452 -151515728 119254248 -143490768 -147732960 -178673424 -179894272 23455292 638320 254546912 137080576 -176930544 143287440 260802960 202397248 27677946 174175376 12490855 -239107328 96846504 128388728 23624258 -34806016 36668192 -326027008 -135578336 44986956 259169248 -188095312 -289420192 -38178720 -544083584 152871616 267952480 -305801632 174402000 -145424512 202169472 265639712 184087744 618957184 506442336 -435163424 -286924832 414660128 -179991664 10708770 275292032 -322911168 275351072 -28598690 35556920 -203562688 
-220890784 347556576 276945696 106646000 143326240 -41557428 98352544 -68720824 -65740572 -132061232 -20758716 -243709568 -190135888 -89464656 395905984 -85238416 485579712 -228528384 184510064 -331919296 78635744 63420832 135876256 -64451828 174171856 -58390056 389424896 -28856442 -124828192 237864832 98006 -253288448 147903232 -296511232 -200925392 -215603504 372350848 -27546112 -173047376 79105616 93715304 3712884 -234127088 348126944 -276918944 7911299.5 -13246430 303812672 -97264944 497692576 -171288128 -127576408 112276400 467130816 245988352 41940768 -358227648 147924416 250923392 451716128 57236728 78870208 333737056 469250784 
-338848736 137788928 -143427456 232092176 885538176 239904736 1017490 184741744 -263695168 -24574682 -99535984 -517093248 -264349856 241353520 219738112 219247072 -473538720 352912576 345003008 110962688 88356752 112304168 -383855552 -23227834 357245408 172564960 -61966648 405881856 23403840 14225008 579098112 -224750848 -241767712 -184487392 -431363520 328776416 -16125134 156051520 69813072 -38381688 -61788912 -365526880 143529392 -14927571 -23114308 61526340 -158834448 22740904 86440608 597039232 104563152 307173120 -20754080 -70977184 119748496 274062016 -255338816 265710672 526950752 -245039104 342986208 469388768 -67972368 398560768 
27274912 312715808 22266936 248273392 -77875664 -128896784 -72654656 118882936 87193408 110631896 -5737540 151149600 -303274016 -264005104 130313920 422877952 -45673556 -29089048 -298529536 80728392 143833568 77008816 -181762608 -44035700 196108672 416693184 53651424 448800608 339152640 114718656 115991976 170523520 -65361648 -417927488 41213688 -62038080 -379340160 38504340 -224621952 -687247488 924142464 23005992 -116218520 -43485544 13143802 17806000 526166112 513046368 -411449760 -436701952 187949376 -79428736 108222960 34894676 -300596224 -115140016 175643072 -172023232 323763520 -172605600 -322120832 -38900392 91679160 194636624 
363278176 -196311456 -120872176 90093272 200821248 -186949040 383473664 -265155216 -170638592 21758916 -260064544 302427008 231205744 -252825600 -134366400 -44288568 51846444 -135917808 66125652 -146436592 -472129664 147892496 185516304 -90097320 -191614640 -343854016 228078320 -101005368 436205312 115718832 -108257048 484747168 294865952 36603084 52335692 -35228788 -145143344 -172707088 44549672 142097232 85259280 -59326700 -32128404 360524320 -120458880 113516752 311553888 250236032 221752672 326426112 -251202880 217187360 -2106114 -3174579 -3981911 -137481760 226017408 103865976 -133780608 -47954376 -187536720 37988640 610169728 39273000 
225701968 64030936 351385824 292282496 51716116 -346633376 273803872 106155472 345238464 144574400 284239104 -116544752 172704880 17816990 -9428618 57571456 93508656 300569760 -9668947 -89797616 312951232 194169904 -713748 -414488800 -212458368 80959056 -94979688 -329165824 -96951888 -165453520 39521224 -382414752 -431331744 -593586496 -276385696 66930952 151132864 26544094 -373936960 414917056 39866324 86107744 420352928 -107699056 8979611 319469632 348721376 -165154064 -187489600 -66067376 -40669172 -81624032 -271302144 308937440 618306048 -91887048 306410592 -56836984 -362826944 -51215668 -24960304 -132979640 252140000 -68127264 
576906240 -62998608 -365098944 379621344 -413375136 -107129168 -684599936 447148416 -118101256 -112017488 295575904 359373792 -246453056 214496816 -584703168 -103041856 -60696932 207096032 10861974 -83492992 -11625227 332489120 -549569216 107488392 -173364128 124080368 104665632 -51629972 349910944 142410336 251582720 33578332 -472722176 73410352 -49438076 -291615488 -612242304 92683888 -605267840 -91764272 -525092480 -83345064 31475998 -164243648 77204360 -312504064 -263177984 -137424496 -313834048 214166992 -149296256 -269089152 132841552 -442737408 -319307520 -187805392 28189874 -495719808 251795408 118630936 -382691872 -235049856 454620064 555367616 
-140093568 -277737536 51319616 358266432 -332791744 -352132032 -134712064 147424272 235577184 -423772544 167416192 -343768768 125733280 -328429600 35185024 57917820 314270560 -357288448 219547904 68157064 -49717716 216908176 6244438 132757976 95148704 436828736 -83320584 -126111048 -276688096 29358960 -59634376 -144290224 -48222292 189851696 252198464 28601594 278450048 123878208 -360600992 -257182656 -179635904 156105520 -515153376 -252846288 98983696 70031792 -112301888 18505288 120070744 -165050304 -265999008 -11567063 182989200 41531344 -289827808 21945168 175948528 115908768 118660272 77223032 -56096840 -124860448 170120736 -173466096 
315276576 -79217152 -118080088 12964306 -527112224 -28033936 419167552 51070764 -215619984 59723992 133437472 -283280704 -260115024 -153029616 189972544 -32079196 424606944 -38332768 -178361136 -193834624 292390784 -228741888 -36918624 244394592 365110400 109420008 -36065076 -240699504 218785520 64286424 226639168 -122875040 6991154 32618172 205252384 131770944 140356320 -41667048 -37398116 -58774048 -24651624 -134509696 19547094 148947472 -50402364 41912756 -90499008 -172317952 -288536992 -24624684 -62053472 -4282808 202004416 -328728256 -46309732 90781744 101947672 141875232 133496344 13206264 -340386816 -62922324 -256913072 104606936 
-80979504 253186912 -130360880 -145859120 611881728 -104574456 -97766448 350394752 -206326160 -420609568 108653248 164180816 118750600 265817952 409512672 2428860 532555392 -49073608 -319324800 -131601976 30143240 -160188800 -253359856 272563616 3571012 274670016 409750528 493430592 212746752 120422944 -114398000 256238112 -255063568 -22291100 -507183296 605512192 -321775392 -368060160 431396192 157416128 110427440 -419579008 286373248 227773920 -135460288 -271109760 -67690944 195495008 290423552 172465216 -75783312 441229632 315018464 1534661 43309344 35720660 30991328 -167081792 112763232 -209618544 -142407728 129676440 -149496448 61461064 
-312806976 155784176 93650200 309254144 -18998472 -131140752 74417176 1380763.25 311410208 -34159516 10744844 41439052 -65416648 -248900256 -609175808 229265360 -225961408 138807888 69382824 278805568 -99771992 512228544 412869376 7554925 -815953536 -163735472 -211980720 -22406922 -143480368 -115337312 -525145472 482109888 -466779776 206588384 -176248816 -296280160 -291429792 272787552 -24881402 -293256128 -229557856 70655840 -94316848 -834679616 109104096 151214480 72276592 -149112176 152037888 -178721392 -161913296 77931832 -92365432 69643304 305156896 -98630360 317596736 143271824 -77471384 1253512.125 35254504 -48687292 75691752 -1778739.25 
8359522 -95958544 -433104192 -286700640 267890304 216563520 -70019888 -38052880 -353365728 116190928 91673944 208947200 -269605472 301241888 136970880 39318220 -261906992 25778836 263461648 -166855392 220868000 297096864 -102053832 279612352 236319712 -56756496 -220258720 -119089464 -366475712 84343024 182423440 -58714624 73736088 -249367024 -199302096 -24282152 95389856 -67952480 -402767136 -447803360 38267912 -130966320 -671121280 -248713680 126522184 -201224448 -452511328 345279136 -353899136 281689824 -112090200 166663888 -74866320 -87056280 -246177360 140849680 211498304 -254790064 158239696 -177591568 58044412 -453125056 211442016 327019008 
-265886128 -314303104 90463040 439423552 -30529740 -182308768 -117819680 -544969984 174592496 547848640 162723328 360990592 16525795 -72727808 -143025920 21052220 -472750848 -178125568 250454544 288924480 -492511680 -332173952 -55877648 -2834248.25 -308360704 -34500540 -494104288 148613856 -35430940 -383696832 -83929792 300077856 -285051584 352129888 410323488 -89429712 -179264000 -59600872 -12495880 -203551840 -242709504 36126228 -102196600 34945732 649557184 -548381312 152180320 -22890960 173927520 37466924 -411591936 -128967712 298614 -142701824 -39685392 -314437472 -434710336 -337557088 92191648 37377208 154798832 -229180784 301745792 -482136480 
312437056 226941648 168023712 11844748 154219936 -174826848 -322747744 249734048 112503368 360706208 -49888332 231608224 -125074528 111672752 -286738016 46252768 -115120576 -363314496 -33905696 -263869408 337221632 -384273184 199360640 18990458 249166096 430731264 126378480 161840256 704171904 -295882944 269634400 273932000 -31453886 -124249720 335921472 -194273936 -287992672 -307320992 -10118632 -248657728 467857472 576725504 56985264 209159136 -127152608 219155872 207613120 -452444384 -46846124 -120739808 -99141976 -205186944 -278300736 405780000 -178276752 -336938112 55429552 -103911272 317490688 100218096 22374940 -611740992 41713472 -337549920 
-382629760 -227654848 -141743952 9646376 144960144 67863384 300257664 -196655536 332527168 -290541280 -176193632 -96570680 287012576 -227920064 190016192 212925664 -203511008 -288425088 359469632 128384400 -203373760 -48555512 408851648 15369766 134780224 -20547176 -138668784 -151910640 -491551680 313092672 -159476304 5282888 173476240 -76123920 460474048 -440547392 -77233296 350787200 45826256 -329214816 51163212 249673424 -172549888 -121680600 252800560 322615776 75551728 345093184 -213568224 -216813328 -47533848 -682456192 -98399112 520330912 -326471232 -21334548 -279444640 29980798 -291612192 90324672 8402802 -129821344 -14876356 -191218800 
-79835400 -3706838 -409122528 105553680 -125107984 -108953568 192949632 111401520 -284409984 -924804928 -426998400 -209648832 163367648 548636224 159387776 -178844592 111217880 -281750112 -98279624 246503744 201795856 92099584 -492449120 299334752 260379280 187551712 -202855264 -321570528 -211522832 326920032 503891360 116472792 -3461741 25870304 -9428142 291042048 -158303776 199849760 -85650560 343464544 -115253984 -13992578 -237329520 -77465488 143250352 110141280 -431886272 -302889536 25866820 -105469648 428564384 391774816 9723506 -439587264 -570022144 244647904 173430080 -161040896 32656908 88955504 224257792 542462720 345609984 121747168 
-47425128 99158384 -130004120 267934832 48910232 -366258080 -234164064 -176498944 114265448 -87343504 -41859872 410369536 -20050324 -76698928 -11517186 -22541928 -93399000 579335936 -632883968 384666688 -7695504 -235684800 40001288 127720960 3451978 21123840 182255840 625349120 253054016 141283296 -382569792 429413152 -278366944 -91352200 476531232 253108864 -370696576 -487848320 69148720 -214048352 104511232 -31666432 424000544 215019824 -77120192 554310016 62409216 391437760 110509888 -539207488 72107592 232929088 -27357252 -307986752 -260161568 200604912 -22799384 -388134464 -191528464 -322022656 -307911264 -217694848 64663292 -511696416 
-71524576 175971920 11550008 181608752 -111479184 -36349444 32917018 -40853616 97646720 -65954724 -127704848 73222512 -27486854 125283104 -59628604 38681372 308965184 172537152 -143326000 33334706 -298208640 -175862080 -581610304 -190673344 -16620742 -64088192 200976448 296493280 304137664 679267200 390732416 -291902496 172897024 25804918 -121867968 76681152 484117984 10933144 -7825560 455388416 -238597616 51299752 295353728 277220096 33514318 -161481152 -51969960 -91896832 947672 -103985384 471958976 157683296 -91147816 84476832 -24704252 320251072 -389461632 -437185888 36236352 220632336 -45190848 221993664 -162024864 -41370168 
535600960 241297168 324103328 318564768 -379520224 -124446416 391147008 -138800688 415147008 66054668 -90065040 -402907968 333612928 -220302608 -44431592 -496396448 167910864 -482124352 170543104 -131698656 578276608 -239265024 332105472 556339840 483813504 200348336 -29679772 -341289856 -27315202 263836384 -295823392 35589148 -298088960 -223345584 36550396 -453668672 -17431880 -7585049 -23509294 -34817944 333445536 -224078832 -60157192 -153839504 223112784 -50470684 137076320 256301936 -148865024 359659552 -377089888 -265076000 -56915708 -72426704 410993824 139412128 20228226 335763648 224959360 345149088 -174050192 -420500512 -181682320 166003056 
-100159968 270680448 337471168 -263059776 169625568 190405808 -154446016 99226432 175972720 425764576 39132460 -161010288 -81581248 73183488 -455024416 380619776 105004192 65110788 -10730498 -139606896 285939232 120783576 -44798744 -273765696 -184432784 -208866624 -418444224 93194440 -396395616 -262299616 -135250560 -142113456 -201824512 -314724960 206225488 -412056320 -133538288 443280608 -16888472 419785760 27688340 -222098336 -129249536 -310730944 -143120816 370790784 -175281520 311762624 -258304752 -146370464 416722560 -312627328 29362992 698840128 -19045532 58565676 -326428032 156422128 -273223616 558525952 264212176 -287118560 270002560 39217304 
441919456 356719744 -182571584 425961568 -89250144 101035728 -254581072 -306644544 255481760 -31063720 603615488 428697856 -496651584 -231828896 -373142304 -231212864 869330304 -212073824 -123797088 -328071136 96322512 700942016 -467595328 303255136 323108384 550954368 284903232 128218040 133512320 -104251488 73279968 -208398976 -237425008 -358119744 409899904 -55392260 337253312 -141431392 274656896 135207728 4194632 130813368 -333674656 49689216 -438330400 329683296 -186262208 192938368 174773152 -210084208 -171363200 -57778464 168408288 263449696 -36544024 173952864 -30662936 -30885800 539524480 -280658688 298049024 -222443584 161086944 258404944 
-304603840 -346142528 432194976 93626928 -275661312 103156896 -365249632 360164352 625860928 -80792080 64297248 -350090560 -40921108 -186389200 -230474256 159013744 -330781440 -55803000 149626192 82159472 -239647712 1349756 502055328 -184394080 115929968 138931872 271554368 38733220 -223185152 -728917120 -177462368 -263308656 29224610 37506744 -24615042 187240960 -157069888 -207333936 -258860512 -558388480 30886600 -31590716 141152320 -158643328 -219098432 -83683520 110040952 101741496 13181480 -97739616 -60441852 -160819648 121309864 -374355296 4367210 -25763390 68763800 778590784 -194477648 -194099248 169567312 28344198 514956 -413327712 
-137524720 -97026344 129861856 -32777422 -88882432 -79669936 -45274176 -9765708 971308736 -272755968 370449024 -190095744 461866592 -46877216 -219688176 -383113152 -422149888 394658080 318870144 -13418144 768762368 -202196448 698128192 -231183888 128014368 -74939632 96347520 -401105152 -701531776 46211468 -311667552 -278616576 14408528 -497122880 322889440 -601195200 -98619792 -185767280 170735232 -97363488 -132624576 283215840 190968784 -573944064 -191312832 416262688 203956960 -198815648 45511792 -222055296 229015232 -222425440 -65693336 58511208 -47675472 -24169990 225225088 385013856 127549184 -57791016 153518784 264476736 -369099744 -83341088 
-243254944 334554176 -47966564 130509456 142956624 -91888312 -153410176 188920608 197106928 369635616 187546608 -126057560 -394866688 215902960 -272952224 -6547792 -121850744 -83990440 -40717104 -186920576 -166778720 3449593 447796960 109757408 -41313288 98249776 -272428480 44742244 -58904200 -121159904 -213715904 265349664 -173756352 60982208 52114996 -330326144 -52865900 -226940432 -45770936 166496688 7751992 282483552 -499038080 -43702532 44454372 95981432 150868944 -91101584 33860936 73324888 -247787488 3522112 -128616400 90856680 -16097574 246809904 343814176 -29595796 -43886532 291916384 -154915760 134549488 -146694176 79469640 
-9261728 328861152 237180192 -330020288 107507976 35611896 -230891936 124670136 -294882336 204633520 -208716416 67147688 -129488912 -12434740 234123632 248904352 45627312 -398496320 51795328 -30094132 13097872 -55245136 -77962376 -122309832 299179616 -114976800 73728320 -204691536 -176929984 66101944 122929008 -231722640 -284152064 -101100576 11851208 449200960 -74613120 144254416 26242626 231659456 125444896 -111710488 -352473792 464577088 314369824 -291225536 -62669520 27999572 -417820224 26223012 -295593472 -377718240 15410208 71084056 -266917056 154291424 -404331584 62310776 -303147328 -45612008 171811520 293926656 384054752 167305520 
103081632 -55376472 16455604 164018240 -294222464 288317760 -286645632 328598720 176916816 154506384 127045248 -429828736 196291392 -143307616 -288088640 -85584216 129337224 111738928 465035200 -125905632 369878720 -161259616 -94605472 -349730880 289447808 451618912 263647232 -336579680 -265442656 359817440 310030880 -230812512 -317956576 157438720 28150996 85531872 -168231184 141636064 84681416 99765024 -17000374 105776304 357774656 -72364592 39817828 -429093376 -114453024 -290658304 -154469248 43285024 360190464 34793840 322000352 -328278304 32303600 234266080 -166494752 130677864 -131942040 -59982272 248145456 161978880 178376544 43419376 
60314308 118613984 -148519024 -397459968 413509696 329536288 155891696 43315864 -388092160 -254697472 66779612 -319195584 35030908 451655616 -40032752 622180288 -15746704 160110960 7976716 -185104032 -512881248 99467568 563528256 152670240 -75915096 -364952320 -264632832 -239165344 371042400 38723888 169395024 186329248 168589360 568375168 242191520 -9632372 -222056128 -73472760 51528576 -15255238 198749248 15285952 102936336 -456149056 108594968 96142696 78714816 -171801072 -50431940 474450688 387856832 -172203424 -457995328 310592896 -386584224 -122145216 126079256 -18514112 -463172672 243983392 -23933536 28779480 -254003120 -48649864 
-53005228 -206952256 301339936 132044952 65748760 -392862272 464050048 -135275488 358119360 -361610944 -459853632 40487128 232384848 240717248 466947648 388089184 161480880 -249060288 -375236000 168613920 -4532299 -323590048 43493360 -272636224 41295112 -524098752 -353978176 -310169568 -666289792 -200883312 160835680 355187520 -25192160 358718944 74770704 96451784 168700960 -293076128 30174540 382307584 306989376 -13088437 73470800 -127877416 726429312 51155076 151920864 -235739216 7279770 -302649408 37063968 -108790856 -105421976 107995928 -106504720 -128070840 -29681860 -123920480 -239178336 167224016 -25642992 376669344 37256056 -287824544 
416824544 -255704528 -308837408 -428559552 46443720 81451200 -265343456 147147776 -1639076 118594096 -117302496 265877328 -40670408 17891572 -332885952 53749628 423955936 325967584 -74071240 -58396812 634264064 113905376 -105580360 185506672 105304016 -288250496 216694400 -524543840 -139744608 -129194088 78397552 -182458768 228476768 -118256128 241957104 -294064224 193251792 -290213152 175655120 250043760 -73844520 2584652 -201286016 -330414048 -8763523 154564848 -283491040 -152882704 -175890736 -372480704 226559360 -193607280 -195728896 60696100 -155639744 -312222880 -151119360 585096384 -210568064 -287183968 372692256 -303267008 233110512 31366516 
-228778032 -144115776 -23176936 699685632 -131608448 -716260032 113591992 57920672 -190134384 45240728 -61139244 -148360608 39674728 265339728 31758804 126132112 142968224 -100924288 186392832 -276248480 -15508128 -99803264 221488240 471890976 107075280 372632832 -201343088 -46451360 47302400 250425024 123932992 284298368 20968308 -259539504 36216460 -235755104 283020000 -478844992 -90710360 -59323008 -388037504 103165856 4177308 -281085344 584894400 -274396160 78444240 -30208350 -77518576 -155570832 221661152 -207554544 -7037544 -439996160 9186008 -114751264 -45510160 -108497248 -238805808 242708320 -61069260 179784864 -111513552 98061960 
-204194368 -325504000 -142952096 176330800 -71313208 385075680 174650560 -169732032 698317824 390067744 229266176 -157860480 -253528208 -302451552 378193920 200720640 -275540384 -423537728 -93481040 -184858752 30170344 37707276 -66547328 -116040264 13212036 -5121108 -125588808 -227204288 -794634880 -158560160 -300657120 -369708224 -38196424 -251264640 161087200 -202024416 255454976 85274032 -124772456 83985992 84596600 -216905440 -53470064 -96859664 155921216 280651424 -27584752 34313688 -330504032 -227040144 -471844832 -215810528 256944096 -14792936 525585120 275179808 19669872 248188192 193198656 294114624 117601240 101538832 192952000 -204230400 
-78328608 57198280 -505985312 -271219072 434461088 195546624 534680832 83953672 -284287360 -327896032 -554060800 -244102704 363641600 293600704 245605216 227449760 34841636 -29631568 87115800 205715840 -102681960 510180640 -181013136 552775040 -5677952 -155621040 -444266816 -413190976 -174230096 20929904 251302048 -122257504 26573882 506654816 -102935328 208608608 245553824 46267040 -167876976 -61293112 -144572032 -158277024 -218178560 6211089 86282440 172021632 -252569616 -327946816 -116459456 49571724 323239552 -17471014 -336635168 200102176 -276804224 215795680 -257610864 -50943268 -351571392 -386635264 130459888 -444020064 -90386512 -15365420 
180143520 109539464 154323120 465272256 113927752 -184141328 203849248 -309886560 193798736 9151482 -126450464 -136101088 -210946864 94748120 -96898128 -24845960 -150620704 -190106304 -293305088 86244320 74441880 -351476672 464841 394027008 227306848 252523600 -436212256 -328394656 -188555584 -155267440 260535296 189769696 -610106880 -132992840 -58056708 -115919328 -35118960 -63872796 -219948464 50861600 408847840 -199331904 -249525008 -123680736 662489600 -339347904 84898160 -1033420.5 -215732960 261160576 -346110784 213620208 -174606320 26206368 251099504 -3510687 -22669242 -445300640 -127536592 2624785 -26791568 -68750600 -463538848 -85109632 
543093760 172308816 133686112 -256204272 -379687936 369223264 -73346384 -120233256 -156159296 74838056 -316596384 -277283584 -69791792 133281376 35229412 -243447440 38258680 -168047120 -286970368 184239968 -56049328 -467264960 4024688 237288880 281086912 98137424 383941536 -90569624 210952656 -27291172 23814684 -3328492 -487642720 455941600 386391136 360695232 -51867172 95063584 473752288 299712288 459219968 -225963392 266017888 137206096 216585856 76857472 -290564256 183937600 -124070816 -232697344 -6784600 -283840608 -125488568 26450378 -165984496 356697056 -98446552 -108923952 -244631712 -97995136 -134313696 -379000192 -703510912 -553752768 
-229560528 268669888 -211405648 255355456 182605472 -142842080 183378720 301708960 475814720 -200776160 -146445520 -303065184 55251588 429785856 288847392 -68170264 298916544 -17982128 142548064 -37041064 -23113740 21786694 219856736 -67514304 362628480 122282304 -258181808 -330148096 -349956192 154890336 -2444096 -271796288 50824456 -520923072 -21922742 150390528 -113816744 173246000 -365028736 -48236668 -964952 308174 -321305760 -127477424 23116134 81586768 437432064 53625272 -124232688 705218112 159148448 182407392 -33792672 96172992 -128214848 -182994736 -315543840 -48629896 245145184 304756736 395104416 143653680 -79420472 377052832 
48374400 274601632 -132110688 -454502528 -296159616 182183776 22642776 47084496 -73806192 239118496 84573952 -204510816 -107412544 -163981888 -345499936 -386465376 -25887986 303529408 475160224 -73242072 376858464 427614464 -213275280 -468473216 -150754000 -254040032 -128446272 37829304 -237302912 76781888 -305721024 -445117280 -327927712 -333741536 245905632 399974368 -85472024 898441344 121350480 540433728 -131868296 -44649336 -324037856 195386720 -133256016 546259712 -85959584 79480024 -37321916 39364204 -20336240 58215400 36953256 298849088 -16967022 -28868660 12059999 22915032 -492393312 125997504 460834240 6941458 296423680 -232738464 
311922432 60359264 477415392 288049344 -270577856 -148468416 483630976 270160768 424185344 72997080 557400064 111575760 -288562336 -97384496 349465856 -100890968 81559936 359413472 -17482288 279457824 -501383488 -230599264 120070496 94469704 -190024480 -38347260 -196812656 639996416 -54957712 -53583972 -409755328 381789184 141757952 47870112 -142946144 438953504 -392238976 -89667408 -16795552 -6327844 73591232 -694080064 73666192 73569048 -320761120 -160193360 346098496 396027936 140896224 281629792 -612913984 -304435456 429719648 52632300 20035614 -577712640 569214656 218193792 322972864 202206320 -351051072 427132192 -305521152 359655968 
31073020 77760008 160526560 117414576 -336457152 -262809456 -228392080 305594560 491311200 -47361032 464444352 -144162816 -126593488 -246537696 -168951088 -98343432 93180240 -410763520 -301376192 -71039376 -123735760 -646279616 202958176 -416437504 79160848 205854256 526560480 -165702000 308441600 -229651712 263400656 -97683056 198819760 -382304768 118453360 218651008 -294978240 450970176 -275022752 38741960 -282407808 -41429948 78783368 424819040 -512143456 -58949996 -228249520 115194264 -35563008 481173792 82678072 -651512 -130818440 298667488 37261912 -38943972 188951856 -51644684 -38039928 408102464 531777984 343010944 -73214992 -125864080 
501923328 -224934640 -63246600 13406017 -81487856 -113686800 218085328 94351928 401738528 -163684992 454825792 1288882 -9123560 -167685456 -423259136 53886784 600858752 -148718272 -56932308 -483954560 317702720 -217223008 375986016 442092480 -95150984 350766624 286837792 -578867200 -6339408 -51297836 -93929440 208770736 226979472 -235666976 -308775904 18446940 -222142832 -237113168 -41060672 -87306784 -17825086 229149536 -323283040 -657984896 36311668 176666768 -102025768 -15225822 208062000 451417376 -267142368 10390090 -164899776 3378628.5 75786704 -418586976 768571584 202862928 251372272 -482515584 52756196 -303336576 -93037792 447984064 
-66311896 -55675608 -181873520 58357104 -311705984 -159785600 50571516 -153526048 -111880000 5094927 -68713808 91074096 25831736 -333302592 208824464 -276586752 268264336 -498614880 -285265248 329559232 58033004 -87398896 91017968 -58445316 86014120 545784832 293712832 197401360 486147168 -98444680 -277513216 115125904 -35554976 -200532896 66667516 -122068688 13897971 2615462 -91057112 -62015480 -30121224 144955744 -181540032 128171024 -122968984 163301280 41381360 409758304 -93693920 -203923936 -89786160 -203281776 -55746312 -237269296 125856440 -119765200 -102632496 -81260416 -399175104 -35778080 -111491264 -391125056 149354672 -359264480 
31714006 -206051936 -90636920 -183612768 -259436704 -255839168 -78207832 -178831872 47773112 -119327368 -158594496 82392912 206770624 560396608 239340320 24100152 -45290608 379244928 106441184 -48601180 -153793264 -445227616 -197445344 -366619616 -191382320 -270497344 -108413216 5798877.5 -125471864 -584700544 21053788 110299992 577091136 222829232 177878880 55241220 180437008 453632992 -157271424 374801792 -238212672 242396560 -311207008 349172864 41084400 156237536 287126592 -395677824 567410240 188138176 364546112 282971968 -176047136 110351824 -345851392 70731912 28210044 -138640512 103325128 79273952 297229440 443886880 27443732 37870920 
320121952 -464914720 -25230832 -604907584 72514216 -325753856 -39948464 -478777824 212580688 -272862432 229303504 -156508528 551339520 -225778912 208930944 -78287504 -117093032 240323824 76208144 -171963728 -537150848 -177826112 166372416 185062112 -495921632 -407477632 264664464 -97391056 -273539424 2984306 -530436160 -261332016 -207458544 376050784 59373156 -6752285 383000576 -77069696 -13563058 -173315280 -253267296 -554118848 227701168 -122783560 -308547904 -224553424 -122759616 -103766056 367863072 -13826463 -309244864 282530400 -114057600 71152360 81234208 -407276192 67742112 42919944 -553646848 -307526560 -236021120 -358521888 -587062528 -753053888 
137966688 -216322624 -177867008 108142512 -279199744 -368987776 14413396 -334471872 44303680 71448064 95317608 -232605664 -233414880 -23461676 -376425856 -121868160 -85907680 -138798336 -172398016 368392960 463065408 -197786496 75517696 134521216 -346367488 420200064 20189620 229423792 -13622088 141591168 53202296 206543248 -300145472 -204651344 404111168 -517829568 -27598536 24536504 91454976 -2864330 172921056 343744576 -494289120 -240043968 504461984 134074808 128047896 263931488 175749216 -28031944 -345433856 174044288 -61642712 -2946264.25 27684 -63552880 339673504 -132205520 3962368 -473376512 -310004160 -440108640 -12361468 -129076704 
-24404664 499032672 -53388460 -113514736 66132464 175342448 122789952 426349664 -361396032 -143046896 -488948256 -2751900 402477824 4280078.5 131245280 15962963 30691256 175255936 -20470852 513756448 32791586 119580992 -119015184 -15759482 -337606304 -280881152 41174752 -172444960 -89059456 442329632 -260540512 162781856 -102713712 104541296 -340064640 246314208 -184609056 -70796448 71370456 157727552 200349136 279911296 -56643128 -126402888 591248448 314516288 -157127904 192102528 -75735584 -479766304 188526768 -529454848 112602232 -70548232 -293750240 246934528 -130866456 -352603552 -419460160 -296419168 -270865472 -207843680 8462261 163767328 
75689296 -11167178 240746304 -391657184 122897264 400706560 220057136 140632704 71713920 52824032 -374289184 -70570736 97130040 259144736 70530968 -99497528 -438733472 294959104 290564192 167575792 -163168704 49639420 50324264 -64650268 -72984104 -307357664 -99617152 -413288512 -483012032 153718272 -83587296 -241319072 -62041728 83831648 -675075904 -235843168 83866112 -54798108 -170503888 350640640 -117241904 -737663104 -206056352 53200120 -589180992 -439692736 -483350400 66207668 -95436992 -50781840 -126367432 -238904144 17903818 -433973856 25753796 103210416 -13200013 488755328 -205460288 -77748624 -243117120 325218880 1339168 238497760 
-150788544 30628374 -11385780 94421984 101624288 -286268320 -154791360 27541636 -457681280 -454600480 -226513296 296043616 -370760448 451315520 -322544000 217235184 373295840 15380536 -447121952 -144902176 -117271336 381169536 640700288 318353472 -123906560 -7249144 531000032 98578192 579123328 223412896 -33081888 542262656 186270560 221293584 -191539952 -72677488 97656288 -331066528 222692784 -21760904 -187044992 245814016 -190037600 -30235932 -108866536 68520176 -28932186 -201045040 302951712 112817664 46911712 442040128 -125602944 -102825032 -419586496 328014464 536611872 -114547928 73453640 -113073712 -232272880 -11757612 -200324288 -91200928 
357410656 47519320 -220791344 -510413472 -74103048 454159360 -365526528 -157153504 -269078016 6496940 -277860352 243672064 -113800904 115169792 -122187504 -107649152 -74511312 471547392 -295931360 248881872 387599296 66943272 86262808 -207114368 -198020128 -218352352 576495616 -316058688 377597760 -91401640 -92560392 -90387432 -130560464 363841472 -318475072 -309152128 171861184 233183536 -194796336 280779264 -461168256 -118740768 -316694496 425527072 -540275840 -85725152 -574805376 -233166816 369092064 203885392 -264578528 126217600 -542896896 -77949592 -92944384 310477376 28238452 -17402956 -230229088 -197173568 -107023648 -106986400 -8113312 -265635360 
234214688 -185284752 38249564 176800144 -56348412 -25787736 41576664 -187927456 24867840 -402177344 -210997008 -197107152 -6542313 -362774272 -56681496 -260058864 144106688 -448178848 -155138880 508294976 58765412 -55253176 -256041088 97986616 -54377268 -64936768 157010480 -101151872 -150403520 -255179200 137575520 292906688 -39768648 -37612184 -79752552 -364566048 110198784 202826576 86794112 -258863776 135608224 184757056 -277025088 62144108 11641377 54759996 180567568 -54164648 171658848 -127373800 -443007392 185451456 245339408 -210326672 146902560 38117108 -80359128 216045600 346224096 -283740576 73224304 -36323240 -218469248 -239576128 
285137344 -144947328 -139404512 38782068 -489339840 28091908 253707840 -138473248 33419516 176283488 -194856384 -269922592 122936120 -203354144 -285220032 -345111680 -196165856 -137258928 320362944 -218271200 -127832464 236226880 404020128 154626960 297682912 103066200 -391044384 -432146432 -35508352 -268197344 -214657296 75660792 162422976 416682496 221718016 73679984 737933 -4094660 -181422368 420347904 -349800992 105234464 -234381248 -17215316 29097168 -105420832 113694200 -274306720 51111684 432552896 -161357552 184253472 108617048 -207120864 339945440 206266624 203332992 432956960 -138191760 56844912 -106333344 429304736 11980376 432863296 
-661046656 -370735712 -105635536 -329792480 -269410880 49950036 -119638392 -8834570 -141184000 -174137664 -62699052 -149846448 72285656 -583481472 317778144 263123632 -284898176 -195406192 20604192 107766416 -109048128 -328261312 225660784 -395948992 -141771632 106967544 150029424 11134785 -35476064 43080248 -243305280 -341748928 376735296 -112433096 31133196 75059184 337342144 91421856 -27104414 -348051136 48154056 646789632 12818818 431141600 240556704 197975504 178309648 -647312832 70758512 -307894208 -46586448 -156965472 -80136080 -29775666 -39816920 397971072 -125746208 -241188032 92187720 -542927808 -313346720 235213312 -306029152 -342398144 
16088752 -32195024 183032704 10922393 -321661568 -355426208 338387296 269617984 -35054192 156071968 -270004480 213862656 -141401952 260072096 -204082624 -286433760 -52396152 -219810672 -91094672 437075072 -158445056 -1414432.75 -327439008 -56506712 -242841008 -386177440 -228904672 255070064 -98621032 350534880 -177708448 333785440 -91691904 -214332256 209692208 -256595072 165387104 -22872524 -205183024 401588992 -238434368 -5840662.5 -1175734.375 487945184 54356208 -23517026 -102755216 442082272 154316112 -301416736 -692520320 209367632 309794208 -44838104 94539728 191278448 -148774688 24546980 303450976 493059232 -215776048 -120985496 -18168286 -214574992 
213593536 378409856 -616753600 185049488 -379299808 -352750720 398877632 191210656 201705920 -52718184 263073776 33004552 -116620640 -160494480 -500883264 -291853632 -1571177 -148999680 -61787272 395029952 59588072 319854784 201144848 649907072 13787608 32839468 146057056 -264348368 489725504 187631824 -48566108 455419296 225138416 262224176 242641584 44081776 -720427520 -59657172 -167031648 -51666440 -341865280 -290180384 -314007232 -126824584 -286077920 363447168 -222850864 248087472 -328207072 512305280 -35978400 -200346736 -257121040 -255778752 -351786144 -330749120 429059040 -157613184 272671648 -65742972 105083184 -256425632 91984528 214158000 
