10 10
0.34393212199211 -1.6784318685532 -0.95770180225372 -0.10945733636618 -0.13261386752129 -0.98713821172714 -0.58209455013275 -0.43300375342369 -0.7659695148468 0.66241002082825 
-1.8169689178467 0.81719678640366 2.0493597984314 -1.3017538785934 0.76711642742157 -0.14500564336777 -0.090442761778831 0.60933339595795 0.79786717891693 1.2856352329254 
-0.77145755290985 2.195347070694 1.2343099117279 -0.73861879110336 1.1205722093582 0.81328439712524 -0.23616722226143 0.68895077705383 0.66966897249222 0.98978590965271 
-0.14374315738678 -0.80454564094543 -0.74819606542587 0.098570987582207 -1.4572107791901 -1.1064418554306 1.3430695533752 0.53880172967911 -0.55581855773926 -0.36705303192139 
-0.38762691617012 -0.75800693035126 0.11890172958374 1.219472527504 -0.19945853948593 -0.98077076673508 -0.015583366155624 -0.70109307765961 1.3193776607513 0.50616443157196 
-0.77884608507156 0.67829632759094 1.109334230423 0.35305088758469 0.867660343647 0.78944808244705 -0.46679902076721 -1.0186727046967 -0.4775065779686 0.7678262591362 
-0.76617658138275 -0.13598537445068 0.32285156846046 -0.70328450202942 1.4073748588562 -0.1184659153223 -0.071511015295982 0.065716899931431 0.93785315752029 -2.2867784500122 
1.3446265459061 1.3484447002411 0.56972754001617 1.9698840379715 -2.3756771087646 0.17358919978142 -0.23984868824482 -0.899174451828 -0.96732217073441 2.5114800930023 
-0.71768522262573 0.98152482509613 -0.037597924470901 -0.65846288204193 0.63213837146759 2.4667284488678 0.25013720989227 0.85822087526321 -0.59856969118118 -1.1413681507111 
-0.37593129277229 1.4529979228973 1.0965925455093 1.2518373727798 -0.17147970199585 -0.2105250954628 -2.0511136054993 -0.5360614657402 0.51879805326462 0.64889299869537 
