16 16
169205.9375 577690.875 -2627893.25 3085919.5 -3464766.75 -2120483.25 1878087.125 2357944 -1435442.75 -701607.375 121055.71875 1951188 307435.625 1467448.25 2259270 751639.875 
2478406.25 344664.125 330426.1875 1049045.75 -2654736.25 10285.125 -815762.375 1016306.8125 1310010.25 -3090452.75 1264646 573674.9375 -1815944 -1688911.25 -215699.5625 996220.8125 
1272077.75 248035.421875 864166.25 315575.625 338925.40625 1889102.75 -2945764 -1014437.5 -99005.953125 -997299.1875 340355.59375 -949009.875 -1930450 -557638.9375 -192711.921875 1971317.125 
1182619.25 1054028 -547200.4375 247598.8125 -85253.90625 2401725.75 781713 104286.8125 -736207.5 -280607.75 -718827.125 1392296.25 -839559.1875 -1345084.5 -2380794.25 -631328 
-180497.078125 -1460056.375 -754962.5625 3123242.75 -549016.1875 -146152.734375 2131730.75 -630468.4375 -1931884.625 -768624.25 1074739.875 -2147110 -25144.171875 -3482673.5 -1455724.625 214785.28125 
-308669.90625 -1058818.875 3775165.75 -1053195.75 -464014.625 856540 -40331.9375 1855995.25 878278.4375 -1181200 -1478813.875 855872.8125 970253.0625 -997071.375 -419401.53125 -1403770.75 
2087182 1126474.75 -15756.625 544961.875 -1790998.125 -541967.6875 -686935.625 1819596.5 511573.65625 -1313072 -1118640.625 1635116.5 207125.125 -644154.0625 -208598.296875 -702627.375 
-1845347.625 1539648.875 1497133 -874808.625 3523469 385022.5625 -1904786.75 563863.875 -2071412.5 1657583.875 -2673912.75 -2897860 1100090.75 1689424.875 932706 1932880.125 
-788932.125 -26830.96875 -1491833 -105735.28125 859411.75 432440.4375 -720589.25 -142628.625 -1727199.75 248489.625 -1074944.875 -430908.875 168262.15625 197374 951183.9375 -732663.5625 
-731698.25 36858.3125 -636451 1864199.875 -1194200.875 301800.21875 -104204.65625 -210931.25 160789.15625 -1288499.75 830992 -2462887.5 -2128145 -1319503 288868.09375 2427661 
524425.125 -964885.9375 -1486927.5 -731629.5625 -708706 497920.71875 643798.3125 -413891.8125 -442967.125 441569.6875 -38944.90625 -1645420 -1202374 1311155.5 333499.71875 854258.875 
-881925.0625 -1389069.375 -212572.65625 221496.3125 -280368.1875 -1041757.375 -580849.3125 1090353.625 -1124292.75 253572.203125 -1180767.5 -733907.125 1568496.625 2376439.75 3045637 -227028.640625 
-813711.3125 -216807.28125 686456.25 1762903.375 316783.34375 -2082774.25 1418999.25 -411646.375 301350.65625 -1618139 1478133.625 -191286.46875 1034435.6875 -282802.5 643565.6875 -453776.3125 
2552606 1459587.875 -1935258.5 640996.4375 -588381.125 662450 542833.875 427621.1875 -431230.25 -444246.5 -93185.75 291061.8125 -2153142.5 -1308226.25 -988274.875 1200775.25 
39070.84375 2657622 2754314 -1896590.25 2959604.5 -843573.375 -1598164.25 -392537.09375 1922856.25 -1045291.6875 388217.625 174128.3125 1130763.625 1094741 -890339.9375 -1440712.625 
275519.6875 502281.3125 -923052.375 81944.53125 1057851 -381181.625 1820106.25 -353528.5 343515.53125 1435076.75 -690589.5 -1318683.625 34603.171875 322277.28125 -262814.65625 1285025.75 
