10 10
-394941.5 -118572.1875 -886965.0625 -947368.6875 -262665.625 750257.1875 759960.125 -1017080.25 1281080.875 550131.625 
480549.53125 -1006433.25 -672277.6875 -1299805.75 35876.671875 1360721.625 -829634.375 -1922803 1315676.125 1129195.75 
1785637.75 266014.5 1531638.75 41065.40625 346713.03125 -195755.8125 -1570764.875 -1203886.375 -1980050.25 299363.8125 
-519922.375 -453487.375 363612.9375 -713824.75 -127185.359375 141399.03125 -175969.953125 -1333964.625 433063.03125 -264908.375 
596015.375 651444.375 -451490.9375 43144.875 -1142797.375 974972 25787.3125 -90147.640625 42797.3125 715843.25 
762185.1875 -333313.34375 18503.06640625 -1029883.25 -1133267 -17048.32421875 530333.5 -2183221.5 -648221.6875 1598973.625 
-1608928.5 1566514.375 1295635.625 805164.3125 2814860.75 -1576974 344858.125 301676.15625 164287.75 -626044.125 
-364638.59375 -511500.625 -1140694.5 121432.890625 129209.9609375 -1206467.75 1102640.375 268775.8125 34570.9765625 -455529.34375 
1821547 310387.25 772230.375 -159041.40625 516165.5625 205238.4375 -1082330.375 -618296.5625 -1361782.875 1059734.125 
2130274.5 176028.6875 281205.21875 -3412.9375 -2985695.75 2288820.25 -714779.5625 -487304.9375 -485643.8125 1380437.25 
