16 16
-50.858501434326 25.473930358887 -24.27374458313 -266.67678833008 276.08908081055 15.171199798584 76.032516479492 187.29081726074 -3.0559577941895 -182.2212677002 -213.95071411133 -41.932189941406 -22.233585357666 67.680389404297 2.7171039581299 -33.971000671387 
-134.28782653809 -70.350860595703 -280.94909667969 -69.231216430664 279.74853515625 98.029136657715 -96.982849121094 124.58948516846 61.333450317383 -48.501502990723 94.499114990234 67.951179504395 -160.53544616699 -113.48434448242 194.15885925293 61.317401885986 
-86.244087219238 100.95137786865 -4.3257102966309 23.355319976807 -56.721687316895 57.790145874023 138.13803100586 -36.191089630127 1.5181617736816 6.6452713012695 345.61544799805 165.55862426758 89.495094299316 -137.17198181152 131.31713867188 20.448715209961 
36.180648803711 77.257667541504 103.91173553467 -145.60928344727 -129.33160400391 226.96513366699 227.54756164551 -74.431915283203 -9.1504001617432 -70.091369628906 47.120223999023 91.030555725098 155.50930786133 20.807792663574 -7.6415958404541 -122.69644927979 
-80.260307312012 28.598339080811 -59.664752960205 239.28695678711 29.017642974854 67.256439208984 -114.84017181396 145.107421875 103.81777191162 158.51400756836 111.74452209473 39.856811523438 -34.179004669189 21.742141723633 -114.97389984131 -68.449523925781 
-30.099067687988 -0.95658302307129 194.79629516602 223.19581604004 -253.3768157959 41.187488555908 -30.071104049683 -165.56109619141 36.820129394531 -13.805004119873 208.58178710938 43.045265197754 -31.011741638184 42.343418121338 -87.367378234863 -14.099300384521 
-59.557689666748 217.56788635254 -154.94389343262 23.958881378174 -13.053575515747 -116.87881469727 101.1877746582 173.11543273926 -38.091888427734 132.4997253418 -2.4404125213623 73.634132385254 -97.759338378906 171.83473205566 -50.918388366699 -52.873107910156 
129.42124938965 -56.582935333252 80.244064331055 403.22283935547 229.54437255859 -362.76391601562 -262.33963012695 -59.013187408447 -33.952606201172 133.24394226074 125.12079620361 -154.30758666992 14.707962989807 -272.5439453125 -41.24755859375 52.063941955566 
106.43616485596 -16.663600921631 119.03408813477 -64.560729980469 347.69946289062 -3.2587327957153 49.277854919434 21.969129562378 0.55072212219238 100.88715362549 -164.28247070312 -18.884822845459 263.53720092773 -152.68049621582 -59.733963012695 -217.81854248047 
187.92984008789 16.174263000488 135.50631713867 -167.52093505859 108.06689453125 -49.45885848999 13.158279418945 -53.031620025635 -146.51815795898 30.954498291016 -234.06826782227 -254.08061218262 66.624145507812 -219.9061126709 -339.89450073242 -299.95147705078 
59.54967880249 81.380645751953 -245.18031311035 -208.00028991699 44.968437194824 122.02254486084 94.504867553711 278.21520996094 -7.1678838729858 107.26879119873 -50.76664352417 -43.158046722412 17.632137298584 -1.3178367614746 -224.88076782227 -203.86001586914 
-139.5143737793 -20.595197677612 -86.13060760498 69.108871459961 -164.17599487305 187.84356689453 -14.371738433838 9.2846727371216 106.7046661377 185.61410522461 -20.482757568359 182.73724365234 -49.273792266846 200.99411010742 17.573848724365 -118.24138641357 
-65.241485595703 -55.146533966064 37.332260131836 -39.776798248291 14.492590904236 -62.30158996582 -21.651338577271 19.973823547363 -15.791897773743 31.18249130249 -11.098196029663 -52.943580627441 -3.6555047035217 -73.322372436523 -192.69462585449 -258.60946655273 
-238.49380493164 94.679214477539 -184.56831359863 -41.23938369751 28.833471298218 179.94348144531 137.98834228516 -4.1893944740295 211.91748046875 -75.46183013916 141.10931396484 228.25215148926 -146.48457336426 185.89437866211 323.89593505859 69.399772644043 
121.43654632568 189.12895202637 -111.07763671875 -209.21853637695 -39.594108581543 45.084453582764 240.82443237305 59.379707336426 -27.976224899292 -64.012794494629 233.74362182617 -96.860061645508 70.184127807617 -204.57098388672 -62.553939819336 -54.616172790527 
-97.802658081055 14.211932182312 -95.557395935059 44.491123199463 252.75352478027 96.369232177734 -5.1788673400879 -69.817016601562 -82.100463867188 -169.20611572266 43.992179870605 172.54765319824 -125.42649078369 161.53732299805 322.0920715332 342.54504394531 
