16 16
-0.96377778053284 0.38417917490005 1.6284717321396 -0.66563123464584 1.5180681943893 0.48137390613556 -1.0318350791931 -0.88657408952713 -1.3939990997314 -2.3335499763489 -2.5539231300354 -0.28794807195663 -1.1536026000977 -1.4879140853882 -2.6975648403168 -2.2057166099548 
-1.0071340799332 -0.96108049154282 1.2500151395798 0.63613659143448 -1.0825453996658 -1.6333998441696 1.6209362745285 0.34964960813522 1.0468338727951 0.97132003307343 -0.4685306251049 -1.1775320768356 0.3160771727562 0.11903934925795 0.69891548156738 0.16203796863556 
2.5740389823914 1.4990756511688 -1.4578796625137 0.44489204883575 -2.0371878147125 3.820850610733 0.82135581970215 -1.9651012420654 0.69998812675476 0.16685962677002 2.5313787460327 -0.26291635632515 2.1936402320862 0.9569445848465 1.4598237276077 -1.00421667099 
-0.66241157054901 1.7737332582474 0.60245728492737 0.99642461538315 0.43051052093506 0.84194922447205 -0.28448659181595 -1.5763164758682 2.0124735832214 -0.54917711019516 -0.81168174743652 -0.84056317806244 2.1678066253662 0.23991571366787 0.75886529684067 -2.4491500854492 
-1.9595606327057 1.2202755212784 -1.5547734498978 -0.48160684108734 -1.6735285520554 1.8468272686005 2.7392711639404 -2.4898464679718 -0.17342558503151 -0.80859673023224 0.30646824836731 0.31529772281647 2.5088233947754 -0.75066190958023 -1.3753409385681 0.71257853507996 
1.1560711860657 0.4646489918232 -2.8608784675598 0.48176354169846 -0.61650627851486 -0.30177247524261 -1.8622928857803 -0.64736485481262 1.513853430748 1.652302980423 3.6601221561432 -0.067980319261551 1.1280369758606 -0.73683059215546 1.3830176591873 1.3281252384186 
0.47090762853622 0.13387906551361 0.6413032412529 3.389839887619 -2.5150382518768 -0.49511408805847 -0.87839889526367 0.75728446245193 1.2653608322144 0.37145209312439 0.66808986663818 -0.17456294596195 0.15022948384285 1.6086006164551 2.7465858459473 -0.96458053588867 
1.6167634725571 0.99584650993347 -0.59004467725754 -1.5350408554077 0.73183804750443 1.6948473453522 1.72525203228 0.17557467520237 -2.2231392860413 1.2522233724594 0.45141816139221 1.8785420656204 -0.10530114173889 0.52817094326019 -1.8049666881561 0.99388068914413 
2.506974697113 0.85992419719696 2.1761057376862 0.96802371740341 2.5391516685486 0.29400581121445 -0.87863755226135 2.1477432250977 -0.77499783039093 -2.4306154251099 -0.63670194149017 -0.90439879894257 -2.6554701328278 2.7018804550171 -0.36608907580376 -0.040940679609776 
-0.59466147422791 -0.16418170928955 -0.010009482502937 1.1164327859879 0.58945798873901 -0.89092260599136 -1.8792105913162 -1.9951958656311 -1.4227249622345 -0.80586981773376 -0.22525632381439 -2.5239689350128 -0.60851067304611 -1.0391533374786 0.73231446743011 -0.50144273042679 
-1.5808163881302 -0.044829308986664 -1.8661525249481 -0.034693002700806 -0.55435705184937 -0.67419004440308 1.3187001943588 -0.22290024161339 0.4035022854805 2.8374471664429 0.26116889715195 -0.31350612640381 1.8578970432281 -2.6350245475769 -0.29869657754898 1.0077205896378 
0.30382171273232 0.25110465288162 -1.538361787796 0.26632586121559 -1.0361658334732 0.289943754673 -0.82569766044617 -3.2895302772522 1.6158590316772 1.6197776794434 1.7656168937683 0.86900925636292 -1.5697025060654 -2.0596935749054 1.1047828197479 -0.18854048848152 
0.74631690979004 -2.5665037631989 -0.27115240693092 -2.5309324264526 0.96197563409805 -1.6449311971664 -0.98878729343414 3.6520607471466 1.2638864517212 -0.85144084692001 0.58116620779037 1.369880437851 -1.3081483840942 1.282167673111 0.8800892829895 1.4568803310394 
-0.25766980648041 -1.6794117689133 -1.8180111646652 -1.3886920213699 2.2050819396973 -2.5666260719299 -2.2748005390167 2.8496289253235 -0.54975038766861 -0.049938380718231 -0.58577746152878 1.3051314353943 -3.397335767746 -2.4376435279846 0.65784442424774 1.2204151153564 
-1.7112455368042 1.8539652824402 0.022206991910934 1.5677500963211 0.035931974649429 0.4390127658844 1.9835489988327 1.1132533550262 -0.62619310617447 -1.8393542766571 -1.6382476091385 -1.3826974630356 2.9450130462646 1.601114988327 -0.87189865112305 -1.2457818984985 
-0.92942571640015 1.3894859552383 -0.8378672003746 0.8730029463768 1.7276067733765 -0.94957423210144 0.040385320782661 0.16630488634109 -2.8150904178619 1.044323682785 -1.5393503904343 -1.6249788999557 2.0329608917236 -1.7696324586868 -1.0266468524933 -1.9996633529663 
