16 16
-3306.1032714844 6955.9326171875 -35002.01953125 -4080.7351074219 674.46728515625 6305.0634765625 -243.77673339844 7252.7319335938 8017.10546875 -15476.779296875 4531.9052734375 -19552.677734375 13204.7890625 -3277.2727050781 3220.0263671875 8113.810546875 
6930.412109375 -17510.15234375 -17568.939453125 -17751.1015625 1092.9487304688 14646.057617188 21682.05078125 -33478.75390625 9627.814453125 -6267.291015625 -8440.173828125 -25941.603515625 -12603.049804688 12371.27734375 -13076.53515625 3719.1284179688 
6349.8540039062 -13810.916015625 -8583.490234375 -461.48657226562 6465.4599609375 -8038.8686523438 6573.716796875 -35137.9296875 -7002.6782226562 -17274.814453125 -7007.0708007812 -20492.38671875 -23215.53515625 621.53930664062 1441.3157958984 6188.6352539062 
5809.8828125 -12680.201171875 -11561.69921875 5475.9165039062 -15035.61328125 4406.216796875 -24500.884765625 43418.5703125 1730.9204101562 21528.267578125 11394.307617188 2380.8620605469 22658.09375 -16741.697265625 9742.7822265625 -34630.80078125 
-4538.7001953125 6852.5151367188 -605.4853515625 9865.0390625 26007.197265625 -1119.1917724609 -10549.431640625 9517.3115234375 18125.853515625 -2409.0246582031 1916.6899414062 -9381.951171875 16797.5390625 19211.3203125 -1334.2727050781 -3394.60546875 
16294.564453125 1804.1215820312 3215.5629882812 -3043.0512695312 12028.912109375 -1841.4833984375 15627.239257812 -11776.107421875 14399.01171875 -11423.34375 5935.33203125 -5566.3969726562 -23794.8046875 12292.91015625 10750.022460938 -15694.500976562 
12946.89453125 7049.328125 -1382.0205078125 5294.2856445312 -9763.91796875 -12559.936523438 -16023.095703125 23748.87109375 -27107.9609375 -7206.376953125 -15285.081054688 10325.743164062 2615.2446289062 3412.3798828125 16115.565429688 -1990.5200195312 
-18146.30859375 -48493.29296875 -1657.5883789062 9556.853515625 -24767.693359375 -12264.788085938 8271.0634765625 13025.8359375 -6817.2080078125 -5622.1743164062 -24227.12890625 -9207.0703125 3661.158203125 -11109.94921875 28557.28125 -10481.884765625 
15493.244140625 7868.6274414062 13441.857421875 6557.7490234375 -6678.4833984375 -9875.99609375 -9079.3330078125 7175.013671875 -16713.3671875 -4505.9858398438 -25637.19140625 12092.819335938 -14999.154296875 25526.986328125 11977.249023438 -3918.4755859375 
-11247.065429688 11197.802734375 -32711.400390625 -11321.3203125 -21388.310546875 -932.17297363281 16345.462890625 -5557.916015625 1428.7680664062 25486.24609375 6320.5419921875 -11536.379882812 -13168.466796875 5851.0634765625 -10399.625 10903.569335938 
14213.00390625 -2432.5336914062 -34139.03515625 -2894.9389648438 -4039.4877929688 -1018.4385986328 -11550.619140625 13951.93359375 -11869.21875 -11812.625976562 12065.770507812 -13689.873046875 15801.196289062 -20012.330078125 9075.1279296875 -18496.46484375 
14577.448242188 12054.537109375 -9273.591796875 -11301.538085938 9771.5986328125 4536.9731445312 -18873.56640625 8370.28515625 -632.29663085938 -15869.912109375 -530.9716796875 2065.3544921875 13459.04296875 9007.560546875 3768.0737304688 16412.583984375 
2198.0234375 -2972.82421875 10228.5703125 -7940.171875 18951.673828125 -7820.5629882812 31234.814453125 -55569.78515625 -4264.2001953125 -19140.19140625 -6410.283203125 -3190.0151367188 -27556.607421875 7001.87109375 -7380.03125 15978.557617188 
-8079.533203125 -1517.7619628906 573.20263671875 3757.9516601562 -3648.0500488281 4514.3061523438 1590.8508300781 -1631.5209960938 17881.67578125 957.01440429688 11198.541015625 -17295.48046875 466.20910644531 10172.786132812 -12007.50390625 -14.660888671875 
12500.622070312 -14138.34375 -75.125610351562 17277.505859375 23360.11328125 8791.5078125 -12943.7265625 -18235.681640625 7612.0961914062 -21829.87890625 -473.69061279297 -18235 -3597.0388183594 -10191.541015625 2099.2661132812 -26227.30859375 
5607.2470703125 -9529.046875 5897.517578125 6042.8090820312 382.55737304688 -5005.7387695312 12520.86328125 -42618.5234375 942.45532226562 -17370.947265625 10886.224609375 -17412.42578125 -31237.759765625 -12639.609375 -1230.4719238281 5115.7216796875 
