10 10
1.7443835735321 -0.64008092880249 1.6157017946243 1.5744097232819 0.43943491578102 0.59638512134552 1.6447205543518 -2.6117475032806 -1.3405063152313 -0.50140786170959 
1.2246062755585 1.9620687961578 -0.064210645854473 -0.3918359875679 -1.0362687110901 -1.3139605522156 1.9208965301514 0.41896522045135 -2.3597302436829 0.12775206565857 
0.61809289455414 -0.21383459866047 -0.94525027275085 -0.75883364677429 -0.34723517298698 0.19377724826336 1.0552015304565 -1.1026232242584 -1.1911066770554 -0.20394650101662 
-0.43339625000954 -0.90082609653473 0.26658421754837 -0.35400679707527 -0.4604160785675 -0.0029021352529526 -0.64083808660507 -0.93580991029739 1.4024822711945 -0.16642919182777 
-0.2813728749752 1.082537651062 1.3778277635574 0.39151006937027 -0.97041296958923 -1.33362865448 0.9190765619278 0.16379737854004 -1.3729418516159 0.63922119140625 
-0.059159129858017 0.47835063934326 -0.85790413618088 -1.1110656261444 0.41223511099815 -0.93079042434692 -1.0278376340866 1.7970678806305 0.80803847312927 -0.78024649620056 
-1.2475264072418 0.97744119167328 0.038883574306965 -0.02497535943985 -1.8987400531769 -1.2019580602646 1.0710761547089 1.2229795455933 -0.28289437294006 2.0506570339203 
-0.50569689273834 0.51207399368286 -1.3108649253845 -0.52906781435013 -0.25173652172089 -1.1894487142563 0.32929062843323 1.6927571296692 -0.40302586555481 0.81197810173035 
1.7560982704163 -2.4289638996124 0.16019034385681 1.8643581867218 2.5196847915649 0.98211419582367 -0.15047305822372 -2.6685719490051 -0.76946884393692 -1.3730828762054 
0.99947363138199 -0.17341274023056 -0.55255645513535 -0.24988350272179 0.07287859916687 0.49046248197556 0.96534293889999 -0.95461583137512 -0.55178999900818 -0.67329084873199 
