10 10
-1178064.375 975989.5625 -415866.875 -619666.75 1505353.125 -770884.3125 553113.25 -625453.875 -892089.625 -782161 
-344242.03125 -337351.09375 -1272696.25 -1004307.75 153532.296875 -1433532.125 265781.96875 1386864.625 -1939682.25 -821898.5 
1127206.75 792148.75 -1667878 1501240.125 249467.96875 -1479941.75 2323885.5 2225920.5 -1545059.5 -331491.21875 
-212855.125 -1443104.75 583387.5 -1462265.375 -653658.125 -109760.90625 -1226704.5 -1041421.6875 1995546.875 -560031.5 
993622.25 -825425.375 -385403.59375 301493.3125 8483.4599609375 -1369500.125 373791.8125 -534374.1875 -156477.6875 471262.53125 
-573640.25 101541.0390625 380111.3125 49792.6875 -82175.3046875 1135108 -447156.3125 -91736.984375 -1003521.25 1064105.375 
24920.9375 -284043.53125 -528525.6875 999146.5625 -1177659.875 948039.1875 -143054.390625 697951.125 313410.875 1029695.375 
626549.8125 -1136805.5 -665539.9375 1307420 -323717.0625 257775 1604666.5 113597.875 -26993.15625 2567718.75 
-361989.875 715756.6875 1021646.6875 -356462.53125 -1049258.125 1530425.25 -1066674.75 -465485.625 343692.4375 107970.0625 
-697659.9375 4107.2290039062 1069409.75 -788078.75 599929.5 827924.5625 -1314551.625 -612586.6875 -1692923.25 520016.6875 
