16 16
-201555616 -86216640 29305814 20728434 57598692 -64759656 247039424 -210078256 100644776 -150729904 -44059904 -24001268 247423600 -220539936 -147671712 -111034904 
-147773088 110702048 -180399472 -79295288 -69688368 -164785648 -36246304 -57609720 122707952 -47366440 273478560 114902224 32958872 -175511488 -72076496 11490056 
-106593888 -184770640 29031056 -125514656 147673360 3058410.75 85258768 -220137728 148796416 48695716 31416562 -174021280 51580132 87875024 -194698560 70711120 
23195620 139779008 -36377312 12006840 -245593328 112877728 -147079792 33658076 31024084 -56380132 294494560 -87080896 37155836 -32812164 -4248061 -30588354 
-24711536 -101918928 235044912 -41083892 -128327360 3842539 101844384 177081952 -182335824 -111355424 -61731084 -21003326 97794360 -71591688 247342816 -257320592 
5299753.5 -121216728 123709544 -39704424 42374656 -49283568 117704864 -101283496 121064160 32713728 -67946672 -272575392 -36651632 209994768 -11085803 17107388 
-173896000 82790784 -106519376 -98509408 100462320 -134406272 -49375224 -16582448 -125472704 30067630 33298552 -202528720 1819027 335793760 6499618 -32548816 
4919008 -63698132 -200258960 186911760 39055312 291005984 32255036 -145556704 180409792 128487808 -329713728 -198357888 -141629856 159861984 -141054928 80088192 
-164104096 10916668 327504288 -45420720 -195793088 -97637680 125056864 -51642128 10952534 -72581728 292129088 -11083708 83556112 -280461568 -114672192 -147705824 
-175543152 -13295994 -20436818 96146128 155043296 -144270992 200308208 58464928 296238336 -69983568 -45220584 -152471904 264829168 -55204616 206848448 166376272 
-129119448 -137684960 187212288 -186276416 -99600024 -64390044 -82804000 -280182592 85133072 111534320 319256512 124310288 283348448 -199929616 157056832 -25099182 
180129024 -133961496 52814692 -156657520 67953088 22770916 -23035394 -63010988 -122919200 4902748 -30147644 162747680 6371124 31719284 271696576 -154886080 
-84966264 199237904 -225713088 -49462744 118631528 -224373216 -91300472 303421952 -182686640 -53001536 13852359 97044928 -94393152 98945096 -134550064 39771508 
-158946720 -24991676 -24586688 -220005680 178392016 26543626 93988992 -171334896 -56727808 187608048 15688096 -41618568 167442848 87997976 157079712 25867716 
54834280 -31083756 159078896 -54604952 142500880 1195109 94577592 -26638970 -140277440 132736168 -181411712 8948570 -193520128 186511872 68417680 -42569096 
-95449856 216951392 18362748 119672400 48051080 -139756880 -37082256 -88735432 -1947058.5 56997960 16650584 104726944 94880000 31818820 -15043500 4353380 
