10 10
680351.125 -306278.65625 980043.6875 -109588.890625 432120 566490.5625 910652.25 -587745.4375 48314.8203125 289255.1875 
662943.375 -502051.875 599831.8125 643222.3125 517175.625 752694.3125 361748.84375 -1379995.25 443761.15625 -920182.75 
21849.53125 -2864154.75 596404.8125 2160377.25 23631.34375 1380297.25 -2008001.25 -2765811.5 1082516.5 -768418.375 
-483261 257686.34375 -1288838.75 804636.875 384308.75 -182467.34375 -2029807.25 -1121073.625 -637907.25 -1001905.75 
-784826.25 87855.1875 624383.5 -64131.4375 -930239.75 123635.34375 477828.90625 -1407592.75 -1566412.375 -580682.75 
-888057.25 -127493.6328125 -1730154.125 585957.875 48760.625 -1969875.25 -2109907.25 -56643.546875 -16145.9765625 486274.75 
1007662.875 -1282546.375 208756.828125 851823 828987.1875 -467546.375 -75737.1875 -949373.5 1762728.25 -244548.859375 
291703.40625 525737.25 222017.171875 -297228 2147924.75 119342.09375 1827991.5 1002461.3125 -303385.15625 1322303.25 
-599509.25 989784.0625 -1726513 -348591.96875 945980.4375 -1384153.25 -177986.5 -640317.625 64582.6953125 -887135.875 
-1050667.75 -753800.5 -349960.03125 -167733.5 1207333.75 434798.625 355248.78125 -1895697 -454950.4375 -472000.40625 
