16 16
-20.194807052612 -80.327423095703 112.49490356445 60.396057128906 75.060188293457 -56.490600585938 -204.48274230957 -106.22053527832 49.57315826416 -151.21934509277 94.685440063477 -40.318069458008 -11.872720718384 16.447332382202 -19.992588043213 16.884609222412 
107.20906829834 72.090339660645 -68.196754455566 105.09417724609 0.88039207458496 -73.412528991699 125.24589538574 124.89038848877 114.55618286133 -253.03538513184 -129.15710449219 133.70825195312 -111.73290252686 -1.952766418457 19.368587493896 69.613471984863 
-80.824363708496 -22.514358520508 -68.254776000977 -27.13098526001 -119.63578796387 260.87591552734 -240.70629882812 -67.020172119141 -259.78021240234 116.1939239502 -96.377662658691 99.529113769531 253.47190856934 -51.339088439941 225.11209106445 62.444667816162 
105.4323425293 245.18569946289 192.30540466309 -182.08776855469 84.702011108398 143.42677307129 151.91436767578 106.93623352051 61.265937805176 -183.55114746094 -174.15625 207.91415405273 -387.0885925293 19.798980712891 -69.275169372559 -4.5687561035156 
-69.837821960449 -76.993263244629 32.349967956543 231.55267333984 68.109489440918 -33.039642333984 80.090461730957 35.724250793457 28.723072052002 -126.23037719727 -40.428970336914 36.392921447754 -115.61275482178 210.67549133301 109.02481079102 213.87687683105 
-146.41407775879 159.93188476562 116.05120849609 -173.13287353516 160.67617797852 -13.284873962402 -68.150566101074 200.81927490234 128.98764038086 -109.83464813232 -47.271099090576 13.105205535889 -244.97662353516 -28.003662109375 -69.572677612305 -114.44985961914 
-220.43414306641 -171.59941101074 -85.400650024414 91.950340270996 197.80952453613 -20.733610153198 26.760894775391 -73.611351013184 144.54350280762 144.01300048828 94.663230895996 -54.005836486816 272.86492919922 -87.917137145996 15.528369903564 158.38116455078 
82.597198486328 -134.52072143555 -184.98136901855 235.32113647461 43.412792205811 -257.95040893555 85.161514282227 -92.385101318359 117.00897216797 -127.17128753662 -38.131210327148 -43.20140838623 221.13485717773 28.647800445557 -119.30039978027 -53.700462341309 
60.980121612549 -184.51542663574 129.66844177246 82.066452026367 -24.483985900879 -54.54150390625 13.500080108643 -194.83448791504 72.629501342773 -27.790111541748 156.48425292969 -169.12051391602 79.209991455078 21.629417419434 -176.31382751465 22.918830871582 
-82.770004272461 -71.667510986328 363.9885559082 57.668525695801 -54.523334503174 -34.897548675537 -217.53456115723 -139.14756774902 -141.15657043457 -20.576435089111 317.93939208984 43.355876922607 -36.63484954834 24.988151550293 -47.887016296387 74.765472412109 
-172.84117126465 -32.586967468262 264.2346496582 167.58680725098 -176.12586975098 -120.50929260254 -166.2200012207 -107.20850372314 -120.12716674805 -44.435997009277 21.859237670898 -84.334480285645 90.880310058594 -15.630714416504 -46.274463653564 -131.86172485352 
-88.860107421875 -66.970443725586 113.11238098145 -12.205688476562 254.45486450195 -10.233024597168 70.522003173828 -237.8837890625 -163.84214782715 -95.436767578125 18.254318237305 -80.441177368164 -201.02815246582 -62.052192687988 -76.507171630859 -117.03879547119 
-17.297788619995 120.21926879883 287.13092041016 -163.74127197266 -43.023357391357 24.192277908325 -65.167579650879 -77.049255371094 -108.71772766113 -191.75907897949 -76.705871582031 -250.33181762695 -145.82279968262 23.154632568359 -264.15173339844 -271.37298583984 
-185.09632873535 145.14163208008 197.5072479248 18.746013641357 -199.04827880859 181.21508789062 -53.663677215576 0.65239667892456 -376.47467041016 92.33903503418 -180.57727050781 -54.556709289551 78.780372619629 76.100128173828 73.962783813477 -101.40167236328 
142.64179992676 64.505874633789 -260.60894775391 -1.4786186218262 -159.56437683105 -42.245544433594 76.803955078125 12.25496673584 -195.66145324707 94.930976867676 -228.24697875977 -57.648239135742 42.316963195801 39.136962890625 36.79515838623 -282.81652832031 
14.619837760925 18.812099456787 133.17781066895 -44.063369750977 203.59147644043 8.4489049911499 -207.10398864746 84.521430969238 167.61700439453 -61.946380615234 149.33697509766 239.36700439453 -121.8489074707 -77.713531494141 1.7610282897949 60.738204956055 
