10 10
15097.657226562 -7670.4580078125 3885.013671875 6.2256469726562 -12093.40234375 -176.98721313477 7291.9521484375 -1097.5324707031 -24833.236328125 13567.099609375 
371.65283203125 8292.982421875 -7774.6806640625 -1917.97265625 3274.69140625 -6101.80859375 -1055.24609375 -819.451171875 20383.60546875 -7990.9145507812 
4882.095703125 32141.751953125 -12362.72265625 -20012.91796875 -753.13696289062 19484.046875 8527.3701171875 3796.8898925781 9671.9658203125 3861.4279785156 
4600.3916015625 -22484.384765625 811.26171875 -6335.900390625 10914.6796875 1469.4735107422 9305.6533203125 11607.046875 -769.32739257812 7176.9248046875 
3222.8857421875 2726.7055664062 -3049.7446289062 -11367.110351562 -4212.5771484375 3652.5866699219 -20876.111328125 -2138.4287109375 14242.787109375 -8388.4755859375 
3030.669921875 14620.380859375 15139.307617188 2687.3515625 8446.8037109375 6235.18359375 5521.9892578125 -6731.4516601562 -7320.0659179688 22132.83984375 
-4487.53515625 -15776.321289062 -1441.8918457031 3045.1357421875 -839.05645751953 -1595.2314453125 -5443.021484375 -425.39086914062 -635.96264648438 6898.9770507812 
3748.8898925781 10070.798828125 5386.4462890625 -13432.27734375 -12698.875976562 1262.4970703125 -9510.5390625 2704.5419921875 12611.567382812 -8805.8193359375 
-6712.4350585938 10776.416992188 14789.20703125 9858.2412109375 7983.8696289062 -16495.591796875 -15100.158203125 -9806.228515625 6342.8466796875 -544.98504638672 
2844.2016601562 11156.896484375 9757.603515625 -43.87438583374 -11530.564453125 -760.46813964844 -14305.731445312 -4340.9086914062 6463.1391601562 -1574.6335449219 
