16 16
-238709440 108963464 -204730192 -180497520 -83313656 2682952.75 -10923144 -144271232 -95664856 79672816 387272640 -83122296 -50710808 121045232 108358264 255100944 
174498368 102088976 -89844952 70659584 248248256 -29211082 99232544 273504416 137444272 -111833352 -87259928 -220248656 -11406884 73675632 -140990064 67420352 
-233095632 -20087400 25752390 112250848 208757136 221137104 37583672 58080604 60295260 -11450147 -89142048 -238244880 86696576 -64244068 142234288 -181849088 
-30313746 81646336 -37514352 209892576 114003664 99111096 -156184544 -36676000 150281664 22879346 -65940084 147739200 -15841347 -7048326 154850608 78093680 
-71020664 -152810240 132443560 -288209024 90048344 122726504 288732576 -125988744 -84725336 121978136 -156177088 176199344 97105952 -267146368 175410704 -216717824 
105187544 -23249456 24307046 -126803048 -264494256 33557016 217274128 -40715540 -143279072 36045296 219662416 150706944 -78405248 -86971712 -183685392 51657944 
-211167840 -49626840 -91870432 -8740622 24503966 185799456 66169280 -62673992 -54967096 31583594 143829568 -171187040 -25357908 -44698492 -6228167 -41953960 
-136567168 13261979 -157011136 -52173188 231602240 45374976 117554304 78453608 -122193352 -112763952 132786936 -191786368 24711304 87821744 137731728 127442072 
129366528 278231616 -46038792 98388736 -38538024 123492896 -626558 104416744 87151616 -76501064 20556616 -4975620.5 -83931952 143487488 -127256544 129534568 
-436307360 55318276 -115527168 34804692 164966784 37776324 -64956456 -97034048 106075712 -120363040 166420512 -72538968 -132633840 208112016 -101152080 -110512968 
-28603096 60619320 147782864 3718276 81610280 -163516368 -105625448 117234032 119518312 -1433128 -110233152 -230108960 161929536 109464264 91767440 -107816704 
95095184 -16755130 -6621773 -83892624 25865368 -47559452 142771696 242542000 -160325984 -7399191.5 50268700 -181884208 42988124 -135108976 -72954344 56239656 
237695920 89464352 -46695244 -16573680 131433320 -90529552 -107754152 386578848 -17969164 9161514 -91264624 -221529008 54855228 -79026352 174743776 100773128 
112446728 54813492 -172069968 7445832 -3400348 74026632 279850272 -31687464 123543184 -9997468 20908850 -125100376 -137097696 -19473764 -135134304 48563304 
-18450616 -140789888 -187669984 87639376 -22940396 29297324 -143468528 64392728 -15224769 -88295672 68920424 -54333564 -111415456 110274040 -98289320 73780192 
62337668 67146952 -46654520 173548240 -103065592 248437936 -5980272 70144992 8152715.5 -57510424 31399924 -96107960 -50615512 -15234764 9699358 4828277 
