16 16
31345968 -26037568 -127180936 74466304 -126487224 251279184 90877368 -4182528 41113112 65928940 -119133608 -72561576 -17278452 -17177048 144081408 -67800848 
-130613536 17007590 -91367408 -130678072 -165597920 158474128 -42028324 -56959216 148649088 -105433344 93617480 65788588 130989472 -43674956 145286112 -33321028 
-46458524 -110483640 -58566416 27545824 -117894448 -49818312 -127403720 122904664 143830448 80373392 4583472 -43762336 7497796 -82062184 4489928.5 -36094476 
-25819958 43344476 -71895216 71575472 14095464 -50780444 -186469312 144950384 124009792 -23282836 52632472 139927376 11073604 -188618912 -35835392 -92767960 
-143057424 -469806400 15169195 -132315552 -272987808 23909914 247146160 93497312 -133080248 177891904 -73121104 22006964 -7623900 -83947456 -63149456 -198118576 
-9597488 -112943576 -80637520 29358850 -161563008 -88967088 -31777214 69394408 11720616 -36136152 33677384 249480464 -148153136 -20235106 60186984 -152848640 
62750980 -233568672 -22156380 -66046272 -104737608 228039168 280848896 193603488 -30905202 37436440 -32821168 -113281296 -81093592 34806208 39748848 -126267080 
-155910176 -85259424 -205847168 44850436 -231442128 116867560 31776422 -30159132 102040592 -104261816 -123753856 50581556 -91406192 -84249000 159848144 -58257488 
92785312 -146013088 215997952 -126043872 149545408 -53294392 12230474 51814708 -48300288 71826736 -85505984 -261944288 -54156456 -83072784 -204467584 -79718272 
-162564736 -326181312 -80762616 166942592 -479498688 -29574668 16710188 -194427792 -45442768 99228576 7863278 182583856 -160712048 168044032 101675880 95536592 
-98018184 -537002.75 -180869232 144253968 -36712284 2541964.75 7055505 -166894208 232637104 -74678680 111333272 157755648 -42982204 -52057588 133848240 18885024 
76855280 235862624 34617184 -161265632 188814880 108953952 -232106784 -71864688 156018272 -118133432 323748800 92028528 155454048 23391768 123450352 22032816 
80647176 110622920 140228688 -93663176 303513856 -249331536 90605168 -76411456 -206235696 170472064 -16697300 36650808 73556464 56683180 -73212784 29670162 
27044408 105573680 -103002720 159937088 50696408 -86286552 158604304 -69413920 -32238768 -89776256 149254368 175432800 -45929912 222405728 77426144 170601600 
35873448 136399248 -54569864 43557708 141362752 110801208 15656724 -248500384 -122061024 203685440 13404044 150266464 183751616 42593976 218197936 -126765568 
-50335196 174709088 227663552 81421920 177058624 -182155408 -231383552 -111029040 -166268672 -251761232 107941072 104457344 -21189070 243720400 -171083136 108583576 
