10 10
0.055370505899191 0.84706020355225 1.1822274923325 0.90648728609085 -0.17267325520515 -0.41377314925194 -0.82548820972443 1.4970030784607 1.5923236608505 0.72080904245377 
-0.33712384104729 0.35997468233109 0.64647537469864 0.67512357234955 -1.7529664039612 -0.70449775457382 -0.37567800283432 0.58703285455704 1.0776131153107 1.5623826980591 
0.43216389417648 0.26519912481308 -0.032267704606056 0.39407405257225 -1.084180355072 0.28362482786179 -0.36450624465942 0.60393816232681 -1.149488568306 1.1847687959671 
0.8125079870224 -0.65329283475876 -0.013130508363247 1.0060830116272 -0.30259650945663 0.42612108588219 0.42940410971642 -0.46708470582962 -1.6712481975555 -0.16305792331696 
1.8448238372803 1.0842641592026 -1.6563577651978 1.2853175401688 1.3568782806396 0.74044525623322 0.76190161705017 -0.94278943538666 -0.8223751783371 -1.1358995437622 
0.16437524557114 0.58471566438675 -1.2714936733246 0.83704519271851 -1.4639811515808 -0.56266570091248 0.1102154776454 -0.2804399728775 -1.342110991478 1.2922269105911 
0.061693549156189 -1.163024187088 -0.11990717053413 0.70872700214386 -0.15033888816833 0.0092883482575417 0.26344278454781 0.93043845891953 -1.6551727056503 -0.2416190803051 
0.16665014624596 1.3900763988495 1.7021124362946 -0.68397259712219 -0.87534660100937 1.4699351787567 -1.1831221580505 0.63533008098602 -1.4387259483337 2.71937084198 
0.80345851182938 -0.60265290737152 -0.067019581794739 0.062484204769135 -0.032299816608429 0.64833241701126 0.18607574701309 0.32329338788986 0.77417856454849 -0.086280047893524 
0.91005223989487 0.38099199533463 -0.80289709568024 0.27575612068176 -0.13512688875198 -0.21862481534481 0.010851541534066 -0.40144589543343 1.1062562465668 -0.26093974709511 
