10 10
18.544612884521 -36.047485351562 148.1273651123 -75.38883972168 -25.265682220459 70.633193969727 -71.643196105957 50.707611083984 -169.98568725586 120.45889282227 
124.72735595703 -73.772361755371 -46.170417785645 -73.243774414062 50.06379699707 22.06151008606 57.959289550781 6.9951252937317 38.198375701904 68.921157836914 
51.041137695312 -35.694526672363 -26.34610748291 -78.408782958984 144.38389587402 -12.987197875977 236.25317382812 -50.855617523193 -18.929851531982 -242.46510314941 
-67.590667724609 217.08801269531 -83.563926696777 86.103240966797 -114.73494720459 -5.2195129394531 -295.71813964844 200.25277709961 -8.0625076293945 -19.872951507568 
112.47504425049 -4.4079971313477 -141.14736938477 88.487838745117 -26.44278717041 -85.069900512695 33.573745727539 59.931339263916 -32.479499816895 35.640274047852 
87.53239440918 -25.095064163208 171.87045288086 20.424554824829 201.5241394043 253.39485168457 -67.59839630127 -86.523513793945 98.659149169922 -14.377074241638 
-1.571834564209 72.576164245605 -62.79496383667 -42.227478027344 -59.812911987305 -107.04072570801 -48.477649688721 123.98724365234 -99.166641235352 8.6275634765625 
-105.46670532227 88.781936645508 -106.01449584961 0.60984420776367 -188.95405578613 -193.07096862793 25.786712646484 77.956130981445 -55.462253570557 -35.958442687988 
-22.692790985107 9.9915313720703 -126.61768341064 137.84785461426 -90.903144836426 -51.671497344971 42.787239074707 -18.712100982666 26.170059204102 -21.555410385132 
145.56861877441 -0.6358470916748 -5.7663707733154 -189.48570251465 -44.510391235352 15.826271057129 10.903874397278 159.32148742676 -138.0295715332 69.412422180176 
