16 16
-3.0557143688202 1.0849575996399 -0.75427401065826 1.2810616493225 -1.1935786008835 1.8936996459961 1.6054793596268 0.42545932531357 -2.6546981334686 -2.4336764812469 -2.302627325058 -0.26103496551514 -0.15043862164021 -4.2638039588928 -0.84559869766235 -0.18756759166718 
-0.88622391223907 -0.43948724865913 -3.577045917511 0.53955584764481 -1.9491189718246 -0.25372570753098 -0.46072822809219 -1.2264488935471 -1.1000671386719 -0.70859581232071 -3.3702745437622 -2.8918316364288 -0.4917072057724 -0.81813532114029 -0.20601511001587 -2.4196608066559 
-1.1814506053925 -0.68951010704041 -0.29717522859573 -0.10961562395096 -0.14182408154011 -0.6891006231308 0.93748492002487 0.38776123523712 0.75590395927429 -0.47103381156921 1.1849453449249 1.4143316745758 1.9912722110748 -0.90974229574203 0.44480907917023 1.5236809253693 
-1.2164037227631 1.3267110586166 1.8825857639313 -0.98660576343536 -0.20374295115471 -0.4081075489521 -0.1088131070137 3.0579524040222 -1.0481023788452 -0.42317718267441 0.016331017017365 2.2159550189972 -1.1815187931061 0.68377792835236 -0.48054984211922 -0.37440979480743 
2.5024688243866 0.4617383480072 0.41557151079178 -1.6410701274872 2.0323684215546 0.68297123908997 0.25755235552788 -1.3359731435776 2.0319995880127 -0.17390590906143 1.3748803138733 -0.27592527866364 2.3382802009583 3.029572725296 2.6169013977051 0.49329996109009 
0.29811328649521 -2.3790330886841 1.3994717597961 -0.81578958034515 1.3304150104523 -1.1166429519653 -0.8271546959877 0.92581737041473 2.0166893005371 -2.6301980018616 1.0564874410629 2.1343600749969 -0.13591545820236 0.64217948913574 2.8859493732452 1.0229523181915 
-0.24282182753086 0.66845518350601 -0.75712931156158 -1.0971868038177 -0.2675653398037 0.23675772547722 -1.4751456975937 -0.27430355548859 0.28171327710152 -0.89071702957153 -0.59303706884384 -0.98594069480896 -0.069075562059879 -0.86043047904968 0.90050959587097 -0.94739264249802 
-0.34589004516602 0.58513677120209 -1.092505812645 -0.41509801149368 0.55449688434601 -1.3715264797211 -0.28327015042305 -0.4460192322731 0.4308415055275 0.57083797454834 0.46693968772888 -0.31379103660583 -0.89712798595428 -1.451882481575 -0.4517168700695 -1.0127719640732 
-1.1748412847519 2.6556389331818 0.77587521076202 -0.82258749008179 1.4971554279327 -0.29721963405609 2.4450666904449 -1.0308310985565 -0.88567125797272 -2.6103844642639 0.51050251722336 1.6325016021729 1.6679360866547 1.565113067627 -0.15395167469978 -0.72798436880112 
1.8732634782791 1.0646908283234 1.1789661645889 1.3264033794403 0.75613522529602 1.0568790435791 1.6991575956345 -2.7144522666931 -0.86215209960938 0.0041281133890152 -0.064621210098267 -0.53305351734161 1.4535684585571 2.9403223991394 -0.24786180257797 0.42211064696312 
2.3439536094666 -0.97137498855591 -0.7306901216507 0.7079164981842 1.4804348945618 -0.20136326551437 0.25550773739815 -0.84131467342377 -0.10694098472595 3.0638678073883 0.36119598150253 -0.31358456611633 -0.047386348247528 1.2142096757889 0.53639078140259 0.068551614880562 
-0.5465989112854 -1.9642151594162 0.12010595202446 -0.5141065120697 0.68043076992035 1.32876765728 1.8252699375153 1.6321312189102 0.46169996261597 0.241085678339 -0.13177716732025 0.91377794742584 2.106657743454 -1.6392562389374 0.53623253107071 2.4220824241638 
-0.19664326310158 0.70275902748108 -0.078607328236103 -1.564621925354e-05 -2.1579172611237 0.71251910924911 -0.85479706525803 -1.9860048294067 0.38674575090408 -1.6160868406296 0.38983199000359 -1.9342427253723 1.2350542545319 0.3824009001255 -0.23010900616646 0.48578953742981 
0.18817269802094 0.82439082860947 0.9813706278801 0.16613438725471 -0.15952105820179 -0.45196503400803 1.4096921682358 -0.63029134273529 -1.8913346529007 -0.32936877012253 0.36622413992882 0.8508819937706 -1.3095813989639 -0.13005781173706 -1.3543418645859 0.63470214605331 
0.52468186616898 1.4795308113098 0.14051654934883 -2.2226901054382 1.2317234277725 -1.779618024826 -0.73004847764969 0.66827613115311 0.42340484261513 0.65573292970657 0.9218835234642 0.91227173805237 -1.3312258720398 1.3961945772171 0.25673514604568 -1.085875749588 
0.07506400346756 1.7033064365387 1.003603219986 -0.54958355426788 -0.73727476596832 -0.566754758358 -0.04033437371254 1.6264915466309 -0.24262517690659 1.2392563819885 0.31922432780266 1.4882171154022 -0.033359616994858 -0.25943285226822 -0.86692845821381 0.39350068569183 
