16 16
17735.01171875 3965.93359375 10222.708007812 -27737.625 -18790.712890625 7630.6342773438 -16856.2578125 2327.3791503906 -1512.6685791016 20070.251953125 -3794.9536132812 20295.0078125 15860.94921875 -10662.4921875 19780.69140625 23368.546875 
6692.6142578125 936.27941894531 7012.7260742188 -41058.80078125 6774.197265625 -5947.7763671875 2237.5329589844 -23063.556640625 13827.923828125 5889.3466796875 13453.1171875 21492.6171875 4035.8295898438 -4472.6606445312 9295.833984375 -22989.77734375 
-17903.828125 20024.708984375 3385.4501953125 32344.58203125 -25425.9609375 28709.03125 -18506.513671875 -1416.3779296875 -9030.08203125 -3981.4848632812 -12111.170898438 -8298.5517578125 12597.499023438 10702.807617188 1394.4920654297 2086.3935546875 
-4265.58984375 -10332.026367188 -1747.2431640625 -5811.8344726562 -30390.66015625 17563.41015625 -16612.431640625 -10490.061523438 -19987.17578125 12087.045898438 -15404.75 13958.209960938 26354.44921875 354.87976074219 14291.700195312 11200.3125 
5458.7436523438 5445.11328125 117.4560546875 -10771.323242188 21724.73046875 -12743.37890625 -11359.15234375 17420.00390625 -11350.940429688 -6673.21875 14713.890625 -10651.037109375 -4946.6508789062 -20957.904296875 -11173.63671875 -3748.5632324219 
-4865.22265625 605.65087890625 -35387.5390625 11412.294921875 7835.732421875 -11985.0859375 -728.62231445312 26603.966796875 -29250.158203125 2713.2390136719 10605.1484375 9209.8798828125 2054.6345214844 -18882.740234375 21037.611328125 36524.0234375 
-10540.754882812 15894.078125 2736.5986328125 17279.00390625 -7533.9165039062 19846.1953125 -16112.86328125 13280.380859375 8132.625 4011.2900390625 -5474.8994140625 -10887.400390625 -1005.2889404297 -10186.236328125 -25653.24609375 19508.82421875 
-8655.3828125 4620.818359375 10587.2578125 -13609.953125 -3527.087890625 -7015.0708007812 19867.169921875 -4360.0634765625 12453.517578125 -12901.6328125 2651.009765625 7319.1806640625 -9650.875 1816.0316162109 -24550.423828125 -14967.01953125 
-3223.1818847656 16621.880859375 -5738.951171875 -7415.4287109375 15727.365234375 10726.54296875 -16519.248046875 26868.38671875 9509.8623046875 -2712.7299804688 6115.4545898438 -1876.142578125 -1362.7707519531 -11285.263671875 -1950.7709960938 23991.990234375 
2670.8608398438 -29767.34765625 -4852.724609375 -31765.966796875 16432.37109375 -9500.57421875 14910.118164062 -30262.61328125 11749.037109375 18286.87890625 4010.748046875 26717.421875 -717.94464111328 -926.25207519531 10039.9609375 -18167.51953125 
-12859.640625 32616.40234375 13131.880859375 3328.4055175781 -25955.900390625 20811.974609375 -21258.966796875 12282.229492188 -6258.3950195312 -605.78662109375 -19745.244140625 12627.21484375 1261.9738769531 30781.4453125 2123.5197753906 -1710.2717285156 
-6263.42578125 2279.5881347656 2449.19921875 -7901.0434570312 -13177.750976562 6642.1142578125 5679.4580078125 2547.5861816406 -561.31103515625 -9808.13671875 -10723.810546875 -3318.1440429688 128.11056518555 9015.8642578125 9138.8720703125 9022.8603515625 
16336.607421875 1629.2495117188 8097.8701171875 18088.353515625 -24529.71484375 9696.2265625 11605.399414062 5750.37109375 10976.038085938 -20071.794921875 -14760.325195312 -23306.70703125 9316.013671875 1124.5827636719 6862.1484375 21658 
-468.2607421875 6172.8955078125 -9675.0869140625 32317.908203125 -15757.018554688 -4523.2641601562 -8675.34765625 -7374.13671875 10478.198242188 7555.857421875 -16061.921875 -14353.546875 -25320.43359375 11124.474609375 -26305.42578125 14138.9375 
17583.46484375 -6256.8354492188 9695.12109375 -23520.560546875 10100.661132812 -19562.26953125 18396.384765625 5785.3530273438 8218.171875 -10659.232421875 1792.0380859375 -12714.547851562 -12071.65625 1698.8366699219 25903.6328125 7835.9633789062 
2446.3767089844 -5563.6958007812 -7968.900390625 -21654.939453125 23965.015625 -5346.697265625 16115.240234375 -2536.583984375 2901.2319335938 5474.36328125 28070.14453125 2836.44140625 2374.3276367188 -11427.252929688 12070.537109375 -2885.7241210938 
