10 10
6668.2192382812 -22173.130859375 10734.001953125 1617.1203613281 -6060.720703125 -1289.4228515625 -6980.8696289062 -25477.9140625 -6521.673828125 -11639.294921875 
-13454.18359375 11392.7890625 -14439.795898438 -8407.677734375 -2450.6101074219 3832.3466796875 -9947.7626953125 -1222.4083251953 -1362.2248535156 -20015.3515625 
9056.4453125 10198.317382812 -11008.486328125 10589.744140625 -21830.041015625 -4002.4477539062 -14920.111328125 12620.1328125 -17799.69140625 15629.875 
7723.84765625 11546.599609375 -2916.6176757812 -7342.2197265625 -11685.607421875 -14025.87109375 -5969.77734375 -2709.9575195312 -16450.15625 -15334.19140625 
-23064.07421875 250.40795898438 -963.86059570312 -15386.607421875 3272.9331054688 15173.310546875 5407.208984375 -5601.28125 7606.6684570312 -10223.9140625 
6267.12890625 -2524.7770996094 1358.8146972656 -325.88659667969 -3094.8833007812 -14790.204101562 12079.9609375 -11382.428710938 -3566.271484375 -21004.578125 
-4308.1606445312 -248.22094726562 7827.3642578125 -10997.947265625 -6701.8159179688 4692.9370117188 -5854.4008789062 3232.0434570312 -13406.95703125 3198.2890625 
14934.805664062 1370.8569335938 -3541.03515625 4350.802734375 6030.7309570312 -4619.4965820312 2896.8190917969 -12401.163085938 13711.46875 1057.2279052734 
-10852.12109375 1260.7104492188 15652.638671875 -8278.4921875 5977.8134765625 7054.4272460938 7092.5595703125 15302.274414062 -10309.5078125 183.92529296875 
8796.1484375 5874.326171875 -1657.4885253906 2913.75390625 12956.40625 -6938.2001953125 9084.4892578125 -904.05310058594 7463.966796875 -2910.8173828125 
