16 16
1041353.375 -2352036.25 137121.875 -672866.375 -950128.5625 1872723.5 -1224824.125 -165832.125 2234875.75 -131592.125 829347.25 -1571076.125 2735130.75 -1256586.375 -651405 749399 
1193847.875 -272430.125 823026.625 -873735.5625 -1119905.25 1009558.75 1789140.625 -147306.3125 -709763.75 857986.625 -1313681.5 -1622057.75 2427699 -1583.5 244612.78125 -101476.0625 
-379839.4375 2465311.75 924997.8125 115214.0625 2064349.5 -375656.625 -1163579 -710338.25 700013.5625 -665359.4375 2050821.25 816171.625 -2991305 235408.8125 1580340 925729.5 
2397251.75 -194575.46875 -591184.5 429912.09375 -1296358.625 -696189.4375 1158630.125 1592992 564031.375 -1152626.875 167100.9375 -114624.765625 194262.625 1626205.5 -1686707.625 -87527.265625 
301860.1875 -1511488.5 -1621821.875 -450530.25 -780963.6875 1455805.75 -1019567.5625 699837.75 600008.6875 -594091.625 814076.875 350735.9375 -715698.0625 -736685.3125 337741.59375 602511 
1304206 61979.54296875 411789.625 42902.875 -350679 11568.109375 -766799.625 -36044.0625 600465.25 959092.5625 1714434.5 717416.375 1824096 2260014 -1846406.5 -1505784.25 
637737.3125 634885.25 -3984.875 720865.5625 -87098.5859375 704673.25 617914.75 -247064.4375 -568200.75 -699237.875 -629682.3125 -385083.6875 -1441635 -3141391.75 382842.375 1725646.375 
-963354.125 -1714308.25 903079.3125 505526.25 12752.59375 1628257.125 -969971.4375 -1972362.25 -437822.0625 1463036.5 -1173115.625 -619400.125 1824574.625 -3278197 1001124.75 -645175.4375 
696994.375 471493.28125 -197562.5 -1221573.5 45692.64453125 2954682 308041 -259812 -955377.9375 860912.75 870771.9375 -1316584.375 1382536 425660.4375 31459.548828125 1041078.0625 
-164912.25 -298072.625 -339906.8125 -1329499.625 1536671.5 -1140048.875 -1798917.25 187538.53125 1950870.5 -2153392.75 1721138.25 -87753.25 -1848802.875 675766.4375 -184937.640625 722591.8125 
986674.75 -1093924.375 1664186.75 -502440.65625 1956204.75 1004078.25 547896.25 -1627009 1020511.625 -432932.8125 -164299.09375 -745704.4375 -910101.875 -503670.75 849705.4375 -684572.9375 
-1119798.25 871139.9375 -366794.125 1604421.125 68795.578125 363676 386996.96875 -461211.90625 -361458.1875 196854.34375 -631646.875 -534852.0625 574800.1875 374603.6875 -632706.75 3642508.25 
549205.125 985437.625 666482.6875 1172479.5 381101.46875 46672.8125 3100788.25 -213119.9375 41219.5625 -20475.75 -1476370 629616.0625 -1004598.9375 -10676.65625 1580248.125 1083355.25 
-97551.4765625 966201.6875 1076241.5 -413906 -317559.78125 -101410.765625 -455253.46875 -19770.056640625 2497911.5 -199060.1875 -480289.5 -1076118.25 -698331.875 302012.6875 620704.75 -497854.5 
1057506 3632608.75 2324893 -2383853 -1832857.25 133191.546875 1996192.25 278490.0625 -4058109.5 1716045.5 -1125128.875 -224565.28125 540027 2775908.5 2118174.25 -1032844.875 
-1305553.625 972339.125 242621.546875 -260944.109375 1555744.375 838495.5625 -848502.8125 -1133324.375 -1074988.625 514059.9375 932804.1875 -19116.07421875 -627718.1875 -818524.4375 1136489.75 1057348.875 
