10 10
-61.121742248535 -150.59469604492 -86.10383605957 -64.319938659668 156.62841796875 95.729476928711 -145.06611633301 124.91984558105 -88.207855224609 -292.80178833008 
50.771469116211 -169.95736694336 -106.31411743164 7.2479629516602 6.4174461364746 24.920875549316 -90.030372619629 31.303527832031 52.075923919678 -2.6303787231445 
37.461235046387 -53.140754699707 -36.505294799805 9.705883026123 109.52422332764 0.8477611541748 -193.32423400879 5.0190734863281 -170.95515441895 -177.99188232422 
-102.96415710449 72.565086364746 -101.5248260498 29.131401062012 149.92543029785 -19.229381561279 27.006868362427 -89.878196716309 34.458717346191 56.23412322998 
-21.199157714844 -53.861427307129 -77.924423217773 245.16851806641 31.99475479126 -90.713409423828 -15.067575454712 -298.4479675293 55.829620361328 98.809417724609 
-170.35528564453 205.76763916016 251.06764221191 31.768993377686 -69.013961791992 -194.08763122559 61.910224914551 -112.09115600586 80.765312194824 28.53621673584 
-33.040367126465 123.55577087402 -212.80697631836 19.293346405029 333.08517456055 -102.57202911377 -51.639621734619 -99.300132751465 -3.6669960021973 142.64916992188 
9.9766225814819 100.58327484131 170.72058105469 -49.371353149414 3.436408996582 -143.599609375 29.160284042358 -55.681587219238 43.601226806641 155.12550354004 
5.4418716430664 242.05773925781 47.632335662842 124.61896514893 56.274486541748 -42.280227661133 194.10232543945 -197.85133361816 44.524375915527 163.67721557617 
4.8941345214844 -194.70213317871 -21.753528594971 -31.56595993042 -76.924186706543 69.655212402344 31.104871749878 90.675033569336 -0.075691223144531 70.749725341797 
