10 10
19141.826171875 -158.08129882812 -19882.517578125 -10468.69921875 11183.392578125 17246.1953125 5388.1586914062 10910.036132812 6764.873046875 -13099 
-5290.712890625 -5257.8603515625 -3349.7312011719 -8887.103515625 -168.25170898438 19588.48828125 16442.427734375 6541.7412109375 1461.6737060547 359.8359375 
-5044.7075195312 12232.501953125 -11676.392578125 -13189.444335938 19426.560546875 -215.19213867188 21586.419921875 -5337.41015625 -20862.3984375 11436.454101562 
-8185.2280273438 -11324.24609375 -4040.4494628906 14792.775390625 11989.685546875 25593.494140625 12214.904296875 14901.821289062 -19198.482421875 -5202.04296875 
21435.1875 -1834.3026123047 5381.53515625 12561.801757812 -7847.6806640625 7382.44140625 17702.748046875 8050.0346679688 -5695.345703125 6893.4326171875 
-4575.3349609375 11144.076171875 12108.962890625 -1066.3879394531 -6721.3803710938 -23340.501953125 11303.783203125 -12783.853515625 7401.919921875 13419.560546875 
21207.408203125 -1460.3861083984 -15192.942382812 -12895.6328125 14390.75390625 8353.9345703125 14479.651367188 8664.423828125 269.44561767578 2336.6486816406 
12455.868164062 10003.69921875 2335.2260742188 -6142.26953125 -7122.1958007812 -12321.418945312 2824.46484375 -11612.862304688 3171.9182128906 9330.861328125 
-5858.3471679688 -17728.435546875 -2081.9421386719 -708.99389648438 15120.62109375 10069.18359375 5107.2265625 8205.25 -5319.4321289062 4696.89453125 
-12328.4453125 19145.44921875 -7563.1669921875 -11438.0546875 9689.2529296875 -6947.5825195312 10755.358398438 -13861.734375 -20016.423828125 9889.505859375 
