10 10
19117.87890625 -13837.860351562 -12629.319335938 9098.8076171875 -15527.915039062 -8355.3125 -17205.525390625 -1695.1513671875 -4881.9619140625 3707.7744140625 
18039.662109375 7518.3115234375 -10576.8125 -13728.09375 48.157470703125 -39.86669921875 -4223.5849609375 -2341.8752441406 3636.5603027344 21069.65234375 
-11442.647460938 20561.8203125 -3840.2016601562 -5113.1743164062 -16803.892578125 11299.658203125 9210.01171875 -14104.849609375 4827.234375 11368.884765625 
-770.54187011719 -10888.108398438 3027.935546875 -2420.0437011719 -15330.477539062 2779.6733398438 8744.96484375 16973.49609375 -14469.998046875 -2032.9816894531 
6722.2255859375 14979.498046875 -8784.6123046875 6355.4033203125 -4686.2778320312 -11782.892578125 -13213.8203125 392.62194824219 -7110.7109375 -5918.908203125 
-275.34692382812 12673.751953125 -5887.107421875 3144.8864746094 -14596.673828125 7381.7490234375 7593.9814453125 5270.9365234375 -6672.3095703125 6997.6796875 
-3454.498046875 -7841.955078125 7617.0029296875 10431.259765625 5865.5073242188 -3808.0588378906 -4010.9819335938 -20902.419921875 3191.869140625 3008.3608398438 
-9613.3837890625 -14831.440429688 15188.38671875 9507.451171875 -153.22143554688 2174.8117675781 6165.5737304688 -6809.34375 6402.369140625 -4886.3173828125 
20600.205078125 -4853.4536132812 -25508.138671875 4630.5444335938 2136.8977050781 -4788.724609375 -18484.294921875 12310.151367188 -7292.5849609375 1335.2065429688 
-3655.87109375 -6372.6450195312 -6307.4086914062 1254.1467285156 10097.330078125 7583.0224609375 -2564.4365234375 4888.1328125 -2121.9995117188 -4153.8486328125 
