16 16
350.4235534668 21.13360786438 -91.302879333496 -44.907669067383 81.105377197266 -121.63928985596 -121.05767822266 -126.03425598145 -202.70726013184 14.498159408569 -96.818435668945 238.27258300781 180.9488067627 -166.56396484375 26.480415344238 -13.30200958252 
-62.759582519531 -151.90719604492 -129.55218505859 -118.59745788574 134.65634155273 195.48971557617 -79.390769958496 -58.407920837402 148.32106018066 -51.469127655029 103.63133239746 -196.72434997559 284.31622314453 359.8125 115.86757659912 65.73331451416 
102.49198150635 15.910840988159 64.778945922852 56.438003540039 -78.80744934082 -20.05101776123 87.963333129883 36.189830780029 45.647552490234 -243.26638793945 260.90975952148 15.280347824097 -191.62327575684 -122.29592132568 -101.78464508057 347.09979248047 
-277.83795166016 4.6412372589111 -199.21104431152 88.72403717041 -37.470085144043 113.91940307617 301.18603515625 59.155418395996 165.66586303711 -135.97479248047 23.376304626465 80.05012512207 -35.965553283691 25.048492431641 -108.21905517578 145.97598266602 
275.76449584961 72.061111450195 -86.25106048584 -209.06423950195 172.03082275391 -50.718341827393 -105.27583312988 85.486938476562 43.494758605957 89.540740966797 75.095634460449 58.919067382812 10.33448600769 45.982765197754 -206.97473144531 63.115768432617 
-29.111663818359 -195.01976013184 -167.62348937988 -25.097812652588 157.02288818359 170.53700256348 91.613548278809 -218.48712158203 -15.8768491745 94.914161682129 -18.003257751465 -183.40086364746 50.082851409912 136.71817016602 -54.891807556152 -67.089042663574 
249.55848693848 -92.010360717773 -9.478816986084 -24.854795455933 132.68026733398 -91.954582214355 -14.995658874512 -65.76139831543 -36.427383422852 -41.935173034668 149.44515991211 30.652919769287 174.83740234375 -144.98028564453 -81.332099914551 192.85269165039 
214.68101501465 -74.457908630371 -200.66860961914 -48.119560241699 -28.283550262451 -193.68840026855 28.138601303101 -67.287460327148 150.7663269043 50.79615020752 -37.231884002686 169.98895263672 36.438110351562 -108.81182861328 -74.202934265137 -87.301612854004 
180.70465087891 -155.48348999023 -48.675724029541 -111.08555603027 70.670593261719 -1.8687262535095 -143.56219482422 37.348915100098 13.001192092896 42.621875762939 -36.788726806641 -39.286903381348 74.209114074707 165.35391235352 -65.616218566895 28.254333496094 
-111.86578369141 -107.75625610352 -174.69403076172 192.86436462402 152.84178161621 0.56005573272705 251.45234680176 83.005317687988 182.08058166504 82.342193603516 -10.911766052246 -83.574974060059 91.513580322266 116.06507873535 -199.33796691895 -259.00128173828 
78.176223754883 35.597763061523 23.13960647583 22.027191162109 -216.17417907715 54.443416595459 -267.54644775391 -11.602306365967 21.143188476562 -310.79397583008 -107.95502471924 -75.290756225586 -31.92360496521 143.17562866211 131.42294311523 -153.71153259277 
217.9347076416 -166.02166748047 175.70266723633 31.096942901611 -81.479461669922 50.176605224609 -172.0330657959 -197.53964233398 189.28158569336 377.896484375 45.049732208252 -215.38673400879 -74.162689208984 244.96682739258 -288.45074462891 -277.76715087891 
95.365356445312 -54.775726318359 -188.4367980957 -205.73277282715 60.384155273438 -148.50634765625 192.8628692627 33.425643920898 195.13056945801 -172.73417663574 204.66639709473 208.90301513672 -34.254146575928 -202.58915710449 -241.69836425781 607.80200195312 
-51.319625854492 -114.68115997314 -250.27740478516 -143.69085693359 115.51496887207 -37.250957489014 213.29180908203 -17.073455810547 86.03401184082 -87.00479888916 -90.786209106445 199.46704101562 199.08992004395 -102.87198638916 59.377952575684 9.7936477661133 
28.504928588867 -190.90747070312 -259.02459716797 276.87649536133 130.63008117676 16.614923477173 501.95770263672 -35.082260131836 -48.185920715332 85.924011230469 109.89846038818 78.496536254883 10.227861404419 -188.0746307373 -57.859596252441 -127.63371276855 
-185.91119384766 162.6905670166 -111.02997589111 78.364883422852 159.21054077148 -80.372581481934 156.77799987793 10.362907409668 31.460144042969 7.4047527313232 -21.485883712769 25.648923873901 98.986892700195 -81.695907592773 -125.18145751953 13.117799758911 
