10 10
571134.5625 -360691.84375 462680.40625 138627.0625 -133995.15625 180489.46875 -350223.65625 -1756657.25 -266673 673767.0625 
-506093.28125 -296125.4375 657499.3125 1294820.125 -1056005 -806368.75 304029.65625 1275370.5 1340333.375 147592.46875 
-954558.5 1794409.75 1652052 -1206908.875 -519960.125 -1263145.75 2350325 -263140.3125 -1786783.5 -824198.75 
-117914.5546875 1417094.375 1485431 -777568.1875 -201169.875 -1227225.375 1805669.75 -134586.1875 -1324900.25 -514872.96875 
561274.75 1914774.125 -215220.765625 2150211 -499753.90625 -824511.6875 443538.03125 706397.375 1045701 -339874.71875 
-1246306 643251.25 -1148402.5 -1304521.5 1166019.5 2194885.25 -167140.40625 2401297.5 -908724.9375 -2719645.5 
-685399.8125 -854187.3125 299465.71875 -529934.5625 -961701.4375 -1458953.375 892261.6875 1092079.75 774698.5 889926.5625 
-1048929.5 169732.3125 114694.71875 -1508369.5 167343.421875 345097.40625 44813.90625 -1630462.5 -1887773.625 176199.109375 
2190172 891844.75 -932032.875 923268.125 1463707.875 -323204.25 26473.765625 26049.5859375 1225737.625 899011.5625 
-2148564.25 1990025.375 126180.28125 -1431489.25 -684403.9375 42061.0390625 1183439 -1172946.5 -2545562 -1430961.75 
