16 16
18.644683837891 37.500305175781 -15.731731414795 143.556640625 -24.460222244263 -9.612753868103 -180.74545288086 -145.56771850586 106.29557037354 -46.47762298584 192.7762298584 -160.5018157959 -161.11645507812 -5.4217777252197 -113.27085876465 -72.314140319824 
113.20909881592 -90.88777923584 -150.12649536133 -153.15258789062 -90.454704284668 133.75531005859 -96.316070556641 32.44352722168 184.85968017578 46.674289703369 94.219833374023 -118.00087738037 169.51058959961 -117.25747680664 77.481666564941 124.91354370117 
292.46533203125 -55.193881988525 7.1901550292969 52.784580230713 -27.534730911255 222.91004943848 -330.15704345703 -33.506202697754 113.52730560303 -100.80530548096 -56.695907592773 46.591770172119 118.78018188477 131.25445556641 3.7839431762695 -12.57926940918 
152.1259765625 -99.043243408203 40.52645111084 -294.06817626953 -37.714088439941 -14.883497238159 -23.8564453125 -184.69334411621 -24.312091827393 -109.29286956787 236.291015625 140.73194885254 -187.93606567383 -223.02015686035 30.511001586914 8.5165252685547 
97.246398925781 28.735153198242 11.582752227783 170.82460021973 -160.4409942627 232.40823364258 128.03839111328 85.012649536133 258.97216796875 154.94941711426 21.142311096191 -146.41360473633 470.08551025391 56.617599487305 39.673843383789 261.95227050781 
-29.950889587402 -25.39453125 91.556282043457 19.880805969238 61.346534729004 124.04309844971 -293.76168823242 -133.34074401855 75.499603271484 -146.34829711914 -285.88226318359 170.32095336914 -228.69207763672 160.20643615723 -10.453022003174 -195.71142578125 
159.72393798828 99.163101196289 157.23329162598 -221.26844787598 63.80200958252 -28.793088912964 74.404586791992 397.14916992188 -371.8180847168 -195.26748657227 -33.635513305664 -10.407910346985 -91.349128723145 6.1532649993896 -189.99108886719 -134.33012390137 
-32.399467468262 3.3753089904785 240.72236633301 58.222434997559 -33.479766845703 -6.925500869751 -83.530426025391 -270.76556396484 -32.214458465576 -294.49179077148 -277.51745605469 43.631660461426 -233.31466674805 -21.049674987793 -201.45965576172 -335.66955566406 
-3.4321269989014 -142.7600402832 -99.179954528809 -95.162590026855 -29.296724319458 72.125587463379 -75.878662109375 112.83946228027 68.125930786133 -7.6313934326172 325.98196411133 90.060119628906 -151.29249572754 -278.640625 -127.47151184082 186.66230773926 
110.21527099609 134.53811645508 -13.637161254883 18.482089996338 -44.662162780762 -21.329486846924 5.5297336578369 164.35655212402 27.260599136353 71.193084716797 220.29971313477 -158.74464416504 242.14164733887 104.74282836914 50.342739105225 67.14079284668 
-60.064022064209 -71.72998046875 -198.34721374512 -28.009170532227 107.2310333252 29.316427230835 -179.25003051758 -286.59414672852 29.783401489258 -159.41989135742 19.855495452881 126.9504776001 -99.400253295898 140.2483215332 381.81066894531 -119.24036407471 
-0.3492317199707 -133.79721069336 -143.59255981445 15.390090942383 162.71026611328 14.306215286255 130.81561279297 74.246643066406 -42.580871582031 -48.924648284912 244.6552734375 96.181732177734 -58.198661804199 -103.35270690918 -66.826889038086 190.80590820312 
-28.393411636353 97.969757080078 138.93121337891 -102.66501617432 36.098999023438 -164.1750793457 51.411670684814 -21.781002044678 142.84666442871 35.323974609375 -16.187507629395 -96.029258728027 133.42373657227 56.895072937012 -83.874771118164 -234.46528625488 
297.75448608398 -329.86190795898 -72.223434448242 -263.63607788086 62.414966583252 273.27139282227 -113.30813598633 -94.001327514648 -103.33239746094 -196.97427368164 -1.6162338256836 279.54989624023 -25.429138183594 -45.243957519531 249.42614746094 134.46035766602 
84.613899230957 162.38143920898 -8.685676574707 -23.787506103516 21.581253051758 -120.51746368408 -131.90783691406 -233.25170898438 -31.201553344727 143.19831848145 93.237480163574 -277.41870117188 -189.15490722656 132.86206054688 203.63899230957 5.768726348877 
-0.9028377532959 33.464828491211 236.35452270508 -29.899848937988 108.50872039795 1.7226467132568 166.70700073242 28.288520812988 -116.24214172363 -291.5029296875 -294.28295898438 -4.4810371398926 86.616836547852 169.71557617188 -113.07061004639 -250.81842041016 
