16 16
0.5511160492897 0.60853803157806 2.4486360549927 -1.1751347780228 0.14272031188011 0.68810391426086 -1.050714969635 -0.94262337684631 -1.0172181129456 1.9237582683563 -0.11071385443211 1.9890093803406 0.990005671978 -0.22933012247086 0.10427408665419 0.4442446231842 
2.5107569694519 1.1422580480576 1.1161414384842 1.4775761365891 -2.103399515152 -1.650807261467 -4.7014741897583 1.1934617757797 1.9765201807022 0.93037295341492 1.4940598011017 -1.9355009794235 -2.4612741470337 0.66186571121216 0.047531366348267 1.8253809213638 
2.0400886535645 -0.22300893068314 -0.52728915214539 2.6320297718048 -0.30326730012894 -0.17305850982666 -2.8213810920715 -2.0346546173096 1.6645519733429 0.00089095532894135 0.06865106523037 -0.52485072612762 -1.0756722688675 -0.046946942806244 0.66102749109268 0.8290963768959 
0.28193861246109 0.93509608507156 0.23979043960571 -0.64723634719849 -2.675389289856 -0.13543182611465 -0.10670173168182 -0.37767088413239 -1.074924826622 0.58372789621353 0.31638661026955 -2.21524477005 -1.8600859642029 -1.923718214035 -2.7232732772827 -0.35078281164169 
-0.51572108268738 0.4110860824585 -2.1124165058136 1.6524069309235 -1.0135715007782 0.16093266010284 -0.33790129423141 -1.195788860321 1.7517615556717 -2.3064293861389 -0.3505724966526 -2.3286061286926 -1.3487944602966 -1.7725468873978 0.9055300951004 -1.6125917434692 
1.5690433979034 0.68536162376404 -0.1048367023468 1.0282646417618 -2.0729513168335 0.18085733056068 -2.3593902587891 0.56258243322372 1.5847010612488 -0.36038807034492 1.5695296525955 -0.86742454767227 -0.62264955043793 1.4308122396469 -0.087261542677879 0.93251895904541 
-1.1998343467712 -0.051672279834747 -2.6910722255707 1.8355022668839 -1.0291154384613 -2.8885717391968 0.46381938457489 -0.31364542245865 2.0370993614197 -0.64344102144241 -1.5437327623367 0.047338366508484 2.0900802612305 -0.47500950098038 -0.93846660852432 1.6843614578247 
-2.3318276405334 -2.9985134601593 0.64039707183838 -3.4219489097595 3.1844658851624 -0.4060780107975 2.8548927307129 2.292548418045 -1.089589715004 -2.1165008544922 -0.58687835931778 0.18378293514252 0.65526407957077 0.68466001749039 -0.37666800618172 -0.1266425549984 
-0.47481808066368 -0.5908585190773 2.1716306209564 -0.094974339008331 2.6033792495728 -0.65254080295563 0.19085536897182 1.3856655359268 0.14072386920452 -0.1090239584446 -2.0451104640961 0.79166352748871 0.56688731908798 -0.65144383907318 0.035130739212036 1.1094346046448 
-1.5782957077026 1.5499683618546 0.58620131015778 -1.6145393848419 0.49620085954666 -0.71943372488022 0.14904429018497 1.651030421257 0.34939351677895 -2.3260939121246 -0.8238617181778 -0.15851630270481 -0.12360633909702 2.6220369338989 0.71666687726974 -0.56189793348312 
0.034001477062702 -0.95717346668243 0.04734693467617 0.27854758501053 1.6067513227463 1.7601525783539 -0.41115164756775 2.156257390976 -0.6512975692749 -0.64495831727982 1.6017363071442 -1.3250443935394 -2.2098450660706 0.19863267242908 1.7684848308563 -2.6461341381073 
-0.39659172296524 0.60283213853836 0.36962732672691 1.33220744133 1.535786986351 -0.50902152061462 0.32662612199783 -2.5690021514893 -0.52178853750229 2.6862359046936 0.73135900497437 0.18466626107693 2.7778446674347 0.12808734178543 0.1552170664072 -2.0813620090485 
1.2258622646332 0.15286931395531 0.67179101705551 -0.74974006414413 -1.7176179885864 0.73855185508728 -0.83079981803894 -0.79502671957016 0.97445112466812 -0.35692197084427 0.79631525278091 1.1463642120361 -1.5514342784882 0.63963460922241 -0.23108564317226 0.23840822279453 
-0.32571136951447 0.23379895091057 0.14190325140953 0.63887739181519 -0.082585595548153 -1.606903553009 -0.46541333198547 -0.17473244667053 -0.95148694515228 -0.13321037590504 -2.9860417842865 1.7976126670837 1.537434220314 -0.37466090917587 0.4699210524559 2.1158499717712 
-0.4226653277874 1.8246958255768 -2.4229745864868 0.67979645729065 -2.1475682258606 -0.84959191083908 -0.31049644947052 2.0414471626282 1.767042517662 -0.43374136090279 2.3457252979279 -3.4334535598755 -0.039084613323212 1.2249521017075 -1.7316431999207 -0.36771813035011 
0.33856469392776 2.0258591175079 3.6196806430817 -2.3575100898743 -0.023860678076744 1.7308980226517 -0.16948495805264 1.8759951591492 -2.6502676010132 2.3817265033722 -0.89651823043823 2.7468700408936 -0.28913158178329 -1.2283556461334 0.89403057098389 0.41818177700043 
