10 10
-50568.65234375 137915.03125 -1103211.375 -255581.0625 1356624 -671552.125 -1659137.75 -569485.75 -1949499 283368.1875 
1737905.75 221889.0625 759588 444957.6875 498463.625 132144.8125 43250.78125 -676656.125 1002783.1875 1144678.875 
-228423.765625 -556503.625 901652.6875 -185557.265625 -998465.8125 327151.375 759754.125 -580596.25 1420918.25 737352.0625 
-1806488.75 -555427.75 -1515219.75 -420877.9375 579094.125 745363.3125 -279579 -787527.25 -981927.6875 -140579.59375 
511769.28125 -801433.75 -1033057.1875 -1334306.75 -219445.0625 -517218.75 -162974.65625 -142544.875 1023996.375 -958032.75 
-64959.890625 1677777 374572.8125 95217.640625 -10957.15625 186469.4375 136453.15625 132468.1875 -1314925.25 370713.375 
679171.8125 -1488934.75 975234.0625 52870.5625 237958.578125 -1295604.5 666129.1875 143161.65625 35975.03125 2656187.5 
1102743 -41508.625 -1371731.375 -512939.8125 1667098.375 14318.96875 -638830.4375 -344078.5 -700650.875 895403.875 
-308882.75 233277.125 732483.125 3836040.25 860363 2942371.75 -370618.375 174876.984375 151211.21875 891362.75 
1147564.5 -461304.375 -1481042.875 620015.3125 1469265.625 936539.1875 -380563.9375 25910.45703125 23345.484375 916117.75 
