10 10
-2547.2741699219 -16876.119140625 -4584.3588867188 7722.8232421875 -1155.5261230469 -17416.080078125 8235.953125 -5977.2934570312 -11946.413085938 1450.7729492188 
6018.751953125 -20530.349609375 8470.4638671875 6856.0361328125 -9677.7841796875 -2716.4077148438 6283.73046875 447.74609375 -6628.0883789062 -14346.75390625 
-9158.861328125 -17821.724609375 -2524.6064453125 5779.4453125 -1748.8200683594 420.89721679688 -2541.4448242188 -5116.3232421875 -5076.3959960938 12526.331054688 
-6088.5615234375 -11827.849609375 -3276.3979492188 22961.919921875 11745.115234375 -525.19482421875 -7245.400390625 -18884.375 14452.385742188 4323.5634765625 
-75.89013671875 6234.3256835938 -6703.0615234375 921.48828125 1473.2487792969 3391.75 -3340.4423828125 -5111.8388671875 -2632.19140625 13854.640625 
21201.255859375 4362.4487304688 13607.822265625 7108.5283203125 -7212.8374023438 20446.37109375 -17884.18359375 -5918.1708984375 15426.5859375 -15572.765625 
-5465.806640625 -3461.3173828125 -4270.58984375 6987.978515625 8816.640625 -1632.0863037109 -3004.3969726562 -9640.599609375 6503.16796875 11423.8515625 
7619.560546875 18053.78515625 -15369.947265625 -10374.248046875 230.13659667969 -22248.07421875 -1275.7094726562 902.48510742188 -15900.241210938 4991.5087890625 
456.248046875 16751.380859375 6764.591796875 -22194.373046875 -13774.029296875 -2831.8618164062 6141.1948242188 12927.40625 -14399.109375 -6671.4501953125 
18083.970703125 3365.8779296875 14670.02734375 8378.837890625 -8721.91015625 36597.2578125 -24858.869140625 -15611.53125 17743.1875 6539.8046875 
