10 10
108.85282897949 -9.6178245544434 -152.95114135742 40.883941650391 138.27665710449 30.755722045898 1.4479432106018 153.29669189453 -186.52796936035 -178.93553161621 
-0.90151214599609 40.410217285156 277.33200073242 92.458267211914 -96.963706970215 197.21354675293 50.178573608398 -133.16320800781 -42.860328674316 75.688110351562 
24.911691665649 142.31478881836 103.37694549561 -8.5651388168335 -66.298774719238 -1.2803065776825 69.686508178711 46.205039978027 101.76406097412 -70.688850402832 
9.0011157989502 -96.796875 -73.489921569824 71.488166809082 86.229064941406 5.6189956665039 12.235566139221 -42.134288787842 -54.647953033447 74.241989135742 
141.21105957031 162.62750244141 -48.329830169678 -129.54891967773 -215.89663696289 -99.376335144043 143.15441894531 -12.280181884766 83.168380737305 -15.730944633484 
208.96389770508 120.46789550781 -136.88922119141 -46.606632232666 -36.569770812988 -60.857261657715 144.2908782959 183.4754486084 52.803703308105 -201.43304443359 
-92.27759552002 -50.208442687988 -133.31838989258 -30.875160217285 142.46585083008 -105.87197875977 -75.97241973877 5.9463558197021 -144.36618041992 8.2709798812866 
-95.568412780762 -98.733871459961 -146.525390625 62.048049926758 -87.283660888672 53.159538269043 -44.38599395752 -39.944145202637 4.9651699066162 31.550407409668 
-126.22037506104 78.506736755371 -27.511692047119 114.4617767334 -13.561597824097 130.60557556152 -180.70513916016 -8.743691444397 -97.252784729004 -29.88399887085 
-324.7760925293 -2.7053546905518 138.640625 -1.7363014221191 72.871955871582 -11.063840866089 -150.00903320312 -86.702682495117 -119.9372253418 94.49146270752 
