16 16
-8.5021858215332 -5.5452041625977 -36.895721435547 62.009357452393 -42.110656738281 177.30009460449 -127.72753143311 -145.69071960449 74.664222717285 -22.341800689697 42.343898773193 162.01864624023 -147.42213439941 77.092910766602 -26.603895187378 20.377565383911 
55.866798400879 180.85346984863 26.312339782715 156.16157531738 127.28042602539 -135.74700927734 -126.35315704346 64.19620513916 84.594261169434 -131.98341369629 45.879589080811 -107.66416168213 -125.44166564941 -2.8250293731689 -50.229148864746 8.8613739013672 
-123.07002258301 -121.36302947998 122.85517883301 -22.525901794434 77.341651916504 34.860218048096 -73.994598388672 -200.32830810547 185.55682373047 -222.84071350098 171.25662231445 160.91213989258 -249.93270874023 -40.28422164917 -84.718086242676 -79.603179931641 
89.974838256836 115.05043029785 108.56283569336 54.858516693115 -87.568428039551 -200.13433837891 -103.90406036377 350.17980957031 -134.40840148926 -216.8412322998 -212.10134887695 -52.715801239014 -130.92442321777 -162.41351318359 80.574592590332 -113.68605041504 
-21.080200195312 90.607414245605 197.94177246094 -127.895652771 -82.227279663086 431.17031860352 232.79167175293 -339.1725769043 87.968238830566 62.556751251221 101.80952453613 78.159111022949 39.290374755859 195.31552124023 -146.0959777832 -62.634887695312 
-80.982666015625 -160.76336669922 284.89514160156 122.76367950439 154.50775146484 -243.2014465332 25.425254821777 56.714729309082 24.25163269043 -161.08595275879 223.08988952637 49.590854644775 4.228099822998 -166.77810668945 25.865623474121 -37.158882141113 
148.64920043945 -186.06172180176 -82.24934387207 -143.2296295166 -283.47268676758 -43.553291320801 -248.00262451172 -19.204055786133 92.234741210938 95.387802124023 48.061061859131 -128.32719421387 78.085800170898 -117.54044342041 -33.985233306885 221.62387084961 
-81.355987548828 136.52548217773 190.80810546875 196.70573425293 103.5818862915 -101.03568267822 347.72329711914 103.75611877441 -4.0216884613037 84.590682983398 5.8406982421875 282.46203613281 -181.45588684082 121.3702545166 123.48902893066 -106.45854187012 
108.71839904785 198.15020751953 31.751956939697 -125.44970703125 -258.88562011719 107.71604919434 200.6279296875 -34.22021484375 114.84746551514 289.43569946289 -149.40786743164 -131.05757141113 -60.906265258789 311.26022338867 141.04000854492 44.481941223145 
-241.45890808105 78.337936401367 113.78243255615 120.63373565674 -9.9525108337402 -290.45458984375 170.58706665039 -109.01950073242 189.17329406738 -25.323343276978 239.93040466309 58.544414520264 -138.08554077148 169.16444396973 101.73724365234 -20.85510635376 
-119.85743713379 67.601692199707 131.61755371094 -93.167892456055 125.16699981689 -38.949729919434 82.672554016113 35.510437011719 -110.47380065918 -210.71348571777 45.507400512695 114.03369903564 -131.33773803711 82.468338012695 -66.260314941406 -160.22457885742 
70.882957458496 234.84609985352 3.7951951026917 142.41807556152 -11.980639457703 -60.366245269775 189.34902954102 189.13327026367 -71.482559204102 178.86561584473 -237.54461669922 44.631145477295 -112.62365722656 67.322776794434 149.9947052002 -97.622940063477 
-159.28614807129 -226.43891906738 4.4398880004883 -53.848934173584 169.07876586914 -74.987831115723 -141.4637298584 -198.97998046875 175.44522094727 -71.018943786621 289.50677490234 46.322277069092 -9.5599765777588 -157.31701660156 -104.63582611084 28.76326751709 
27.346481323242 -5.3618049621582 -64.778717041016 1.5914993286133 65.169395446777 -389.64013671875 -100.0856628418 191.67620849609 -19.199296951294 -67.33016204834 8.1709976196289 -83.264999389648 -122.19666290283 13.652579307556 277.67538452148 170.80682373047 
200.76588439941 121.67920684814 14.445789337158 269.21005249023 -167.13275146484 -217.8563079834 -116.38677215576 194.04428100586 28.270818710327 -49.682521820068 -86.53881072998 -53.5458984375 120.18106079102 -211.80514526367 75.827835083008 33.894565582275 
147.48971557617 -114.95500183105 -123.58025360107 160.47944641113 -105.96354675293 -243.23449707031 -308.64526367188 270.69903564453 -8.0432186126709 -142.26979064941 -103.78813171387 90.362419128418 -155.01287841797 -161.76438903809 18.347148895264 82.362731933594 
