16 16
12875980 -97341968 48745744 -48205740 -286324800 135017712 -30625332 -118487744 -135734256 81460672 120641160 -49999328 -104266944 -14792760 -879172 74558048 
44980188 201228992 -167259840 -102026496 188212544 -219311280 -59939856 18060610 290079008 -96291808 -135560400 63221392 217871072 73427168 174791728 -53712920 
-34389896 165162064 188313440 -145209504 -78771176 60802944 -141069168 -113637664 -185952336 26203098 -24738400 3675528.5 150195040 -242999088 -54386856 -272921536 
129982360 -92783240 -31752000 -121591792 -39563944 -102895112 24380994 -128738224 111123616 -4750684 -109701240 -163817072 94521136 -106915504 35216724 -96811088 
-42664532 187493296 -156246160 48714844 63841544 -52562760 130000088 -125757320 -97750216 30508616 8125097 78809816 274966496 -4938479.5 -57004572 27283284 
173265872 67506960 -30804690 188578432 32549128 171985840 -132727784 108281688 -155909120 -102000216 -38593124 -107139456 -10073432 -30031348 161473904 44527856 
331341344 -89116320 -56023072 -347010368 -60908240 -87746272 -72453800 -155711568 313311488 -38079640 -149448720 52987044 -284290368 25702264 365984544 -210754176 
-74743680 170083392 -323572992 93672400 203317088 -92065312 11874912 89019056 -134106912 -10379360 -124011152 -122519096 164130688 -17930054 49167000 -95968976 
-74119712 -16479978 -270187648 196148896 132006304 38268284 -54644376 93777168 -145204080 -55992536 -55816220 -53368716 112792840 39931444 -16448446 124522312 
125652416 -2577603 22011260 24139992 195148592 137823280 -37195840 338043136 -146133488 2397446 -48424184 -160002704 -190452864 -138930208 185976224 -167859360 
21523584 -83380728 262232864 -216721344 -301391264 -73380944 32401864 -84025856 168538816 127089032 150838944 208090912 -229807792 -94289472 -56318508 -111659312 
-143144848 -102933328 -84201424 -163921744 -48623296 44872176 -13901959 -48566368 124776896 -28696332 76905480 -41247460 -104262864 169101728 153251088 14238636 
-82125520 204695728 120912544 -19618256 80454032 -33518508 130090960 199983968 -37262440 -42770480 -18484288 81321152 4942336 -15534376 -116644608 -203444672 
249663296 -39461508 218158720 95207976 -84508240 11650163 -18163170 -195451056 -101929728 -16050699 60314388 145776608 78845208 -224018512 -245545664 10995562 
-80717376 44879888 187563504 -70047936 -95005528 -156583440 260123984 -20823064 63096872 240099056 141731456 13500766 81255368 -39097484 -245129728 148000288 
-141653456 -125139040 2387172 207021888 -81106160 183614432 -151175888 -362726208 -12938931 -70730560 -42750704 -48179856 138476000 144205264 2964436 80873936 
