10 10
73.459205627441 27.113246917725 1.952651143074 47.758491516113 -17.395805358887 161.85424804688 -62.606544494629 138.13348388672 29.85814666748 -20.371454238892 
-30.637817382812 -92.246948242188 -108.88377380371 -82.496017456055 -131.7645111084 -56.905796051025 -137.78225708008 26.273143768311 58.011543273926 -114.61747741699 
78.365783691406 6.736695766449 109.95899200439 66.480178833008 -116.01290130615 85.15550994873 24.966344833374 46.504383087158 110.45458221436 -129.14956665039 
13.487419128418 -75.964202880859 -76.085289001465 -8.5881595611572 -85.182022094727 178.28062438965 -62.29362487793 8.3467664718628 9.6446971893311 122.64051818848 
26.158882141113 121.09237670898 59.358966827393 -39.391384124756 147.88006591797 -83.585510253906 65.316741943359 -12.878911972046 -56.495903015137 43.459999084473 
15.840103149414 -68.78377532959 -6.9070410728455 -113.72041320801 -8.7545785903931 43.248046875 -70.109733581543 -10.676156044006 34.089256286621 102.5931930542 
7.7372398376465 -2.797890663147 125.88675689697 143.33767700195 -73.757392883301 73.118881225586 67.563835144043 26.420604705811 -15.609371185303 121.56890106201 
-22.230339050293 68.298454284668 79.749824523926 51.13391494751 77.702613830566 85.957511901855 80.110488891602 106.02571868896 41.405956268311 -33.939594268799 
19.468997955322 -3.8935110569 157.3514251709 -116.59580993652 214.80987548828 -88.300132751465 -137.16311645508 138.08613586426 183.59872436523 -193.52886962891 
-106.19873046875 -86.527603149414 -113.9220123291 -126.81220245361 -45.064746856689 -55.569625854492 63.852462768555 -82.566856384277 -161.48779296875 156.2010345459 
