64 64
214637952 -60059092 211769888 523260768 -161907520 21193566 13514748 -259607872 -136661712 -74565472 -55443128 -35957472 332651744 528703168 102810600 -409834752 83431792 -21781052 275627456 -56081340 -60129044 -185584384 -358625344 191065792 158180848 -344105344 -122119584 -325644768 408095808 6256592 76551104 146908480 247956640 150136560 -364326272 459710464 -267722672 109228384 146951680 150239008 301260864 -23483716 -36556856 -358481920 -219147840 -293794368 -100154224 66127356 -335183424 114546112 -75196120 -8400570 -232980144 -257611840 311966528 -39982192 58773032 460421184 -342842592 416792480 -505246592 -280434368 -321184576 213909200 
171536064 -10185252 -164452224 -34405484 -402376544 -279209664 -244172192 170578080 88848336 55630652 126890496 -106203064 -624761664 -370055936 176383616 85557528 -8626212 97350664 23143260 254216768 240683696 370602496 -448628256 -382845440 -285604064 334834944 -491805120 355734208 -296664832 -510650560 297995744 368755584 -259785696 74528320 -238648208 287824000 -271331904 -449962592 -65033384 162346240 -17048728 81110280 346419360 116631824 544506368 -31936136 102166928 -22740520 -215861168 625180544 32518896 274620896 427687168 188606032 19527060 233330336 -278981504 276138656 203203248 -240668368 -207296944 -260218528 406163520 27741780 
-163500736 242077568 -195175776 -106283680 240722656 -22158416 35514796 584203200 220920832 -288373184 495995968 -23079602 -632752384 -176042304 -210090496 395654400 186479728 102593808 341839072 -86773704 81344408 266575824 146046096 -184865472 331592512 546636736 -127406480 -112079408 -228376896 271318560 -549286208 -209505376 -283758592 262311648 220956928 238149632 269865632 -457425408 -283725248 316902592 -342930656 230792320 736850944 218033088 105455872 471578880 -92408272 85746232 78876216 337318464 63662264 -60753568 -148592464 175386880 106473984 -143238912 190304224 -206947392 88734368 -88129184 293396736 363795872 140311360 -95714256 
-220688592 -515733088 98384104 -79834448 283333792 208873504 -308486016 63751128 -251912768 -55291548 295819520 -131796112 -170629488 -134737888 -101454784 91421696 533435008 -169837520 -651461568 -67202672 -394886496 118670488 -552457472 -70980664 -598612864 82504784 -49783800 -378664736 -352709248 177084960 -197063088 147113248 66059456 426122016 -84328896 107445368 34418484 -6402793 239276864 108167176 252460096 459426912 86272616 -207394096 -243526896 3849877 111560688 250707600 34733928 177987136 -53053552 -154741568 42747560 -14672364 -280095744 206962064 -565662912 158160512 219407360 -278844576 186775552 182196464 261078528 286594528 
279045120 666451584 7707232 711050880 81887792 5595832 -533222944 -133630096 -191964784 99594208 321625952 50297864 513393472 -131000440 258300368 -326092800 -216553904 203382000 -7429484 243450176 99615424 38510092 38975188 303372608 -380074464 46569220 -341266816 -183180784 531323872 -40256216 1515461 127668208 -190003600 36334828 -221207568 256862064 -167006912 61923392 -417480832 436766816 8381988 326641792 138990176 51179712 -257798624 -128991744 134918656 -157527792 -175052960 -283804224 -9712164 -73614728 -222729280 -586968256 -284013760 -60514216 -91668648 271005312 -290039168 465149376 216293584 79166128 -221569904 223365504 
199122656 -118611712 43291088 430840352 366194592 -348574304 -713630592 -140602352 507912288 33972520 467576000 191320144 6150064.5 -3530114 21596352 -288064608 56524896 -126472112 270234880 368471872 -290749152 361709824 135336704 -322022464 -76601168 195829872 362964000 68319616 53812080 -342186496 -77036208 170470112 -379055200 114676704 -85538328 404188032 -195481920 -213805616 -440946304 513593280 538076800 451389920 97355360 -475640352 82337240 91336952 104043984 320291808 -223580912 -145576800 259889616 392135456 406082752 160733424 -85490064 628062272 113520424 7345306 260046560 12865141 465924352 244197120 -32104320 -323144384 
88083256 189708464 -761877312 7879066.5 -398822752 -230384112 -327701312 48154736 196223872 222065776 153188608 161467248 256520688 -321925792 51233740 251687472 -320790592 63174544 203273184 -174540832 847391296 216676080 104425264 309575584 48108392 -200454304 157177120 190490880 251085840 -204794208 236651536 -138055248 209422192 -112146048 -103614296 4012443 20917822 -163511776 -14745592 45546916 -257158608 321181760 -271173408 303112416 110631728 -58036792 -280388032 185762512 -156440832 -327233728 177590592 -385758720 -165259984 -196998720 578191744 272116224 -240260576 -86123440 -83777536 -60276576 -503919424 241681696 -32031160 586683904 
-158737344 264999792 476482016 119025512 19202620 252683344 385678464 -362040352 -291732864 -670106688 -167886912 -324470080 -182082944 106055104 -238401024 -382532832 -593687488 141899264 570042432 414448384 -58891492 306117024 -112568648 556900864 -218066224 -225439568 189992976 181484352 612158336 -4444631 -102396872 -140247328 -34082040 -74839104 324935072 153082720 -240009104 -180270928 -53291900 331240256 48470428 468988256 -200750032 173273568 -488738048 -224397584 -781701696 397056000 376658272 -77614456 -308059168 -84313960 186754400 439482816 60484312 500553440 581999232 145191424 82646496 551751680 380464640 -92282720 525713216 -54422344 
-122985376 331449344 -292307200 189943888 -338455712 11616140 -27997056 -61277868 88722528 -396472160 -362138816 249938000 244530896 -250602720 -27011058 -356257728 -102623880 -55882888 116567912 55178648 800146944 207363184 -184396016 234332736 -85516224 -139043264 -147020560 164621616 277322912 -321462944 148261888 114699264 50682224 -1047441472 512479 54629532 76270816 -127814848 -96214088 -144690208 -160690608 17441268 -53507188 475255488 -137581200 454986784 -187253280 66987832 275358464 171549312 -87702232 -400255968 43858672 -561332032 138347920 209101824 -17908656 75760320 -94504664 464636384 101068760 172185792 99029200 178639104 
100814224 28836360 65002600 300387232 99669680 -367049376 -242377952 365167008 271387424 -40721792 49213248 187608576 204751104 -246135312 338486528 269555936 183374576 -168686912 -393917344 -192701776 -99706520 -191935152 -80024616 251183840 617395840 -92800432 -452010272 -190826720 -374017024 192038624 78911024 -112681552 223343280 187369312 -372252192 510966368 417047808 -390351488 -155025600 -74216192 -371029600 -104131952 373524512 -28327178 -114498880 155724400 77971240 -82269056 506266336 -113525984 -327254976 51860152 -133377824 -380892352 -226183520 -68901024 -89959736 79786432 -58566216 78839096 239721696 -64034920 166519360 -393842272 
-321157248 -32315194 -162472160 44262624 -22501008 -121566024 623666816 -180041952 28019844 -538309376 -374358496 -347461632 -437001920 331712096 -426927776 554307392 -243336768 -19899990 192263888 12826256 336977952 520724864 83915176 207836896 184637952 -173773792 211490112 218506464 -46179408 114383200 325434080 -158281568 381027008 -348917440 -59170152 -160711040 141478128 365720352 -79536376 -53826340 -100509696 -107398672 -63798536 205258528 -261371008 226468768 -513910656 -263406176 218439440 -114007584 -35467280 -278540192 217323888 84649600 -142582240 313654112 27433956 162934816 201914912 154056352 -191493552 96048848 180289520 -164409072 
62182800 -44697312 -30242492 193592480 278335648 -4052204 171002976 57101968 -685284416 -285839552 324298624 -299289696 294747424 192406208 81996096 -241865392 -5833168 -29204266 -738062144 154344512 -415922688 -341194528 -217300432 331859456 -100040960 -312151840 -253743072 -14923500 66696996 31299790 30489212 317616768 -67211224 182015072 -346034304 -222014672 170403392 516341632 9131948 218916896 18788968 -256142144 -73485184 138056192 -93600384 -39315148 284095040 -413434272 238969600 -164097872 -311265280 332737728 142551472 146115584 118914512 71992072 51879496 -267317104 226676384 -248805904 -272971712 127104272 -50539112 -447888512 
-171469936 -31011228 112664544 -89514264 -173602320 -39916724 27017494 -206854192 -526632416 130759224 -63373076 178338704 -292753472 126689136 105841952 78000624 35617396 52890048 64876720 7278336 -289685344 34039104 450640288 242975488 -111022688 -79942352 -238500512 69469648 299282272 -228156752 -188138080 -288425792 -114810112 -591942848 -58423684 -39467656 -262202288 -241982336 88551568 278886496 19145916 122969720 -84733840 300976448 127601744 171269936 -121874096 -416610624 83110160 -43370516 214199504 336630912 -20786760 67426160 -123831408 257250576 145638496 8122043 286989504 300908064 210946784 388719648 304430368 120246928 
-162996624 91878200 -34153924 151632240 -137894528 -160448096 -439129504 -235149472 -284748992 236262592 204916784 -118087928 -263511680 -84506944 113912400 -260944848 157352160 -111407504 82705984 145497024 444719968 245151472 86655328 308315648 -249642496 248764096 -266356608 623897344 418491040 -257119488 -64203612 139374960 -551139904 -200786496 -299877568 165590160 109336616 -535611712 234895168 345062496 373741408 433016768 -65505976 -176175056 -547615936 -298210464 -9795976 309473664 -53948080 -131389400 670880 39899824 82790800 96221696 202732768 726184384 -87284656 -303172160 -197390272 400849664 -140929568 416386848 -85873936 176360944 
-113304840 487039360 -513963520 -145212992 241025376 -69512352 -181769568 -14631824 -118459112 -113300408 334912192 -315670624 -222208368 -201200976 -91846560 340810592 -29479080 365042656 39251296 -3411204 39429944 369888768 -268401600 548138944 312319008 -319140928 -33157488 60618768 -14828572 -177039728 217858352 140576688 -259594480 63703528 344355424 -28673620 8912948 230928336 -34694976 -9898128 -216633632 236144000 50380024 242013024 393507104 -49301432 -57392900 246593184 -3656800 244899008 -28582394 -281442272 20850460 82597032 44596496 -131427784 108059696 -168675536 11645912 57128132 -191783216 -276270880 182369408 52600276 
389756320 -449513888 104659040 23117404 -51755944 -47621836 -228522656 67735568 388348384 -179526576 103252568 166675600 -114469952 -219803584 -169535136 -20969952 -674770112 130797832 58888480 -29399384 322784640 -111233712 -620930 -153165728 -294405280 -354719680 28578984 98058056 31066544 31608740 -259291952 -317141984 317305824 -361231200 121444576 -209457760 -78626352 39295600 20384192 -297678912 437390080 316978816 141361024 75742552 -280674080 99805600 108308928 252339232 -213042304 -122905888 390442816 -135602944 94547952 -211525952 692332160 187836032 -309325440 115377240 263058304 60577508 -356416576 451715392 98840264 630129408 
276554336 -7864760 -15550616 235605520 511444032 205104800 20842610 -307040640 172490240 44914712 -430518784 152181760 473687104 478583552 -193591968 -85622704 -139863456 -131257272 205689984 -289408704 -369671808 -226444544 181798496 -290144800 299187936 -60156348 129496064 -197627760 201398720 -226311968 -132185040 63722692 186790592 168863952 53991456 -308790528 -164638624 202286816 248955200 72866272 -278707872 -234128928 143515936 55559272 -154790112 419287712 -145066432 -141545696 -208721904 417677344 256340960 563607616 23687868 -458352992 -130394320 -792179648 18794720 -113529136 19039848 -234783392 -249577536 -47158864 -446747232 -172766720 
-16516418 -177215616 42646880 216326832 403703872 269546304 286253088 25370176 -192013664 389202464 -74071176 -75921224 69278800 195925376 75671160 316937120 347743296 -267336736 -114909632 346374368 94751872 36064500 -127811376 317438240 146770624 303844864 204528032 147485568 258997472 187528272 -20879576 38927640 -454518240 -262657936 42749920 -360949024 -19541414 220048640 -37034932 -267868944 123813552 133523936 3659932 -168598272 171619664 405729888 67624488 -368943872 249183904 147462080 -125263536 53174112 -46120996 83430472 -211014432 -24472520 251372160 -178560864 195557216 -170592144 364872768 -68696536 -212173152 -256391136 
198496448 309354304 -189064176 194145536 368835392 -116578896 378308000 17382940 31381756 -80211200 -202771808 -649475328 112430280 -92256680 -81028736 -298956256 162681792 326391200 135985664 18141216 299696960 164952992 226323888 280188224 -7534866 126851128 95212016 411082720 174135488 84962432 27894120 351992128 174080192 -257961824 -143745808 -171173712 -233846656 -96219320 -280366816 24082252 -161173632 305990784 -518605120 213295744 -213338512 396321056 200959632 -132788800 -199338384 92368520 -210500896 -411849728 159392896 -59608340 -316942016 454656064 199234016 -274721408 200975168 -145640800 -88227280 -45022352 151066304 -183908480 
-436531584 -349849952 -36982460 -22907476 480003552 68888904 -509845216 99001496 -93358016 303157024 13139932 90748304 229754432 69035376 23894392 -15133240 389757088 39263704 -264950032 -150536000 -319017216 101583152 -300789632 81863848 402924416 -362138400 -95224256 -264011712 -56378768 -210891728 92342248 142294944 14083254 454504128 -161878784 -86740568 -238203312 272800288 -13420548 -247720688 -416042496 -616916864 -48999376 -418861856 -253778848 -193014432 -127507720 246088016 65593276 -106014704 123580640 156295312 152042720 147452160 -11590296 -168082912 285891808 -344391680 86448320 58979756 270280096 -18685028 415990656 -570249920 
-373333344 -225442752 456762240 146665856 -92577768 -304897728 250066368 -382389248 62012848 -106035200 -11324196 68108784 -537875264 -633614464 236919968 254362720 81011904 -388465344 137045696 -357321472 -124335976 -235933440 230644 29515222 177703280 415827744 112920528 -18771768 -300964608 -718059520 -314050944 202336784 -129133624 348303392 206017344 -225199104 729433664 -345327712 518169664 -202127072 200431808 -374005760 -172600288 -437933920 465236960 131060032 294656448 -97886960 98115296 27800742 -114156024 95624272 -33991232 -25525248 71062432 364197888 -392184832 -275462912 668496128 -275844288 -87484240 -308478720 643668160 -542536320 
333946528 -214113632 125413088 -361537696 -253268032 153599888 -348950112 -339272864 376161600 145470784 -172287344 382715456 -338160352 500602272 -119189264 376516640 -187732832 -12139466 151828320 238045008 194801728 167050096 -489521408 6168764 232174608 24745130 270583456 -131380192 96298432 -153883696 209762672 -11538908 59863928 -206397360 240251600 491500544 -219320048 169086768 -381408224 -169883792 282592352 -434989088 32539254 -214045520 -315311456 -193081744 -256812256 -159073488 -24203588 -11691476 -330622816 187763088 184990944 10737712 164429520 -169890736 383236992 708545472 -145907936 -6960633 -89630616 166391792 -191271072 -684103424 
245227024 -151880832 434565952 -158412384 29825212 60159584 606526080 37269824 -286688608 -387531072 -189619952 -102414152 -308693792 -683905280 -181302592 -30947628 95422176 150814112 -267205520 322689088 -682367808 29665576 198143920 476197344 98112680 99808592 -212673904 270130944 -252534608 313344320 -375622624 -222200816 -201297424 -99196992 213491040 80089304 -147292400 -355953088 465761664 74637560 197392880 -4895024 322657504 -184042608 392995488 58407984 364693888 138988480 51061988 -71436976 255462720 22867888 -223881920 33482144 -108651312 76264024 -180704608 -24652512 311000320 -90864672 -128789672 -63653212 340559104 69354472 
-275930912 135624240 -257427456 -59415212 -210158032 -46403912 -274442080 202199968 -18968568 -155269056 -345733472 -97090880 -233224192 -146379424 -58938868 -18574852 200985520 51540704 -103415568 -168727696 517129664 -82771376 -252708448 161808288 245565904 65891596 -379830656 -112842272 -117492656 -41700408 -16560888 418765344 251112224 -483941632 -15405757 -106133984 272065632 -191766992 -70585528 -150885360 130526240 127671736 -52800932 291266976 256522608 56050852 65936812 178726752 429335488 137786032 275842688 -260684496 -311181280 25578272 2856136 221730080 216831184 -243592848 134828000 -35590624 100039776 -202783280 325048192 11116974 
-119649520 27236700 71764656 490497664 188747664 44228264 384158944 -213127520 -362039328 257050.125 -556775680 -310930880 47508508 -70875672 195121952 18031146 -291484736 119101424 77053136 363263904 -17440090 -145223504 165428960 760446912 -788725568 -601782.25 168594160 483262272 501300192 102642064 259864784 -145353104 -256586160 -18139566 164237440 -341546208 -173772016 -328548.375 200729792 -234155440 287335136 150779056 -257351664 237910352 -66219096 -229554368 -316454528 -31764808 530062464 -90218120 273959328 -411755392 -66931452 499455872 89401512 708966016 196103056 20985602 101174360 169517152 -130148992 -53274500 267946080 83024792 
-389870880 -3844848 36249784 -151058912 4913408 -240271584 184771904 -202929568 -83016832 -232842112 134095840 449799744 198586880 349895520 168906544 -296114944 -335552448 122466544 642159040 230479040 196433824 -172399360 75255552 -472416928 -370479424 -427188224 577852096 -362983904 -17478636 36601504 -162531472 12304464 455597024 201764272 65201120 -352470880 21761134 315167136 117107120 -416956512 222018688 144875504 -376022912 439906560 53292280 4655806 -402561184 -223189056 -292972704 236173024 -5129968 186161104 408787520 77426688 210103008 -29459928 -363520416 -149857088 22925968 36027864 -153514496 128027000 -613015872 156541920 
93521656 -252010432 223631840 -56458908 -29892292 -78669952 -415281216 -5545948 25603162 245976208 -144578128 509596960 78337752 61767340 -68160544 200783024 479995744 -164295360 -58844952 83804384 43475532 78477600 -72616640 194631392 233506512 -67817168 -88854464 203940480 19945912 2606826.5 267062752 382834816 -83516440 254668576 -235872896 179473584 -160681376 81012680 165345056 42244456 217303456 211338464 115401312 -682064704 91856400 -288547808 101606320 204555008 -113607136 27069890 -43242212 99442320 12111924 -146273264 -287258400 9522620 -36089216 -87955456 -521007872 -180525632 -66740488 -343439136 -93741008 -592240000 
-287672320 -152761616 -273391808 -75806176 -47966808 -279214752 410421088 -253681168 -209987232 -11446074 -137579728 63802816 93012728 111172720 -50049868 51335556 387495936 130681592 12544733 440711616 -96230672 385815904 -116910536 -316334112 11509256 559282560 149189616 -221451808 175226752 98782264 -183276640 -394875968 70610312 383390944 -178728464 212237328 14902288 -59973684 232002400 -359459840 -246989744 -131215840 -287807008 85234528 76159408 -215281248 332336768 20015398 -277665696 -50970972 313845824 -8223238 -113586432 358664384 -2670752 584620032 -234102240 -100818592 -58218392 -218851968 77093728 -261419744 250954848 -295244352 
-359374848 -77201488 -123619120 -11424276 -41289976 47757704 -91861376 -277417248 -41780648 2305991 531167200 371108256 43344280 -102990352 -23645454 55825148 55868764 -110000192 511253376 -251400416 -200186880 -438540544 -11288112 -346341408 -593264640 15106092 167456448 42551500 144704480 -272522144 375466528 -217380880 -232003808 647649344 130371056 145541216 5189692.5 -33338000 185282176 -120243968 -376703872 247811664 -280891328 16829392 90154064 -94584672 -469678432 29426368 111183856 32653676 -477304 63723308 78862000 312276800 161731664 432525344 29968384 293521024 57671512 -574103936 64040456 442469312 504522304 35768308 
-119088248 38694404 -187621328 -313984544 -262815248 154046112 352168992 -582202688 -267570544 -264433216 -435488128 -120066456 435599648 162828992 51253052 -181209120 13778152 164722912 257076608 511225472 -92584528 -228829072 -373244384 -170528880 -617413952 173664576 135625728 -43224576 78352776 59783556 328762688 344630400 435443424 -14280166 -292494176 -182710224 -225052560 -249702784 578440448 -5993250 -372526944 67360056 -499634816 -14927436 -14217198 38850728 -424761536 -97948800 -150062368 31185184 57465008 26733028 149944048 711379456 -194899984 -164329568 -168532928 399675008 20810156 -345041216 -251394512 82465032 -275994464 -33555520 
47226912 326531104 204702720 233950160 9419264 444909248 372502752 -420130112 -18072216 -126177536 75317048 27602506 85488224 80270416 -30561680 40013924 -107088496 54997608 47575632 208024912 419667520 -313267712 352157536 20766722 -101593376 409963872 -192538528 -145503200 185748608 -8003994 -572142528 90831256 -5088128 -731685504 248731712 -245304928 128076240 -238449184 5029512 -86169760 -357688960 -162475360 227513232 49360272 238262640 464935584 297926272 -9617100 -379261792 98730816 62813392 54503528 -174751136 28721824 -183687744 -665516352 -15528712 -352708128 -334145472 -53819892 -667986688 433102496 -341311168 -445325120 
119262904 -441148224 244227088 -193732704 320617216 369328320 -416876032 557932288 -90143416 18902040 177790576 123233864 151256528 225760832 95260720 117486688 -249179568 13407338 -106366544 257761920 -58776572 55615060 33470202 21330620 82886416 99102880 114239424 79426224 154267120 485126464 -396507168 -168421360 95907064 88868840 -12719962 -260821520 -263562864 194255536 -122542920 205631072 283238528 -80873280 80004520 -414685568 -521411392 -102015696 119235296 -273265312 234089728 -34352108 -25067456 582536064 -202771264 17175792 -106236704 -201243344 309092608 -38474040 26057832 -324975584 499664096 434413376 -530065888 165935936 
137065104 -47105312 129093232 104382816 10319178 18635742 -203908496 238506528 387577248 456489152 50124592 -26237794 206120032 274078176 -299193888 -261389168 365787552 -128361160 340036768 150815648 244413648 244034720 -9062305 48297560 -172112576 -95979392 -167775376 220549792 -252413968 -77550024 97468608 214963616 -53129040 -438193312 -186951344 431900832 268494848 196254640 -306154624 -118709456 421998592 -177327488 155616992 -363871168 2393314.75 130127744 266877296 318831680 148489008 -86846616 -345312352 111778776 519651264 15379950 -324970560 -264754096 51258816 520538080 -57632740 205348320 90227448 68273608 10937391 5414821.5 
-533829216 -270090240 -267909184 342367968 -131695808 282569792 -164830272 -470076928 148926368 137018304 -239805136 -102163952 -235558592 -87162376 -237497616 447913984 255678176 -422639104 -283300000 -148920032 -138836416 -296483936 25387312 -171384464 -447923648 57960016 108945344 236085152 -36730568 -189181072 283768000 77426240 -15114832 44813300 29494972 -781265856 19974136 -30562892 196545184 173038960 132707480 -8275752 -79585640 -167631264 150075856 149952160 160964816 480011456 485617440 -90823784 250531856 -27920310 -53577488 242470240 -103320816 240660688 -507449216 -224348224 356353600 -583586880 -250934640 144453152 -75028784 183173504 
309557152 -47243048 -222899264 -248500576 -438371488 -115440544 -61843808 51068752 407218752 -299343072 20417308 229008272 -11620510 -86646376 254075728 36967024 -346470848 119848232 -119568912 -227692128 -74950888 -32449996 10912456 -203127808 158375440 -254154144 -214300320 61810728 -106821288 -229257392 445836384 441368384 101720496 -510009280 143816784 6942339 -126014536 -150361056 -7307395 145238256 -225650720 -122574168 238311904 167166848 18953288 64231972 287954752 135301648 212660128 -423527648 -24172488 240949472 269325664 195480160 -20295870 -433751392 -229228064 250030464 195514272 -118528720 -171374416 11981921 -83663432 190525856 
276780928 -130736752 -64207552 -40404120 -133973728 -150871024 168934320 45975728 1397908 -423097216 -13320248 524747456 244737744 -59169192 -7438309 218559216 -707256448 169376032 340039584 517772768 13824012 40205844 143236512 103749120 -255566032 75497440 -372298688 -170065904 247539488 64058592 -139174464 -279314272 191097744 -193869456 41097724 391913312 143764096 -143462704 7268188 -291251456 15490372 -96378288 -75093400 -205757216 451095680 -358979072 375756704 204099120 -233764800 273156992 255506560 393483168 -105730568 -43417680 163964912 239288064 66180096 -65731616 -76822464 -302992480 -321948032 -27071080 -351928608 -320759488 
-360942240 135415248 -418823392 509110304 117263000 -112234168 -559806272 -128649472 96953104 11059188 22878660 89785512 476068896 -375933472 192426336 116779712 -375036480 -151894080 -9315692 -134742096 183635904 -428308800 348665760 -304157856 -312459872 16341512 -9146532 210159040 295493888 -207818624 87716408 316487840 138052352 130474792 -266277760 -275306432 15516216 -39979896 175803776 238316608 -599588160 -123664080 61886888 111266968 51610552 304835040 77574352 -54786352 -12975516 -516392448 189441600 -79516344 200008496 -122641432 -235077120 -282903584 12751688 -138784896 -433732032 175032256 196109168 99898976 -279564032 -113100848 
-303061632 65975508 23753038 -319890304 -322885536 -31657632 31644202 -182180368 344023712 158778544 495220 222684128 -153637616 -262697856 308268832 434677216 301535360 67890160 486890048 165633472 360187296 253063312 -165113328 44214544 185888224 -255388912 -59687756 -297940480 -600160704 124311616 13492494 -116313392 111441624 -289662336 -182636240 9699380 604734848 -426490464 141439536 -381498656 42698344 -464991392 19267788 -46291696 613828608 269512896 189122976 38919656 288834528 135883904 -2116840 284699840 131095088 10438252 -385342368 162705152 -473331712 -11264864 145140608 -138003920 -76925488 -210246768 294060032 -204166768 
24406806 -264423712 -180113824 -354742816 -559517696 -312357312 157573104 -201562160 -45225552 273458624 81933088 174194256 -122802376 569320576 -297710816 249096880 549911616 -103664472 358021728 -36591992 6302408 -286647520 -255699472 137988384 261832144 82656832 618252608 -228727536 322054048 -379212160 62639376 -161711952 380452288 114824152 230505568 448374368 -348763424 336345152 90069080 -41998996 186912816 234572432 -46699696 112121520 560858368 212737808 -94339424 122944920 -567691712 -67585776 2763165 139090384 -34638428 -231014368 298162048 -49398312 -372162272 130776912 -105004528 136788896 -240641808 -249019088 146141184 295710880 
-29492994 353936000 -155861632 -396441568 114404240 -285446752 125534592 10522200 333370656 -147553840 -58741372 -250452688 -268900640 -175970672 435068416 -449889184 153947920 186269264 444142304 -54118072 -148379376 178216144 -310688640 80455192 34499040 -153741968 597014912 6407561 177680832 -39177408 297831328 287761696 -94111456 438856128 315950528 484882400 -218210448 -115998416 339391136 -314925856 279324960 120720696 -488328256 -150306208 -59221788 -170868240 -392247776 444524320 -287171872 39290628 -32136492 -702187520 22658896 200233440 -51458864 293160064 -207552720 -169940224 -136999440 327351936 107792224 -465013728 324860224 236934480 
-67677992 84318872 102702688 595171968 372276384 4741720 440826976 -60944048 447535712 -52494056 399459488 230711904 60454700 -339329888 -427906208 539606720 -197899488 -345049376 102187824 -20263664 243968480 -122324144 -292997632 -380947360 128773456 341117120 4681096 7087582 -199474112 -275435968 -8414141 92377992 25857864 70936968 279600448 -258266736 330483808 218724416 -457255104 -197578880 -65380172 -72072992 320986912 -142545984 340978752 451583424 329222944 26509546 130330848 234065168 -84858816 -120280216 180538000 -230937840 -84462496 2962224 102710816 -163563680 560285120 192853664 259794336 -154592416 194427536 -509917120 
-247117312 -21444924 -208360144 19704732 339429856 -123170792 543838272 -127502624 -699438976 -208526064 142346608 178448608 -599961600 281458912 -48342596 218892384 217971936 175677664 38149640 1956136 -145487120 -39787760 142757216 -51285608 -412907904 327403264 318659104 -67335800 -150768128 49211640 -321040544 36521656 -119902824 275822944 260182624 -56157412 272105728 -238679968 64198268 -13483469 229226496 231062352 196611312 343171424 352937184 52466568 -378214016 -115198400 -98557864 235094320 -107608560 -54134040 68111816 -62499304 118381584 479181952 -492598560 -108152752 333957184 -609823872 -497273184 8731984 -211114928 -274135904 
-481812480 102839664 -282916672 42839988 208677792 -46879296 -251326544 -21048568 187110432 -334888480 40461392 -290520736 -326094816 154398720 -47797384 -251692256 240569952 50433608 36814452 -24808464 -203006896 17513596 -202506272 -283570816 -10532933 310206464 280874368 149995680 -286520384 -55394624 -318608800 225777472 -178229216 -74637520 264294656 31918744 155237024 12625740 -56090020 226153536 490217824 62432504 -103698288 108834216 24572324 376629728 -42012824 469870912 157302080 142556336 34382264 -404911488 103681968 349029184 -112919608 495416960 256727888 -22550484 -18974576 -97799848 166098128 80243776 -5408948 -279234592 
67669280 293203072 -45656468 -315962784 -197714128 27752500 368798336 308070528 24398656 -129719536 588908864 308652320 52737420 -229347584 -538307264 -186905232 -107815368 139516752 -76976808 488122144 124068376 319039264 -193593744 264106944 -31156252 363052608 -718227968 24161458 -287293408 239518880 -7025850 -82661552 -24639614 39540968 -217916976 630457408 92812560 241451136 213986224 176028112 -261070192 -56112060 100120656 -174262880 -389596352 -270891808 -328661024 418412320 126121296 -51922656 105741800 -258136400 -23179070 -36398236 268816608 -174023744 174337088 236701312 197344 -32916308 -122288400 292855776 -84738936 -131731200 
14026254 -78555264 -229087024 -454575648 -256186528 -269039680 314363680 -118049528 305983936 169659712 90889896 388321632 108149248 45789764 -316921664 76340208 18802484 -191090032 211013904 -169098768 -223046528 250614832 -66681164 -127273528 -226406320 -137053808 174765536 -352213600 -270746976 -600245376 387196000 -154301536 83235480 252223520 26186238 195102576 49314940 284147904 -259072416 -58504936 26170044 208183728 -263216960 518639776 362688320 -208151344 -578202880 -88090976 286589536 -74575632 -110656104 141786192 733625088 -80977136 -101355216 313140160 104282480 -45735368 98240104 -10390882 379688672 -369798240 684109376 -308266176 
94917080 192408000 514139648 153350944 93901912 201445456 -109509592 102840672 -97124432 357485248 324590048 66160352 167649760 289282016 43169048 71511064 -60613036 64299024 -414367072 -70995320 305028736 -453271232 39790040 -55347208 -64964352 217925248 359258784 -247229328 97985416 207769072 -3865102 -425582720 -96345392 253729664 32894708 -127002288 238281376 606061952 -795603200 -154968352 -273834016 -232036848 58696704 -17476512 -268222128 -139558816 93949648 -8233350 216623296 -251953808 -212326640 -278917120 -607475328 48295648 723377408 -25899088 402193376 -144896480 -405154432 343439520 57204516 16008596 125963968 -430104096 
-298162048 -186303152 417384672 -253942752 -306959264 -654345536 244965872 -49350664 -210147536 84970344 187577120 -213571760 -40482864 200294240 -284512640 -93007840 -172944496 75803344 -305080896 587132672 -135777392 -222869824 -121944512 158557296 -140190992 180942448 -85241248 276631520 -341717312 207116112 478486784 -233537376 291694400 204729040 -248484672 -129008440 -189156960 505214048 353434144 -168457888 289830784 429607168 -422025600 316935872 -101100776 -600074176 41505136 301581792 376022176 -302437504 -15737328 -106408832 25013616 383316192 288419136 409139072 -192986912 -98358008 -76139832 196787456 -446005984 -293210912 356347264 34979560 
-383485312 32957572 -36557176 -135067536 -234696000 -187799792 -3261848 226818560 -380842624 392195744 -27933958 -33931904 -439323424 -454054528 239511008 104796808 176588688 20748952 -139703648 78255736 65298108 138137376 167481408 118661136 128190280 113387504 -38379528 15320758 -253242544 43862156 -137758464 -193128752 -129627288 263280208 -403517056 295989920 -206471488 -629382912 119950920 -171042528 59033480 21576090 26119420 241720496 -155097792 -522043328 253014784 -388333056 73549896 -241602960 239001456 -280165024 -585724032 114000760 177021808 55208192 -308793440 -312773024 92195096 497325760 -12119202 -167943376 -328928704 505183232 
-65176268 -19398940 -88990296 -25219762 -9838126 -181693408 -160113472 73224752 116858336 -31448008 -268739872 247925328 35711732 227929616 -105297712 -466101536 -2471192.75 -4471845.5 -176881584 -269205088 -85001448 -373683552 242249456 -62031808 -423161568 -173081440 359068480 120340336 268938784 -210420752 -235074352 316793472 531257088 149801744 -79302616 -269961024 11254153 669629056 -364018272 -21560644 282333888 300829056 -114097216 -157288256 25345754 21618216 -18549544 331430432 -28065122 102844776 -30919100 -160291232 316824704 -230597632 127858624 -166395040 -295623424 -328591904 -36613188 -192654576 193305488 -29867502 -163640288 52609888 
-141605888 11042406 -68454640 9970420 173757504 -336098752 -195442192 396142976 -242285984 39071736 -1521212 -362762144 -94995272 203923552 -28697816 -682378368 578391296 98978528 -245268688 20461596 472283232 107396496 107952720 250939472 259351552 -459652416 -111895360 41185808 15945180 -339676032 319025376 55496684 -51583592 -51091996 -539277696 212435984 186014688 60697768 -236197472 -287991104 -170195984 15871442 -268503520 66323744 -485938208 -160408048 -115005600 30097472 -269076128 -117173184 -545401664 -252119536 455654336 45973736 250865408 427574656 -182399952 -222428576 -460051936 454290208 -269524256 21822416 254177024 -250682544 
132543184 -300617504 -332332896 200372064 67240304 -70689144 -171426800 -12707439 -12426669 263284160 -119951144 118395296 283674336 299795392 -401495296 -334560352 -51664416 -37721172 -161630208 -385493056 132096624 421404480 800945600 66441972 163742672 -96627984 -73346952 169507216 47666840 -390876608 147330064 19406598 101843480 -305902176 -100086368 113640408 387399360 10753860 79352272 217649808 91521832 31968274 4344699.5 137518496 -48485536 35749680 163878928 47746848 -242457808 144798688 178923200 -212009376 180679072 -271181600 -15766904 -463815168 -335063328 -61254648 -201436720 -69721512 -535530400 285215744 7443070.5 67800288 
-48691736 -31232254 266923648 162483904 -84086672 285701600 238425376 374342304 304621536 -560878208 139456816 -187933184 -87507936 592979520 -31537764 -94910976 -16922764 -126450768 -246897952 192289248 -17799226 -641526208 -296706816 17791984 69715424 283560096 83341200 -560427904 -175300976 250630480 -343022144 -61621408 -341500160 -135663312 29504970 186256976 182924368 432445312 -336140928 -388461664 -151486640 -310284544 218925504 -319927328 40548068 404394080 104819264 157302528 62420336 125607200 47202120 -47458132 -429803520 120082912 521959296 -144035024 333504832 189219776 15294728 -31660404 -63892512 85775136 -20161460 -636353024 
-96181264 -97045968 4373112 651785216 117131216 139502992 111912584 -62983320 -155034848 -202370768 -146770240 -38283280 -611018 331560704 427125312 -213100064 -38194900 -414530208 75578392 -213581600 -105978576 -301122272 454229920 48428788 -275368672 113258448 -75743480 228080512 743777408 -377114688 -135445232 162031936 -18210600 -175424880 6190758.5 -43223280 418027296 -538179328 15702870 -13987868 -490148608 -103822048 88031008 -533820576 307451200 416133376 138989424 314873696 222023824 331088832 -432652704 119186720 280159808 376405760 -39514080 405151648 190957536 -105622560 92199648 58025628 229791328 -26954186 215790256 -513921728 
115892512 110596512 -26339388 -139910128 220173120 -214942384 -40184372 -364705664 -147355008 -178264192 -259728368 206576320 -268560448 8140204 -185649984 515696832 -315832448 303053440 118782904 -182183168 -7341508 77779112 92829888 -168987264 -166526736 -128917040 -193636848 6457284 454177056 -281431040 -263758912 164989568 27274886 -316167712 99189256 92126208 -132217080 232346240 -91210696 100974096 312622144 367677408 546243264 318674400 -68392784 -188325280 -69641688 -424251040 -428807360 244952096 47201800 304532448 130926112 -127795696 51291240 -34897028 -69926512 99193416 33006204 216480400 -120301328 -51696840 162978400 -387512992 
-232024672 -368680256 375929696 -136806880 197258016 101107824 -139480848 156999424 -148994624 -258747488 514789632 -178829072 347260000 -16088476 336321024 -238267520 -196630656 464194144 79164000 170208176 -335521760 -237459264 -21481586 -343371712 30374052 275363616 -180638928 -87771808 285944640 -194156912 -49038400 397209344 420590464 213410736 -643543616 523900640 -120225008 -182221856 -28634400 686664960 -230120592 -78702048 -376292800 -154945568 -176673232 -253448400 218672448 68916192 -267818064 -72089392 -369161664 525095968 -149607520 -114449672 90588512 44648536 381904192 196813152 -593841024 -7922526.5 -67057612 -216018288 -4508084 -327531424 
-255174912 -11951758 19011860 30306462 -63825432 -571332032 138288320 -324489344 -250732800 252582048 -602067008 -377860768 -228627856 -509884672 -266725072 78040920 203815008 100584640 -292702272 -91954072 53705564 493899040 81685512 144482176 648728256 358214176 36288108 136259008 -228177520 92173504 -29957762 -559544640 -318075328 157035824 637709056 -261310560 724617792 428686944 -44934916 -199644384 -74804568 -167236800 33630976 343033152 -190439408 -236122624 -409094336 -61127312 401370752 -73368928 356341056 -312211744 -132392992 -434874688 88942400 278750208 206600576 -355293632 -175285920 152545568 263527808 -264221376 396631424 -217954352 
-104656432 126919008 432950720 231215600 274194752 259814256 62502132 346225504 244099536 -352801952 -277229440 -479733120 -69001568 206834352 -155789040 -5321343 -302114112 -144528672 80992960 178903408 206546432 -59822764 27545512 348826144 327858656 6881412 495250688 196226512 -243801968 565608320 -345491552 -317105600 -305138112 89691424 645161664 -386272416 368956864 469206560 -46964976 -608389440 390915936 -337485632 166471712 -151500928 -36460508 306550240 233226880 258066976 42062980 508795040 168491280 -242361808 -403374336 -78375096 40709252 -301465856 441249792 -318678144 1918369.5 267372160 342746624 -108570240 -122357808 3179562 
122076376 -77473632 263329392 147638896 30193282 1765359.5 167504128 -206179568 -156469104 175451680 57180000 75357608 24254724 -231995584 -40765600 236634384 -155483968 191792800 490354688 388275520 10558216 471415104 -204856448 154111968 -100347632 -46746288 30057852 -989826688 284336640 -199824896 143513808 16826004 515474560 -41902188 118582656 245583344 -278598752 257875584 267914736 311059840 -147069328 107851888 113525024 161061872 -59540464 -95754128 -592479808 -238773872 -385141216 -375848896 103896032 -227030416 74741640 -142393184 -281290944 -579458688 -34911960 438964352 -21658058 330275008 224065024 -694509696 134213528 239540176 
-90217448 -114769832 -202764864 -137667488 -10608610 87175744 -788816768 124469760 366708320 -326649984 100025624 -205479008 252846944 466854528 490607360 148852416 24486118 -250642160 -148515984 -243706240 -432814080 217466464 95381720 -142336368 573215872 -325803616 404114752 2496622 -35295608 -65306380 203595024 -157533280 -496580352 16926830 358091200 107148448 -498171584 61761216 -126753680 -7100534 -183866368 -155470448 57940712 37002060 -270278144 -194579152 39970060 81137832 290894176 -157262448 -454012992 483770528 -361755072 1219496 -166805120 -379990848 -7783984 173341968 -59740976 -351214656 -15885383 -48024928 -383858944 156495744 
-269556960 -318999328 -116639632 -74210896 267750768 -218621808 119309424 -465373312 -296515328 283013632 69343616 -163030816 -273304672 -194938512 -263716400 -74053120 14615736 328861696 182920896 -135610864 -148082160 418091392 420074176 -7661008 110263952 106948576 235330592 129013344 552907840 99212392 2444076 112684304 380927104 -30612608 -60616644 46328340 128711472 -477263232 313108832 256244832 -122796024 200942608 -361681216 442529088 -327943584 -247438448 -105968 -11599666 -90855648 -17733016 123601024 -324870016 -317588736 247154816 224571904 -121953608 -144478592 -397323616 -239225088 162060368 -634918848 577653312 335159232 215014368 
-170017248 103106944 32462858 -407977600 -131640544 251551680 366505376 -119247000 -102086144 118037368 -139412384 -158492192 -39984772 47298248 -343328800 134155632 -199864080 -53179720 -135466688 -150416752 253733744 -575214592 17204104 -126662368 -353900384 -435131232 119644704 -73854576 112364960 -36587312 203286176 505060160 551792128 121236048 -545932928 -240706816 -11681724 480618688 218238720 224873024 -525308736 444609088 179942464 74882136 -126554544 386443584 -143370336 -454820352 -17339816 -92905056 -66322928 26388858 314802304 495198336 133810608 -356480192 -65384956 190548688 -143949440 338450976 129834776 -54072064 -79438376 -114468200 
-111940592 -414752896 -25113662 377862368 -162777472 65680376 -46817916 135716016 143352688 -130811096 -160996496 54524240 381456800 -331147936 -88557328 -241261232 -56422624 -89548096 74134848 -198976352 125488048 -116415008 2210832 23397590 -482969216 -512432480 -442387680 128618048 72085216 -167878080 158146672 -112979512 -8070492 -166146400 -178379024 19780764 -157495728 44285700 172782608 -346436000 -10848344 -49090152 90230224 132283312 -237156832 -113241952 236476288 200315536 -36119780 336328256 262665824 36808692 316576704 -370616640 -64541704 -165578656 -396924896 126280272 -151777888 -45891580 -82331992 150966080 58728112 610048512 
-382173184 -170645648 -84556304 91132928 -206036320 -28776794 458192640 -315003776 79960624 -501740480 61441252 -318366304 239547856 -408252576 -339779968 -2558302 238512016 189671760 -131811352 -2348492 -333073568 -74699488 175985392 184712608 -114655464 472385408 169064512 296550656 -162229920 -267514752 -145384752 -67968504 113797608 392053856 610066432 -306292608 196891168 222158112 396152384 50017032 35334488 282735520 -533635744 -49631984 -25032872 210392016 8885772 553212288 65741956 -87036320 131216816 -454392704 113540344 201830864 344871168 -43800804 -131826272 -156903456 253052048 -317603040 -61920056 125091728 335131904 179669728 
91604112 232963104 301895936 -506383744 -646960064 378092384 77942960 -14568804 259866848 -87324832 -179479488 -263381072 -54134856 126799936 769085888 -505256160 338739136 115035944 -249365328 404968928 -105927944 159434784 301348416 133362048 -398475776 78516240 32091762 -10843686 -40785144 429383168 -121745016 395226304 -476227264 -813575360 54943144 -109451688 -384154304 -395547872 72244400 -77446864 126364576 26813544 -158145184 -236328512 401712800 -127344704 431879712 124283608 329759200 123274840 -170966352 271946944 -434465696 354742336 -225653056 -132662592 -358017344 -114698880 -392743488 -317622112 -237525376 -36749052 -223765104 302323648 
