10 10
7709.8388671875 -4407.6787109375 -8793.091796875 2117.6342773438 -15931.78515625 25546.25390625 -3634.5754394531 6471.6123046875 9434.509765625 -6236.7744140625 
-4955.41015625 7751.521484375 -3856.6496582031 13928.00390625 12400.256835938 16471.228515625 -259.9423828125 -2766.8510742188 16760.1484375 3504.4519042969 
-1281.9625244141 -7680.5341796875 -7143.251953125 -12049.127929688 -5380.6518554688 9320.916015625 -8577.84765625 -4769.2890625 5454.5297851562 -13349.271484375 
2345.0043945312 -419.24853515625 1729.8435058594 16292.858398438 -2874.3583984375 -3901.2661132812 -2070.8088378906 11336.604492188 693.11206054688 7860.6157226562 
-467.70361328125 -20263.337890625 1983.8022460938 -36592.58984375 -9742.193359375 -7234.53125 -26445.5234375 158.8359375 5397.8862304688 -17677.990234375 
3128.6652832031 -5922.5126953125 3095.076171875 9544.7958984375 -5251.3603515625 21899.046875 -15.36865234375 10860.827148438 2201.7360839844 9135.8984375 
-2719.5944824219 3864.9731445312 4282.4526367188 2077.9770507812 -980.11181640625 2087.1376953125 -1291.5581054688 2726.33984375 -17391.1640625 7230.6010742188 
-6805.458984375 9483.0068359375 6304.0400390625 4170.8403320312 9615.97265625 -13490.500976562 7818.890625 -11178.364257812 -2425.6911621094 -4634.2436523438 
-2088.9204101562 4731.8188476562 7087.390625 -945.271484375 -8940.1025390625 -3311.1127929688 2271.4248046875 2570.6376953125 -2628.3056640625 -4435.3466796875 
-7747.1123046875 -7929.34375 598.96240234375 -12156.912109375 4753.3095703125 12994.5390625 -17215.515625 -8410.576171875 11076.859375 -14337.252929688 
