10 10
120.66523742676 -196.34710693359 92.326309204102 138.92987060547 8.0451850891113 1.4711670875549 -11.217994689941 -43.911205291748 -34.117919921875 -77.29077911377 
115.9779586792 -95.547241210938 180.9147644043 -95.209785461426 -333.51910400391 -62.832702636719 -73.560531616211 -3.2325210571289 219.62590026855 -36.506614685059 
115.77394104004 -158.66241455078 72.598999023438 111.39894104004 15.614585876465 -263.15069580078 -70.870513916016 -187.0622253418 -124.84844970703 -74.773681640625 
145.42279052734 -132.85023498535 244.26159667969 -118.69591522217 -131.36004638672 -151.47676086426 -178.90078735352 31.186813354492 113.31072235107 -11.435321807861 
-23.569473266602 -93.790100097656 -212.01277160645 21.187261581421 211.54632568359 217.38693237305 140.96101379395 33.847225189209 -178.3542175293 -50.129165649414 
-104.38258361816 48.296180725098 -152.44775390625 66.375427246094 46.387237548828 131.39845275879 163.51832580566 41.719173431396 -81.984161376953 37.914283752441 
-40.534568786621 152.29682922363 87.220268249512 -126.45864105225 -118.20667266846 -133.93312072754 20.276002883911 -172.71194458008 -103.75057220459 -44.075359344482 
12.665904998779 -33.967594146729 1.0348529815674 57.502857208252 84.465774536133 44.788864135742 97.43448638916 254.91653442383 27.533103942871 19.922290802002 
10.005310058594 -43.607612609863 16.039926528931 1.2664031982422 78.81396484375 -208.59024047852 -96.648529052734 -78.374893188477 -91.985786437988 2.2691764831543 
14.303607940674 71.43611907959 10.820707321167 -94.42236328125 -169.125 -151.05407714844 -81.494842529297 -88.735816955566 133.08456420898 112.40745544434 
