10 10
0.38411858677864 -0.75787621736526 -0.5010524392128 1.2280303239822 -2.0611963272095 -1.4686039686203 -2.1781706809998 -0.58785516023636 1.0251575708389 0.97830754518509 
1.7502872943878 -0.14632631838322 -0.69204896688461 -0.15438796579838 -1.6167377233505 0.43212661147118 -0.67618632316589 1.4162681102753 0.67766177654266 -0.5919805765152 
-1.3515119552612 0.31033939123154 0.79872840642929 0.44488516449928 -1.0635377168655 -1.356733083725 -1.4266209602356 -0.94539201259613 1.3353159427643 -2.3036513328552 
1.1728525161743 0.65165501832962 -2.5039143562317 -0.35037595033646 -1.1549727916718 -1.5478444099426 -2.0267271995544 -1.5654247999191 -0.045097261667252 -1.3153586387634 
-0.059046696871519 -0.74295651912689 -0.264284491539 1.2681695222855 -3.018923997879 -1.7415691614151 -1.760218501091 0.45202261209488 0.47018572688103 1.8548662662506 
1.0450583696365 -1.5707927942276 1.4538654088974 0.96720510721207 -0.90704637765884 -1.0308257341385 0.64952462911606 0.58623343706131 1.2378832101822 0.016139209270477 
1.3255134820938 0.33303421735764 -0.47327029705048 0.030775040388107 0.75617533922195 -0.83549463748932 0.18387144804001 -1.5306434631348 -0.37700796127319 -2.6104199886322 
-0.85558313131332 -1.4857220649719 1.3577779531479 0.72464513778687 -1.2113786935806 -1.0188221931458 1.5030981302261 0.18045327067375 -0.37398338317871 -1.2154428958893 
-2.245240688324 0.049969643354416 -0.91219913959503 -0.93396002054214 -1.2057385444641 -1.1243793964386 0.96303141117096 -0.76320540904999 -1.8860988616943 -1.904003739357 
-1.4813635349274 -0.78753554821014 1.0408325195312 0.058638069778681 0.59418177604675 -0.81051510572433 0.97480541467667 -0.4744821190834 0.56465148925781 1.7263488769531 
