64 64
219579856 439567040 140615424 -65707752 -513748064 -481188384 699690432 -219035584 -310678368 -149357232 155400288 190387264 -480493088 -121589584 493004 398445088 -19090810 459814016 66257948 -566731200 -592890368 102018704 23689378 91406736 296400736 -635256448 -320884640 11465932 -459903136 12661382 147904512 394787488 41304008 -480593856 -14234524 445707584 423124832 -187465792 9674636 -198226672 -173638688 114905368 -127652048 84060936 638020672 -394646528 -206302544 -117685200 17059804 28857352 -113475288 -110263248 -318270208 319373664 31676122 -152091168 145620208 -99764128 -96434016 -274710272 -121951864 -144974240 -602386752 -174142336 
88057880 -66792932 98025664 -115790648 413907008 -399401088 77928024 438384128 -261993584 -325283744 -420133056 -31153624 -343877184 -166191424 -112248744 -288399840 -37853480 247071504 -232211568 4713256 157437200 11099920 -213755296 -365128832 -69478864 71580672 -247171248 17029552 -91610128 -25337524 -98831528 -132833936 298566720 484163648 -151846640 -344712896 226307904 -49839580 -253132128 99663824 -324638240 -223783776 -475134144 330770688 160558128 42763420 -132609952 -63779964 -155803840 247022768 -51773468 131743120 -13772416 -767877696 -10584082 -71893496 -275493760 489890912 178414464 377499680 117884168 224427200 -94177216 243085856 
472723456 147354688 200842448 -39483300 130478104 -87959328 131757480 -6958156 261068800 -339774432 -58999072 -77609296 308928512 -223610960 -69717320 -18757362 -417502400 439703584 136486704 236690944 242543920 -168494816 -15456908 -2331707 -48921596 62106472 -124640480 -126967104 -36854384 -35004200 -727084096 -141116000 -452528096 -177459888 73339200 -9994656 379676864 -115614000 -121985064 186704928 70738704 -88098568 150906064 -209474704 -205537600 -175629472 -308880736 526671840 -166712544 104909256 -311011008 300943680 -4680422 -75422144 -30967256 274101280 -373998048 -71896672 -163453792 83225296 -481310336 -36129916 -225788144 134352896 
-113767664 -330535840 -165075424 -299260864 -240592496 69787208 -301039648 -282598400 -12732512 -415052320 371641088 254522880 -243565968 198101920 -314444064 160465632 149804928 425856928 -220129856 -48176256 152523136 188401616 389216960 -150635680 -80915152 489801920 183274800 583023552 -220761792 86316752 -271188864 340855872 -113356544 477961888 313368064 108991040 -356747840 87965360 131687448 -149600816 346091584 -227365664 285247520 -83808064 150299824 49118600 153957792 -317315200 -394246560 64493668 140705696 -89484104 89309264 169433104 -353613888 79039296 -359833952 113366048 402466912 201543504 46746388 -161350080 59902396 25303238 
76729640 -137049520 333370688 294328512 -186384608 678464 239033808 -234143600 -527775616 -206504864 -91202560 -295576736 52607632 376871936 -494087456 432564448 28858312 337067200 -94210536 91660144 -109013264 -193842240 177662256 75071104 362890752 75284960 -538771264 -207433024 340468000 -286199392 488390976 -228233504 -140446368 -193740128 54816176 116273256 141783744 -327957056 68106080 -100043936 170363872 146895584 250770224 123791160 161992336 -186106944 342033632 122642608 -235030576 -19176140 211304640 361848448 84469320 389626240 -220344400 155479568 488371552 52870232 229789680 -79965904 -164831568 62674420 -57159208 -13005476 
-279401152 86401368 -68702056 -104442400 107838592 36852512 -240946048 24249504 317548640 -38988792 -116697624 169199744 93924296 -213446720 13283192 186281472 390916704 427662272 630238848 -219323056 -551118208 -419707520 -334359648 304779904 231985680 -185281232 83962088 226719152 -75406016 -48284884 120671760 -88447504 -285919360 -146285216 247423104 307046016 24254464 293964768 80991680 227060256 -303298176 235648256 273493856 262403248 -178130256 -129643024 478257440 378837056 443814304 -44025032 443989856 -260356704 -69976512 756535936 217272624 114906248 364236512 -94294472 53286440 -374651744 126731680 -220047616 98403512 224450240 
67066612 -287242944 7195595.5 -20347824 30150500 678943360 154072368 -222446240 -234066192 52895752 248067696 256704240 229253776 24988816 -473796192 90726072 211672976 -299637536 32571864 -180953728 233736928 21016744 -44759716 397494976 -19887344 -50986000 -256862192 540129984 -273782464 64594780 32180568 -40740108 -302993856 -10754710 -210861872 -366400352 -44623544 -201845680 194244032 284541088 286696896 -152268352 -175122720 -31824406 -108306160 558531136 -198695552 -120704368 190112704 377877952 -174732160 -51096976 -622009472 52138144 -176140784 -424787136 -295215840 383802240 -31149570 -104075136 218127136 -310788448 155832848 -189964160 
40134264 310668672 296455520 -269737312 41675824 347007552 366121760 134923744 193156160 -58769064 -213757632 -2822168 220357824 -169576512 -128244904 -87029344 -208180992 83359136 -268923040 180785456 245167808 109610832 -193413600 -227037040 -20536540 9528412 605310208 458425600 -319335616 -137868256 -134578368 -17410348 867734080 180867952 528741824 -28860866 22863516 114608624 209101152 -80430056 -398053504 -424953984 -11091084 -147530368 -401671904 221667296 -31276976 317144064 270459840 -171899008 54498620 286899840 10533253 110572064 35889572 239926288 -20586504 -268461248 -139172448 90714552 407699072 120037968 -179007872 318316768 
139986528 380547680 290248320 330047392 1023134.875 40909368 94277624 -325187328 -449744288 -119852968 -48775460 871941760 -290371232 -111782144 113596208 251974096 325566080 199564528 201335712 -130047568 -216503088 -161485968 -112772616 -157179216 381979552 -114202928 -116881176 -312549376 200950736 -41918256 -205451808 13889778 43062060 17287798 -64592520 -146711184 384345856 -91515232 312247872 263305296 164284336 196723024 -399132640 187982992 493224896 -108403264 -548351744 -523637248 -148521680 -218142304 722503872 70604312 73232080 -101070392 -539914432 -37002444 371474368 -38350640 35856068 -261953696 249527696 101937952 207086400 -203130608 
-153030624 -478588928 -292251904 -207889920 -126638128 -10022592 -212384192 159251680 75597408 -286885696 109400616 340485696 -247542448 -285064224 -437972352 -705688832 194571072 38888212 -246510896 146016512 94925968 25062972 405644864 -605165568 -68470440 328593344 88930992 -153344448 200262336 272508832 -218965296 26909126 -36057900 84491928 662940928 210341440 273992800 157236480 27994616 -77675096 225105872 356924416 -337725184 4933903 -116734480 -104817096 -49512672 14952596 -191131728 24866296 348312512 -383441792 147436992 -332077280 515882048 -194662320 141203184 180581360 451532928 -102284600 -93914896 151477824 51132776 203994144 
91367872 63491156 163383232 -183640384 97213368 -296211616 408504000 417486784 -114266456 266303456 72439976 23718012 139537872 -269321216 8706184 214219392 -93649184 -161212528 551002304 238482160 -246230016 -31521540 306316864 99078080 -261764944 341964384 -135136208 -854573952 -151088960 555660800 133134280 400515680 101523392 -187484832 -7598200 2699744 59199432 -449024576 148020768 745658944 -169017728 41527520 -317368416 -986858 343562240 -70317360 165790496 74403224 -12580028 -203092256 -64123000 -52229112 152513840 -228739568 113432904 174839232 -116032000 96296336 59555512 291407008 -295395040 46916088 -472007776 -640638592 
573193216 246489408 55075888 188303312 192065024 -115270784 339366752 36740324 420906912 -316011264 13266702 -223096656 -76913912 76497312 163288704 235573584 89319840 178326448 -241789584 -352332896 -58799968 16948304 -387622976 -157816848 521673632 232292608 129195264 -91470080 -28722012 -36504328 269948736 -460260192 295415328 273446048 398856320 -40572900 -311961344 8950016 -239204912 -269975072 -277762432 -21719704 91767792 100053008 -556423552 -378908064 -244861424 59015264 -118702864 410486144 611496000 469898240 286781312 -283593984 -3881953 340016352 188989088 -2126208 -467859072 -12166242 322076832 391350048 -85831792 357706624 
190884976 383536864 -110053536 124517560 177071184 72657952 -180419216 -16867424 -324421920 -221812608 16107941 -57499132 -35493560 220406912 -396301984 410947136 169108048 344685760 264073040 -404453728 -115222584 -236909664 -148960192 172716592 -117831160 -152937216 -303959488 20285882 -250396656 -4580171.5 -357868608 292769216 -316617984 -357418592 48497488 -179744960 -157764624 10579194 -137672640 249894928 369641856 -181284960 -294036992 129773816 320409120 257151648 17580268 -22181940 -197987968 129351952 503205280 -99541280 -58722564 534867808 -345324608 -106186112 169069840 52479328 300395648 -176979072 -240234816 -171807376 -62629464 -383310048 
-64722492 38127220 -458556288 77433752 -217168624 -299312928 -94502560 155421792 104778656 39443488 -11761156 -261347344 -187414016 -406027680 206420448 -20704204 211254448 422160128 -23175044 -160137520 335669056 -61776320 -286485056 -194526848 -275894368 -124708912 91931664 -226887360 3348652 -198384160 -206286144 -161416688 -803231232 455620096 341925152 58430268 295487296 -282902944 -356081408 -31877352 -19915336 609586176 13061656 594910912 -31657980 211056224 -293527936 -403491776 43392828 -54188996 106743800 -129144040 -131466960 -51968620 150452544 209159280 472553760 -214835088 -277094912 139795888 -268555296 -191098032 -12996324 -229392128 
202970208 74067152 311873568 -449160288 229737232 206082864 190821648 250029456 -158032480 -27191836 99516448 211795136 392952960 -280562624 34857912 -688340992 -20273432 -454473152 -302946976 -13513285 -11064549 195071136 -103306136 162456400 -223340512 476038976 -555029376 -65478912 159378128 121420688 -297076704 -419823872 -37553672 -104164472 163346176 26770004 -406670112 -74433648 -200644496 -49220716 84847728 -375535648 -198618976 -69788888 -542128384 316232704 -271625024 -253629104 -159043264 149577328 -123134048 42424124 26001224 -300619936 459194720 -58214504 162898960 510254432 -35053088 187685216 -381959424 -311026880 -129997088 -200946576 
-82301232 374399456 189263296 -41470216 252548016 162213440 119559312 -135466752 38220660 -131027200 156017776 -114877616 90064648 -93874816 -29409640 -85682728 90286352 76366512 261534752 -11052536 -217323840 -25709338 -467606656 461482944 241291440 53254916 -449706208 229701568 -17742326 -130968432 -349879712 -187980720 -888890880 -142149504 -176644016 -295876256 140345408 -97293304 368089920 -26413634 199347376 -18865970 56862872 96159000 179262224 -237624864 212250864 16821528 26182342 12530576 -261999200 176144480 17978550 334400192 -159489072 22379892 465072800 -429863456 19018040 135286112 -81309928 -458564064 -81093816 -410416384 
238584688 -113857584 85957088 -2980036 -21413846 12743468 -115225952 -171560400 -151777520 -133417416 -147963168 -31436064 -13687671 485774432 23177638 21444184 507698944 463799328 -69222256 -73492272 -110326096 -358270592 360654560 -785271680 698020480 244222432 15595686 -341308224 325581216 392362720 -33577836 -16232958 -302827616 408191808 157623312 66663304 331294080 344523936 120158248 -46116272 232182272 45753600 -155873632 195018320 239700736 -316256736 -333563808 -256239632 -27334632 349479424 349678848 141797984 219429920 30815880 -204276416 -134382976 -475755328 359654976 -169574352 216910448 -176088176 75208432 163484352 -374850016 
93977624 -57827452 -224399248 -31933878 486025088 196899520 53002656 -160470432 170866256 -103590432 15129531 14281624 624974528 -91014232 91002656 -207549840 -26424650 84129584 135506768 -87196248 255665840 -305387840 31754886 80131344 -477428288 -362564960 -239932880 -63747160 244737488 -350145056 -168784304 -358496064 -185145552 -192654464 57246004 37597224 -201980528 -313105760 248254800 -129765544 288185216 14152776 -213830944 85678912 -214217280 -134907680 -83071024 -172449888 -571058816 623109376 104872496 113754560 -256843168 -125622248 392291552 -372441504 -136810752 383754464 286412224 -417739328 -569260864 413287392 266423760 -182900688 
-386772448 -594732352 176090960 -328015200 490611968 -184708128 212033120 213032976 -342581344 -276958464 308516128 -83461488 492245472 -247020064 5593546 120515312 25908998 22512256 -286708352 513928320 943700224 -288517824 198839856 -137744176 -52088208 151580176 -70859632 -693285888 126706272 375539808 -175376880 -452097824 507523584 215349024 185755904 322292160 247560816 -87966656 120381640 455753088 87342376 241175680 186959920 209812048 275244096 175459248 92290904 93186920 -250029920 106214328 554831296 69907352 497958272 49115964 35785924 93969528 201471488 346324192 508766432 58314732 -97270336 740817024 331171936 279984160 
-65102456 63874408 164552064 17434664 -220084480 88144072 -74390872 38306556 127959632 28125210 365653856 -196622448 62635724 -94295000 144084768 -154415824 -326565856 225536544 -346824672 -136827024 -112978088 5425312 7066968.5 40600100 -242068848 147038032 -33434998 -192842496 60651780 -232150208 139310448 -94803016 -326724672 60337340 622345280 172177440 493970432 44434224 -250882400 -106285928 457573568 235248624 -824882 469785696 -385102688 243309376 -331696128 -151170960 34483824 -11584753 98656672 -54344688 331622592 115914096 251892896 142685920 840027712 -408305056 188396288 -148050160 -26181662 -277321600 -120066488 367012192 
-274799168 303540128 188165664 -110889984 -462189088 -557368192 202906432 81799344 69764336 -426222784 29992920 139733392 -153118720 -246224832 -502051040 -157203536 -36646156 213138480 52637572 23154600 144873728 -179162640 73861096 -112356344 25454380 179404016 526841824 -279716384 123929824 20807228 -198649440 -503866720 424191520 68136112 671455168 467585312 216041680 -114078424 -70891776 -157450928 -69058896 -402086784 -329394528 4975454 184963504 -109989616 -154791408 157907136 -380126944 -230207952 297908544 161239664 -32925802 -53054532 572041536 40255468 -14036032 -57990516 123651680 9105348 -392839328 -229411184 367231264 145055488 
54909480 326152960 163316736 246462736 -153237184 -244355712 -63682256 149759648 185522624 -321330144 71599280 -437613536 -286520128 154559136 -219288160 443162336 -183322080 511445472 -45084356 -110462800 -125857672 -38884756 -392664992 -5157871 439385792 -77194392 271964064 171170224 -207939744 -394508480 -406497184 200364544 525820608 61704576 -144046672 -145235392 332026688 42802368 -132025488 -148488896 -385880416 -251046784 -9267260 -41247352 -282708928 -237786368 106088528 343038176 381318432 -323239776 -121983392 239917280 -199270016 -135789376 -159464640 210401296 -244793552 -499064512 -131941536 165744640 219703872 -297971424 14349944 356130720 
-146898368 -53692064 316976384 -136632000 -357813600 -208914224 64522320 92218832 -183045024 138053104 148949968 -321738560 -95909488 92475976 8411884 168805456 -27105156 100069192 -167366704 520455424 -178560736 -46726336 176746592 394754208 379147136 465616576 -54226892 -121395656 -28767384 -194349632 -192972848 -279435488 -202373456 1002436 112846000 -89580656 38968656 -373020128 239021376 150162352 288548800 75123104 -274012192 -245277120 57796316 499787456 -80354496 155152544 -299217472 -334601472 -587048 -35078824 248972016 -416898464 194216704 -80254608 -292201088 199372096 51799876 10943074 -211036448 91337568 -236182912 357672832 
-266755504 -264594976 -12016416 -135889744 210648304 -65646856 242910016 14269310 -20860534 -505150176 -300347360 65465496 -100858808 99350688 -261214352 32666900 670673664 245620176 -29386050 42760024 284173024 84739056 264491712 93529768 83615200 -439468960 139364672 155972816 -30871716 209119024 35102304 125581584 456918272 221454256 -13088716 229370720 -39256360 279208512 156247776 -257684560 -42689484 76006392 7392940 -21691760 360631040 -15750384 499838784 -213035760 214589904 175146784 -184757600 -300577184 -96440472 526687232 501265856 -21235136 -583398912 162243936 325941856 24465180 53793532 385923712 84111632 190416432 
-300559296 -796700288 -355504160 -168193664 407233152 183669440 -10969084 291594144 60917080 313235648 41672988 -565078784 -6856562 269678560 -133325248 -418136864 -41409440 -342388736 80766432 -381872448 698421376 9186268 491038688 627221504 -878737024 214306512 -275591296 557495744 335160288 -301476640 59001288 -18634532 -356012352 240830880 -496999776 -303453664 150570976 -265943808 -326897408 -399719008 535129568 170435072 38308496 -139873824 407945696 171101536 -127651792 -341004256 -190832720 40806796 89393952 -86319552 -476743040 -49371568 340085280 -116120384 124979232 138087200 -65892456 -237689424 -360282016 -378783264 327801728 -624934912 
-58245760 152130400 -47350408 11852384 383773152 -294600992 133178984 -155926192 -245699040 -181781728 -189286096 172659392 130435712 296690560 188600528 -355906848 112026064 310158176 18251994 -382390688 275243584 33190732 147265792 -339198592 167771360 -167375232 143325008 -207574224 175388032 119122816 -546620928 175188752 1790456 418651872 -330169984 -90974728 -24853056 391612544 29407132 -319653632 63056928 -45508580 -258447984 -150701088 508855328 5820552 -117703768 -268182848 587621696 198257792 264968336 -145939680 -26604594 65608872 -518185376 -205493024 93461920 143186688 -212424816 -149271968 364354240 -672607744 12737792 -210534976 
149984304 212920096 -14427594 396700640 -168658208 -213242640 174223920 175934880 -348155200 93941200 -546228992 67349840 -72412272 32754492 -582573056 -280000576 -160098832 101643568 -227515888 93281024 149045632 -472498048 -312988800 -274285024 106396256 2237256 -337704416 -584775936 28560640 92665920 -270674688 57811240 71017656 -615253696 192195472 104322760 -5565184 -147962528 130101744 49108524 -210808992 -85525168 -583495296 22413780 -171767712 58412476 -243833408 343126656 101758712 -392326080 283198592 -195203328 -399155264 -205689024 454206816 -148977264 208458496 237227232 607633792 -339587872 -7154211 227524672 379190496 -29968904 
84235880 -313876704 -55194928 -79658480 147114624 400072768 -370424032 1051112 57766456 -319058144 -361503488 -335177024 47090360 -347811072 -340575744 202680080 -410316128 62140492 -175073536 479178624 46015716 117362640 -560829184 268267104 -557657472 107515232 -230634128 520877504 -49159704 -179267840 80073064 -536926592 -435500864 21845062 469211392 -31221346 -287937760 110233120 -362496000 527700992 -54966552 -273891776 -45506272 -129903512 -385769056 489170912 -188535904 118791688 13856372 45863408 227928928 68412336 -229605840 313903712 -156526672 110138248 280492736 315823008 574303808 328998048 -76904080 92598456 234638672 257495920 
-158994192 -229930848 -201557552 -60937184 756564928 543537600 112832184 124385968 263563856 -320223872 102636800 -99576976 -621359552 -232911904 -132798352 -323033984 414577440 86974360 268442720 -285698592 136102464 152188752 -7271964.5 13202896 -422231104 234583840 231146112 47492916 96333264 16229462 -515902464 51472296 -293488928 477064384 81357760 -380559200 460158720 533081120 -253482288 -7273103.5 -425156800 3155183 -263941136 299628928 -202156912 277827776 28766892 -746079360 148296368 101518880 901092224 -102631376 154706176 -67045088 307839488 -406734560 399140096 -160852320 181946256 192425360 -378067744 -511396800 224124496 -710937664 
-215688816 57401748 18799164 -33686336 -212650080 104771288 350527712 -422707552 -117470232 244299696 -73165160 677228928 76431664 -343902560 851657408 -412910112 117732832 -151275472 -317998912 -18208752 32462456 216704192 -5714715.5 -223087968 -10228068 -548374656 181266976 323845664 -214368032 202814544 185548448 20930952 244567776 -248292928 315325632 420121184 -540335744 -159449792 -17545628 -319936384 -139612640 279532576 643840960 156558912 4262820 -210499328 11764564 -225898080 16737280 135188000 -381520384 -316376000 82687728 183340192 -18381112 170075488 271213792 193422720 -53663644 -267835136 496591424 82729664 -146721536 549666816 
131707352 115547072 199343248 -38680688 -63691980 -412454080 589948800 330399552 -104204336 -87227944 -208800784 298615616 163085184 -54056712 413715264 29224260 -252205008 -53063392 -422623648 436411456 16479379 565390400 -301421280 474702176 94369376 160236624 -167145648 -224368288 -127560464 337722624 89823568 -287501600 -166334240 -168090064 72422432 -501517280 -106125984 -766188672 730519552 652569024 434862272 -228545392 260473264 132959624 201205744 -475185920 -453118624 -123262144 -398813120 -320461536 -133199776 17816204 400421984 -184114192 -331294624 49453908 87693944 304345376 35647052 288512032 477504160 59321308 -536436064 41013592 
239992848 323661408 21731356 381277728 150719312 -155164576 292344192 271554560 -303373952 355328960 -500348224 -118542456 200810688 172599056 82063080 270022624 -355375232 5094694 -389064320 338779456 -88762024 120192952 -338020928 -273957696 541711168 -244264448 -51346176 -24829996 174635216 -138320704 -9724547 -252209184 38772752 -487067840 -169152896 4701760 286359616 -380121984 -308657408 -11540864 -299464192 -179429280 -198211008 419173952 -558126208 148293824 138425840 315308160 20424320 -450751040 -335440736 -179278400 86581376 470292064 -76548320 220873168 354023840 211401520 163873488 52333288 222684480 462920032 212797520 364943744 
69077248 -559219712 434780960 -436229088 476852640 53406580 558127680 447553856 152656592 -37012000 -104628496 468830784 79162480 -230346640 159509312 -725791680 388502016 -256260480 -351087264 530129440 666401152 35821380 -5128072 -297651616 116609440 210627456 -279353088 -392479552 386425216 466059200 -557684096 -487648704 -19005292 123803256 256699760 288631168 -135702768 157885216 105928576 203854032 -195486592 -150620112 -31941332 -120254808 99634072 64938128 -77269792 -117162056 -78272016 612708352 -117498856 -394508736 290899424 -347287424 -17218784 -112420272 33339008 427118848 429227808 153618704 -264766224 -27371658 32581490 268499968 
-79970784 168268576 188454112 136240128 -362640288 294818944 -264703776 -431099616 -265939280 -35895716 81652720 -227504288 -375414176 244667216 -100879520 98274392 502525760 -5847973 -110497008 -358059872 26207394 -128296368 -82457912 127059768 71945200 -150986800 -257644352 456411744 -275091264 -100622320 -202861968 24421638 -222881600 357959584 127236448 -296367808 -112898224 233116752 -216457200 36732976 -86459848 -185858784 170326304 115691320 590330368 331299712 -46789700 -258441600 146100432 99421064 -188785520 -274479872 67846432 -109911128 -70099000 -21442386 -272148288 60721528 33378996 562181760 523300128 42702876 80549496 -63671196 
-17641540 -19632276 33619748 -165778496 -673270976 -98871800 -139238608 40805952 -412258016 -38169608 183577888 -253851488 -557068160 -158544320 188044352 479985472 115472528 82117560 238990144 -333991264 -156321248 -369978912 47279852 -257710352 154024672 -48231868 -436127424 24204064 -449438624 76626768 171969216 708933056 -151809408 -408520096 226247424 491742944 223227072 -17269174 -481442272 -237071584 -371215872 350164896 -403163392 276992512 127729696 -287047488 127052560 360882112 357562272 -145246896 -114473192 -325364480 -242235360 -233272256 73883632 -174275168 -101775040 139016928 -162380320 365251136 -112657088 -121814672 -394013600 -527133248 
-545544448 364512704 109233488 -6708236 162014288 3696312 -245363840 -176504560 97143136 -86344752 -99725048 22549072 630729856 172284496 367647840 -175303760 -234922992 142322912 -416015680 222495808 -142260048 140853824 -405727392 -492479232 -23045456 -83276264 232308256 236932256 -157414224 211723008 139939248 -47797912 719374144 -266393504 179976576 -169034512 -375058336 -37412184 374340608 -101819424 284846208 -228776976 -49957324 -192512256 270346976 -457859648 116198888 -454259712 -334858560 2338448 -495282240 -71626928 -209675952 -226562592 -271726848 416028864 215675008 252487552 -153163392 -110150264 688826240 -196750064 152371936 28425872 
92762088 -170501504 432054400 -174357984 292536736 -188609616 16818754 -151864800 -11054078 -62838856 323831296 -190693888 225702144 -52274008 52990932 311569600 -229985408 218191200 -152068608 299378592 -327733952 542893696 -284925728 138456864 -14074077 782869312 -564746816 362636736 -384817056 113158664 -5653393.5 -102553584 -106807552 -89450688 38811508 -600938112 318341632 -317198336 121184400 245675488 644745920 -68240472 189351904 70879072 -371696928 -137386560 104804192 27586260 -586120896 136583360 -56126920 80025248 265147040 3817929 -176026592 337442208 228872736 68312856 561320832 281863392 -326768000 -69531280 -68841792 -98521696 
-242073184 -304902048 -194278304 9641504 -112366088 -218193280 -622060800 -29723508 -110365584 87276736 -293667488 336709312 224122352 -138166720 -47819328 -165879040 205732544 -128712536 -147309552 -164415856 123023840 416129216 499702144 322877568 -383014304 126088520 -121248752 -203228320 166999008 650693248 496695488 -185210928 -28442554 93125904 138677360 46851560 -300714816 -62728608 44602492 272518496 -117129528 202853616 38537524 -162230144 298285472 361190464 350110496 -285215616 -349107904 153960656 340249184 -378935904 -17139982 130681864 -210323120 -157358688 251583824 370502176 -20873792 -20859828 -197918464 123785912 344217600 -130306336 
251354016 -97831536 96223752 -34229708 143354192 -96828784 374837536 -49056008 10794434 -275750144 -384681664 166044576 -178537520 95175664 -202214496 165382032 557572096 267460944 -339599008 35896444 300218880 -170506048 -248145952 202902384 342982240 -67571520 -468420768 78752320 -184025584 -89419040 -322344800 -442945280 -78534160 257928368 34704080 146861920 201701264 117556968 -57604520 -450713152 -462589600 -153907376 147233024 -223371792 -42601320 286135328 -246107040 79202400 -23384252 47700472 -79636632 -333627168 -208324288 74975472 -49691112 -114992744 62816576 559760384 -236441120 208111360 215593488 -363475424 -232289424 277606336 
-97312144 -220517072 197606704 -161208592 61280700 456487776 -116698808 33825576 -27212088 572958144 -183806992 394198688 -17831910 -214612976 486239328 -354496992 3911362.25 -279346912 119881552 333817600 339998240 -210395536 -33877476 32810346 -79974072 -61356996 -327735968 29520484 104404288 260836880 294237024 117373840 -212841072 -222450032 -224635040 -239624576 87176288 -151094512 187325936 70712088 179022384 46159372 559920576 35306308 -35235952 336976384 -396724416 404983744 95351512 -292045920 -553720320 -63437048 253713712 -313723040 43714852 104062712 -215931552 -205013616 -286712288 -186352768 -578844992 -96063632 -23458870 -229149344 
-241226512 -185696000 253899808 -30280604 -102591792 57938576 287059200 -383011712 -128165008 -533448768 470344000 -141221376 -141088672 366691808 -550703872 323241696 502156640 -237349808 27599156 -33695584 -59723896 207673472 42494104 -50796504 382928000 82905560 -288516416 -480988 327981184 -377250240 465811488 -104561272 68443960 -105755008 255757440 -49721164 238618672 49363136 494752256 -605315584 199322144 356346912 -43534688 80547816 178684672 -119140344 530300736 -27650036 -14046184 178532352 75313000 77517064 115819416 136944720 676327488 -86521616 19896576 71547136 -442511232 -304111104 -270146432 323078880 -203872224 182976320 
-115808024 -324374080 29685662 241334688 71143616 -158653456 94231448 -95654032 108564160 43482236 286730816 45165168 -374843424 151749392 193870352 66945072 178196016 143312592 76184208 -385972480 271961888 108813872 17110372 234948224 -266477152 285958944 182923008 264167072 405897056 6825204 110230880 -356389344 -378890816 -90036528 364540800 149211168 33541798 -273134624 -101639640 144264848 242804896 -275008736 315021472 276722080 404219264 -132287168 -153507440 -392098784 -270100480 -198764528 507614848 -490963168 -108441920 35809668 -79906576 150943120 363130784 95116760 -289640896 34131180 -43996200 -404815744 349140704 -123520392 
16317892 -453465024 412055136 103716864 -90075600 470683584 -148128256 354456032 623333248 -231138240 165431696 -127404088 -126357984 188154160 134756928 477440544 42906988 27390012 140994960 174969568 28367020 23514884 -115896360 -87625632 -146220960 -9252118 -90937008 -36352216 593717440 -557129344 175542224 16600848 212456832 -48781204 161844480 321477728 353984768 103986656 -312439520 271414848 -163552288 253986928 -662358976 -104051376 -587124416 170045920 -14434096 316920992 360259200 214450656 411665472 -9971104 -160234960 64621528 96302200 -418289856 -254109312 -66506956 331822272 12685436 -40134728 673930944 117690032 -188918912 
136086352 -49730560 -401646592 223935712 -538132736 51727040 -362699840 -666079296 -44276720 84370144 -212443552 157480272 -400777408 301135456 116567112 -199057760 271130496 57654284 -568042176 -381217728 90721536 352543552 225488720 -224875408 75575520 -201624368 -341785440 313749920 169498640 -239469392 587628416 256493344 -29408974 -243640416 -126597008 -48301512 -401442752 81626056 -122161432 -570101760 -107394576 69395048 225399184 404263168 -283538112 -25336350 76980968 -141559824 206616416 124239200 -215968224 -266836384 367986624 -45477888 179624496 -243650080 -71546448 -73615224 408066560 326334656 285770464 291841120 412779360 106161032 
38025328 184551248 -27653928 -119669984 38984568 -440471744 4157980 265073456 -499883552 -216335488 570668416 -196507488 20532680 -176154464 -98363616 219223136 -616681216 134689808 -103483712 178475904 154313856 -238352592 -723042560 -54037304 267332304 -449648736 -106965600 -255437680 102910080 -217160848 -228772832 76825016 14771176 -125968000 157696320 -217421392 474866624 -154104848 686157952 336503104 -2604138 42825664 86457800 93922520 159751696 -328562336 -512171712 -199995264 103254968 -200346896 381371136 449910272 94184352 -118797728 -225986448 -300689504 188216384 17829598 205514096 -259148768 103685832 341236032 -126231568 -42436608 
-251593984 27622040 29410940 48682052 -102121408 -81127408 -55983252 16062092 -18420888 -280714048 139910352 131061512 409130592 -436508288 -243446560 440681504 -146235072 11193548 258846544 4668392 272602976 -127129280 -67138128 341870048 55674664 155095424 75688296 120668032 123705376 -404556672 -278489504 -493077280 105515288 -105371168 276051072 588556928 146770128 -362389120 90571456 347710752 -222985504 57333436 -348612544 87439168 -395598848 114066896 255490112 607501504 54544008 -313018560 261876544 96473488 -144257968 429987616 171730464 98672496 154410384 22404444 27425984 -89256256 302480576 320229216 -42188808 268318528 
-210491552 -277616896 55443288 -230410368 260066880 -67597752 -35048280 416924864 281202816 303574688 -415457248 40053288 57472808 443484608 190363840 -765793792 -25520262 -411096096 -406671488 117508720 -131831808 311102816 241850272 266984624 -538160896 85817024 79210024 30187180 312912192 200769376 55414512 -384034304 184501664 -50364020 455629024 -90366208 -20406448 -221800544 -24178012 121233616 -421433184 -606001280 119911880 -246940912 -260564608 282469504 -50616768 -191791184 -316327680 -173557600 20556432 -713467776 229708480 -67955824 248964896 -56793152 314559008 374540864 145774864 -48449328 145079872 -447474304 -89668768 -143123776 
288467040 -107572208 -144171568 -25493276 127108384 -172464048 278210048 -376228736 -27307148 138577152 -286199200 195096368 -388794016 -15983506 -73955184 78245752 262156720 126279824 -38362668 71877544 -306364064 206590816 420347808 -434863296 113566624 -60718340 237193472 93754976 -307175584 223468864 -259659136 274174464 152772000 480753952 67988600 -17097362 124235576 414245152 -173637088 -26551472 -38300808 182890384 382671840 32970160 104190056 4963112 -271697888 -273613536 -102985216 340785600 311963872 -266775088 558218368 325284224 -234920352 127091424 -123715648 34277852 307718912 -189118256 -65415072 86234000 -117926624 245564912 
-261695216 223694544 -272612128 139941184 -89594936 -316536256 -593346496 -426122848 -200366720 -121768928 45763444 -146908736 121038704 -440926016 -398687776 -430820832 322482880 -71195408 295079328 43191744 103421456 121461712 165789072 -425877728 103794760 -76924472 198183200 -84636768 -159082208 490380640 -155655552 -54860324 97459432 363264512 561872064 -218434736 -408781280 560340096 245819520 111112672 312327328 234751136 82201160 -92885624 159358976 -348688448 134796528 -213674368 105037584 277037952 259732352 -62723408 218300848 329139040 581492672 195141344 62979088 -266766592 70413352 -103846624 -83563816 12066744 317142560 -42549720 
-23233526 -96627192 -239587008 22808274 99647656 292962240 -52633036 -28817272 -146793872 308912480 -215869264 -297667136 37902840 126688592 -99851296 377698272 7534361.5 54780824 5303126.5 -275319520 190710608 -21356396 612741504 -312809088 -358817792 118503168 172431248 -39480200 -67389448 176614304 25132902 192927888 -98779504 131537816 42504948 131051456 86704128 23765782 -471221280 613690 -446961056 -194950384 -351808832 223921472 -334308672 627913728 333385216 -46939352 31593902 -75789056 1853630 -71383280 47927792 331375808 147749248 66025956 -73561360 119276472 252658848 93601528 -371269152 59044280 356395872 -346748864 
218416096 -258425520 146919488 126980120 307823488 -89109208 -288264256 202263248 4212220 -177879280 -16144935 -302947392 47584696 -168130528 28349080 231402640 -117218728 414003232 316176928 42471920 159900160 -167502240 37314068 5828598 293368608 39602360 -7710097 -86746848 287741376 444777408 2982264 -212607776 149880928 -23041756 -62022996 332970688 65974192 66677568 -590659328 414446656 -28276280 70112344 10039644 261013024 -461102880 -98028600 -166519008 697386304 342994848 87722704 391684992 54634800 13312212 283912768 78271816 110258232 -156781536 189226032 68153296 98604832 -627692096 -66696528 204140592 70993776 
112915112 -298496000 195454224 -109587248 -145435808 368783200 -28483908 -75980848 554273600 175456592 -73318400 48593352 -255472544 75997760 -172906768 115173864 143951216 157650800 287309184 -61374876 -317199136 -498736800 182649776 205472752 -87074152 332334912 -155274112 351462432 -71948472 -447482368 170502000 126161024 -88037552 139616864 -48219072 -92858136 138214240 271390112 37129688 139972896 72525624 51931976 -69961960 180700784 -414229056 197366368 -176364064 471140032 21708216 14387504 26629088 -194189936 -59930976 -442663680 -58352808 -210002928 -299033216 -342440800 -101606072 261182976 -152226032 -474765056 -2797420 212508784 
-34316592 -38146952 203326912 -56939228 -49793908 30035968 -146740640 354868000 176863632 389231936 -255912224 252062624 758587136 -445989376 337759520 66861272 -102175968 -358961632 220543104 220273664 -27889386 -59451840 -248028224 42978076 -95484136 -67491096 109083848 52975676 80903056 322975584 703551232 -495791680 155660000 -164029952 -90095280 -202931328 -292828448 -96659152 152175168 356352736 -81221712 -78378584 529832512 74155544 -14533256 -257948064 496816 412559296 -175632720 180990400 -625487424 285775808 -145598576 45863584 -34837884 455627040 142771088 -177399168 -602627968 68242360 95668360 318908896 -253805680 329677824 
-95047768 -117546584 -100636888 65000172 -247706544 -504011424 101063976 300807680 -442446336 -82878848 14127617 -458135424 -166038336 315197312 -11651369 229907040 141508128 -323888448 251943104 30258452 126341128 -766289920 418820160 431208160 326056352 172222672 116871992 -552702720 -223508000 305551584 143766992 431922240 190175968 504313376 -678788224 122135824 -504812512 42271428 -234558384 -44222404 12095831 301835904 -230873456 -363797536 351579936 252485376 -443503.5625 130320528 386800352 -402170208 292188704 548607104 -68981112 201806800 363437472 155485024 -436039104 -83208728 -295068896 -165780640 236246720 86954736 -356399584 7413376.5 
-101419480 202481152 127673976 -55963968 -357567936 267330560 -31387768 166106816 109516512 112480864 -106581736 504359488 -40766528 -37776504 -107569312 -14247822 141417808 227904160 166586416 -31949216 -297215168 6791824 121919040 107978376 372573984 771524 700000576 -21215024 120308416 219667120 133569592 168475600 66550328 -149148080 -129718264 87263040 178822880 354243712 522450432 227754464 -106121440 -73367624 -111205192 -331272480 483280352 177404256 340662976 -29533680 45898448 -403064576 454478528 -154181888 -50864364 224160512 -185316592 -56806572 -46440720 -285662400 -74543760 -196898096 221826000 143240544 -269936800 49707024 
178551808 -300661824 -466272416 -332603072 -33293892 284934752 -169533648 -161156096 -25032188 265961824 -311224448 -161740368 69831456 -453212000 177511360 311659648 -324959456 90917288 285545856 433104064 -272924 -473839552 -67835400 54015332 -348906720 -23954346 -285753952 -99647776 -185342160 80237784 403459712 145121760 -723755328 127810448 -129134384 305450080 227089616 160886736 -792429696 401569696 -229960544 630576320 4552355 365417408 242862048 450338048 -294992864 162972352 519877728 -49960244 148632368 682597056 -81322072 547006720 386996352 341931104 16271010 86588184 503163424 -210407152 -398379968 488256576 -138704208 -1507254 
-126004448 67844816 267319376 -160694976 -336392768 -139761680 -17767232 329437408 -473686336 283887072 -364677376 -272774336 -183226384 8405530 88920800 257574992 171174304 244152496 -13974360 307708000 -291553600 148018912 383733184 -483314016 290759584 -293823552 493658528 50064364 -162506976 34644104 210963312 52997296 663153088 170637184 219368848 -429531552 153590112 153529200 -253160256 -345150656 -181268000 -105803664 695617280 -96593408 -242881344 20977136 -127281688 375651776 -16841792 365664 -14640792 -49216312 500369440 -114882864 -122862800 386155712 6634376 -106719232 336664320 41633736 35026876 91960136 -115401464 422930208 
-97457232 -144472480 -172651024 178785728 -318210048 254572992 -261491536 -159984192 -255307104 -167860432 249584576 14929592 -14535228 410451104 -501914368 187837344 21982848 231351504 -324911008 86010304 28285540 -105544672 -1107398 -412483168 335607136 -272291776 213620112 -384403392 86257912 -85667792 -62949720 136153584 153168768 -527197248 262365072 244727904 151130592 -44860528 134387392 7196196 -508138560 3260760 298488768 -249129504 -78828128 138921632 145755632 39770784 105061888 -254910048 375415488 -104996976 -20841056 -72647152 -191830640 -219284208 -32702732 78271320 -100369600 -78714864 235770992 404325984 256124784 -126963640 
5303578 -23996168 -399831136 -182932192 -499119936 -10342616 -498604064 247098048 324213664 482775680 73200352 255452128 337327232 -269189824 12028992 -134800144 -83827456 -413993472 -103983360 -181254912 -204775872 183202448 274623648 140528432 -437156480 -120092136 328215680 -111302640 -347256864 15274260 155340928 -41698996 -163034336 -388719072 -96419248 -783508 20483244 187358672 -23947732 292430720 -204090624 -144845648 292933216 -183510064 508865888 187068032 -31524800 56627852 106791224 71562904 59380808 -325952896 -407131808 79220144 -194408416 -9758416 322508704 -327003328 -132896512 -238510784 -59821832 -459628320 -405499488 166182304 
-138910592 -591360640 71248000 -361752000 210949888 -111633416 164639712 34515056 278482016 -65952516 258561936 151839328 586095104 70966712 208932992 -140395952 158172864 -314359392 14380026 44561240 280460512 -382958656 478053344 -260522752 -313474592 581995648 -149832304 -235882432 82923328 189505184 86417240 -224769392 231928 -229750080 -5036932 529917056 -418258048 -42450180 5393280 262120384 337167360 175517520 -510936000 54880140 312678016 134979872 182201888 206438112 34538744 306570880 -32475124 -217738544 52886316 -305769344 180546080 -182573200 -383681120 262524768 -227174992 129317496 -19106048 102912760 32862056 -203823360 
76789856 -162499568 -67088816 -217070368 370523808 198473440 34919752 513963968 559805120 -108230144 -64600008 -127356640 181782320 -111719136 -62942736 290585760 189263232 113169768 337055328 211682976 42347128 278281984 -179563472 -187213696 136871440 -237095520 481703520 129017168 180505056 299510496 -144623872 -161196928 -167971648 -55963932 -203144544 -232157680 196211696 316825664 -233769888 10168000 -62540088 -5423896 296502496 45063692 -70121968 -297881664 203962656 -35351140 -218221728 256451984 -372474432 -190055952 -250192480 71376336 -116742216 296466816 -109804352 -46678260 152588000 249024768 -160710032 136965760 -251956928 98896760 
487682272 281722592 -70371632 165876176 -142546928 213902720 327796416 29412620 -251756592 314157600 -31063128 251808576 29404712 125446464 -129649912 227768880 -120069632 -294352960 -149086016 -14050 -101600352 -9495269 -79079848 -27636936 406223136 -183200368 -272823072 119945408 -345530752 -274627808 -221306368 44421152 -90528864 -216516672 -369152224 -347334624 -44592816 26127776 -15040212 -327555776 -58002216 140777232 55655368 2703670 -5397208 -319794144 -76965680 -66261184 -183792768 59676416 -425158048 140708288 -149118992 -35400296 -98564000 236098736 48719228 93895080 -504748288 62634684 248263408 234716208 9929785 288149440 
6704413.5 165860864 109556448 21194140 302480736 81926256 297505632 132224352 168504320 112096744 -320892768 347729856 -36804856 -6831130 90520136 94236976 538241728 6265746 387319200 130051384 -88433856 -20835994 531261568 330659712 341489888 339733856 343665568 -272071456 -189454544 406753344 -23251356 -57050780 -1212468 308862208 -478763104 87079136 -249978624 -171766800 209281104 200198944 229198416 187626640 -46891464 -60469176 387496896 43014440 569078272 32392074 40784360 134815088 -227878688 240888256 357713792 280093760 -376927296 168048128 -202396256 -55317784 176481984 -72577360 109584192 -222088256 128493408 107449328 
5856337 304546464 -142812560 -241293824 -24124086 -153778736 203856320 165036880 -3131375 -98215464 65958216 -618783168 394594688 79964336 -433960608 -328344800 -728594048 -201949552 -141202160 40214720 98651440 -63729524 -439455904 -134219728 -20677512 -67351456 -203368592 258901552 178763456 -432057632 -159841344 141450144 377952800 -328435808 297421120 192940096 357741696 28814390 -187063344 -225339984 155080464 -87974160 -191160064 360955552 -618406912 -135728384 -480574464 623860736 208790400 2357191 82464488 -42739260 63709964 59667524 292975552 158446208 286682624 96292376 245684592 -401329216 111734152 -125788872 -480234816 151823744 
