10 10
-2078720.5 -2766265.5 248476.140625 -103744.0703125 -1942410.875 1929709.125 -849844.75 1783018.75 -386627.40625 1430836.25 
1937875.125 215024.8125 -231287.46875 -987224.125 1217924.125 -302113.71875 2307700.5 -1634029 943145.875 91407.3125 
278905.0625 1242722.5 -671077.875 -2513489.5 -447193.6875 493332.59375 -444447.375 317710.09375 -422888.5 -1383082 
-2040124.125 -1055613.5 -165137.859375 553313.8125 -1286208.25 1113410.375 -1603539.625 501033 -404144 1104747.125 
-481874.84375 -3609141 -643765.8125 -484244.9375 -2497700.25 1166971.75 2141079.75 506137.96875 997655.5 1178417.25 
-1589613.5 -2082184.875 -284585.1875 1314810.125 -1982766.875 133587.625 634683 361809.625 547211.75 1307703.875 
-1658077.25 -2153933 -977756 1636132.25 -908705.875 -296160.8125 -752907.0625 727030 425924.65625 1556590.25 
150448.609375 397073.34375 -832462.5625 -1164595.75 -369243.40625 -777204.5625 1298765.625 140429.125 443637.84375 1189203.375 
-1197855.375 -905270.375 14947.27734375 -338426.53125 -1169638 985447.125 304123.15625 278086.5 723133.25 -43275.7109375 
-250243.640625 -350111.625 -1107861.25 -1165123.5 -1613129.625 -83962.234375 982711.125 275010.625 331840.65625 1129186.875 
