16 16
-11582.927734375 -5094.4350585938 279.57348632812 10161.03515625 14989.573242188 -13857.079101562 10740.961914062 1420.5924072266 -46499.26953125 16615.33984375 -18430.33203125 23830.61328125 -2450.6945800781 -9963.3193359375 -6486.30859375 -529.71899414062 
-1964.1774902344 19406.306640625 1140.7817382812 -9873.4794921875 -6540.828125 -5461.6821289062 11860.275390625 -8121.7114257812 28014.35546875 -264.56726074219 -18130.140625 8509.998046875 2490.5668945312 9524.40625 5292.8359375 -1187.6311035156 
8468.7421875 23793.1796875 -10315.306640625 -6192.5859375 27803.4296875 -15191.091796875 -14982.3984375 16079.797851562 24642.07421875 16526.59375 12646.306640625 15067.811523438 2424.3974609375 -20238.28125 -1695.3002929688 6648.8208007812 
2731.3383789062 -2458.9599609375 -6129.4345703125 4131.7490234375 -7597.7001953125 2510.3889160156 1263.5559082031 -2894.4189453125 46815.08984375 3219.0205078125 -1073.3801269531 13262.325195312 7870.9970703125 -12849.649414062 -418.93212890625 6667.8452148438 
11598.084960938 16230.849609375 -12404.563476562 -23525.080078125 22640.220703125 -14164.3671875 12209.5 21306.943359375 -844.3935546875 15174.21484375 19092.677734375 4978.5849609375 19581.810546875 2936.2370605469 -14575.249023438 3642.6625976562 
-6165.9096679688 18484.439453125 7636.1030273438 -12006.075195312 15311.221679688 4346.1787109375 9777.533203125 2708.2272949219 2909.6123046875 1590.0473632812 -15576.80078125 4913.3427734375 7661.7465820312 2484.9858398438 4302.5234375 -15132.600585938 
1342.2504882812 -9842.658203125 3967.1318359375 13290.6640625 12570.55078125 -18828.787109375 -12317.490234375 17507.974609375 -5093.7319335938 10915.487304688 20265.158203125 27364.72265625 -310.23217773438 -28842.0078125 -17093.7109375 -2582.6647949219 
7450.1201171875 18919.15234375 7930.1870117188 -3701.6674804688 8417.15625 -27202.830078125 -32768.55078125 -9292.3662109375 -16754.111328125 27350.96484375 17261.99609375 17158.876953125 -11322.80859375 -7797.8896484375 9638.31640625 9661.7646484375 
16653.30859375 13764.197265625 5361.4389648438 36703.55078125 -10582.815429688 -3311.8349609375 -12743.189453125 -18466.111328125 -6367.2900390625 -8037.1489257812 27398.7421875 2557.7023925781 6449.044921875 -390.39208984375 -16794.2734375 3387.4848632812 
36882.53125 19331.5625 3980.4328613281 -7841.7939453125 10302.623046875 -7186.3315429688 -13602.672851562 -6285.0751953125 1256.9886474609 -8072.025390625 15176.91015625 -5189.52734375 12798.913085938 16894.919921875 8765.3427734375 -4561.4311523438 
26833.7578125 32047.59765625 -13512.419921875 -17244.50390625 28027.900390625 -15952.610351562 -2614.8491210938 24339.58984375 -3402.029296875 -2634.73828125 37087.78515625 -21877.431640625 7896.7202148438 8233.908203125 -1409.8269042969 -3122.2951660156 
10060.84765625 8389.5087890625 -9530.828125 -6644.3569335938 18376.802734375 -12283.1171875 9914.4560546875 19733.298828125 5336.7211914062 -1194.8533935547 23614.865234375 -24045.0703125 7125.349609375 27862.685546875 -9279.5439453125 2904.2338867188 
-30352.05859375 -11834.5625 -2237.359375 16360.552734375 -10893.020507812 22074.90234375 -7261.6127929688 -25563.095703125 -40356.2265625 15107.634765625 -15438.73828125 -5312.1748046875 -23816.447265625 -17233.138671875 -13210.20703125 7290.490234375 
19510.435546875 14782.362304688 7740.9682617188 -5534.6357421875 22337.126953125 -32865.3046875 -14479.127929688 14364.935546875 1700.1457519531 5178.1420898438 17118.83984375 13082.11328125 5603.203125 6071.3720703125 13630.197265625 510.67687988281 
2628.8344726562 -13244.458007812 -9243.552734375 -14873.232421875 14778.188476562 -17092.57421875 3712.1472167969 19946.2265625 -20038.744140625 23210.83984375 5903.1904296875 9308.6689453125 -4883.2280273438 17332.474609375 -9710.998046875 1747.3675537109 
-25147.455078125 -23899.671875 -4988.6284179688 -3731.8161621094 30402.3125 26148.236328125 17195.2421875 -1424.2612304688 -32142.0390625 14532.418945312 -14879.845703125 -10558.77734375 6610.1171875 -15544.654296875 -33634.6875 -5514.5463867188 
