16 16
593382.9375 -1463054.25 -106577.578125 421242.5625 -52043.1171875 -1734450.375 1190064 -1306353 -831847.75 111533.828125 888414.6875 291385.40625 45662.02734375 -919976.4375 587182.1875 -659519.5 
-192117.34375 1741493.75 2260088.75 1763394.75 -1411697 1087928.75 -3590921 1460717.5 71359.890625 864275.5 598933.5625 -600337.125 -2179210.25 1982909.625 -892302.75 1006605.3125 
-1759395.375 -1311646.75 206034.484375 -521269.75 57800.38671875 295219.375 -250424.15625 -578372.5 -1389886.5 2063087.375 248453.25 -1029492.75 -737065 477453.84375 -1716261.5 -1196404.5 
-2635925.5 -1954850.5 1236080.375 148910.6875 255453.75 -2021969.5 353566.5 -2587926.5 906138.875 1067267.75 -1175978.25 1468014.875 -1489974 2436906.25 -929316.625 84780.625 
-2592094 -2005624.625 749367.8125 -231967.53125 1353543.625 -2357686.5 1117435.75 568399.4375 -3566064.5 2850330.5 -1842971.75 1490722.5 1980004.75 -840516.8125 -400312.75 157199.4375 
1617994.25 1098553.75 -541034.5 350406.875 -2164606.25 -2323360.75 1560358.625 1915826.125 -231846.25 -1800010.75 -14026.352539062 1495230.125 2374281 -1502299.5 1375430.75 420834.9375 
-379600.21875 -2456554.5 2170807.75 389783.5 -1531549.25 -2869090.5 -489153.75 27457.71875 267339.40625 -670309.125 -235983.453125 -366218.9375 -369407.09375 -814035.375 968912.875 -9794.3125 
-2236269 -1235088 607982.625 -79481.25 -509698 871583.75 267661.1875 466856.0625 -1635354.375 2436519.25 -1913160.5 -591351.125 1053304.875 -1034546.75 -140227.875 -1189371.25 
1618609.75 239832.46875 -2114386.5 1406396.625 -1315361.625 820712.375 2481028.25 804800.625 -1268653.25 954587 -653547.3125 1388942.5 3008447.5 -2634235 484136.0625 -1604815.625 
-1262883.25 -2720025.75 2867178.25 -2712641.75 -447918.5 -863958.1875 -735810.875 190097.5625 -2271350.75 1017457.25 -317007.21875 1561457.25 767703.0625 -528921.1875 -1172220.75 306438.21875 
-1215956.875 -86710.40625 -593621.5 1622893.625 -295484.5 -776643.4375 -169746.125 -1988921.625 1241568.75 -989319.5 -914702.875 -294290 -2188408 860688.125 921152.375 1069748 
813162 2928482.25 -1984868.75 890794.125 557537.4375 2472380.5 -162120.6875 1032208.0625 2055429.5 -1192838.25 -972230.625 -1936414.75 286968.625 1105514.625 214842.265625 1037704.3125 
379900.03125 -1995578.25 -236398.84375 -118412.1875 1833694.75 287168.5 2300490.5 -822682.5625 -2079478.75 3262332.5 -1132592.25 3019473.75 2255750.75 -1456399.375 -127960.34375 -1504486.25 
1819710.5 -487762.375 -1563814 382759.46875 502156.8125 -490806.21875 1266945.75 -1590356.25 3379181.25 -2316750 36065.69140625 52108.71875 -1277852 -790579.375 2723789 -206605.890625 
811444.25 639223.625 1954908.75 -1292807.5 -2817695.5 924138.875 -2814514 -579727.375 594197.5625 -2432899.75 3033806.25 -249375.328125 -2411074.5 908130.25 -1136817.5 -427008.25 
-1979716.25 -1622814.25 466287.4375 -49121.390625 -2671405 382899.4375 -660705.6875 723272.25 -75238.6875 360038.8125 -1169315.75 -268203.34375 535456 -921260.5625 -993319.5 -537720.4375 
