10 10
342346.5625 -813194.75 -1244567 -1797487 859442.875 645889.5 -284648.125 1447954 28941.7421875 1820311.25 
-739412.3125 1351673.5 -812637.0625 -497104.09375 -1322897.5 -1217751.875 22682.53125 -170572.03125 -890442.125 -1504296.75 
-148808.8125 1027207 -833358.5 1085388.375 -721598.125 672997.375 1138032.875 -676680 104537.3671875 1716257.25 
153041.625 1016947.875 346305.25 2517878.25 475808.625 -448905.46875 -370875.1875 -1712390.5 -1048140.75 1358646.875 
-989027.5625 287432.125 -706184.125 -1919961.5 316429.375 -791562 -86393.53125 927998 -1299182.625 289602 
812279.625 -135044.78125 953390.0625 -529766.4375 -269782.8125 -1061996.75 1919008.625 -473115.96875 -250477.234375 48419.890625 
977842.4375 1165926.375 -2371269.5 1592731.5 410616.375 30511.0859375 -269446.0625 106513.75 -757565 270829.625 
639042.875 -871417.0625 3157080.5 201966.71875 91076.890625 -695418.4375 -1599172 -1367056.875 372176.59375 -641522.375 
-456161.875 -53760.55859375 -171142.265625 615131.125 -67572.4375 461681.75 315935.375 -560449.625 -58316.0703125 1827813.5 
501734.5 340088.875 82223.875 1143934.875 -506763.3125 -394110.71875 -1076966.875 -669376.3125 712699.5 -1124098.375 
