16 16
-55528764 254798928 -49962412 149740992 -14384735 63627268 146060000 22867112 -101421104 -132945080 25954874 18699560 328519552 -98533144 64923432 -135831984 
-191053504 -53441960 92433008 -85242288 -35061780 -80498072 -117310968 -88314112 -55351372 -51158960 -88600096 -25214186 -149288064 -101799064 52174368 12458872 
199450112 -160663040 71284216 -148361136 -177954752 -14635529 52039584 227763136 -130738576 -208796000 -33254064 17617840 147318832 -326020800 51228164 -197957840 
-179880400 -30367572 -32545676 -126162848 -71542904 -98380944 -211120816 94594080 32606100 -183993072 -157727024 -105876248 -219304000 -57002272 7248978 57399716 
-41360524 -95909616 274353568 -115196928 -114512376 -307471520 -93901848 -70870728 80581032 175229760 -14640956 218067888 -116581536 -115680808 32533366 -103750240 
-46957016 92720160 33977764 259070880 -17186198 -219383584 32508932 -105126912 -53953880 68698656 275093120 74362704 109902008 265263744 92326616 -187953520 
-85378408 68993880 138471648 -35448120 -28917744 -181184512 -11575348 -79953408 109756496 178978736 46659288 259715888 119757536 17983662 -659856 -222251104 
137610368 97777456 237045792 12886263 -20515812 -25138798 40063992 -29683928 -109216184 24656426 -24074440 126128504 34265604 -167431312 -178501824 8574408 
124873672 113356016 -30350924 8703588 95897624 57726456 -296687552 -4631630.5 114096256 -58143632 -12524402 132651024 -37034712 30131318 53108520 -93047936 
51711952 -57387584 141184080 -87278816 -29567194 120674240 131314016 -66547364 -81167480 80444736 -103288992 107564736 -1938796 -201509552 -72061624 122326992 
-1557668 126086840 82638304 -55222912 -12307806 -208211296 6777620 -33473220 95926280 45123540 -51036032 185994912 26938224 2681319 18319006 -150802848 
121610528 28659624 -31829640 -35728604 -53604592 60871512 116369624 -44700016 -146515296 1428476 141916816 73831248 224471104 47189792 3980476 -141345088 
151201376 166542032 -57690220 -1081688 69814280 -15300506 17647080 113514592 75587656 -77004208 6698124.5 120731856 29278630 103878232 -55940464 263499840 
256351296 199138096 -78950704 141645120 112774680 133965280 -339868768 120031904 184084528 -172656816 -74217040 68604280 -123330728 144231664 -30718552 305496000 
8954900 -263249088 -95233920 -19243278 -97931688 -16479474 -162415840 -92643872 -172310880 114477248 124351880 -96856552 -76215240 142209392 158735792 -113585112 
124828608 -7647842 34369356 69000976 -14430112 -228435472 62869104 -88369536 -103085552 61276616 130340760 -38251816 -44704036 153199552 83389656 23333586 
