64 64
44926440 -423343680 -144178864 -7137230 35509076 401320032 360305824 -77248480 113644352 -236990720 -410210496 30986070 -323329760 310523872 -403258112 146965536 39749920 95196368 446028992 -158835216 -57737108 -192472192 323273920 288211392 -57722780 -50991536 141704272 44411404 -274314976 -544815040 -213587744 -99103616 553116032 -410429312 -70773424 -572737024 -241336880 45817528 406774528 -429758400 212360320 -570895488 -246768320 -304101824 -234781952 -591177536 456487264 -353214528 -105704568 -211179584 221051088 596680320 119314584 18133708 -125761928 393902784 82557232 422490752 602174528 748308992 61463952 244129408 57224076 -361218816 
56105164 -35008060 24866592 104228224 -33581032 -247547104 -126339520 -115271104 -285385408 405215936 -12765960 243695152 -241585584 554821632 -400564128 38395984 -136873440 -127553360 -51098576 93435600 123385576 253584576 -42035544 122654768 86168800 63797816 100618584 -185289104 -225535520 -86009624 264096816 396821568 243076736 -420789728 33088556 -41554580 209567760 -100338272 -201011280 -71716336 186159424 7618240 -25434492 137847072 14134798 399943872 30899598 56690752 211231584 23246932 317458112 -539693952 152957088 -608697152 210243536 509586752 -428341952 144093888 -57900928 301375040 334035584 206860640 303710112 -213300608 
165556352 245133168 -79760296 -82902936 37968876 302841984 82256840 -47380336 43738536 136711584 -451096224 -181831968 199620560 266114000 149570496 -143555136 -550487360 74854528 -248057760 -239606512 -41178704 -267254272 109597712 -136355424 -85864064 142095216 -165030688 224107168 -436325568 -150338688 447621472 22236620 94125360 -181467696 123362992 -391559392 -105435000 66808880 62009612 -394714912 -49366960 12828870 -53601816 -3548020 151420256 333328384 -447896832 -271025024 -428164192 118533504 28908668 -5880761 330973472 -364984480 -179467984 179782416 403773216 367121056 -2595958 86344696 229135632 2220192.5 60200908 62214328 
-58076988 -140491920 81321616 16158472 -125709904 52661744 -74215936 -267098016 82150704 78105808 -524384320 191843056 493221568 438980480 -434802624 219497648 -278841472 275592384 -398571456 -280773696 398151904 -236283152 -355368448 229159008 -201752640 656563584 127617464 -30559110 439872032 -163886592 469341024 -78723200 244325104 -235083264 405208864 -69292104 71195944 -602478656 -235227888 -257380512 9393440 163567984 278238240 -31318896 149314896 380228224 369146784 222290784 502004256 224573936 -284551776 -279012512 -345569312 -215936000 3200166 174410928 -123443952 547530112 -63207076 512500832 113232504 -51443284 245887328 151343936 
-421948160 64708280 -10086020 -265298976 -63320704 -415882112 -252861808 285606976 -309184640 176134656 18944370 -46623108 -344779424 94577728 -21203392 -103411792 147122480 -167699120 189956400 -324055744 -39877656 -345484416 -119389328 31802404 338291872 342202592 -299208768 299421568 -59310308 -176611376 613846272 -513975648 -153766768 4515263 244799152 138962352 569583808 -215188432 395007936 -688603904 -137912768 -394918656 133524760 172460800 -6262932 204187440 234918288 109531408 -162455392 278747136 -343481056 594317376 -154541312 219472336 584146560 547371776 -12546246 341102688 95794584 -259577328 -146547696 -166612272 -475949088 -286438656 
162978608 181006320 194824256 143485488 -96767144 -171161440 58957700 -104245168 -158935696 -46430552 489949632 74711080 -54577752 -68235976 513393984 23691864 281694528 203021472 238954480 339326592 -40901964 150538176 -408498656 -348316544 45069296 -14610030 -642770624 -426697568 327935712 -302147488 -19515480 -176800656 65010160 173767536 562463936 118065472 -146108112 -182729632 247031488 -45214824 124029168 -175577824 -311107360 108974240 -39618708 -337055040 -78927264 505305184 660314048 -68450000 72545016 -425830688 -208152032 14492002 10901893 -206250144 -81823848 103006456 -309209088 -587682368 54989576 -690240832 -412488064 -20063714 
7490860 -274822080 456623616 253735536 -56505408 166850496 9998306 -188142736 -125895512 76012424 -280075328 -16305350 160734176 -73029496 47315928 483989696 -27507328 433521632 100678112 102022640 -106497616 13390544 -520551264 18088704 72833816 26602994 183827392 136495248 93838216 333247904 -195325168 316983392 -116361408 290905184 314116896 41680752 -110064440 44983488 -290092384 86701752 -538192704 -90433792 74070200 410743808 515966880 -459102624 -372700448 99934288 82905592 -24859840 -196937536 437275104 -283917472 -283447296 -19006468 -346157504 -463265856 -677175488 467775616 177202864 -332690016 175735376 -115518576 316513024 
329863424 111213080 -114661968 -268878112 -234753824 366642336 -96803296 -150389056 -129879728 114247528 -318967456 776134848 360796800 -115537168 -446017760 360788544 -312054336 146076864 87869944 111386376 -113876008 -299332352 109893072 -91716784 -113437888 -157984960 431563008 221565744 611663424 -16810316 154209904 -372217696 162405024 110465616 -60032832 81438176 -36822632 -328504128 297690272 171334656 409082784 424184896 12110263 -25078392 -347921792 -349984544 249218864 22173676 -268791232 114857776 236678496 79264952 -280205920 236359936 -419591680 -30178082 -342075488 380268128 256796064 174070640 337983488 -317547872 784277568 161255360 
-26346280 406762944 -148140656 -67940376 105066000 115604608 -218097424 380495392 -307017664 550939712 361548064 61730720 130556920 233774368 -38294848 -334373216 57027624 -154038784 56158168 -776846400 -104062896 -356803296 -76477824 544142848 -182556864 218797952 -93049032 728008640 -416567680 442720320 715218496 448653920 166887104 -71946272 -224711280 88407168 -67069592 -52251320 -114546928 332792544 62626640 270130048 189696256 49927140 336594080 -176462640 137723296 299615648 198610064 621385216 -116911968 -114096960 -47911140 -356245248 -311262464 -101925904 -101359432 456637216 46311220 25567680 107506136 -151153584 329341664 -283740064 
-5021636 56807688 -55880872 -239431456 -166520032 -208957968 -235125904 -324780992 -263460240 129724952 -63140448 312836992 74768272 764862528 -322986400 -45493600 118117408 90786200 -255122032 -275618496 279151680 24588528 -187561632 154560448 -37266956 9571144 44353216 58326212 332617216 -251463760 -286734464 -358414560 93315040 -491366432 614212032 19772 -6998950 -52856804 65582356 43717360 70400384 -332694624 -71174936 255353488 296652128 142521984 302384608 225370576 -130970176 156042224 229788864 -407603968 155858464 460497312 441024672 297018112 -312236640 629249536 430721088 245307952 -209599792 152510560 80605920 285680576 
-275050784 -660299200 393399104 -164566048 -507541152 -367173792 90982488 -116184824 -304266912 -410276384 -27930346 503167456 -106187072 -296122048 177922016 -123351560 402700928 21745104 214741520 -640694272 -33422488 -200552528 357574688 209943424 -355555520 -233663664 270525088 544747776 -112368464 565052032 10405632 -73289040 -197978624 401207968 -405233184 237891152 14308279 -555810432 221893040 -169400304 -446078976 -21239396 107000400 68734472 126764648 187694512 270645824 -491572960 -212962448 200040784 110200072 509718656 -274896704 -52904556 335480832 -16124252 -257019792 -230767488 338027776 -147388400 94395360 6528890 -277802080 405247424 
-310703776 317171136 -328994528 58465680 -304840608 73927656 -82696016 21167154 -424430432 123191520 -110447576 -368888320 61081112 242142960 -198202656 149911296 -246156160 -97994408 7530023 82815952 -5128227.5 83408032 455898208 143083552 -22804016 281230048 -8141295 372619936 423444256 -244093808 176486432 -208021408 350431072 -162422448 115148600 -20693346 83859520 25260632 348935040 147333728 -44009280 -33299086 -227569232 -451435584 -234386224 279127680 698828416 -36304820 373303360 -237663984 -452506816 -29660434 106354208 -157583936 62438740 219300768 208843360 593966592 200879088 104422104 -63742732 186817760 339121216 207010960 
105327744 -51055884 -363983008 -3274125.5 -153904624 4601454 -22036822 -115910632 252259008 -251637360 -141282912 271800192 -232816960 -196554992 -27130952 361635424 -226414960 63678480 -37735824 -338346592 377407808 -35962760 73624464 391533088 144478288 -352550048 169505936 307351456 227640288 -151912928 -183630544 -163940256 -296047776 432988832 -276621216 -127495520 167591120 44084496 64886128 -316455680 286281696 -271928704 330967936 149526000 65232708 47491376 430922752 -28248368 -185851136 73855864 73878728 433608192 206319472 -137114992 -37801072 192055344 -96455304 396009984 -77903224 286628064 -20018138 445277376 599336896 -229472608 
413977312 -34329804 -209071184 278220096 -159401456 332963264 -2660185 141493664 511804160 -13679927 6849989.5 34464304 177672576 -49615496 195008960 41903132 -100662240 7457635 -75972096 -109136144 -157813904 115470152 -156412448 -210814992 185799504 -11543986 -38590848 -236057168 -183048784 -119795032 186777056 205801424 209032512 243303392 58286528 -288928096 93915224 -213279760 -119255232 187579216 190101456 79244712 402262464 109710360 -31023096 119679632 -334336160 74560256 17592048 -183843760 236768128 145876672 -2867676.5 -15696725 -217216912 25246936 17176236 137332480 18364976 -116431320 -112958112 376622080 144333024 -149410688 
-282154080 -375729280 89971448 -210475328 70178392 -331168960 -58587224 -195194032 98153096 406877568 -40572696 -7818194 65281612 -92834576 -395873600 -95012048 296368128 -211966304 134254528 52932304 -371676928 342447232 -301786720 -21247288 227919680 239414544 370038144 -215882112 394862304 -242924256 267104544 188991600 183037792 58796752 77453520 -114237040 314091232 -265720960 342798080 -86980464 -392809536 -123650672 172185136 132043128 320692672 273260128 172696048 -205833088 60811944 -158529984 -258076912 -303318656 -131017408 70829424 230265488 -208925712 399228160 171648000 26024216 14872636 33735732 285268672 -79842896 71533104 
-439233600 -153341984 214945328 -299027744 413590144 -268939296 -149147360 198481840 313806624 -43955584 200172656 197498416 -135425040 -88781712 -55545384 203909776 235355792 -142897584 -98598600 136584464 130497456 10967394 -488337280 -36885008 337357312 15494469 -86010744 207281312 348902720 -135687456 170746352 424196128 -79070904 -121225544 250944992 -161171056 -473998656 45318144 -488750528 -143893680 -170368976 -48351428 219520448 62494312 357004352 -382058240 88445760 331196160 119739952 234421056 183648960 -249596480 -93875440 43085180 -328636064 32903178 86504504 52818260 -270528992 33533788 -122594720 -107130008 -171511088 245647120 
214570112 162827536 -3263059.5 -116272096 -34976776 -353825344 315696928 540326272 -233195248 -116022736 305192640 -146680288 -511589632 -211487552 -43734732 189425616 370192576 246560064 -550081216 589380416 -217112096 -18932268 318681312 -112399000 234392336 -28924174 8507261 142440512 486351552 89545480 -4676548.5 48259564 -324846912 -137248256 -248679792 53833900 -341792736 265952752 423592192 -91934808 -115826448 287534688 -233205392 -60576448 -532344096 284011392 195248432 314637664 197765904 -279956416 -671645120 -29881176 49701872 365679776 49723228 -29499912 552787264 373355936 -655235584 114658096 197170768 -286365504 -221027296 -365851232 
107883168 -289472192 23111932 337539072 -8672128 -217314016 -34454808 -19867094 -283275168 -137186512 416045888 61606804 -29779872 -289565472 62635592 -349933792 -138428880 248468208 -269718432 -97813840 -41875840 315721824 -144624128 69810136 39745728 8014891 -300616864 -77018800 -123484168 480563840 -349868224 -177934016 -397550144 136760432 -360474112 248591600 204669424 127334144 -172545968 320663648 -131185488 650446784 301120192 -411850432 -100545296 107187872 -239495120 -11961976 30253124 17170372 -29367532 657958784 30271472 312173536 623136320 -398218976 -76622808 -130093224 -63503704 -267142656 43827024 -267496672 244184784 168698368 
471822592 546264384 -92934112 -129831440 -137667424 -13120362 21184986 -104930808 -117148856 200923744 -101332736 -107842264 185546096 -634620480 264947632 -497843520 43593160 279393632 -270511808 99211128 -123630272 -194323200 578991936 129026320 -276358144 -117310704 197525584 746210048 10551281 516731392 383280448 321641024 -372542656 -127143528 371759840 -260061664 -129128696 508943072 269619200 355191360 72413024 735502656 199880912 468997312 382552352 207457280 236049632 -170310816 -36078048 483418944 -440483520 -226157504 -341340000 -95517744 -633398528 179170496 -156800752 -29893040 166490736 -185289776 96715224 -29226408 262091376 292682496 
-157290240 -262804944 248904880 -11757064 281683232 96529984 349166688 -84536376 -369255424 -285906688 254111312 -269246592 -130525696 -387697728 -142310560 -36933396 -140728480 140896000 -191715616 382824448 684830656 -2180157 34794072 -84227240 -92760328 211284880 -413151808 32339800 -70720680 212606672 -341700320 -152053088 -337193440 -446478752 347567808 -157704256 -16397955 -327104128 -425397312 -251176240 -87395584 51023488 -240708064 80499800 183120064 -269642688 134570304 52851532 325062688 -62371328 -152825168 -184313808 143863.5 -137021120 -320502080 570987 -129756208 -530934976 118073232 505419744 278198784 -16924912 -45060984 77562872 
130322320 154628944 -210865008 -109644448 230864896 158501760 161016416 -87188072 167532096 -74952432 -233779712 -287025312 124166816 -289215488 259709040 -367997824 -41770208 -167006032 289367424 94317344 -134061256 -14211948 458280704 -221319520 -660792000 -39678592 -271308224 -150985520 -719386816 384970784 -145412064 -67771376 14726104 133304920 -302583104 216405904 -383579392 -4069681 88739392 180973152 365990816 270591744 -170847696 -24646464 38103740 116473112 -406856576 64461496 -461756672 -50697864 138089952 -145672640 -4798281 439244032 -630534272 -370754432 267042848 123803024 -298595712 -111591656 219224512 -251239408 -167916880 376040288 
-318402816 -311652032 162270432 -384675072 -264916336 -157162192 251712960 -22525444 -138506928 360087072 -157718912 144414448 -65151600 -49409176 -232891488 239897360 365151552 75125232 465789088 238361776 -663964736 -70164400 -32582228 -106553536 414235456 -206497648 235295232 254454304 -61175932 326225184 407643648 -16225350 -104608256 142423280 10503758 23922608 -41943632 -151783328 281091616 343794752 -368693184 -109700904 -121251704 173993216 43197064 63688688 -68505168 -299987104 228919232 -287419904 -322794848 -11063754 228933792 572311680 -126081808 -426960896 215669648 -52270952 235792288 -302472448 281720000 108906592 160561568 -6777632 
198737040 46182440 543397376 -457913504 44466244 210402128 121450472 162564912 125491776 242522624 -85770000 -24555138 -177232288 -154255728 73881648 -338905792 -783734528 -50116276 -234003296 -150410848 -128612176 -260857712 250828064 40709368 160857040 -462328736 -591608192 -33062006 -191708224 -37828088 -570678784 -52247404 -382277056 -114016200 416236416 -258768816 -82542656 321683616 86589944 125146896 72436368 -242895744 -48440284 375736672 659316672 -100539528 -288490912 -710400768 330891872 -389487136 120369968 10868069 302156544 194085248 116603720 -244446944 53953832 85945368 -71277584 -191221408 327384960 223234256 224122384 -140443824 
-260181984 -240144528 -25827214 -111995840 -398411552 -537649344 -168923872 -142414080 260111168 48227344 -73573568 86385208 -209157168 188569872 83565696 456899520 181003200 -36593800 -15553139 -186163840 154308032 -529157408 -382033792 -100435424 277277536 -58874692 -102769456 -546217600 -348653248 -790483648 542106752 -129689968 145016960 19090412 -229926384 4889088 203695648 -363926912 -334207712 -26244392 -57544608 285333056 216786288 134861312 16454290 302007136 193113056 463312672 524360128 154915072 355253120 -219451120 131081808 -14394520 529764128 -69867104 -270318560 42542784 58830720 91250104 -16036328 -264382480 -20996402 -571714624 
474514368 234674672 -64594440 180724832 -231641824 -288569600 -188580800 34847760 33047522 -782132480 -294076416 379298720 -195007632 -337245472 19347368 372442336 469474304 193770592 -214836032 142413936 216941472 221310064 82076784 -147643104 -141122784 -756542976 118140352 469617568 232166096 136018000 -183390624 -41590476 -536658592 -43606380 -256416272 302385216 -123640104 -320919616 -115296000 128115536 429073888 360603520 -500213504 -556754624 -90428688 536172192 98249776 -23402086 -889812032 379132896 330257536 142284256 -131113656 463205920 264233264 -247490880 -67816208 -35280968 269756896 149985024 -167794272 -312307712 264208224 -116149976 
-19522762 -20704050 18203356 -123104600 242800816 -275231232 -95080432 -193908192 -174626576 231532928 92930616 40241624 -192303280 38486772 107873120 -59095160 -222711056 -58911904 -597948736 16070212 163016976 32040164 -335676160 -135045216 -128433712 69434040 97607536 -846314624 -273482880 84480024 -494399360 177289808 -572936000 60285828 11554583 380996256 256219488 216682320 33811932 -224759120 -148980240 -328540416 564496768 677499840 512282208 356942688 -369050624 279186912 -288947168 -275353376 196596720 -408162816 434977728 -40193264 205365728 55733948 105854152 -98594976 -250317888 13881576 -180482992 295198304 185592368 393259392 
-357798048 -180053712 201797584 173682480 74620808 -58760496 247453552 27566576 -34536240 255614864 -408770240 220448720 556472448 47680700 -152521936 -109091824 -318420992 -20877938 -505211328 558512704 117465544 190837312 -259464144 -13278250 -115793024 -581021632 384324864 -342098912 -92672960 -381052096 -475788992 330246720 -167494768 -645945408 604984576 -229873024 512507328 73060240 -22405154 -377058432 89809968 290685952 428338848 448720032 321234560 -399494528 -34440344 -289541888 -178196336 -102285720 374512192 -124757200 64923464 393048224 -146975792 165331008 416720992 -219634848 263953584 -38293824 483870336 -164134784 21667686 661976960 
-433348800 -70068168 479807872 122938792 151664432 -150265312 256496048 378552512 54821784 645225984 -163248272 101795208 14404992 -291067680 -221428704 -523027168 -847720704 -103085848 -522893824 150875424 104440272 165393504 462835840 89318464 -141951456 -503541504 -840231168 -40403608 -339713728 -44217928 -397310944 47570380 -199809168 -69454072 76905704 -224198784 -233931664 82934288 71909408 95492664 202262368 578829568 8510230 53836536 -150252528 97218688 -234024544 -376925504 196251888 -304656160 -305067936 145074560 451319072 173122016 -103028824 -870249280 427680160 -116098944 34711384 -265118672 319191008 -430331136 291258016 -114135464 
-493983840 64722808 288687904 -186396784 -163591408 -79197040 248905888 65989360 -55196568 280615968 193529616 -164375632 -298870720 -78797552 -80683664 -207949520 73213264 288875072 -160704400 481496800 -72541264 -151445920 383594592 -8642192 369825408 -193854400 -105838416 126719272 203567936 -87056968 -146212928 -58009824 -84474160 96744056 451973024 143021712 499513152 118095280 428525696 94651544 -488619424 -345240640 -230891200 495232352 -516688256 -606895168 185251200 9434234 -288837824 -196482080 -295868224 -208399616 -14678528 233623792 -147618208 22038896 92041352 -431387392 472117248 -183116576 -192283616 110412368 32491840 -14069408 
-216345904 -186174656 -201524864 104979128 -145309136 119517360 -712678 180236896 149807632 312763776 -162393104 243155232 211087824 31596564 7672192 -633906176 -230284736 -95311680 8846038 -92033104 85193232 86762688 71402128 243180960 117843232 -503366656 125576864 175541328 342690016 784081856 -231767904 37640912 571073728 -299028576 -57134760 38558776 4076298 75605760 -218306160 630927936 120624104 106045864 -61241620 -129751496 -164431760 -220161936 247445360 -120259752 199167840 -59939320 -209368320 -478829984 129826880 143363968 153493600 -95390728 -120597408 -5248024 82504416 -248579808 -2963521 38100116 335483968 266233200 
217742496 707940736 -239074624 -280302560 153975520 89944816 120329280 -276096800 36594144 116032664 -243797552 -341867776 102732072 570454912 211577248 -79317832 -149582176 103334888 104788696 -430607360 56383992 124399360 285651872 -163198176 -149496448 556795008 -428730368 -62278824 37485952 -245576160 161893088 -409614272 276914656 293911648 -125705920 -216893808 38631004 230901472 87061952 -9605353 -311501888 64023892 -146588960 16609456 -131350640 158692976 -166614800 416982272 -655138048 33212448 11085565 -467089600 -320658496 -150019552 -35185100 247431152 -133303360 476804064 168665904 11383374 -379677120 -172121328 -10523818 534266592 
-98913000 -123359712 500081536 143112704 -103753392 -279269792 -308533024 53887412 -30442190 -272061440 48831976 194140224 37220648 443288672 332316064 83845992 132204696 140083760 -415805888 -450003840 2224692 81339848 -417460064 184763008 238193760 203191360 264576720 266209008 72851672 320588640 -164134912 446192032 -275744896 409204320 -362497024 284686880 81429728 -235013904 -240213952 41988192 -651040832 -102080880 -68595528 -74071016 -209361040 231185824 73415048 327324192 172169120 -4458422 238261456 -185596880 201530528 -348892128 336809312 323982592 -415086816 -141130240 -242570576 254093840 172234608 145456768 11499926 73088464 
-32426668 291456064 -37318744 -340650496 160155024 26621508 -532435072 48227320 141945200 -259051248 -398151168 106814760 -273119648 159776224 106971696 -279628864 67837616 52209904 189873504 -49025780 62349824 -187567888 247568272 -1635812 -305723200 -314402304 153801216 -272306912 189696096 351428384 111950008 190450688 -306229056 102271464 -546828672 -49027012 11539962 -178457648 -39569384 -184939648 270215296 -20997862 -31256178 153633200 -5122829 639275072 -83241232 55464060 -195303808 35320464 8468304 82646352 -204252496 -192970560 -20600778 334918336 -301010304 -13876712 85434056 -47152720 114782800 -130955704 76366848 181401328 
377304160 673896768 -229403136 169146688 -36122180 48745416 -166955024 -115169816 -346098528 -345882272 -353217440 54954308 63958760 86889840 120073384 140724208 -221052096 -75263264 -51441216 -301701952 -301752896 367594336 459856512 -246298048 -350797536 -456100320 11598797 332769888 -296612736 8024070 -605466112 -77128008 -476881536 -8503774 -137429632 337624448 359845664 -145465488 -170198320 230959568 17406144 519623104 -42852796 169072112 156168336 471478176 -509620640 -306708800 -427518272 -9355492 221925344 46859740 -157091312 131618816 279805184 98496240 98772160 -13841510 -73254248 -327546368 -858852.625 45490728 -58041240 230099696 
-275662560 136049104 255054144 -289696128 -22877084 292046912 -394253344 -571061824 154036672 661616320 -137590720 -100826928 74970432 302427616 -496781600 -453196256 -594515072 -383995456 232803088 -61343968 -340119264 -227721280 398403488 16926488 -312750464 390463392 -40815208 172580288 -216315760 -110385752 48685128 167775872 182173472 127329480 -566576512 -27643954 -24274444 -270559712 -132333624 315052672 -682786368 -226290640 -260214496 -229561056 80578752 -273834752 352121280 75215272 -66461204 119367160 -112197088 -102063384 25193512 -551283328 -237043520 -17733612 -27437276 76654472 192190912 188269632 -77284592 269233632 559976448 -606134272 
-714812864 134784016 -77919584 95137840 -193135792 -97138376 255183408 297526720 58528300 -66985004 74743784 112064904 -510021504 178065792 -4799828 -12607324 267379520 136315792 347544672 146022784 396609792 70293896 36156432 535234560 112865640 -27690498 -233507856 -246998704 -219407216 -297663104 -65162004 57700416 504955424 93128088 -50961824 299577408 491075936 -602800128 162552704 -356019712 367205024 -723192000 -102787536 185145648 -588246336 -106399032 288652448 167073712 423753408 -196307232 347425408 -279466976 364690688 -23057866 -167019840 246998112 316633152 256706704 175738064 336228544 -82515224 399114944 -77989472 -92739400 
758223104 -137312864 -510490400 240794656 111676560 415100896 -99972544 48529280 23043748 3676240 -256111040 101605024 388385792 70820072 137161504 -134417472 -78745744 65361440 54053136 -272803456 -275758272 108063360 -266395792 -204267744 -101945280 -122493016 119197096 -181440480 60486272 354685696 -41208776 25039880 171872304 -137281984 450465728 -113185752 -59454968 451064640 -26297284 264749536 232785312 103820384 308576864 330351360 282427680 -99379760 -333098176 25092760 -371092768 226150096 61951484 327142336 -539355136 352447008 231636544 -169571456 -333911328 128037312 511577728 -261355936 -316847200 243265440 53134152 398695936 
-346883616 -236467248 -339425408 -37964096 -1858652.5 -388922912 -202129568 62783680 369400064 -337739008 173716720 92356480 -108965384 433610272 -283529952 -27586868 265201648 563442816 -121190640 -348563552 180358640 118261920 -79839280 157027360 879445312 377878976 -569064832 111879464 36090240 -455682560 516821152 -161462544 61772444 -42283028 319529632 -66618456 185366352 -350357408 239759840 -373333856 116305848 -195673120 -141227200 320077920 -549484736 405005664 172170064 457156704 290202208 102896200 -381567456 -105456504 -58498092 130981112 869233408 167025392 290513120 653702976 57326932 -281222784 -13889382 -563761344 -184257728 -296675360 
-79540704 151221728 25457790 -496106976 -280755392 -232969920 -413148576 -343748032 62135172 -25929934 41574668 245177696 -77517344 -243320592 -142253216 437362816 15556332 -58253496 87274864 -272118176 -170316352 -562528128 -157189536 162271840 6991072 -154013424 211490784 182963104 5608342 -217100864 451615232 177735168 -250859744 10945704 236265792 304660736 119510432 -834008704 -129782056 -191628576 38742952 62793816 447513024 488878208 596769536 19187874 185895216 14719287 133438840 375329440 260446864 143370832 42270940 -171011056 -12589622 491364416 -83842136 -35258360 -48070908 -242519760 52952848 -77656600 -215977712 -205568496 
-8575680 -162918496 -273255584 -192243072 -170831888 111077360 -512414560 320971424 -207669824 445762816 171736672 -215708256 -223677152 69485872 203091408 386517280 353143456 233489792 363618528 -216660288 -144088944 -550447808 148045840 -182932192 159850304 474100384 -51548280 -471189792 501465120 -243266608 55795072 -142042800 547991680 -439771776 -41196164 -128695592 -673860864 -292452736 -68703352 -257142496 -280720288 -97649216 -63267028 -110130976 -236184544 11356594 459827360 339277920 364170048 -218880688 -15166572 293011584 187702192 31220072 -74224264 -66096164 -281938304 478998336 200964896 -40678592 -79462064 -323315776 -638677760 -132515424 
-107447072 411209024 99497760 258263776 242614864 285003776 232745728 668819968 -643601408 85650592 187885568 39186072 -151367408 14979752 -110175360 -86503664 -158746752 -67020880 212953536 247645568 216271008 361598336 -146288864 9722440 261301920 236570944 -341577984 147028672 138951552 23741408 -196430208 -393166432 153292064 173536656 267205408 -102798056 408428448 529445920 264247696 22844134 -171907696 73373712 -233308896 124990448 -641825152 5942629.5 -75023880 495666400 -321264640 -84972400 -254596560 -232701216 -402676320 112965744 300209280 -295146880 -17485284 -313094464 120200672 -224119936 -259942880 2226311 -239820096 354826400 
-254377600 -244524128 186701792 4603908 371216576 49817840 32967568 60983576 -179150224 -117285272 -186914864 2700456.5 143297488 187981504 -512640032 -196519040 -122479536 -430922304 -201742752 -195459104 298451328 -367311616 145156272 -107881360 -526394656 12632998 -5282546.5 -86211712 -81585344 -87395624 -208163824 -148614240 27082584 -122439704 62272020 368286944 22709068 383553120 -223054000 421970144 -265027696 366403584 298613248 -328326016 300463520 -316076864 300535776 -82691512 -626345728 -28640432 -28633342 163448960 -142996448 -71741024 87418008 314913312 -97322440 72242720 210196224 508083264 -258411056 108963728 -379619840 234319760 
-175448240 -249932288 -260742592 -102193264 -596265728 -60203624 -50413464 -22084672 -500524000 -341644320 -166417856 381682496 -207428864 37578968 -336764288 164091440 -104137528 261701408 345777536 -266943760 50339440 -313212672 502744128 23206504 139013152 -144522608 61770756 460620640 -86878832 305350336 177925488 90989224 -36742788 322212608 -478990048 309511840 -205652464 -2159008 132496392 3067001.25 -565913984 121539312 171167920 -545256576 -30622548 55359228 299338656 -237457872 180255168 57976208 -126505744 682856320 51304272 -455160064 177988192 -190324064 211454160 -60418996 33427080 512967808 87301648 -85958920 -5889958 -313034240 
4897132 134740688 -295408416 -443196160 362044000 20619412 -134702784 27030896 -184644912 -14282164 -357606048 -312065952 -391861472 -114016384 65301296 -118431952 -130126560 170540768 75529336 110590664 182232176 -55992096 45374148 -196712352 -2818452 -307049344 -415092320 180741504 254416048 272126464 -237319136 -176071808 408900576 -499816768 507104192 40652856 154320016 -83622240 -225697216 -207526688 124295520 439562368 -79533376 127001632 -88527840 271479808 57525176 212137536 -337113440 53977724 109500576 74339432 -319190784 576870464 20268872 432909568 -230011968 55305516 978370496 201912640 -217679136 -300801536 -92031984 444105696 
307501728 532292768 -238970272 488299456 114818840 147819024 51609136 -44222556 -265920896 354563424 -438169376 -503318816 2639221 -88610848 453898912 -82405616 -298784672 -156942400 266165376 -155164928 99499536 287675200 240264720 365102208 -265750544 -156697232 142028976 96826144 79755504 179641552 -181946144 -84056856 -50476960 136356128 -308584032 -287700000 -149762320 178910240 88616600 -73294368 243989008 164195264 237299792 -464683136 -82334384 183913056 -3856297.5 2240521 -448436960 127057104 -289352960 365808096 406674464 -240776800 -244583376 197411728 -208106496 11851084 -44902992 106613512 -249895392 198048608 470562336 6228768 
-304560480 -225008000 -496428288 -309856704 61957360 -187016320 -307380576 225889408 299092704 -112836696 173937536 284738432 -110272280 104673344 498621440 -133263896 110761952 -162505040 49658336 -624479808 43556460 -390978848 -43292624 94459624 392312128 -108100944 -160229648 -377469984 -257005200 324297376 231088960 -64828024 -90743680 250072288 -509152768 -285805760 -108436696 -57261340 -267272992 -167824256 273771488 -295348832 564460736 375057856 -46524872 22684354 111712552 227704960 -127415880 -135334768 368430592 143785888 402781568 228788720 184683936 1262859.875 -544707904 302303744 186434480 -250538736 -171426736 -89983712 186410256 213975264 
318332992 663232512 -164746224 -242462160 -17896864 101554400 241354912 -257393616 -321207776 490893056 -122227648 -70150640 47812368 377662368 -199104960 -152756976 306788576 269377248 47325560 107951080 -568152320 102066744 280604544 95535072 -1428102 525769184 149337696 321575616 278524160 95549648 37467296 -35580932 219089120 47458032 158164512 -115907592 -329246336 581856512 612104320 66282364 -206175808 -527657248 -29452414 -75854832 62216808 -15717948 -17155060 -164097200 70111360 169997440 -287350016 102197096 -165153568 559715840 -49830760 -110403752 134203288 236522368 293394688 100392960 -760976256 157704976 -140910000 30233340 
-358702144 81144416 -163607664 -291034784 16467219 -359453600 -4986241 -320604928 60303600 293427904 79833232 427685120 -213368976 201687360 -295796000 533320960 54394216 -230099392 104864928 -174599184 453246816 -312870176 -323715168 720919936 168801600 -137980224 219139792 -170661024 -65248752 -567674880 366422048 -480798176 25921040 189866400 46977424 173229952 363599456 -373112576 251423184 -304550560 188352240 123462776 538455680 767832960 -95256352 -58643000 -28597468 697634496 -122386080 433284704 328598656 -310841984 236799488 -125169432 -123626592 258856768 256800656 70035736 -297586240 -102934960 -50603000 27537452 127254664 4386952 
499173824 249476064 -299515136 41133896 -85902928 298690016 -148141968 107044344 203274832 139364400 141220144 -296977248 183911568 -191940576 156522080 -274049056 7451925 -124146200 -193324304 -29255592 -182578032 -17785228 103760688 -67031968 -47943068 294745792 664938752 441979232 -196267264 410610976 -62075668 310085824 59356736 288927104 -754490880 7006017.5 -67500600 248475888 -179454080 422185824 -173341440 -177712224 5394280 -222643616 543886784 -64641508 -250205536 -20150750 -366483488 170140336 -210167440 -45642900 -233952032 -101917672 49158760 -129728760 -147237680 63643780 -93680176 254261264 -491287136 574793984 14925952 -110464808 
-49557360 363699328 132234080 13597108 -644170496 -178490832 -245742368 -179537872 -26144984 -32215108 -319841696 488627296 349881440 657875904 325883200 215394512 111000576 -265614528 -1995951 -276209024 219406080 197533600 -181614240 157632944 82096624 39735904 3810073 296103616 172989968 -205398928 187675552 -181915136 191571584 30269604 9543462 226423200 160441376 -487031328 -170723872 263008016 -147666464 -135795184 -217703584 -301983488 -308099552 -67214016 409520320 -145868272 -13444398 369081408 647280832 -275829408 569307968 -330093856 228373872 254794160 -164705776 -213929152 40628532 198612064 92852120 -46486368 43439512 -221836752 
-139100480 -281968896 73271528 -96589296 382019200 146089456 280505952 227968304 303428992 -54077316 -514076832 25469840 -186913440 -119467728 -103148576 -218239840 -695939776 -210111008 -171727376 296743360 415213120 98493224 97580872 -549331392 -28051044 -555396224 -471753216 554027136 -4903986 303876384 -228102528 141835904 -198303264 -207812624 -75320800 -69774384 -195587408 380113216 146901312 289100672 212508256 479013664 -161969600 49468768 34601696 96670976 -161688160 -320210784 -126066792 -182891968 -297820736 -81767432 -25796968 -257683584 245829680 -375360320 -242408512 -112748200 50432240 377588064 329018912 -20974784 251186160 174215360 
6281692 -25294368 -112066264 605873088 -288574304 280491456 162243216 -49319824 -76508672 -448433088 117301640 120200104 210635888 90085200 -164893888 -101308320 97235144 -107533768 -25489996 51566092 -448925472 182069568 217025280 -594173824 35380160 333843296 -428121280 108682168 -257977936 11899952 179509296 82238784 -287379552 290683520 -279787424 -431605472 -2753484 60998456 169089168 134502816 -306052192 362084064 -157412480 -166443424 -609071808 -49956600 53305136 103408072 198100528 -283634656 -282118912 367123552 164828016 142741056 103674672 -691009792 242170992 57896432 -60718004 -433532096 528705088 -314153952 -167115088 -184562640 
258743776 101323848 211406048 -205856656 -329537088 105140936 -119597704 -508930336 203437392 -501237568 76995920 224823520 308623392 -53894340 -532790656 -180640064 -126349296 329980128 -106182144 33430374 117319832 -166367184 453500576 482133472 -223566400 -263972496 290221344 -193477664 -188060864 129602120 -198571584 174551856 -29341376 276461184 23931412 -386573856 25264394 -359319008 -449426944 -173367584 -76913816 304122560 182399952 387134432 338304608 71428008 -288855648 13698418 252287536 124404216 -19535008 29554476 -725224448 -107119408 -394490656 -138380864 -18519144 -354333312 657169920 98041352 -344148064 5435781 -26314944 176715776 
423262272 19247624 68736080 385159488 92457256 -220380992 120407200 50096548 -46317464 241351584 -222881568 -157117360 193566304 307089856 -28152040 326733856 -150502080 -96571888 -499008032 -178999936 -382939744 -52456708 -154773920 192308448 -372427968 -91614152 635785856 -107839920 185235328 -26319976 12869481 332266752 276967584 -406633440 87235328 -284630496 2779326 376246784 -249312064 294376576 177260560 328567840 -59733376 -182904848 280099744 222307280 171681712 41717968 88439536 -267441008 -190331168 44526468 -304467616 144402480 61631248 425393600 -7426651 260546016 77882288 64539544 -82391216 197397392 15064269 291042720 
246214416 75393904 243338384 227453072 -365597920 90604912 -34064564 101546760 -59625288 -189263232 161132464 393712384 60953552 65097572 -166520352 -239917568 -288900224 283840704 -149634576 447900832 -45381128 -225993344 -155691472 42299336 375808000 -145390112 220107536 -100513760 186291808 202378560 -5907471 270654240 -62129576 -60185208 192415360 -54822100 -87113856 -118984368 178709584 -266158288 -133277208 94782912 -154756416 -3660488 -88309664 -38325720 -407734336 50573848 559042176 183490016 122963168 -53699684 -342942464 -19834658 165736656 100891024 283982496 -127432104 -364579200 -336369760 208813968 -417440768 -299998592 99928784 
-15689885 -271947904 153968640 216286992 -294385664 -246132112 -377129024 132901392 -409135456 903621760 90174480 -245430368 -8913868 220134096 -253017424 326911552 -337983328 26369204 174826112 -286736384 40875440 -127305248 -208889184 510642144 404489184 -230385968 199880704 -216590448 316071712 30890228 -150302512 119311200 728276544 -176196064 206374688 -125143728 -298214944 -642302272 79646864 -152140672 -27263234 24171396 -301632480 143285008 60514612 115312064 223012704 299034752 389429728 -293002304 -193545984 -133389088 364778848 -525031552 162544672 240128992 -368488448 383912128 363888224 36346616 220746512 -144421712 -184795552 -94198776 
109688712 -223074592 289870464 -61901572 -70349976 -264416976 -217508992 -148802880 161721 -409383776 -162115664 -62719224 484519904 137106304 -95283904 -252550848 489182656 544847744 -251116464 -43024928 324709696 -223791840 191234896 13245128 -720071936 -230195472 -9818976 74196184 96966536 449767136 -44647680 -174320064 200813552 -555744896 470957664 325733408 8091400.5 -260219792 -319169600 -34941060 210207136 459277024 -135820608 -18749390 248280256 -147648720 -316440128 -365941376 -490145344 309646368 -115801832 105507696 -824101696 117476480 171975856 61357128 -178356080 131652608 320207968 280895936 -105584800 -101221976 -335202592 347313920 
182945312 137618112 272928800 409348160 -264360448 118154848 -66339640 -238000864 83366376 -162121008 -549315456 398736992 -109348680 160603024 -249430976 23327364 193198144 326961920 377221792 -36987284 94675456 -62614008 -84791360 -240457712 -270341920 -232069616 -63948608 -273746848 -53570208 -452199936 -155621936 -270083808 171691312 -516094720 1110018304 -200254768 74238512 -48036544 557268416 -111659944 526503392 30669956 313597728 440571072 78424664 116128560 -447679552 -201141584 -211147168 49259580 109764704 108354400 -287461856 229496112 90465480 325217504 245992928 532921600 29153750 -581773504 -48762260 172809072 -533156128 507659264 
-83643104 -59201804 -6533443 -346026624 316656896 -137657984 179421136 -9318943 81302336 -28872096 454159424 -106768376 -8043384.5 27146498 -309396064 -116209448 281873568 45638400 375049472 -41769960 2076528 280533472 74345360 269884000 113717456 186884896 -101925368 -41320564 -504287360 342599136 -47685972 192853168 114903280 558816832 -449049408 99622760 -8687535 -174648736 -151398224 -206383536 -110745440 -198968384 -64668904 129999200 -135924704 -45129480 -395108576 383199136 -180466224 -39625384 103024344 -191935424 21759462 486579232 -291745504 -479290528 -157243696 -133005160 825374 420314464 -122346016 96941112 160814896 -15437158 
233895936 -166646544 48562760 37887104 -213495136 -55151280 402853856 -65596052 373003200 -81856536 -112640136 507015456 -256695568 -225089440 -240592624 94896328 -37774016 564757824 -160241392 62563692 424345184 -411166496 32001854 301073376 564900736 -439489952 255447936 -166639440 -54113276 142786496 406439584 187758624 57815328 273943616 -174479520 -439386496 80848640 16397723 402721760 -151823152 56797144 193543984 283884832 356822784 -151482400 277429856 -139756544 6395820 -144984016 43739620 67938744 99665328 14779290 60644776 -117958352 -210072624 338387552 -9193452 318294464 280945440 -24873780 16824432 177817712 -104248512 
89687712 -241367968 -333650112 -197218064 88205088 107630256 -40766640 -27377186 66201384 560057792 -83877448 -149312288 88668224 122320784 -200450624 -322728800 -210223968 340628544 370208160 -278203872 -470882208 141348960 200902528 -77502848 432899520 445918688 -271269184 -138100368 -744268864 -251191648 254019376 64097876 305951552 -87680128 -151836768 -343313408 324557056 -237576672 691193728 -178968208 103378328 -323135712 157187984 456539808 337163264 -224809632 -359777024 -187884880 -32977998 -255367584 21594664 323233792 228510944 290978784 186543760 -191436064 107632264 522131456 -59214140 61300300 421307808 236702480 388029760 34766128 
158061424 -499902976 104775424 -29947206 -84315904 -376441920 -21057066 -299327168 -80813304 -376958976 -52238168 261871712 373058784 -40896052 -104531960 54248416 -43785552 -360214752 -108029520 -226320128 -352498848 108370488 -89767160 -305473568 23943542 -191192752 124509264 446536128 132461992 57440304 147345648 62180344 -393200928 595270720 16835022 55352660 185358848 -378019104 346109088 -30021244 -142558768 215741248 88895992 160332496 201470624 178313312 219364704 -294257280 319746240 173023056 9049174 243748768 -432185824 308418688 277159840 -55554116 -243118768 -170755936 -83075464 -322028032 514909152 -36655388 88104896 191061984 
146234688 141900704 -13145791 -422949312 -137871696 -462295872 -59158444 242221808 -167507040 76819856 139406496 141060448 -238839216 353087360 -174626576 95707136 -68220608 -100076976 -166561824 -477868512 -332234560 -207620864 24794924 154862624 241058784 39326632 157655408 -19637438 -167214528 -16342374 274127904 -48854880 -632522816 123247656 -346863008 23836730 48596780 306643648 478444288 -177402080 -175979888 -219492944 198905360 218508288 402680224 481276480 -12100818 -116157832 248445328 -43079912 -376221536 25387512 -30147060 -3210058 643591872 133137168 31053966 359615424 -708227840 -198503280 71901712 23125040 217814160 -177313392 
-261854448 110419080 19609240 660830080 207493584 -89935936 -301965056 -125781904 6769118 -266907920 234393328 -108978104 -117613656 59011272 149341456 -149880192 100841624 -407584608 5101008.5 -36633032 252581648 119522344 -73507696 -64708148 -550481152 82876632 -174475392 -264645712 -378270880 270353504 -373723744 -24616356 58577632 362686336 -364278208 135208064 -280830816 -233642272 -278754528 59899264 71608032 112163224 110120808 -489055232 -255136752 7872052 -222959248 298019392 -55084052 -23046292 392909312 210993344 164777152 27616396 -373458400 -222879648 -156178608 -367211872 60872900 -193165376 -522622304 120783496 -56739328 383565760 
