10 10
-97.269660949707 107.23310852051 0.47525024414062 83.286743164062 -184.86720275879 -106.53777313232 101.19956970215 136.11976623535 -172.29248046875 -94.332489013672 
162.38807678223 43.36156463623 223.17593383789 -22.729801177979 -347.19284057617 -113.89914703369 -32.186424255371 183.96542358398 106.74530029297 -2.2649250030518 
-60.136878967285 -10.49521446228 -4.5829391479492 43.331886291504 31.03568649292 -82.550537109375 216.34036254883 48.434513092041 -133.55047607422 -60.284248352051 
-29.54944229126 26.486995697021 100.39994049072 -112.46182250977 -24.748552322388 16.401861190796 -32.304206848145 38.650520324707 188.67845153809 63.011695861816 
126.39650726318 82.196128845215 70.577529907227 -81.227828979492 -58.409107208252 83.432968139648 -162.84848022461 42.283046722412 145.36163330078 -63.643321990967 
57.211421966553 4.4966197013855 194.56259155273 -10.586980819702 -344.16131591797 -95.36060333252 -12.353624343872 156.89315795898 170.26741027832 101.32356262207 
-34.402912139893 -70.174301147461 -126.25051879883 30.49983215332 -14.425815582275 224.01261901855 7.4288082122803 24.159215927124 -17.030502319336 45.608215332031 
-84.728225708008 20.806079864502 50.494338989258 127.67248535156 -131.40466308594 -19.851560592651 82.800285339355 -23.321334838867 361.44052124023 94.967468261719 
153.28715515137 -146.52040100098 -59.556816101074 4.9278635978699 36.98104095459 33.026260375977 -139.5588684082 -92.015731811523 78.496002197266 114.8896484375 
17.440584182739 -168.95362854004 -153.55450439453 83.963920593262 -19.298271179199 93.958648681641 -72.556602478027 -109.19770812988 61.398445129395 242.62400817871 
