16 16
1.581635594368 0.27910655736923 1.3785653114319 1.5546176433563 -0.80644673109055 0.86642301082611 0.70072627067566 -1.0359046459198 1.5070616006851 -0.69870841503143 0.47560119628906 -2.1785492897034 1.2322010993958 -0.61689794063568 1.8578188419342 3.3025908470154 
1.473645567894 -0.57865965366364 -1.7234712839127 0.65366232395172 -0.55026465654373 1.1701139211655 -2.7397270202637 0.96249270439148 -1.8813569545746 -0.38496997952461 -0.26004272699356 1.0308058261871 -0.35266122221947 0.050661195069551 1.4530799388885 1.6239682435989 
-1.1558020114899 1.6975402832031 -0.41068404912949 0.87427151203156 -0.34879583120346 -1.7567580938339 -0.7315411567688 -1.0669376850128 3.4150819778442 -0.2205178886652 0.097989141941071 -1.0890635251999 0.81342077255249 0.86049473285675 -0.2311914563179 -2.7072899341583 
0.036834813654423 -0.87555253505707 -1.4482580423355 -0.73996704816818 -0.94587528705597 0.31957775354385 0.92994463443756 0.67995691299438 1.4343106746674 -0.45323607325554 2.6131322383881 -0.93469333648682 -0.79270905256271 -2.4753837585449 -1.5375344753265 2.446147441864 
-0.4960470199585 -0.34771451354027 0.10274751484394 -2.0940473079681 0.8460465669632 -1.0539237260818 -0.67735701799393 0.9011190533638 0.63096088171005 1.4320394992828 1.3400559425354 -0.63087153434753 -0.12280565500259 -0.64381366968155 -0.75763601064682 -0.11921584606171 
-0.62785178422928 0.28629338741302 -2.3863854408264 1.4951071739197 0.29063454270363 0.99666976928711 -1.0218179225922 -1.0118600130081 0.3592124581337 -0.65328103303909 0.30752605199814 0.28856810927391 0.80659401416779 0.068797796964645 0.0081023722887039 1.5534979104996 
0.86625039577484 0.09689212590456 0.13404361903667 1.1329777240753 2.180673122406 0.65820354223251 -1.462235212326 -3.4110782146454 -0.00034056091681123 0.89480990171432 2.4918332099915 1.5139316320419 1.4295452833176 0.72876286506653 0.25780010223389 0.13969193398952 
-1.98488509655 0.97832721471786 -2.2319633960724 0.12560752034187 1.6144446134567 -0.53959327936172 0.77444475889206 0.60597807168961 0.88561749458313 -0.79490369558334 -1.1555871963501 -0.46023321151733 -0.12370601296425 1.8975327014923 -0.96123337745667 -2.1040766239166 
0.24706123769283 2.593653678894 1.1629172563553 -0.45024758577347 -0.23225784301758 -2.4852952957153 -1.0994206666946 0.87495279312134 -0.3337559401989 0.38479420542717 -2.1656522750854 0.12320925295353 -1.6790990829468 1.3259629011154 1.1211373806 -3.8614873886108 
-0.01861790381372 -0.57223272323608 -0.74445194005966 -3.4233245849609 -0.23829643428326 1.3487833738327 2.6598610877991 4.1586952209473 0.91398733854294 -0.81172299385071 -0.8721986413002 -0.68250209093094 -0.66040354967117 -2.5199012756348 -1.0215349197388 -0.48258456587791 
-1.2655967473984 1.1248826980591 -0.61553919315338 -0.67691099643707 0.27486935257912 -1.8722696304321 -0.13180948793888 1.101975440979 0.78890991210938 1.2748430967331 2.7687711715698 -0.49999779462814 -1.0519723892212 0.5135703086853 -1.5654662847519 2.7069435119629 
-0.2328254878521 -0.48407119512558 0.42256057262421 -2.4911279678345 -2.2359709739685 0.50644773244858 2.2644312381744 2.4805181026459 1.8130785226822 -0.59307909011841 -0.34058099985123 -0.15130805969238 0.7403536438942 -2.9027171134949 -2.0987854003906 0.26931875944138 
0.41395059227943 0.30570036172867 -0.88802605867386 -0.087840750813484 0.45469576120377 0.21567413210869 -2.2366163730621 -0.3228397667408 0.82862460613251 -0.58923387527466 -1.1300867795944 -2.1801640987396 1.250018954277 0.53322947025299 1.0344672203064 -0.84531545639038 
0.39539614319801 -1.9193542003632 1.2434351444244 -0.58003467321396 2.3613905906677 -1.2841014862061 -0.32568860054016 0.93055868148804 -2.0224924087524 0.67429435253143 1.8649467229843 -0.098519884049892 -0.6947665810585 1.0402014255524 1.1862214803696 2.1909084320068 
-1.8977333307266 0.70554995536804 -0.84282529354095 1.1614587306976 1.14908182621 -3.2667117118835 0.89820379018784 1.4143996238708 0.021619163453579 0.60193681716919 0.28438237309456 1.7869452238083 -3.2830727100372 0.21336317062378 -1.0357487201691 -1.6732409000397 
-1.0154367685318 0.61992919445038 -0.53239738941193 2.8756737709045 -1.4017870426178 -0.021261870861053 0.47661811113358 -2.1483354568481 1.2135354280472 1.4963904619217 0.29256910085678 1.3897054195404 -0.068743348121643 1.8271318674088 -0.92137277126312 0.15402066707611 
