10 10
-11215.630859375 -5609.08203125 1353.310546875 7793.2587890625 -18423.068359375 1002.7614746094 -5513.5009765625 -7287.6762695312 405.19091796875 -11833.565429688 
13947.692382812 23298.19140625 7796.92578125 -9557.8759765625 8805.935546875 4217.9721679688 8423.8486328125 8643.625 3133.3112792969 -5190.888671875 
688.24145507812 1937.2204589844 -3648.8305664062 -4789.3041992188 5601.5844726562 4387.44921875 12527.719726562 9972.5419921875 4715.064453125 2155.1306152344 
785.24853515625 -3262.7590332031 -11740.447265625 -2525.1750488281 -6318.3881835938 9820.9873046875 2277.1171875 -5687.5610351562 4235.03125 1372.7119140625 
7309.3154296875 22093.505859375 -16167.09375 -14586.693359375 3086.3852539062 14173.42578125 15621.564453125 6663.7861328125 24218.51171875 11059.798828125 
2609.3698730469 26857.939453125 -16159.647460938 3622.52734375 -1055.7866210938 24611.73828125 13842.565429688 4059.3989257812 9990.6513671875 1467.8229980469 
23978.564453125 -10440.947265625 10908.532226562 -31569.48828125 11913.458984375 -14102.319335938 -2410.1782226562 -1806.46484375 -5092.2631835938 5729.3212890625 
1135.8212890625 -17096.2109375 695.4853515625 -8478.86328125 11260.14453125 -9820.908203125 4826.27734375 -4867.12890625 -5530.142578125 3740.943359375 
-10548.629882812 -11394.681640625 8812.7080078125 -9043.4140625 -9997.599609375 -193.94482421875 4338.37109375 8670.55078125 -17089.9453125 -909.5810546875 
-10263.186523438 -13297.025390625 13607.360351562 13421.005859375 1159.3073730469 -3935.2709960938 -12566.620117188 872.82580566406 -779.67034912109 -5557.7622070312 
