16 16
-86923808 145124032 -6886902 113596336 -14864448 19351944 -104236944 209211776 -214217600 -93634920 -108169744 62010888 81123696 79565096 135004608 -16794768 
240105504 -177570608 -50561768 80900688 -129061632 -123063408 -53152376 -23386744 -13825334 332430752 289447360 -58008604 124956792 -354296608 -90048696 19391872 
195158784 67639200 -76363656 16148100 -67586272 97915744 206394064 148860672 -74549760 115297808 -131592968 -166678048 -98759744 28194994 111242272 -25451652 
132474880 101057744 108698240 -285155904 118014456 163178496 -171820880 -125014064 131227104 -108837600 -134045696 70793096 29269608 50335440 -76598304 -26143500 
197794160 169334176 86421080 97924488 -172346864 -57081280 39930168 45597064 9455412 196275744 -218175872 -75024112 206531824 -145509376 -174002144 149704208 
59750544 28731228 88041328 8897146 19931744 -133178432 147526784 -42871064 -154525712 38888768 -31403828 191558272 -129888464 -152374592 28063466 166445408 
-102263544 7292812 47823032 25487232 125115792 65512448 -23747436 23862848 86317872 -21389540 -147311232 -177665568 -87521048 65839952 166113168 -120541552 
-31251576 -50819520 -186033024 137970320 -85499312 -6834224 145239488 139857216 -99481376 111626840 71266880 -251064704 -29383148 234212080 93587680 -61487988 
275359872 -64348168 -70302000 -142265264 -127692848 -74454816 66826328 -102843792 -76158872 56181432 307946560 -70055024 -49548768 170799312 -125509368 111840752 
160603680 150275632 3785863 72005328 69590016 104501424 -131242960 -55008660 80775144 132285064 -146868080 30835602 -22690718 -189099024 59498016 -60364616 
-38294992 -149044464 -63796896 -51125488 5219852 30245084 118960832 96071984 23277488 108126848 -147200160 -161389376 21398302 20686742 69459752 -67634400 
143888128 8624950 121631232 -4030284 42395104 105152216 -73691504 -47224488 89097176 140404064 -176599552 -79113104 41188800 -197541008 22080628 62357196 
98418352 -55600928 -46346444 -17315596 78034000 135240064 -25001476 -50171888 103920112 237007584 -271539968 -45633240 -45770060 -151731872 77465056 -41864640 
30721796 -3397728 -174217728 95342136 -23322852 293671008 -101672520 124806944 -29983940 70735496 -90420792 -133343488 16348602 174067872 14511525 -1719948.375 
319584896 119478512 -197736272 -178998816 102929544 121630520 236468192 -114385720 105480640 191405120 100408912 -108319560 -141698208 -11627928 -147387744 -89546136 
-123874112 105777488 265902064 -91377616 115542984 -171936880 -19560824 -94145432 46619404 -41533392 67682968 285973824 17903740 -71294672 -78687040 -10369269 
