16 16
30564.9140625 5174.1982421875 -1665.4541015625 -18891.828125 -21496.921875 -18894.470703125 24114.482421875 22656.38671875 -12217.255859375 18129.689453125 -32374.220703125 -12697.375976562 16624.16015625 -16540.525390625 19348.828125 11395.604492188 
9596.751953125 6703.0981445312 6491.8427734375 7072.38671875 -7634.140625 -18671.20703125 11900.029296875 -17525.568359375 -9230.2158203125 3355.0415039062 7275.3403320312 4064.751953125 -15024.774414062 3026.7963867188 -5932.1958007812 -3089.9682617188 
11563.5625 18328.00390625 12011.837890625 9709.2431640625 22412.87109375 -30056.853515625 -6267.9008789062 25089.462890625 -5554.6967773438 19177.748046875 -28496.83984375 -18252.2578125 -16758.984375 -1601.2373046875 -2739.2641601562 666.88110351562 
-2651.3449707031 -22928.2109375 10122.776367188 -11212.322265625 -4577.3720703125 10682.0625 1142.2471923828 -8026.3017578125 -8538.5546875 -16880.2734375 11349.271484375 1804.4925537109 -24313.693359375 -5032.38671875 -20971.234375 -4270.4135742188 
6264.3564453125 -7122.4418945312 -1045.0688476562 -12600.275390625 -10963.977539062 -8342.595703125 1183.2209472656 -18890.826171875 -17839.029296875 -10032.147460938 -2435.7004394531 -13346.516601562 1108.1030273438 4060.9697265625 -15510.546875 -27937.67578125 
-14631.704101562 -3042.4987792969 8512.3125 -1856.1018066406 12473.038085938 8519.634765625 -20359.123046875 23218.08984375 8901.265625 -6263.912109375 -20119.23046875 -649.62060546875 -17827.005859375 -17205.279296875 -8564.3125 1035.7189941406 
-9758.181640625 -11019.4375 13916.782226562 2926.3369140625 -5684.1083984375 5716.8276367188 8472.8212890625 -20943.3125 3943.6772460938 -7320.7924804688 -12950.139648438 20480.255859375 -13198.069335938 8797.3427734375 -8540.75390625 9545.7412109375 
20688.087890625 479.32727050781 2105.6533203125 -4884.451171875 -5612.771484375 -22776.240234375 25429.1796875 -16456.328125 -13785.806640625 12344.359375 2976.72265625 -10873.560546875 21294.96484375 8147.3803710938 16507.90625 11456.422851562 
15118.203125 -20655.849609375 17784.73828125 -37892.45703125 -10739.84375 4075.4213867188 -11558.67578125 4418.3232421875 -12842.611328125 -23529.62109375 26072.44921875 -18118.41796875 4189.6259765625 -7160.9291992188 13353.969726562 -3174.21875 
-33219.01171875 10245.46875 28130.78515625 4478.4643554688 -4467.5478515625 7002.6552734375 3573.90625 -3662.01953125 16627.83203125 4246.0307617188 2836.6840820312 29944.279296875 -10106.411132812 25276.4609375 -15718.501953125 -6206.6596679688 
2039.5822753906 -560.90295410156 -207.52612304688 -29908.9375 -41418.62109375 28530.9375 21595.091796875 24958.234375 -7453.21484375 13566.264648438 7874.7548828125 -4654.3374023438 24725.4140625 -12720.591796875 10659.658203125 10513.106445312 
-10994.635742188 7691.8134765625 -2849.55859375 19213.90625 8692.4814453125 -9957.408203125 -3015.1196289062 -18088.15234375 8283.1533203125 2351.201171875 -22338.05078125 11603.571289062 7871.1694335938 10919.608398438 -6686.9072265625 -4103.0615234375 
1805.9216308594 -12614.189453125 7664.9169921875 -6368.07421875 -7413.5478515625 12897.381835938 -5366.9228515625 -17128.025390625 8006.9995117188 -22859.244140625 21615.318359375 8400.310546875 -4498.7104492188 -10686.568359375 6322.240234375 5010.4140625 
11552.747070312 -12072.102539062 -12803.556640625 -936.80395507812 23451.828125 379.35961914062 -4804.7265625 9301.6982421875 13369.330078125 -7300.0703125 -13330.583984375 -15877.181640625 3952.1997070312 -10635.41015625 -10666.888671875 -1108.6368408203 
27042.05859375 -29645.94921875 -12308.484375 -25453.6015625 21126.70703125 -23378.44921875 -776.38238525391 -2255.458984375 -37191.23046875 -8917.998046875 -10854.268554688 -43038.37109375 10927.880859375 1444.2248535156 830.7666015625 -23797.353515625 
-17844.337890625 8956.365234375 32543.068359375 -5501.6318359375 -4554.9521484375 5058.7470703125 6773.39453125 10413.186523438 -568.93579101562 12421.11328125 9226.28515625 211.33880615234 -8422.7392578125 3459.8295898438 -11694.9921875 -5777.8627929688 
