16 16
67375240 18967094 -35340264 -37791908 158745920 35150720 -334981440 -58812204 -47370356 -158009056 -299236576 -299591616 41714384 -128335160 66222956 -100380720 
327716640 65070416 229384544 -48608704 228740416 -139239040 -66439340 -146469728 133423344 32789286 -89540864 -238391104 -260006592 314258880 -56010872 -173241184 
-114311864 96980016 -31322396 -127669200 -62313516 151897 -312103360 -163509584 -238309152 -4686757 -190678688 -106187752 168770976 -11601808 161711648 -41223472 
95097208 69764488 32437532 -9041738 -304796064 234542432 261759776 -115153840 -132559744 135747040 232742400 103887288 94600792 -72685944 -247992800 53138448 
153379760 6585312 2559518 -97320240 23217196 -71695240 69881920 -59650752 91990032 134386624 -110053752 18848666 294523296 -4457500 -266671936 -85306208 
-115417464 -105738128 -166346672 3271584.5 -115002656 110645336 142556304 101499584 -76076256 -67308200 146336144 217176320 -4684605 -109872656 -18261470 7992028 
-127066488 -59490568 54388580 41527704 -129117472 37356696 125030896 63334504 101354616 -31100518 -14340286 1022100 127773016 -38876472 -17733372 86800296 
-257667248 130366320 -95065656 125873928 -27197148 -36677772 49693464 24622496 -47750416 43522452 181861088 283635872 46593660 41875952 144660656 24867380 
22473668 272387776 46884488 -161574608 57230084 -37585992 36483192 172944160 77612792 -117753040 43459696 -74661824 156683696 198775952 -3931208 -68902576 
-53960408 -164023296 -16783594 126698320 -108002208 -39315280 -13999546 -106693920 13931399 141932288 -19887862 184126016 9160190 -23436004 -56486132 111379528 
56799668 -166687040 -96136496 -55998540 85352232 -57948688 51522236 124739208 263961088 -31618624 76099880 52665976 262189872 143476512 -28051576 -5107008 
185245760 128765240 127251192 -89884096 119846216 50746644 267657536 -71412912 107261984 87791464 63372380 32102356 162828928 70954448 -88776632 69285464 
417089024 -129029936 -64879904 167420464 22758546 -66989936 -25853626 -120935264 -78341152 80407224 -138906672 -14687430 -173789840 22347598 -47212560 -212995936 
75235456 -165269376 30844304 171056288 102143448 -25017692 -81909856 -97442912 446600 -5658101 -182136320 38681552 -199835712 136875712 206582704 -76074776 
-203476544 -36094744 -84498424 -131646768 -16482324 36904416 52723388 63558712 -19495628 -129765776 -37813732 -202282512 132906344 -168116048 34800656 -138209696 
-121232216 1568060 172777552 -39652100 -99570424 135287536 -27977170 -121552864 -83347936 176914832 26599788 75234656 -16643753 -124619384 59729400 244019632 
