16 16
-0.48619776964188 0.85574805736542 -0.21756571531296 -0.049955725669861 0.30410388112068 -2.4202792644501 1.1035469770432 4.560595035553 -1.8747287988663 -2.1274969577789 1.14311170578 1.2100870609283 0.31048673391342 2.2263624668121 -0.62408351898193 -0.39168727397919 
-1.0017957687378 0.48069322109222 0.25784432888031 0.37260979413986 2.0200259685516 -0.62297767400742 0.33014720678329 0.72442537546158 1.2242920398712 0.27050229907036 2.1893558502197 -1.2752152681351 0.16494134068489 1.9196708202362 -0.25024837255478 0.78566378355026 
0.69096225500107 -2.7495193481445 1.4221558570862 2.5284221172333 0.1230287104845 0.22384059429169 1.1574510335922 -1.6751412153244 2.4235782623291 -0.39064317941666 2.501725435257 1.2470690011978 2.3664391040802 -0.18472900986671 0.66982543468475 -2.6300129890442 
-1.649787902832 -0.58702170848846 0.51231038570404 2.3632445335388 1.9841995239258 0.22173219919205 -0.78430366516113 1.1852980852127 1.3345823287964 -0.26200306415558 1.6979854106903 2.3640344142914 1.3818755149841 0.80407118797302 -0.4309130012989 -0.20130759477615 
1.7070455551147 -1.837940454483 1.5380425453186 -0.10907506197691 -0.44852072000504 -0.12200437486172 -0.071282476186752 -2.5195319652557 0.99858236312866 2.0891828536987 0.3952457010746 1.1943954229355 0.35649263858795 -3.1418967247009 1.3691625595093 1.3767516613007 
-0.59963536262512 -0.71694183349609 0.88255250453949 1.8418488502502 0.28701633214951 0.92880362272263 1.284593462944 2.0981872081757 -1.6576117277145 -0.17684614658356 -0.40474006533623 0.92431527376175 -0.27745592594147 -0.11209987848997 0.095229610800743 -1.2494856119156 
-0.61024618148804 -0.35850489139557 1.3298345804214 2.781069278717 1.2217262983322 1.3614674806595 2.4707782268524 1.072394490242 -2.1140263080597 -0.78070604801178 -2.3938746452332 -1.3009959459305 1.0939333438873 2.2148566246033 0.95082515478134 -0.95815271139145 
1.3114054203033 4.1882057189941 -0.36173474788666 -2.2489190101624 -1.9902534484863 -1.7432911396027 -0.60124409198761 -1.2660267353058 0.90379518270493 0.041972190141678 -0.018613249063492 1.4732065200806 1.1641681194305 -0.066016554832458 -2.3302998542786 1.0288460254669 
1.2126379013062 1.8615528345108 0.40007692575455 -4.1258420944214 -2.0506703853607 0.056930247694254 -0.31309902667999 -2.3265290260315 1.3015322685242 -0.46579995751381 2.0395975112915 -1.270045876503 0.41534814238548 0.74179184436798 0.25042614340782 -0.19908928871155 
-0.32931506633759 2.9417300224304 0.089791014790535 -2.5681865215302 -0.85966849327087 -0.98001611232758 -1.1567153930664 1.2054033279419 -1.6544519662857 -0.24068047106266 0.68436717987061 0.99795627593994 0.096964806318283 1.0387635231018 0.52702528238297 -0.30617147684097 
2.3859581947327 -2.415322303772 -0.89380264282227 -1.5051221847534 0.2745868563652 -0.27346983551979 -0.29273203015327 -3.2296447753906 1.7102630138397 0.91777098178864 0.29773935675621 -0.85244143009186 0.72714829444885 -2.7855231761932 2.4621734619141 1.3485840559006 
-0.80522108078003 3.0922815799713 0.34729158878326 -1.9808776378632 -0.16622176766396 0.27104651927948 -0.60140800476074 -0.13222661614418 0.27362143993378 -1.2298405170441 0.39580988883972 0.79040837287903 0.062696218490601 2.5975394248962 -1.6428688764572 1.0685918331146 
-0.0085561946034431 0.55142003297806 0.17087762057781 -0.43324413895607 -2.1777384281158 -4.0525579452515 0.54535466432571 0.2378798276186 -0.49556887149811 -0.78667068481445 -0.49044963717461 -2.2806701660156 1.5619671344757 1.7241389751434 0.25772297382355 0.15636098384857 
0.58443439006805 1.420284986496 -0.28382986783981 -1.59292781353 -0.60412740707397 0.53745806217194 -2.2344777584076 -0.25811874866486 -0.43910804390907 0.69605284929276 -1.506443977356 1.0206422805786 -1.498896241188 -2.5008268356323 -0.32480898499489 2.9234726428986 
-1.9532887935638 -0.24317127466202 -2.9426121711731 -2.0495564937592 1.2403073310852 0.98519665002823 -2.8827466964722 -1.3478534221649 0.83743119239807 1.2040549516678 -0.21327944099903 -0.14823785424232 -0.499591588974 -0.21743470430374 1.0496473312378 -0.19192364811897 
-0.05107256770134 1.0923691987991 1.0580985546112 1.454222202301 0.24986605346203 1.744869351387 0.13781517744064 0.83979105949402 -2.7926836013794 -0.41995570063591 0.11294346302748 1.2492532730103 -0.66993427276611 -0.1104766279459 -0.60759198665619 -0.90583044290543 
