16 16
0.53742468357086 -1.1217975616455 2.9915585517883 0.51087409257889 0.068361088633537 -1.993198633194 0.83228331804276 1.872441649437 1.193567276001 -2.0394744873047 -2.2818167209625 -0.16566562652588 0.045005321502686 -2.3786072731018 1.2617409229279 1.7485333681107 
1.5025823116302 1.6818060874939 -0.85010182857513 -0.085953496396542 0.8649355173111 1.8801354169846 -0.74060070514679 -1.4948887825012 -1.4710022211075 0.50589567422867 1.8897706270218 0.49039041996002 2.0848391056061 -0.24102561175823 -0.77012747526169 0.56104671955109 
1.8067923784256 1.5551581382751 0.2591038942337 -0.40529584884644 0.31783670186996 1.5212985277176 -0.11758095026016 -1.1808094978333 1.2626001834869 -2.4466080665588 0.9529817700386 1.0030972957611 -0.92250400781631 -1.1696498394012 0.25468981266022 1.8141441345215 
0.635822057724 -0.12194013595581 -1.0068863630295 -1.8501356840134 -0.48052579164505 2.5403747558594 -0.17385172843933 1.4824559688568 -1.2077894210815 -1.313210606575 -0.38614922761917 -1.2178359031677 -3.468727350235 -1.4528356790543 -0.36596059799194 -0.65459084510803 
1.5377326011658 -0.97349011898041 1.9270757436752 -1.9410580396652 0.52920788526535 -0.8007355928421 -1.375855922699 -0.58066022396088 1.5894562005997 -1.3288314342499 -1.1454774141312 -3.4841532707214 1.5096056461334 -1.6853377819061 0.22473049163818 -0.14384059607983 
-0.98628187179565 -0.88584667444229 -0.26232504844666 0.74398201704025 -2.9585664272308 -0.23291838169098 1.0131516456604 0.86523252725601 -1.1223641633987 0.43447816371918 1.268709897995 0.98053431510925 -2.1550390720367 1.4919140338898 2.6448464393616 0.2925723195076 
-0.56567966938019 1.2019592523575 -0.51069319248199 0.71277487277985 -0.82666015625 1.939804315567 -1.3886309862137 -1.7301726341248 0.028762800619006 1.4028210639954 -0.53869122266769 1.8261067867279 1.7320116758347 1.9131424427032 -1.3164623975754 -1.5710461139679 
-0.77747410535812 -0.50790095329285 -1.3239734172821 -0.22218728065491 1.4264657497406 1.3539357185364 -0.074028126895428 -1.7785549163818 -1.3503842353821 1.7703864574432 1.248161315918 0.82522022724152 0.95480751991272 0.020274255424738 0.9000671505928 -1.8990530967712 
-0.54185318946838 -0.60106635093689 -2.3133504390717 -0.58739727735519 1.1240156888962 1.0372619628906 -2.1679673194885 -3.7741212844849 -0.34195792675018 0.6926167011261 0.022784708067775 -1.6000280380249 1.0279245376587 -0.17177611589432 1.7370254993439 -1.7825274467468 
0.59887206554413 -0.52218866348267 -1.5942788124084 1.5441979169846 1.2239834070206 1.4719744920731 -1.8148322105408 0.28050565719604 0.69325268268585 -0.43998003005981 1.5090671777725 1.8472052812576 2.0224976539612 0.96981918811798 1.4699554443359 -0.31489789485931 
-0.92594856023788 0.7651823759079 -0.50714331865311 0.63718527555466 -0.40445220470428 -0.97617161273956 0.93166995048523 0.62341278791428 0.17904596030712 -1.2733761072159 -1.3596056699753 -0.0052506625652313 -1.8163207769394 0.039472639560699 -0.37134212255478 2.3337819576263 
-0.39509227871895 -1.7332582473755 0.21833702921867 -0.36580833792686 -1.3813064098358 -1.3324911594391 -0.51198530197144 0.043928056955338 -0.1183700710535 0.023191034793854 -0.036459982395172 -0.35159620642662 0.3113009929657 -3.0293159484863 -0.82984185218811 -1.8812237977982 
-0.02550258859992 0.34954082965851 1.4977715015411 2.3942456245422 0.45313802361488 -2.0451233386993 -0.64559674263 0.091462522745132 0.53054505586624 0.34740695357323 0.87930154800415 2.888528585434 3.295964717865 1.3190543651581 -1.4353718757629 0.73547422885895 
-0.017049632966518 -1.2514194250107 2.1938364505768 2.3104159832001 -0.73436641693115 -3.1874599456787 -1.3812612295151 1.2283871173859 0.63655066490173 0.47988361120224 -2.0744149684906 1.7186275720596 0.56279623508453 0.28457751870155 -0.88909578323364 -0.62579268217087 
0.44160085916519 1.5232472419739 -0.13278482854366 -0.59312975406647 -1.3102976083755 1.4050384759903 0.6227217912674 -0.073798649013042 1.7312915325165 -1.7551473379135 1.336816906929 0.28933879733086 -1.7812724113464 1.8631652593613 1.3436770439148 2.6470448970795 
-0.10847544670105 0.82072687149048 -1.5339553356171 -0.025426726788282 -0.59728801250458 1.7871472835541 -0.98894053697586 -0.86472231149673 -1.738462805748 0.87280881404877 1.1498107910156 0.29530316591263 -0.58511370420456 1.5438143014908 -0.45756828784943 -1.3518626689911 
