16 16
146330752 -144201424 198822864 -100692248 -71741936 54859608 -187081232 104771856 -189319680 -26883894 -164441184 -154438176 -35387520 132137312 -126518576 -290999936 
-230959104 -23890200 -197773664 -39372708 53941304 -57235772 37535088 76334720 82065032 -52652888 51882128 -90952008 130935904 -19588710 42074460 -48965296 
-100115792 -31415072 4874752 -42140968 49257480 179627856 -108096872 -141198464 -13892052 18086482 17873114 234743504 -3133006 -75466656 18648148 218414144 
4918682 16948276 44038344 -171396032 95938376 93799456 -112056552 66631072 -167734544 -165692304 147477504 157165344 -38771284 -31605164 -21582168 151333648 
-36202472 326350528 195602416 -33174748 60387396 -197769408 -96133432 20725494 -14613114 -50242424 74939640 48167404 107496408 -42360004 84774152 -281615968 
-106265224 185212048 40891404 -63495792 60441188 -164176304 20485276 102672440 -41336848 61226576 -144532224 35659592 -38988588 -46668404 44241468 24624436 
45511820 -155645792 -20114652 129888760 4758928 251492240 -154171808 37816120 -14765270 61966472 14373812 31593320 -120372528 -148523360 -71577896 298052160 
-859766 -174465152 -208178400 -35996192 120961600 4271351 -106206824 177875024 -8145870 -36686136 -162444176 56976184 -100545584 -63855908 -132372496 134554976 
-242328064 2045402 1542552 -142981680 35708308 -136418608 26047468 47005692 115322224 80218480 78425808 -136443168 -157100064 -257985104 -103358848 32608372 
54101736 -30708682 94456712 -87512648 -76578312 31203106 -22056684 37534760 -115076216 -97188256 132054816 -16541454 -169663744 -152650512 -49597316 209364624 
98088792 93425136 96591112 -11287582 -106056712 168334672 59211492 132748824 -21006736 -98483632 -46170960 -104853752 111234568 229128112 226042192 -156720496 
-139618608 -171005776 -28969260 143304304 298884928 230258432 -88398520 5550276 51478056 16576544 -196101536 278332352 29546956 31657364 -86515552 350042912 
-204040544 -141676256 -118190896 -42393696 -84347752 123639584 -70649400 36229736 -51672772 -38873020 -7358430 -227841104 30952308 -5983317 -37855008 -208320448 
-61861768 -244497008 -147783760 162837472 28077764 118805824 12656630 114939200 283606848 68715136 75684288 -204764544 11839306 -123953872 -120551408 198834528 
-175018320 95184752 261885648 160122560 -72381624 201190560 48665764 -205468576 -53052664 -45235680 203179520 56254752 101940160 -7289486 6800418 -30686180 
-190165248 187742256 90429904 -225837440 24094634 -60051424 117349616 101334744 -96915504 -8002086 37576312 -74729416 -994196 -15378842 40196688 -321682848 
