10 10
827387.8125 -773801.5 -926182.625 696757.0625 -357706.4375 715950.625 -969049.8125 493222 2248902 135924.625 
1146634.25 -199981.625 -265803.8125 -762321.75 -1183688.5 1190865.125 -286954.25 87186.90625 -293608.5625 -1393922.75 
360437.21875 -43540.8125 903146.8125 -750334.375 2112360.5 1921384.375 -98337.9375 -481474 -315904.25 497076.25 
795270.0625 -1556601.75 -1124250.375 827718.375 -1838821 -1167299.625 -1833466.375 187954.671875 440529.0625 -579503.6875 
660705.1875 -1137932.125 -1333230.875 1698186.625 -978877 -906825.125 -738098.5 1660428.75 2019241.25 1095998 
-2783262.75 966786.5625 109427.78125 -160557.78125 995830.0625 -1524438.75 941876.125 -1706469.75 -727193.375 -512441.34375 
-1503891 -1070375.5 -662595.75 1474967.125 1168930.375 -1138839.75 -1201272 -1172036.875 1536952.125 1131956.875 
827419.875 -144075.25 -699788.25 -621893.0625 -738608 1135315 508914.8125 791366.625 1875964.5 542872.875 
-489363.0625 -199072.5625 -967536.125 1921938.5 -1072400.125 -1733323.375 -1083316.75 -420762.28125 249333.625 -604327.3125 
-2122096.75 -181362.875 -665760.125 1393666 1556934.875 -1131695.25 233702.0625 618344.75 249389.4375 -301314.75 
