64 64
-21578334 273909312 -142008608 63845440 152556432 342010848 20746390 -8472278 -177694832 106886032 -88235504 507962368 -173478352 102133928 -274428800 -100659112 178592304 13144076 206196128 37604684 2854772 -251407008 668081280 -97654960 53179720 -535364160 416500992 82547736 296740768 253136368 -45262856 344321024 -278283776 69842032 -296039040 252462560 81311352 -204518688 248455232 -299259456 20198592 595242560 -193855904 190370448 196537120 -144853344 -309643776 -143262592 -16404522 -87957008 -72329744 -141937008 -145195792 -414506656 5998984 -303928192 -106035648 -388986848 -309861344 -220107040 243679840 175140960 315803840 180059024 
-527934368 1423881 -107131992 156375072 269916544 273361376 -305653856 -299981216 515244544 -730358080 -103227296 116682880 18004008 459259808 -84855048 -24650152 -53101356 -56032352 -200684288 -286976800 150704160 270313312 58671660 -101746824 267411520 -228030960 108239000 -68371160 78527696 366847584 63520552 80797488 -176580144 -276534176 -83672408 156293504 -342435648 -421823264 79989496 -206706848 184506096 346902784 223711232 -364169344 -8311494 287372864 -320962528 54186192 -67532592 -244878032 551274816 -546663424 -262874720 -360844800 -17475476 309971264 49860540 153900848 -1968801 -29036496 -125841776 74835456 -275721312 242685104 
-270992992 -165965760 -497858592 -736450176 137785040 328968256 19027724 108690936 592989952 -107849592 -489169408 342995904 5956939.5 -396841856 -89391024 2805163.75 61455048 222201552 -376363584 -155726432 -486093600 -471020992 133439128 59304864 7838295.5 -15053769 -137058720 -119283864 -257570304 -181686816 -373447296 181080848 64982724 -223103984 187329024 317258720 -192832128 114340336 -2657446 65395944 384289824 96011968 147601104 347403456 -56502628 263805664 1209169 77764344 -144879760 249768208 -319049120 411165248 213668016 -231474176 279043904 455791776 -320573056 396272384 65421248 11965562 404099360 425860736 32934372 373575744 
-203654752 -75334728 -330130528 27957152 506402560 110451544 607945792 34755636 -94981064 -220373888 -119420368 276155392 365330912 -136367808 -335806016 296789984 38668480 -215965712 205602784 -62205372 238079024 -230179648 135508960 -247836512 -162773088 205017760 233947344 14043589 -170043376 249350176 351691552 104140832 -210406096 -5526394 -376525856 -211073120 -532131936 -306413280 71237632 -79089104 -19457490 -142899040 -102171296 29941180 291995008 205668640 29944500 283198688 -525692224 326577856 -3738618 63169148 -485165376 21908588 536143552 512772896 99181632 366609344 -315724576 -62970896 207215216 402785408 297651136 489623904 
-247607680 -313623392 378399808 136701632 66849008 492428128 -71347536 140623104 -519187680 98436808 -441807872 -138771152 59923820 164061600 -144962448 -98212896 -48859508 497214688 666517696 -227411152 -111550848 -180409792 -318036160 -45847680 -108232624 74910896 197145104 -157686656 6308120 -65978104 517886656 -264454896 63142240 -21861500 8150318 -318108640 24782570 -24464200 -221760288 42936512 58853544 -312728288 -48466184 -207157840 -238666080 -371692256 12070368 212731296 -27543852 78709072 54891036 463604288 -2574104 -91235752 63688376 -89594200 139429856 -491539936 -356680832 57384208 83337216 742019904 -638433024 -767591360 
31676592 475612864 105592304 -72676056 -86408920 375384544 -44431608 165024128 -68696512 86173168 333361504 11381516 -293672384 85755320 -155568288 353993600 -293995200 -587440128 63211468 -583766592 179528608 -159522128 -395867520 -138504960 -158752016 463964480 -122204272 304157664 172097584 -72537088 -298656512 -75099424 102486808 16724850 -267686848 12772413 -131561584 25429384 -382750976 222679216 -72117248 48452692 -5159446 576478976 161313584 -140025792 257317600 123434248 298771232 -196503616 -132510256 59995272 -49832420 398236672 179288288 -293193088 299221376 261670272 -183119280 107170976 -68328480 -36053436 -159532272 -40880660 
-23688256 -143045216 -69268672 218079376 -85274576 -160569408 385919520 303308480 -399140064 -297923520 -40439120 -182503168 748667840 -342857632 -64816312 125387376 -110271152 127746152 90124480 137073536 -141356464 -87390128 -6919939 180032688 -399610304 -236166224 220967376 300307808 53468792 35015288 303937536 -49643752 290145952 198825168 -541929792 -107040928 225392704 -126677744 298083712 -85731728 -350844544 -343585280 -390537504 -101194912 -34076376 -217732160 36730608 -44002884 -25699152 215111712 -54852188 212272992 89171536 172228304 -483136608 -154569616 449627488 -256689088 -180623872 6710857 -339639424 134176816 -63636680 -648630400 
-152777632 427142176 -236557968 37546876 76150336 -34031336 68465168 -190167472 -551219264 -140063168 -720717504 232833504 -69766248 165976000 196365600 -13789162 35250632 -308142240 -122438736 -359000480 330539616 -148737568 -76633752 -164957376 433611584 -45484448 157292560 -75348320 179557072 -78916592 163216992 -134143648 322875424 -276833696 339003456 535799488 -434814080 -495896288 271622144 112278576 -3662722 -350334816 -95743088 516279488 -229450880 4571096 -201404224 -151947184 124648320 -14598040 -269747104 166474496 -146616512 390715520 -137447696 -150015904 -53519208 -121887800 379256832 75888544 9286624 340681888 19590850 -397872160 
-76457968 47006708 93031208 11972749 -160142320 294615232 -231580800 -496632640 80508288 -109666720 106721296 -176915888 -424979520 -237412080 -372691776 24124632 8253910.5 -11964612 183098256 -284575104 -19285794 186922032 -274704160 287609312 35289072 -14200148 133562224 227609296 245276288 -16593715 446671584 -227744784 -366961952 166566064 -532855136 5864733 523101280 43007924 -86551752 -353976416 -80637400 -221403936 -253303632 244384752 -79263128 -275443104 -136001536 -32389124 -54249600 88356272 -30290110 232497456 45971052 -7182810.5 -484191072 -170298000 258789696 281303072 117334968 -205277216 46895312 253567072 -99357640 -116529016 
-650771712 11124908 -5233834 -378389472 347852160 16392488 254761984 -126283736 -142940048 -512695136 -814788288 -32276806 -18339926 33563128 -245601568 -221521680 161336288 379347584 -173838608 -37260456 -135038336 287056832 -82880424 85668008 -297474208 -387842016 126670168 -548934400 184830944 415806144 65731968 -183439840 68223560 -26617260 -453040640 -44681404 63462764 354324800 520048224 44919084 166636096 598493184 -848934016 -295806848 -141598432 69245400 224692048 64604684 224844672 131475112 -390483328 -385875808 128015240 -130031024 -82697904 -234904272 -283643904 -271855680 -113449872 -168109664 -360842912 483427424 -99752064 -94350720 
462967904 -35716792 -231872496 178329408 378792960 304281088 239910128 -200892896 169512368 155032640 601761664 -253460272 16953332 -158238832 -309865280 -346367840 484960448 -332549056 -113255264 -704114688 -49086812 -478943328 78909368 121565832 -581278016 106113792 197579232 208459888 41517492 -423863904 127620192 -121255920 -29340008 149451008 31104416 36961064 54328236 -109682528 -344939840 -330706016 -144351312 -248390960 292702848 177756576 240445536 -268839584 387727776 178544688 -136780816 277047520 -205084384 251244960 19363418 -406255200 -285582240 96124120 515336064 47526856 168005248 247800704 158716288 388063584 -365754752 170466928 
11350931 334368640 -134547904 357988352 206175088 -10281278 155344240 -97022264 357878176 -16567154 131909600 -120780368 149617232 49902496 -221735360 -170146128 -35283696 66689920 285416448 285231680 -5031802 244924048 384086272 221449216 52534364 -43025656 602199680 -201236832 -163558176 192086752 118198336 138207936 -208502912 -325582880 138190624 -238350736 -26170394 -8754282 287131904 145603424 -27326538 -2767287.5 140852400 -225022368 2621672 187370416 -420459072 593613056 266669808 176494528 500846016 -125889904 181518576 -23122512 133037864 -289603936 398111136 -90794344 146983904 9999666 -95879512 -419416000 -610024448 -153752672 
-194209152 -264000640 324364576 -7439762 -144030720 176447088 -47122956 95171320 597844608 360675584 75088384 -240507856 47483880 229918288 60877528 -252871296 323264320 181866336 134734976 312145824 -160081680 429844608 151443024 288423808 266489056 83320368 -119414032 -192267408 -458470976 393210240 -478318304 102083280 -176166608 133416728 87078880 -143928176 111324592 451240128 -181047744 109272808 333204576 731786624 -47349432 133188064 -270865216 164316960 306864480 -140696416 333474496 -10904869 95106112 -316268768 -98228936 -90428552 573204992 11540361 -243730816 -36418532 -57294168 297135872 -215879680 -397852000 -399694816 -13831660 
-118470136 638886656 -753412480 19037446 -290751360 177739344 -89751472 101968000 -17065244 -267090544 -136496432 -7412927.5 -365725024 -95874992 767469568 248031792 -405831456 175374592 -251961264 -316090112 87971640 275947296 209025056 125529976 -166295600 -246197568 290497728 -73169320 -152760208 156422512 56521568 -138197136 260643408 -46724332 17317404 75942272 -56475088 -298394176 254815392 14677442 194468752 -147608896 59222728 924210880 -130877200 115390944 -267580144 162617248 44160452 -59048668 -154026048 350440224 -210551872 -157300048 118726288 42656488 -530421664 -151183392 217306048 115933704 183440448 -337788480 -179773552 19228534 
20952862 -254078592 137927536 -312396928 -10113836 295125376 -334531360 -128402968 -63672956 -75180304 -92858688 -39099312 -360988224 119732888 220317344 132635416 -63428980 40885160 -365685408 -465545376 -135240064 350791328 -21744564 19323952 -66400236 165333248 -179667648 200102896 68685120 -255815200 150845360 -408194048 -211147936 -95774952 230508544 50475428 81140464 -432991552 99596272 53135480 -196941792 -152577104 55982480 197444576 88174312 65983616 154559328 -222704192 464237344 -113110008 84968784 261939872 -152789056 257350064 -157820480 -12199552 -22153568 -45754620 141984160 124353192 325439776 465059200 40406740 -165821280 
-336034816 -190629376 -65865456 -75811216 240052432 -81866816 -268062288 525433344 38851120 -336241920 -100811472 -251926688 191279344 -425159328 -172646720 352214592 -358473696 216927488 -357044640 371033248 -408700768 -349451296 -482543296 -180333552 -298770560 242551936 -169945872 121536440 353345440 101782208 268946624 136551600 -220248656 307277152 -114937696 66042968 562672768 519437632 33839768 355692480 -1549448 -329048224 -254275296 -172169072 -208420576 62121056 190965408 -33275660 262140880 -92505576 208967040 411900480 52349964 76147600 -265611056 -29852218 137771984 304714272 -12395876 -421785280 35416004 195199264 -403000768 -116928736 
-211353584 243187712 -117286704 257856624 -151785456 398733728 97462832 55321148 -121099576 129395448 90397536 605191360 96172192 215797056 -109785496 -537920960 -230552752 -94874856 83731480 135298288 377397280 271830144 320625056 -150896400 571486208 279199648 -203640992 -24736094 -97788960 441285408 -188405840 -10111024 -2524512 64156608 32614542 -40896024 124429280 -203433664 -34332336 276601728 -376757632 49825224 50387584 420898048 -156079616 135903696 -274360064 -43859900 -110873584 90944304 69138936 285500448 -229829072 331128256 405220800 358882272 173162384 -191087136 -321351424 -96828560 -343517760 -296229184 -51078188 23400992 
-272257856 -178029376 -93661792 -419789152 309105856 -12189890 -273591552 -239775328 213711200 384566144 -478887296 56624688 -233870288 362633152 264223856 -39359224 -54031924 -34047200 -231532992 -223802848 -454340832 -439293376 -161437216 7156482 406204928 11163572 -219600208 -641421632 -277455392 -104796800 -46997272 86755136 440580768 -390411680 501113120 252423424 -11218544 -56493780 -285931968 62869116 336457632 -94103808 369015872 -402989632 -487233376 88074048 -55894288 29133556 75478240 -58423936 42601088 -261817088 189053072 -404399680 21029468 282132128 -530163808 -100978272 470140704 -299901440 291613952 136302032 156008096 566650560 
67943208 757249664 -161759296 -84176512 -109019120 -398469664 295267008 -59956904 -230169376 79182608 -57094516 -525251168 197248704 -232804288 198646336 -302430432 42054212 97325344 287813888 28302738 -181004064 -88006160 354046496 105823568 -450563680 -204588688 -82798296 82270152 171902352 530313760 199944592 32228286 63876896 367083328 -124854872 101920176 -52054528 -170873312 -77227392 51458652 -271637248 -197206976 -82042072 60100392 163756608 -96561376 -266735296 -296132320 -287444608 333822272 -324580384 -347888512 344161376 270273728 -149047728 -196285344 -151857360 221218432 501014144 -133814720 -140515248 129149008 142407504 51671820 
177358176 128243952 -124074648 138464928 -176771616 722436288 -72972000 -427491872 -8415025 17551256 -73283728 -133430704 -166615056 91186880 71057352 -87920656 155226944 6805038 -190975904 -461788416 75211536 206157664 253524336 -207743072 -320826176 225416480 -121146392 329969824 119301280 -125423104 100248064 -168493248 -621094976 -204283952 79087744 -85085728 387372800 -57615356 -467581344 -43928892 25568098 -194435920 52765664 193726320 -40538308 -271606144 -32489580 -503009664 604423424 258552256 -152460080 30370704 865923 34899780 -449477984 359740000 137262656 207740672 162673056 50850828 233145696 242798432 -10153172 -159137552 
-100484960 -95021464 403432896 -216118336 -13022512 -426238816 52836600 -306737696 149233456 218137824 -138777248 -268289920 386161888 44850384 159356512 -231130016 94950712 -363961056 256747440 -549828352 -69157472 -244864048 -460568032 -267935536 -133075896 -156807984 182834048 138825392 -302886464 -63361724 89850496 328227808 -316378400 -13373469 -54197872 -75492984 75736024 -16591184 -283817984 -441504384 361557696 212329616 -21433452 232443200 -116617680 -72537656 -26475248 -439217888 -49438540 20864668 -222392080 -482023488 -163650176 475627936 -213088176 -79990592 363604160 -131403208 113411544 141853376 90858512 -140562928 -166071904 -329185984 
-456451360 95252744 -183014976 -267182672 81605736 47353712 497335872 -199350256 -86426200 76665872 -292911552 224858240 355324160 -191587680 -78300072 162767616 -553297792 159068160 349207872 145563648 -27159478 -243828752 -104486488 358469408 -242897824 -387262240 194534496 -482229408 -13848788 104110872 17580164 3509608 37827280 -7050194 -290042432 -616023872 -483037152 6176610.5 259428704 366807296 144920096 -355092704 -298205824 278748512 -219385888 -473252736 -100136368 100470456 -64535232 -41935576 271987040 -176460112 -20946344 -133435552 152390608 -264747168 254106720 -173452400 445090688 84476592 -492791200 328421824 -308054048 -48762828 
677612864 283975776 -49826684 157679616 210199200 -14764578 -170097104 255455472 330932768 -107483784 491869184 61642468 -793176576 -49399768 -41154608 173990656 196323200 -867228288 -229681856 -157713792 174570688 41336040 -7253356 -245891440 306327584 267055424 -67778624 -11416550 321246240 -119591120 -211537296 159850256 246859392 197935344 -65308932 297353952 -143604032 -260993856 -89633376 144501408 -18097844 214007792 207239808 277643520 -157219856 -60004148 718108544 -67521256 -252311664 -212391984 -77494352 229855104 -496009920 -111171208 126875208 8190996 -566830016 6582680 110624272 -310926368 24490128 -199553744 302808800 31153012 
-33111188 -248387008 189719360 363218528 -333882112 49067272 318468512 166318976 -171071088 156113936 254990432 -285009248 -334564224 181761472 579135488 -200263952 105407232 295794816 -477503552 255664528 -56710592 580852352 490828000 -33765224 -10043341 -168346784 -511664576 -537276864 -361734816 199247504 115961072 -105452456 -181735520 -250784944 -58767240 51644396 262855776 79429344 -15313409 -85054936 -27196708 78295616 605407104 -355800992 244089776 -248425904 -192749648 241300704 355794816 119423344 308760416 -213841232 -492954880 -149515952 106282368 416067040 124710544 220154128 -127513824 -312361056 292854720 -170767056 -247245824 -49878928 
-135847888 -186014784 -389002656 -223121456 352689152 -130209224 107676720 193775056 -584671872 8732339 88750592 -222594992 290575104 -126888032 38507852 -534794592 652816512 -12597782 -356155936 39732112 -118892824 -459119360 -285723008 -65362784 -377994304 -43980064 -110243752 -172676864 81923376 -94061032 255702512 29742626 384591968 199134064 -233914064 -380644096 -74263392 112990992 -187643152 75913232 -336518944 -209636256 -143321760 -87630080 490101056 -208396256 576693568 232315808 -363798048 255436000 -864743488 298292960 154602512 -432553440 30175538 -372896512 26688988 72284704 105566576 -9451584 105252320 134741600 172518368 -63805948 
281155744 146183232 10798096 139878864 21798840 118900952 -97828024 98006256 -145493344 -166939952 -311447264 325067200 -169004496 -149006832 -260897920 150662544 189742560 104894768 -168980304 -523563840 30194734 -3704932 3222948 -55044560 -68245024 126032960 -316344704 -238884128 78168728 254932064 -77076728 428437184 499635456 -353823616 -233107728 2005902 65169288 500157760 -30935196 428577664 -18392878 20060546 -111317472 121548048 -94076160 72289208 244788272 211717648 -481130720 179713536 -136706624 -11434436 -204203328 238184800 886289088 12541774 -176080032 2417194.5 391937536 -66663680 23388376 290006528 342211744 -176797312 
-382872384 -805719296 -100542128 -99852440 -634752256 33496284 83383920 -114515080 158014896 -81918112 -157204960 167280784 188333344 -98913424 247740704 189325648 415869344 92907352 131388992 -240386512 -60013304 -152637008 -263764224 -12958622 -286647936 -8194222 279327936 628516800 -741370688 -174353328 136148192 -99281576 -224833568 -410717216 1057562 58464764 -528262304 -7176309 -166853056 -419045664 -22189072 -36138740 -232392960 -100442832 268363568 -156391472 54371320 -109199544 -372160896 -205205824 -108965744 -286102368 -201553456 140987200 38696060 -229095920 -57533204 45530464 165590368 529914944 47072772 -117482448 -91729872 102389088 
50429852 -191545616 -206750592 409633792 -183591728 194374464 -286715008 133720752 -106556504 346301344 -250782352 329552768 60542580 198065536 -206274960 219781168 -113255120 92093800 -76014560 151966976 198618768 494392096 -12118041 148747552 -245085856 316232896 -133282600 411925600 -72077440 -77373344 212122944 -343813248 -122128256 -298191040 106920976 -304182336 -415042464 -111272200 58895648 177743872 114655688 94359584 -196887184 137536128 -211222816 -252390384 -135415648 -1609599.125 -120586376 106045456 310874720 -141355904 -265075200 210564272 531175392 184623520 33533652 305216928 -289283680 183094880 -189643392 -689601856 -174220928 -595657856 
-237588592 264827360 -139562912 -138100928 106108640 -147633104 -159547008 -157756032 -171214224 -411610272 -37101976 -30789546 -2291420 337120480 -280877760 588787264 126377000 11768780 287601536 106998952 120550896 -43040584 19418620 -6805150 317612832 71336656 285882720 424618464 342387584 -287539264 -55331084 -260371408 218689152 133888496 -582081984 -3577666 251964288 -125426032 -361713376 -112983504 248919152 -47400092 -253490992 81276128 -407216288 -152364048 -441963136 -371110688 -79129040 -34217840 -21915212 198053344 -440976960 319289696 -355844320 -38075764 -125851520 -239375648 -152241968 61045524 -398694272 -244780224 235691408 175828544 
118460720 -361336320 -193918016 -54559984 -5879822 176754208 221598352 -55565000 349013472 -188609712 -21192160 -272810752 -104954464 38191644 -20395120 -46775960 -55662972 -163676096 54957784 -22537608 309934720 -19800072 99578360 148660576 -73936752 -26188556 -50266308 -144996416 -195755504 37382800 -427840192 -168104864 12609688 131842376 -49909640 537555904 -230172768 -373899808 -138122352 -93264128 13464991 135462560 381170592 303960576 -165337856 26958268 475103744 121673120 236794176 -208531200 -255877120 431543328 -316060256 -474277856 -71464160 436186592 -287117440 -387112000 -40228128 -259092288 461918112 -134989216 4944588 653366848 
428928320 -328893696 177691408 -189580240 162825344 -372457088 216000192 73092888 294404672 -26837788 -117694320 470961760 54908220 -406116128 11021587 308909920 -152970768 -634370816 97003968 -141663760 367754112 214143168 -372513248 -309191936 419289472 -74175088 186409728 325420864 -94813592 190673936 15819356 433443680 -274109824 -108569488 46648752 302786016 191580176 349132736 -10505408 39967176 283069856 12050121 -252686320 -149454624 -170466864 113012872 56334592 -344561568 171543296 -33093200 -372172736 351897408 -168314016 538015040 -87167928 84755520 276001408 297024352 -139059344 -192571440 89835448 116602744 195252176 318553696 
-505526464 12666010 340370304 -612845056 -333916928 -187253696 -83219608 56818328 -24053878 192516304 -503021664 322581248 39596612 118491528 267525648 101608992 -685407296 -178439440 207289856 105246048 75340688 433762592 79937040 -140548800 -3742258 -144028816 -248040352 -114478472 -64801916 408099872 -485250752 46946712 -313173312 -75415952 419400800 -114078112 -292972608 510224672 97182784 98727648 -311483072 98969656 -337956768 -405946176 164116320 -70155384 -393924512 -375523072 424308800 71203176 71441264 -499690880 9134707 449544096 292692224 -276018176 200973744 -297485568 152461296 -403124480 -149069376 204447328 124137448 -136032128 
596462592 323816192 -120953992 540938944 287683872 263649392 -9796901 1135040.75 -45290216 230539056 -167848912 68334120 -302892928 -61085856 -199198160 -145963504 -79344960 -216701360 -18058936 -510099296 98307016 672824256 -327087040 -118531592 278222784 350000736 297636576 365983712 472995072 -314598560 440157824 -307457568 -365007648 -171607312 277625504 310308800 735113280 -174078752 -466256288 -96442744 38060084 -546780992 143300272 255534464 -245531632 -457428128 -29351634 -396195904 -147072400 159332384 -379383520 511421280 -606853312 601646528 -268520928 58209484 322969632 -450001280 279460096 -356829824 176850176 244839472 -189488272 -371178176 
232773360 -92032464 -170181376 235649792 254887216 249098432 41782080 -82627480 -196162480 13871436 -134144592 289832416 -164321504 222890256 -410342208 245172016 -129837568 187074208 94861744 68321904 134035672 73302112 19316332 218564960 7358404 111811888 -119448672 -163409312 283032256 -163473840 -131863944 -153535600 136866592 44918336 -528766720 -21065360 175033024 -540502848 -326066336 -82656248 -206323136 -347566880 7012233.5 35173872 235136000 -240060176 247019072 44185012 -11962251 -318379424 8169794 -22495102 -108932320 -408971904 -519341184 -22185204 134688656 -187137184 -124818272 -520476736 -94429496 -86237304 225695360 226413936 
462778976 -87462720 -307436768 96492952 115346984 -20425216 -88731464 324529216 -160483840 -199295184 -106595848 386178144 57245400 -326818848 -346198144 183520736 244025360 26641580 134012312 -261425984 40239856 162329024 213166944 -818681600 130320832 -32177316 -189676784 152314736 222988896 397610080 127604912 28431488 8577648 -10064394 -520615616 -582330752 439517856 332004608 -30102288 351836416 62118292 -438232256 -236696928 310438144 -1157096 86434944 397832736 -106453128 -478623776 -59491640 -257541488 -95835376 -368497440 133068688 388951488 239786048 402474368 181058992 -536341728 -696467968 243136288 91488304 404909696 -175081856 
-227386560 -121251616 51507108 -93074880 -347239296 43730200 -216743344 -8697833 262937168 256544064 -100889920 241048688 -78664976 -94226360 -494322944 491529856 -73986360 51168176 570760576 140339808 101898880 215487872 266736112 54846744 242771504 240268512 -43022644 349485632 -271969088 464391936 -164946368 -301204256 -502566816 -202057792 -261761792 -118836560 -330428736 -38928920 147124224 83104864 -142379856 69436816 -681735424 -586598336 -271582112 5489712 -12249952 -164819552 50906436 -118020144 108597360 -256749760 284080608 184878336 291732384 -204658624 92398968 550264320 -21082492 -113452680 -270289856 462194624 26990548 233705296 
151524928 -38262856 551939520 -33331460 -685813952 -79951360 -97435584 -367986752 -598105920 -10577715 -128651704 -47869592 -433038048 206695120 56308552 423870592 -136335584 -28165208 274219840 -246803360 346525536 281373632 260657264 15270454 -112982240 -419278272 -103984512 -231281024 173219952 -257160496 -90505048 -308712832 -594616768 84504776 27484200 12276403 -539439936 -31299364 -175270016 -409509856 -106120160 -234473936 -46957344 94754816 415315360 -18990862 222356000 -212645856 30100654 -553469440 -26061048 -278352320 135620608 262458048 -471888896 -65633396 115986968 -73083384 -155761168 -288852704 -67476672 91914064 -368103104 111587216 
-102986040 50042884 41075376 333054880 -20025662 236110656 456821216 -193844000 -272492224 160088720 -118563920 192837456 119637080 -88446712 476105664 -241458128 18510 333433312 209533104 226232224 17114152 344149984 456996192 556930688 -315668992 -241006464 -49345936 183844512 4537036 213370912 80257392 429375776 312301312 226815712 -9111846 -188390720 217268528 254335648 316493536 276338944 -343500352 24068946 -312161856 274614080 280141664 -105297032 -29576088 -76878680 -133196536 439302112 253212160 -45665720 -436087744 370473728 -13376818 -603776576 119050208 -558775296 202783648 264251088 112464136 247047104 29083000 -403411936 
747909 -42188784 -350165312 64582392 -56643064 273754592 -434554560 -203258592 265720384 -21844328 340117280 -193102192 -10374506 -491317216 -26056854 -135730272 101187208 87968032 -197678976 183045296 -417731904 229948608 -363565632 -125411808 297896288 187140432 256119920 146291616 -135092880 202340288 397169216 -69677464 -23598514 31359284 -357751488 149773504 706279296 -513137184 54843736 -107431408 164595584 128140192 -222651168 148895696 -314686848 -18106954 -209482768 -85564720 325867264 -112536976 15531790 -146605696 195830736 122052544 -126017520 -159012144 -137468864 305316864 -228741024 -53079432 5277222 417933632 229614624 -735039168 
-213664624 187678912 -136594672 -128459280 -267333776 226331936 536771392 240743584 -17220586 43957936 106441144 -151982672 140505408 207501008 781939904 400626528 -164031232 61267528 -119395848 388304064 -7206260 561214464 -67663856 50454136 114562632 -24443880 -319628576 -299986432 -194174432 54260784 55467864 125971472 -38703816 68152208 185041968 -171913744 147932192 185507280 183885488 462153664 518676192 160869728 289020512 373768320 36485480 68503936 427651264 -71761312 566411136 -334617856 -279488352 18610000 -139717488 58657024 -46117996 195662656 -976632832 179955968 -43353604 376940608 -355750464 -279227520 -212844144 27666560 
53849088 -140360000 -69008528 -224612848 95851392 -519702208 154357456 211943584 146092528 -238792160 -181710864 -265365600 -176779632 300394624 -270784608 354897504 227189216 -92603632 34861204 225787120 -325619328 76276056 149854320 134268416 25906568 270407360 -19202794 -166702128 222094384 10641276 -111531272 -290874848 233605120 -60210924 94143416 164654672 -65602784 71530400 68582752 -42334000 508526528 153103568 -62169768 -420875392 -688101760 -64555320 496222848 -47558456 -177349328 187971760 -315262528 -43038316 406879584 457149824 -244378864 85275640 -451773344 -3836508 -96191272 -352420224 -43956528 120786688 411434144 99799632 
20694856 55541068 158255504 -106145192 -168224416 124791824 -185900720 -5253798.5 367976000 55897304 -249815152 -88576000 110583432 22496376 -193276016 203907632 165702784 44750888 84120336 22708490 -101367632 128908344 -453179008 -595465024 -586107904 430835008 -155529904 320480448 90910936 230758592 111157296 -299702048 -682843968 -30304662 -269573216 95499056 -12090886 187373536 48287912 -10303924 316847456 72602552 166612304 -143545504 -233482352 134502640 180770000 30038350 -152592272 -187817776 124005560 -378005120 -127443584 135455312 353895232 383740416 -46852356 304985184 -476322624 -339085568 317815360 49904136 -125280368 -9390176 
-230469024 -241068544 -374714304 -10060830 -196123328 541417024 180025232 -109906048 61354028 -25961824 -30402872 627799616 168499808 -132815696 312840864 -442350336 41264132 -75019888 -440162656 -428190656 285888128 157740896 -33600012 147255136 527547200 -497476960 161088704 -189350144 -551595072 -197127184 -328908736 -151161392 225163184 -322932384 467763584 -89516096 8564648 -196121072 -70289704 -66990692 -212735680 -246720480 -226106304 748396480 30596878 300682272 -209010512 -240930368 282653088 101982584 -200441856 517110752 -30887544 30202016 331843456 -103984192 454880512 -535697216 245793680 408002560 17132514 33307008 -21275714 -15753124 
-58502704 73580400 -113377024 63648784 -16271072 -185902432 355943232 61721668 -327458016 -299112512 -182817504 240608736 198877872 -211859856 486349088 -169345440 -20400528 -8081740 -341653504 -72513008 159970752 184594720 -11228868 47295128 334101344 -412381216 125862608 -147969008 164891392 113354016 179194464 143397696 387072736 -112710400 100638136 53584328 46768104 -19904254 109913712 284200128 -208513328 101913008 89114472 194938048 111938392 -34101736 -555922624 -282460736 117114344 123588528 -56365748 414552832 -318327872 352055680 85593568 -94055360 -101446088 -355537536 66676152 236812208 -200310352 -113366592 22952670 -77102952 
-447314912 358513920 -324830656 -254793248 -269699264 144906896 217000720 -56780016 146303264 385378944 -497974528 -9299242 382301536 382225024 -114208640 -40291264 -564870336 279958176 -11530852 -68203008 -330185920 -319825152 -91677024 609365248 -504037184 92125528 -1250451.75 277741952 -137642720 -408052704 209663584 -156429392 -352819232 -4526142 430572224 -80187400 -361452384 -126657784 -38185328 9783560 -49339528 -79738880 -532602144 84155256 -361535168 -348031776 233868416 119936768 -385864800 285065856 -30626932 -324187072 388706912 -137080192 -175992464 124663536 -96100848 169773056 442757920 69091104 317567264 72429168 -739791680 107083912 
78485440 -170976576 419135296 259466304 219106032 -170398624 -116005552 469963744 298847552 14456784 -291690272 -36632804 -57415040 24493192 -215029024 -89603632 -194870720 -10562128 -117675264 -220385600 -465823104 203025888 -183374016 -572382464 -86517136 211421888 -19416818 63932468 -3323000 218317728 52576508 201136976 -29936764 -182368976 454645856 -358410560 196618640 -32927330 543723456 -200273168 52240952 123331976 -129711696 -67948176 -114181408 296492704 97119928 277065184 278491968 29697776 89399528 -373612192 42251104 -84610544 -320475040 74850808 144648032 -154606880 -16957840 177099968 200292896 -381872512 192435344 -349842336 
231435104 -76479744 127604768 156683744 295245984 -471373472 -100830576 26237912 330100608 -499679392 84399104 147326624 315404416 -58709688 -412689952 -102300224 455634432 108218744 -9966938 95037600 -195814560 -179919216 -82599896 66628908 -53075996 -283492096 488421888 -167870224 359197056 -25775648 -53159704 -242422976 -141515280 192585296 -467337184 -111693016 -334991616 -200002656 584449216 -281593376 33289160 607424768 238610048 -11401874 -32495816 104200304 364921568 242776704 -7023926 -358796640 145264320 188112336 77447504 -170160640 108192304 -83518296 -573020608 -167321360 -236058064 103733720 -125808672 -450651840 402887104 -136757520 
-162157152 557956608 -32350272 -132270648 44929636 81694792 -381676768 265187264 -280240064 56523496 -191612704 -149969392 224743984 -246848672 -283968896 23832480 426616096 132420272 183315248 294170336 -21019252 181975392 92493184 448386304 364551328 -168892976 -201029840 349237184 122563056 -287296224 169872832 -446522880 239721264 253357264 -94911704 551786368 277198048 -306965216 -130739376 9827924 294232992 155162304 -519565376 30616712 -40591284 217422368 -507741248 -295936576 -432710400 125255472 -28570198 185784544 220278048 16188760 59897544 -283447840 47936704 753511808 -141540432 286247808 -38200488 247258752 -351268800 -126212800 
171363888 287667008 -316838656 -170243296 191469120 -297210208 -17133088 330180544 -179726960 261642880 62403864 229229904 90042480 27826888 -436343456 137079472 -647410496 149931888 839298496 62227404 22973652 80267376 136211984 311267072 102276720 -159340128 -56067236 362815296 461764320 -72928032 120238720 205855392 -12847408 151620016 -286015904 -230305584 16341054 -146030288 -453037376 -98961248 -241503344 -663239168 100737584 -42356688 309386816 -281645344 -150400992 -506451392 -376815904 -160490576 89388288 -116970648 -191809808 113967096 -585292160 -462297920 284145120 -541120320 136405312 -624638784 233238592 404938496 144387936 11563854 
-265695072 134386048 -23108120 -280445440 59788788 -192555648 -33263836 6040152 -43408572 -84964432 -397715296 157307248 -159447712 397012160 94957944 -514342848 -84485784 261988928 -656261760 -422839968 -324271328 -136885600 -422180256 80861632 -78207352 134094920 96705840 -305842464 390620576 -41927984 125308000 -175245728 253263552 -67268264 1136658 -353103936 -65612728 145169952 26894560 10882664 -40334076 -3387634.5 21999230 -77391312 118494240 -79523928 22824332 159968416 -139449120 339783264 -249751024 -356587904 -82599888 -75905200 186103856 -151330656 -367061056 -170854416 454920384 69523456 85476232 -470923776 -40616864 -72193320 
-84547088 160610656 -38156488 -31949992 58556160 -156581616 15607644 -518795.375 -453426720 -131266480 112386992 -332386176 311246624 -37415868 206572096 -234815296 396146208 260357680 166624912 317354880 103254624 -275429824 150435136 -316527072 -67099244 115705160 137928096 -256228400 -48037648 50273720 67284568 74046472 608607936 -80027944 -94986976 58985732 226052144 -532711232 -198948288 -215178576 -137480928 162655936 235124256 563649088 -9196144 -183796464 -566603904 -98481312 139706432 141353344 107908840 407266016 -206355376 -19206844 -88767848 -66748432 50063984 -42715912 -217575264 -162017520 -8935042 -115239400 332703264 -421971968 
-126068384 -278465248 423854464 -233747888 -63941356 130152400 65177468 321940768 228768336 -30458064 484372672 -434557632 243035424 -140231856 216929264 192171184 322942080 -2160127.5 29883824 452612608 315950528 89653888 -282479872 -550522432 60590620 834157056 -21534644 621665728 -111479784 -360329280 -70217840 -34692148 555842688 481567104 18478884 189898912 406901344 57566108 -125168136 54403028 -115623624 331266048 -367720928 244067568 330803264 170337440 193006544 233574896 179413776 8197529 -128739256 415486720 -198641392 -79767888 -42836264 -375357024 77412968 -54707776 -587944768 127386528 -176240448 -212362672 -411070112 57588864 
-170940368 -14178094 -793626.25 224439264 -213367376 188741600 441685088 -463520736 149324864 98051872 459795168 -298265888 -40691392 -304793248 164374512 -293305600 323537760 -167027328 156193312 98237968 -361073120 -306078368 -149837872 47958032 -666549504 -11185451 -146815712 272183936 -519500736 68348552 155238528 358364736 -32289368 -95873688 18015696 -149746816 52243640 81836632 -43370424 376484192 -329860000 -356250112 -344282592 4315108 -362688288 -236608912 -89772416 100259848 -603181376 328492576 173544096 -115951088 -119375768 399964800 282452704 -95440552 579373376 163768816 162045312 328912096 -33408362 496707808 -283051584 -304678304 
322178944 150910016 -191482464 -373980864 200385008 -217497456 2443635 289466976 -29446908 351044224 -36302684 -31736198 -216651520 -443112704 140999552 155745968 -422296224 -142251424 -73175040 -95090472 -276729568 252470656 -254032816 478718720 645674880 399333888 198655232 -35826888 96523632 -106171536 205590176 169006592 182373376 104721816 256219520 79171440 104883280 -122340504 -178932672 -51200872 129333824 -73008200 -330178624 351025600 269782304 -430976320 -186572016 -265103664 343949920 176204096 -11703500 309444032 -83017056 312591712 -581659968 -215447792 -199264720 -178780848 413227712 -109466016 -128068896 -7736656 -91612440 -72315808 
242701936 -518420960 -77051256 329687200 393382976 224291344 -3148876.75 -261582640 520990464 142128688 122940816 390193088 -181725936 -55751344 -167857264 -113142944 -172257184 -293575648 -18004972 -32703314 77282864 -44342036 159843344 -101530080 162553744 -420407040 456984800 -204521536 -80822248 -133130552 -6239422 197487088 -531703456 155506016 181256032 -81556536 -228158208 -155987280 320061952 -192999888 141767088 -42976580 376843552 -117559240 -166006864 55515824 -3886932 142501664 -10523744 -359282592 381134656 -176946896 -352432864 -506778240 -24214298 278287008 450618720 -360457792 77649944 131122776 -35230836 -250136096 -272572512 159482784 
171389200 -354114176 258415344 586320448 -140399680 218071056 -17107632 654999360 164489936 69900408 168791360 148245040 586154944 272239648 -443370272 85757208 296220832 192903616 19879022 -330837760 -182863232 -356227680 -36973864 -109980768 -137635872 -128059448 -91406216 -140102608 12868414 -144056080 -387897472 6788732 18947812 123986352 -208218848 57668520 -131894544 -272508864 421086208 -453052768 -53407388 332035776 642407936 -17580488 7234908 293533216 811157696 187452992 -100331456 -746238208 63459004 -361442592 127677392 -501999744 146914944 -41252600 -294634560 -128754984 -62052728 535146848 60676696 -490168608 -1549600 -167621184 
84993088 -423814176 353980800 214281440 -449400736 435343872 125215712 59283092 262558288 469486848 -290407168 611049088 417061408 -94004704 -25088254 138395840 -464054208 -39817708 -22846784 -150772288 716312768 -74229072 -88890064 -407377312 -393638656 216463648 -326318784 -117402344 -125776080 54018568 -747473856 358635168 -314474688 103026736 186042704 -194882048 -55082884 160539248 29313736 -283739904 -140463552 21110986 330377344 60092216 134345456 244254592 273454208 -59379960 314890112 -47543512 -105393312 -5288492 30003794 -75561952 29552570 45190432 66843288 142042032 -17031168 136142848 -25534916 -398434368 -29737614 204611472 
-119590384 143139520 -223170736 -344977504 259852240 319342080 -566428288 319735168 -56796228 61018840 -116575504 -173432032 -279173440 -43660984 283728608 547986432 -350744608 -963671.5 235575152 -142622192 -183957088 -7598152.5 292628160 634748160 600100928 -16285145 203260576 209775104 204863056 410115392 -217249824 280268160 85848448 493313824 -203743008 154344992 -263888080 -161558656 -102665856 -81642696 284157088 193140320 -121799000 9498317 429146368 -73470696 -26956030 -168310880 27373800 102380552 389901472 -77405456 -20032078 -101539056 22645200 -236615968 368437536 156255184 62853840 23905560 -301565792 144996704 -445619936 -57096104 
-70566360 620926912 -129338304 -183457840 -216252976 447421152 -55857036 -74133712 -113754304 -574523520 391773760 -87985816 66957496 -215093184 293023232 -160224416 -128055008 -280182432 -362605856 -114480104 -60390564 213755536 -92399080 115600304 -148001584 272490464 304215712 92434120 153316208 646321856 42534320 -49919040 265624096 106238016 -344916544 136495536 -196222352 -180580288 -248135712 10959082 -801547968 87860200 -289431744 336988736 427317472 87808960 -160878080 31110946 267954048 107271728 13531504 196927712 277532832 62188172 87109552 20029752 -193368176 332471680 -248359104 -295126272 -434126656 255293760 220538496 -151275936 
369852768 239182960 -175960624 -380369792 515716096 109520784 216723616 -429993184 -60361664 -297656000 301038720 -63743024 -336104192 28027982 -106010152 79164256 -11484206 -287425280 -443058048 91381352 -319721280 140165168 -560779968 110836472 270983296 -268958816 119721512 -166392704 209553728 6640708 159795312 109630048 36286760 -207871328 -55827424 102167104 -27229024 181881984 9045864 479774336 135754736 -245419648 -260167152 -137605360 -38834820 375505728 31913036 -167512960 181394624 65506204 -272190048 114816448 79734432 193961104 -101692192 181847360 -124187360 219429024 -307028832 -158765392 322355232 476907104 224569296 516736064 
-11479402 330453504 175548496 218259872 -31482800 -187439072 -80793544 279080032 -523674400 64731480 -202629904 -5547653 173914416 357378144 37390808 54868704 79771456 -92028512 86284160 537569536 265766384 -292967520 -194835568 -295338688 119306288 444452064 106073552 26186276 330047040 -117556384 637239232 -408878400 352007808 467290432 -100235880 -64339364 -150512560 -31423864 347200960 340576384 57909996 -57994140 -78131744 123075296 -648036288 -258547136 354294624 530655200 -20622430 -196088640 201031712 344035776 -115483920 -254629184 -81393016 -94128136 -831570496 -243043520 -104451736 -302372544 204300928 -333478816 135745680 -25091472 
-225591472 -111739176 -118013288 169252528 -260463424 122695584 650369856 -288563584 259386624 85673256 -26920052 241993728 166452912 -196341136 260473376 -677853568 936377.75 14738093 -379918560 -170890432 -216441024 351520704 -34214108 228832528 123856896 -592581184 -278233344 265896816 -275438880 373043648 -410651424 444930240 -77673080 -248152560 -133739336 264063712 359236000 895531 200850624 164724016 -422023584 378336032 -159457520 379581760 161552544 588033664 -229844688 -542822400 114134640 320882176 -553421824 -372645664 87374976 533061440 218632016 -35067184 269978816 -331524896 -137811664 628916096 168596368 -87128496 273838976 -258450832 
-279941152 -244498896 -60523584 -190210992 -25348642 70747832 -243952448 220792576 104007304 -33617608 -703407744 -29984478 -208364944 -7894658 161929056 -229216608 -475270560 402599040 -268206624 -270783520 28002320 40247552 -119731784 -320430496 352162368 283853472 112933728 -305397888 18619166 -65651660 -188988416 -126748872 132428192 22909064 255916400 24273772 -329623296 -93755072 134597680 -151110688 126910072 474201536 1314804 -14018172 101940384 102737608 57627508 37455024 459349696 -311747424 -266048864 -320184736 108520584 -40876420 -189255024 226470000 -363047296 -501729600 222160080 113361056 -49593396 -666939008 91667464 -34756744 
-38213024 89875888 196443104 -349291136 -168346064 -326943712 -75638496 -432055008 -41282436 -23089192 448443584 53778204 155669584 229107872 459941248 -162595248 248376400 -131461528 -330446720 29910768 52642876 -236439744 -57836528 101596016 149046512 -338233088 -390076064 26546400 -87976336 51672968 -456734976 194939008 54166408 103503360 -167059520 87332976 -308735104 28449144 239374496 -266100976 61750680 556959552 267001184 156224480 369688352 670700864 -12759472 -468069696 188022336 58106104 -222844144 48043608 208473408 33184312 -82943296 408621792 -107737168 385886656 -312448256 526255328 -143347952 -497278720 262476672 429679616 
