16 16
-119615288 -128538528 3039789.5 71065264 -69989752 -152278272 -207900928 102743864 -40574968 141371568 -125835488 -161022496 160068112 50763264 -15085128 133200880 
113164592 169382096 -237887328 -102235024 217519568 115261904 87918904 -1963868 162785712 -172399328 199373840 91637920 119900808 -90645992 -100310768 -134280864 
-54578120 52494432 -10572452 -62524080 10478464 -202768400 -52613344 16609690 -44541164 151768928 -8875180 126162288 -91017816 68762544 16872098 128710152 
-82743840 127431056 -164648928 -47864852 -19000648 -16247660 80036152 -85104672 3815134 -131617712 -10088497 -151901936 -61591972 -64347572 -143725904 -60233220 
204136576 -57488576 -87769824 -3652208 43132480 -15724456 76695144 191033424 -128403600 13151218 -201703904 19272816 52773824 -212951136 -58462720 288466592 
-87862568 -213354928 -49175436 7562782 -255906832 136210320 21695148 101642408 -384963296 121799168 -67628376 -117586608 75070832 149445184 67999896 264954704 
-171336064 -59784576 118959512 132842128 86414560 -153420416 -202965488 194209408 220860848 -122676912 -75588728 -167756832 -10852641 94463560 -138827536 39619872 
-15331372 -27326602 -14564560 -6532730 67733184 -65388524 -152006016 -64538192 138940896 -97470800 -283282752 -158492544 17676136 -241036800 74359168 -118081080 
86563880 122356648 114410240 175759680 123221520 -193028496 2825054 -111691352 163355744 -146026464 117066720 120831904 -195762768 -72757152 -152212704 -42525248 
-277574976 80777328 -118001984 42995436 -82449432 -124084112 -29077320 310346208 101957752 -96351984 -46614932 -106580352 106992760 171081536 208417680 -215372768 
293324320 146387840 163212816 -130863680 27862032 -76462808 117152696 -152643312 -11718096 -90699312 -42200600 -33047944 17568340 -288517600 191793776 103834880 
48945748 -96536048 17803680 166371008 -81537536 -123450896 62844760 -215150848 -114943712 49558276 10720892 27920948 -238497520 1732110 10285234 21133718 
18289396 40621576 -152616128 -25147012 -112748208 118758320 134265536 39286548 -51668912 23128484 -267926960 -256801712 61886152 -176418544 -179626064 -29924540 
130470464 -167203440 125837256 36265008 85345696 29191144 -5362887 228979728 -40393432 162377728 -243224512 50669172 80039560 -77036832 -85934168 293686144 
132352976 -39028020 175355824 -13391882 -148603040 37220048 -176735888 20920828 106779552 42680676 -65276120 -157030288 23204624 -112754848 116460216 -25365344 
-38862292 191740320 75771040 -71494344 90502648 -18500964 80111304 -97497344 27155848 -218980800 301606240 92201904 150932560 201225856 234066480 -155829040 
