16 16
-0.49860811233521 1.4606559276581 0.10965959727764 1.3614761829376 -0.60661125183105 0.14015078544617 -0.6052154302597 2.1901166439056 2.1914708614349 0.87546491622925 -1.0182579755783 -1.0872972011566 0.66552579402924 -0.46757674217224 -0.091561764478683 0.82355278730392 
-0.159269079566 -0.085902988910675 -2.2292175292969 -0.93877911567688 2.3266816139221 0.92888152599335 0.12018010020256 -0.2628860771656 -0.30212324857712 -0.65241730213165 -1.3162833452225 -0.68176275491714 -0.076347470283508 -1.8083801269531 -1.0024268627167 -2.1093299388885 
0.99432581663132 1.0138137340546 -2.9335651397705 0.69650357961655 1.1141879558563 1.6650683879852 0.14282563328743 -1.6146177053452 -0.24534511566162 1.0771107673645 1.8575140237808 1.2799170017242 -2.193528175354 -1.5974762439728 -1.0737178325653 -1.7967057228088 
-0.42482894659042 0.5035462975502 1.1776894330978 0.10078596323729 1.4174772500992 -0.50271880626678 -0.80211496353149 3.4043171405792 1.5454094409943 0.15074695646763 -2.172084569931 -0.29557681083679 2.0913443565369 -1.9646703004837 -2.7174837589264 0.80061936378479 
-1.5396052598953 0.70889043807983 1.2458938360214 1.4553424119949 -1.2391939163208 0.37205392122269 0.65720868110657 1.9611254930496 0.0086745023727417 1.6375873088837 -2.2677788734436 0.29855516552925 1.0534842014313 0.04720413684845 -1.6580302715302 1.5594198703766 
-0.0028914958238602 -2.276971578598 0.13189747929573 -0.38213193416595 1.5336093902588 -0.065324537456036 1.7528890371323 1.333404302597 -0.85259783267975 -0.99134302139282 -0.78017663955688 2.7150166034698 1.4266490936279 -1.8466322422028 -1.6715812683105 0.84764266014099 
-0.44219034910202 0.25782305002213 2.5938258171082 1.3618148565292 -1.828665971756 -0.024996623396873 -0.36981692910194 -0.30531552433968 0.3238300383091 2.5588574409485 0.95821285247803 -0.30542460083961 -0.29015898704529 1.4996787309647 1.3476940393448 1.0892663002014 
-0.95233845710754 -0.56343686580658 2.0207622051239 0.7071368098259 -1.8486387729645 0.14537173509598 1.9072141647339 0.067130759358406 -0.21180522441864 -1.2662243843079 1.6262078285217 1.3223961591721 -0.0023072492331266 0.41522416472435 1.1843140125275 2.1748907566071 
-1.8219698667526 2.9141290187836 0.42564022541046 1.8460525274277 -0.60644149780273 -1.0474951267242 -1.7041363716125 -0.31322422623634 -1.3455939292908 0.96987611055374 0.21114645898342 1.3565697669983 -1.367476940155 0.22852829098701 0.84906435012817 0.89649945497513 
0.75170439481735 -0.59266245365143 1.2422833442688 -0.17241677641869 -0.61138761043549 0.63729268312454 1.391125202179 1.0769866704941 -0.28752616047859 1.23322224617 -0.32949435710907 1.6859838962555 0.64679998159409 -1.0662498474121 -0.8398465514183 2.4162244796753 
2.4151635169983 0.36995702981949 0.029079131782055 0.72660273313522 0.91861426830292 0.36286586523056 -2.5342679023743 -0.96574813127518 1.1062729358673 1.1180087327957 0.81104022264481 -5.3180642127991 -0.57419514656067 -0.057171106338501 1.1810456514359 -2.433620929718 
2.2912619113922 -3.0920045375824 -0.15659569203854 -0.084146022796631 1.0814019441605 0.69320571422577 1.5828001499176 -2.2081718444824 0.2318639755249 -3.0757193565369 0.39938229322433 0.41587322950363 -1.5212336778641 -2.0753202438354 0.94108021259308 -0.23369079828262 
0.17352849245071 -0.72408193349838 0.24602350592613 1.3402156829834 -1.1304469108582 3.1612920761108 1.1632421016693 -0.88180208206177 0.76246094703674 0.14628481864929 2.4539377689362 -0.23195451498032 -1.4672913551331 1.3614509105682 0.98484534025192 -0.56117284297943 
-0.40931722521782 -0.42505213618279 0.85507971048355 0.85824525356293 -0.94165927171707 -1.0525920391083 1.5520062446594 1.5692286491394 -0.74927604198456 1.3072597980499 0.97003054618835 1.7607870101929 0.67880809307098 -1.5182758569717 -1.8029432296753 0.7462192773819 
-0.50237667560577 1.3298659324646 1.309685587883 0.7022767663002 -1.8565045595169 -0.79688394069672 0.6861058473587 0.67403638362885 -1.7242608070374 -0.42251798510551 1.2566411495209 0.98797988891602 -1.1414457559586 0.93103617429733 0.42249846458435 1.6946713924408 
0.28965210914612 -1.2645092010498 1.8799273967743 -1.0933260917664 1.5139331817627 0.4533004462719 0.642653465271 1.0040903091431 1.9574360847473 0.54352116584778 -1.7619066238403 -1.0204478502274 1.8296248912811 -1.5159593820572 0.42425692081451 1.2476637363434 
