10 10
-0.093228101730347 0.41967126727104 -0.49971184134483 -0.20948556065559 -0.43225544691086 -0.88611137866974 1.6970797777176 0.84790021181107 0.7558496594429 -0.042109280824661 
1.094918847084 -0.99762773513794 -0.52423357963562 -0.65031367540359 0.34621268510818 1.4828748703003 0.41742643713951 -1.3877474069595 -0.626080930233 1.0734261274338 
0.90267008543015 2.1784195899963 1.7039338350296 -1.9280064105988 -0.33368721604347 -0.9362456202507 0.44631814956665 0.79760253429413 0.78747797012329 -0.46237194538116 
-0.27091062068939 -0.32668173313141 0.199706569314 -0.36684727668762 0.92665034532547 2.0120174884796 0.28716170787811 -0.0063862949609756 -0.72055685520172 -1.5566755533218 
-1.0478557348251 -1.5404022932053 -1.4851295948029 0.95111244916916 1.3296656608582 2.0477139949799 0.74487662315369 -1.4280633926392 -1.9882726669312 -0.32549715042114 
-0.38502490520477 -0.85960173606873 0.94713485240936 -0.47086882591248 -0.65986132621765 0.44558119773865 1.0477118492126 0.12614530324936 0.29711025953293 -0.46292042732239 
0.39984378218651 0.18553981184959 0.84882146120071 -0.99703359603882 1.3961405754089 2.3391017913818 1.0837707519531 -1.0164730548859 -0.76955103874207 -0.11723268032074 
1.3026983737946 -1.2038748264313 0.31746250391006 1.0191103219986 -1.7820085287094 0.1846918463707 -0.36800819635391 0.016773879528046 0.75272166728973 0.58348554372787 
1.0042414665222 -1.376828789711 -0.75476682186127 2.2629880905151 -0.43590706586838 1.0088896751404 -1.1930675506592 -0.80409955978394 -0.88824832439423 -0.14328843355179 
-1.5928514003754 -1.4650956392288 -0.28758329153061 1.4971095323563 0.34257739782333 0.63181793689728 -2.1292963027954 0.54762196540833 -0.2322038859129 -2.182861328125 
