16 16
64.136352539062 -32.561206817627 271.87298583984 -139.85327148438 -61.363368988037 241.11061096191 107.42761230469 144.87075805664 -89.459083557129 110.40293884277 268.44573974609 20.135189056396 134.4602355957 -92.772895812988 -94.242706298828 162.15425109863 
-56.207389831543 241.48110961914 203.50975036621 118.27849578857 -129.01350402832 -187.37022399902 192.69833374023 286.50036621094 25.587369918823 -195.58589172363 6.9961242675781 -160.86825561523 173.79708862305 46.711898803711 -58.420753479004 -195.74975585938 
60.59880065918 138.82754516602 122.28048706055 -102.15850830078 -42.526557922363 -164.12841796875 -72.328826904297 44.032054901123 12.890452384949 146.39535522461 133.76957702637 -98.000679016113 79.03296661377 32.441120147705 -234.36706542969 72.575874328613 
-137.97784423828 220.10176086426 25.881610870361 33.30689239502 40.439903259277 -92.141815185547 -128.39611816406 -46.262897491455 -290.08819580078 82.9638671875 -46.783771514893 123.5086517334 -11.591178894043 -151.64022827148 -101.10697174072 -84.935638427734 
163.78259277344 -65.933837890625 180.35092163086 -21.393236160278 9.6230583190918 68.598556518555 -28.487579345703 -20.43155670166 -158.13381958008 5.8370666503906 38.218486785889 -65.897125244141 20.858833312988 16.782928466797 -259.12796020508 29.635660171509 
-27.438640594482 31.398113250732 -40.486099243164 -169.55615234375 -25.875873565674 -87.286117553711 -6.035327911377 -297.46212768555 228.75860595703 114.47856140137 -97.674629211426 -43.758224487305 93.551712036133 59.372825622559 -41.150936126709 111.59571838379 
100.23330688477 154.22808837891 5.5486068725586 62.815021514893 -172.23751831055 124.69927215576 -285.77517700195 -294.4362487793 -75.343307495117 -280.55438232422 -109.29838562012 -92.165084838867 33.523460388184 28.545707702637 -5.5803203582764 18.483261108398 
-140.62487792969 166.80383300781 -65.630737304688 -7.954174041748 -87.197937011719 170.60801696777 -157.84536743164 -202.25819396973 110.4953918457 -50.372932434082 28.312225341797 0.36999130249023 84.396835327148 -19.04866027832 58.635662078857 106.98769378662 
50.402347564697 -196.71211242676 -170.80067443848 152.17413330078 103.71887207031 -269.56378173828 71.34139251709 -11.978120803833 45.453899383545 -10.243087768555 -254.46533203125 -158.89212036133 -121.07340240479 213.83169555664 25.26104927063 -193.43013000488 
-32.829933166504 30.9958152771 -12.0797290802 170.90901184082 -153.52590942383 -49.551597595215 132.41836547852 182.61405944824 82.567497253418 210.54762268066 17.057319641113 -262.56213378906 115.6907043457 115.78993225098 -249.03071594238 -279.35882568359 
-212.28674316406 353.42337036133 137.2805480957 152.53210449219 -84.089012145996 -158.58590698242 153.45108032227 -28.374820709229 10.118173599243 -135.61277770996 -205.90710449219 6.5933513641357 290.59494018555 -92.927581787109 81.169738769531 -92.18968963623 
-44.205055236816 -5.1659803390503 159.13212585449 -31.853345870972 101.60713195801 21.86058807373 97.043411254883 -35.036052703857 70.277732849121 -98.415054321289 -204.15130615234 15.739923477173 52.955642700195 -106.75874328613 -32.501476287842 231.35208129883 
222.13717651367 -96.421165466309 -0.23093795776367 56.591400146484 33.773090362549 86.150726318359 -151.84869384766 44.460231781006 -36.136436462402 -173.04762268066 109.69380187988 88.013793945312 -84.518051147461 187.58851623535 -93.421119689941 -65.912414550781 
65.786430358887 -92.522994995117 -280.93218994141 212.74212646484 122.76891326904 38.91268157959 -129.94320678711 -88.711097717285 -27.147117614746 -95.177398681641 -2.887038230896 148.94961547852 -216.13954162598 118.2593536377 74.359329223633 2.0684070587158 
78.207550048828 -97.734748840332 -191.50839233398 80.128135681152 -9.9601230621338 151.37707519531 -6.953197479248 1.0046808719635 162.63500976562 322.83908081055 174.6060333252 46.78897857666 109.91690063477 -13.408729553223 -221.80233764648 18.532779693604 
29.473352432251 -68.451690673828 -371.69110107422 17.685981750488 -56.523975372314 81.58625793457 -285.05041503906 -135.21600341797 -38.060676574707 -11.019435882568 -30.438018798828 194.46243286133 -167.15817260742 -28.946598052979 309.36996459961 -164.86149597168 
