10 10
152.5041809082 141.61274719238 -91.519149780273 -63.582572937012 -89.665016174316 -18.302757263184 122.01094055176 27.48491859436 67.752807617188 -14.775012969971 
-31.454967498779 -87.790519714355 -141.08662414551 -6.8837728500366 -21.974075317383 135.17016601562 -46.917095184326 -3.3488826751709 34.959884643555 -22.446727752686 
-14.633319854736 19.080528259277 23.915409088135 -13.676198005676 -52.643482208252 -56.378036499023 13.624076843262 132.97303771973 23.065546035767 23.237972259521 
199.11825561523 266.15185546875 -101.44367218018 -47.146518707275 -204.12725830078 -145.37951660156 16.980484008789 10.212005615234 -31.681158065796 -37.715293884277 
-79.167182922363 -182.49493408203 47.268821716309 23.348247528076 -125.07085418701 137.08074951172 9.4649047851562 -29.14387512207 93.976821899414 -180.26031494141 
-4.8322067260742 85.090896606445 8.0899600982666 -100.72759246826 109.53729248047 -95.341026306152 176.24626159668 42.83109664917 -71.473518371582 -37.675567626953 
150.05355834961 143.31146240234 -235.99678039551 -161.37608337402 -170.65869140625 -102.59633636475 186.3355255127 -114.56171417236 1.1418285369873 -42.776374816895 
68.408576965332 52.912223815918 -52.217819213867 29.774866104126 -69.493675231934 2.3806762695312 -9.8213729858398 -23.62264251709 225.08885192871 -205.96157836914 
-157.32180786133 -254.88383483887 -93.512237548828 26.334178924561 -161.33911132812 216.13999938965 3.0458564758301 39.552421569824 49.786834716797 -86.810668945312 
-52.295673370361 -35.234176635742 -199.60559082031 -135.61956787109 73.010444641113 107.50337219238 139.23265075684 70.450866699219 -39.543724060059 76.985069274902 
