10 10
-2488.2890625 -5522.8740234375 -15520.185546875 7172.814453125 -3715.1755371094 -4940.580078125 2966.9357910156 18288.091796875 -5033.9794921875 -8215.6044921875 
16280 7465.8256835938 -4448.400390625 2933.5612792969 -7679.703125 5477.4208984375 716.14672851562 -621.28424072266 -19472.75 14133.690429688 
-1925.0100097656 7343.9487304688 10425.954101562 12897.059570312 -7347.662109375 -5290.0688476562 20188.064453125 9519.7265625 4730.6479492188 26616.3515625 
2777.9182128906 8853.2041015625 22119.11328125 -8579.171875 -963.01977539062 2667.0048828125 14805.225585938 -760.92901611328 11347.3828125 15743.424804688 
4583.2900390625 9337.2705078125 -1606.234375 25117.12109375 6652.365234375 -63.838623046875 -13950.588867188 18280.498046875 -16022.299804688 -1665.7587890625 
6484.6669921875 -618.51049804688 -17526.322265625 -13086.87109375 16025.7421875 -9527.8740234375 -9902.3759765625 3703.5942382812 -5483.2265625 -20794.265625 
-13948.419921875 1760.1479492188 -727.7568359375 -2679.8383789062 6530.0791015625 29.84716796875 -299.5185546875 -6723.3095703125 -3755.9560546875 -11893.75390625 
9417.236328125 1765.6083984375 -1053.3129882812 9840.546875 7475.046875 6269.7158203125 -17350.927734375 22443.83203125 -23779.201171875 -14275.84765625 
-6372.4931640625 -2290.4228515625 17959.197265625 -18088.416015625 -10539.462890625 23931.142578125 6589.2885742188 -24871.890625 17797.8046875 5577.7622070312 
-14539.192382812 1721.5498046875 -1656.8419189453 25222.083984375 -11626.47265625 -2213.80859375 10542.834960938 9395.9892578125 -744.42456054688 9059.328125 
