16 16
-18613.92578125 -25765.16796875 25919.203125 -17173.021484375 12033.521484375 14822.370117188 10796.8203125 18316.76953125 17187.181640625 -11788.963867188 -4230.2680664062 -8259.0068359375 6137.0498046875 8487.9609375 7882.4770507812 25449.642578125 
5851.3071289062 -10401.124023438 10357.022460938 -6337.9868164062 7651.6474609375 4728.9282226562 1391.2834472656 -11013.342773438 22816.89453125 -1401.458984375 7308.873046875 9100.6396484375 15136.28125 4587.0654296875 -1356.1071777344 16565.6875 
-13133.974609375 -3335.9458007812 25952.640625 1243.376953125 4529.7548828125 -6531.3022460938 4711.7744140625 -989.916015625 -3742.3654785156 -17999.296875 -2112.7163085938 -35280.2734375 4736.6684570312 6555.2197265625 7240.6772460938 1759.8408203125 
-1570.4680175781 -2236.1032714844 6404.7446289062 -1885.0949707031 -11712.18359375 1694.0285644531 17264.609375 18427.619140625 -793.8779296875 -1140.9415283203 -20025.53125 -27864.599609375 -4822.8022460938 4744.33984375 -5707.5888671875 11513.390625 
4027.068359375 -7617.814453125 -5065.1186523438 223.7568359375 14369.244140625 -8861.474609375 3372.5317382812 10402.140625 9327.849609375 13142.111328125 19465.94140625 17176.6796875 7274.0903320312 -8415.8896484375 -1551.423828125 16708.892578125 
12089.22265625 -6367.318359375 -3794.2236328125 2225.2082519531 -22705.376953125 1088.2595214844 -6447.3442382812 -10818.0625 -10193.263671875 -27669.009765625 -9312.552734375 4904.0166015625 21581.87890625 -3507.7248535156 331.11083984375 -2562.6701660156 
-19379.015625 12210.372070312 -15057.067382812 13981.103515625 -21135.494140625 -13678.923828125 -2182.7802734375 14459.240234375 -4408.1923828125 23141.76953125 -20762.603515625 -22324.234375 -12631.909179688 18888.49609375 8118.40625 -6830.7578125 
-21602.15234375 -19378.365234375 334.27490234375 13023.288085938 -12271.501953125 -447.38848876953 5974.9951171875 37430.5546875 -3591.7985839844 7174.7119140625 -23929.115234375 -21097.873046875 -12653.3671875 6562.9755859375 -2935.9189453125 5040.125 
-18182.947265625 21047.80078125 6228.1650390625 -29116.591796875 10232.493164062 -1755.3392333984 -10916.3046875 -6654.2333984375 8839.439453125 99.320556640625 4647.5439453125 4794.3359375 -17183.783203125 5419.408203125 22617.759765625 -16751.044921875 
-5963.9912109375 15502.337890625 4753.1674804688 -24736.353515625 19757.73046875 10077.770507812 -15973.646484375 -6577.3681640625 -287.48461914062 -10153.873046875 8057.17578125 8153.376953125 2469.3576660156 1051.8920898438 16938.15234375 -15836.25390625 
-6293.7646484375 17177.0078125 -9350.7451171875 -5045.7456054688 3611.5424804688 -3891.5751953125 -5335.1254882812 -282.1865234375 6149.822265625 30248.060546875 -4734.5615234375 -12830.573242188 2608.220703125 16980.748046875 19883.6953125 9074.5859375 
-5336.3901367188 6302.6572265625 -13968.76953125 5475.5458984375 -14930.28125 9093.0009765625 -12334.049804688 -457.43594360352 -1780.0817871094 13349.692382812 -3851.0112304688 12969.287109375 12654.603515625 20461.853515625 2676.892578125 8677.3955078125 
15276.928710938 407.52563476562 -5325.0888671875 3123.3608398438 7786.7563476562 -7386.3525390625 18633.208984375 -18979.662109375 22124.283203125 5055.3251953125 16940.98828125 19767.900390625 -14142.506835938 -6149.8432617188 -19360.484375 -1871.0833740234 
288.0205078125 -14931.43359375 -16258.349609375 8978.1103515625 -9415.2041015625 2752.6313476562 2365.5146484375 15058.80078125 6905.072265625 7769.4614257812 -5375.130859375 24282.1640625 -13629.471679688 -11888.319335938 -20560.751953125 8413.12109375 
-3174.626953125 7155.3232421875 -4677.9741210938 20751.701171875 7427.7294921875 3730.7790527344 -3897.5981445312 2605.1235351562 -9886.236328125 16701.640625 -10277.65234375 -31986.392578125 -9763.0576171875 13482.036132812 -9025.076171875 -4189.6494140625 
8325.408203125 4058.5141601562 5145.0346679688 -15097.467773438 6387.029296875 -11159.377929688 20514.56640625 5757.2841796875 8603.236328125 -8551.3369140625 4114.5844726562 -7967.4379882812 -8714.9912109375 -11844.470703125 866.55987548828 -4840.7172851562 
