1.0588862133057e-06
1.0218998429743e-06
1.0271126523386e-06
9.9718902022276e-07
1.0352379529134e-06
1.0240605824801e-06
1.0120283666447e-06
1.0194508943734e-06
1.0100185805801e-06
1.0358823580905e-06
1.0121768602135e-06
9.9042537661292e-07
1.0865712171396e-06
1.0093091873298e-06
1.0113966012526e-06
9.8762329433308e-07
1.0386194673216e-06
1.0210896669224e-06
9.7880426105678e-07
1.0540513045618e-06
9.9481578070481e-07
9.8979324033346e-07
1.0274583877498e-06
1.0408191116729e-06
9.6962305326935e-07
1.0477086783188e-06
9.8824240512195e-07
1.0504813155008e-06
9.8177421216758e-07
1.0188349807883e-06
1.0383448845334e-06
1.0143924499699e-06
1.0191909171152e-06
1.0319100882912e-06
1.0004853879987e-06
1.0266743112118e-06
1.0327441054884e-06
9.667914581851e-07
9.9375348270205e-07
1.0144874157922e-06
9.9177538751995e-07
1.0076471029597e-06
1.027395782023e-06
1.0142322063629e-06
1.0085280055699e-06
1.0722411640135e-06
9.8829367624142e-07
1.0294568767761e-06
1.0208522292356e-06
1.0217508495711e-06
1.0431265066997e-06
1.0139940415614e-06
1.035489830856e-06
1.0372753276452e-06
1.0451467234487e-06
1.03156178464e-06
9.9194771202724e-07
1.0333094443523e-06
1.0439217249492e-06
1.0048355879048e-06
9.8636142818185e-07
1.0537832658983e-06
1.0392683770164e-06
1.0491275844365e-06
9.891003737234e-07
9.8761635580333e-07
9.9121396321736e-07
1.0210795589488e-06
1.025911323291e-06
1.0148589664808e-06
1.0020690883887e-06
1.0059415521651e-06
1.031458088218e-06
1.0225449504268e-06
9.9722233537093e-07
9.7464333185844e-07
1.0417734216405e-06
1.0098698571077e-06
1.0343621811195e-06
1.0624861585286e-06
1.0511402927921e-06
1.0261509051637e-06
1.0456729902142e-06
9.9524345062146e-07
1.0224543183484e-06
1.0369738149676e-06
1.0037927795696e-06
1.0301395750541e-06
1.006527154433e-06
9.9458005056948e-07
1.0493021752214e-06
1.0009793245826e-06
1.0143799562391e-06
1.0170789618607e-06
1.0428436281634e-06
1.0246192358986e-06
9.9994176281781e-07
9.9857872711169e-07
1.0128305894016e-06
