1.4936663489482e-07
1.2335199939049e-07
1.4748659706712e-07
1.3833628056124e-07
1.2125207403687e-07
1.3332126231867e-07
1.3687744752289e-07
1.2212440295583e-07
1.4325017780771e-07
1.3576238871813e-07
1.3999302954935e-07
1.2809941046212e-07
1.5706960980549e-07
1.6406580735487e-07
1.3889872837321e-07
1.4808040530555e-07
1.2454265865041e-07
1.2179168807076e-07
1.2305608365448e-07
1.2648473616826e-07
1.3034943266223e-07
1.3176608844102e-07
1.4951414352817e-07
1.2315944967455e-07
1.279282021747e-07
1.3133546043412e-07
1.4309457031842e-07
1.3271619643176e-07
1.5029407609765e-07
1.3420567872577e-07
1.559849160035e-07
1.1160608510595e-07
1.5209155745517e-07
1.3436444792815e-07
1.3168949891228e-07
1.3421008900708e-07
1.5311334668923e-07
1.5708802689578e-07
1.4917229708832e-07
1.4114996605278e-07
1.3098293716863e-07
1.505359275967e-07
1.1459366162175e-07
1.2532977792906e-07
1.3028706290211e-07
1.4363196516293e-07
1.2534101957968e-07
1.4061888834894e-07
1.2228982675068e-07
1.3254065486322e-07
1.3700953294913e-07
1.2591859244635e-07
1.1786442357507e-07
1.2841551490358e-07
1.6860146699027e-07
1.3825645482986e-07
1.505258379722e-07
1.46252057067e-07
1.4057323653224e-07
1.5167273407732e-07
1.1005403229972e-07
1.3614374245518e-07
1.4621166493489e-07
1.5267913644139e-07
1.2738237282507e-07
1.431870657468e-07
1.4357779590153e-07
1.4278822407238e-07
1.4434326743509e-07
1.2758989121927e-07
1.4344328730738e-07
1.4628477354416e-07
1.1659736713778e-07
1.6203080738144e-07
1.4782832037113e-07
1.3321071321643e-07
1.3629987732662e-07
1.5337527820693e-07
1.6541919411596e-07
1.2442294785162e-07
1.3560429615e-07
1.502849196703e-07
1.3399531755728e-07
1.5058186650662e-07
1.3534830122939e-07
1.491921748872e-07
1.3051022887832e-07
1.166246819734e-07
1.4755785456788e-07
1.259407179949e-07
1.3998342854295e-07
1.4798764260619e-07
1.410883607835e-07
1.3451956244603e-07
1.2989478332281e-07
1.3843554498504e-07
1.2345410090895e-07
1.4099452194528e-07
1.397362933842e-07
