1.1033554175129e-08
1.0685071841953e-08
1.0096651835732e-08
1.1661889079231e-08
1.2788172432917e-08
1.3441499520806e-08
1.3486501436145e-08
1.3279965090447e-08
1.143151559668e-08
1.1219915714161e-08
1.2523117012434e-08
1.2732476240968e-08
1.228356725378e-08
1.4286294155374e-08
1.2399068927657e-08
1.214376542212e-08
1.0622684724969e-08
1.2385785459412e-08
1.1026589687497e-08
1.3224193425511e-08
1.2135391389904e-08
1.150401035043e-08
1.3888632415846e-08
1.4683485087136e-08
1.2379672534673e-08
1.388032067742e-08
1.1291301394361e-08
1.2312010897778e-08
1.3222117130304e-08
1.1643058671006e-08
1.3856204655389e-08
1.1490263167192e-08
1.230706032142e-08
1.2788405195072e-08
1.3145445083959e-08
1.1019013347959e-08
9.8713321228423e-09
1.253081775036e-08
1.3211828897444e-08
1.3477124405828e-08
1.411347863451e-08
1.0835185860128e-08
1.0967242033546e-08
1.1395550320236e-08
1.3502207739703e-08
1.5361185301684e-08
1.2076704907516e-08
1.0485266947299e-08
1.262433665337e-08
1.2638670017394e-08
1.0706473884461e-08
1.082667650819e-08
1.4223661573311e-08
1.2918053032911e-08
1.2306946367011e-08
1.214999847951e-08
1.1874447582442e-08
1.2806577937831e-08
1.2709139623471e-08
1.2801441370413e-08
1.259693655076e-08
1.10215493642e-08
1.3466992380034e-08
1.2618455779598e-08
1.1880930069314e-08
1.1753863301258e-08
1.3894883923213e-08
1.2320486754329e-08
1.1080968858626e-08
1.0902575713155e-08
1.2220531283469e-08
1.3209817666194e-08
1.2435353736505e-08
1.0732249397473e-08
1.4937406328903e-08
1.4004107168059e-08
1.1342307693207e-08
1.1702901011139e-08
1.260496640638e-08
1.222112653911e-08
1.4804153592627e-08
1.0805045638018e-08
1.1314853922654e-08
1.0593167226501e-08
1.3005806627761e-08
1.1284805327895e-08
1.0221664278095e-08
1.1109477320312e-08
9.8311329990026e-09
1.2853780691103e-08
1.2609068711825e-08
1.0764386361851e-08
1.323121687161e-08
1.2048359392711e-08
1.0942881152146e-08
1.3858721511699e-08
1.1234977608966e-08
1.2000638659945e-08
1.426974002941e-08
