7.060990554579e-08
7.029812144634e-08
7.0585997664768e-08
7.0486218686932e-08
7.0668377402979e-08
7.049576080463e-08
7.1001023135612e-08
7.0183072863151e-08
7.0021868287798e-08
7.0128029117836e-08
7.0204307940237e-08
7.0825593982085e-08
7.0304945679892e-08
7.0736993102184e-08
7.0666069206763e-08
7.0355970785757e-08
7.1018865955556e-08
7.0269406184315e-08
7.0086924326189e-08
7.001119254289e-08
7.0373475941667e-08
7.0119237926727e-08
7.0173275467052e-08
6.9829913721588e-08
6.9961410842644e-08
7.0624267500704e-08
7.0238408498736e-08
7.0087559916393e-08
7.0834813015688e-08
6.9588961392841e-08
7.0531248451889e-08
6.9992251777096e-08
7.0013595749345e-08
6.9869977794468e-08
7.0277989170123e-08
6.988014574039e-08
6.9992420484091e-08
7.0256136070124e-08
7.0499697871876e-08
7.0834715659813e-08
7.0282425865573e-08
7.025711463491e-08
7.0496955693132e-08
7.028468843961e-08
6.9688501978501e-08
7.0711304250244e-08
7.0060092426286e-08
7.0053729738761e-08
7.0489086981332e-08
6.9682097468957e-08
7.0327788200328e-08
7.0112927579685e-08
7.0077216917735e-08
7.0589082469912e-08
7.0194651446128e-08
7.0171544362784e-08
7.0293689165175e-08
7.042630087676e-08
7.0368374108815e-08
7.0351213985178e-08
7.0060658391592e-08
7.0215382450503e-08
7.0305653868906e-08
7.041240433625e-08
6.9759120682488e-08
7.002724048378e-08
7.0426301653185e-08
7.0807345913713e-08
7.0379828637872e-08
7.0397028589555e-08
7.0228810382507e-08
7.0332465675142e-08
7.0931075149635e-08
7.022038239623e-08
7.0969511450232e-08
7.0476019143496e-08
7.0660172443678e-08
6.993392514545e-08
6.9866659859747e-08
7.0587671543744e-08
7.0124951459237e-08
7.1031917620844e-08
6.950505516223e-08
7.0041620161045e-08
7.0137818425049e-08
7.0122178747776e-08
7.0042717630337e-08
7.053041206688e-08
7.0446408753449e-08
7.0610070120194e-08
7.0366140968863e-08
7.0420723504216e-08
7.0170287090628e-08
6.9844982164319e-08
7.0265060431211e-08
7.0469341031789e-08
6.9777163663878e-08
7.0050988402288e-08
7.036804394458e-08
