9.1384163534384e-09
9.4527362928872e-09
9.0509983865141e-09
9.3524029137541e-09
9.392542901134e-09
9.1274649295383e-09
9.2720936347695e-09
9.083340973813e-09
9.7388170899859e-09
9.5050398799769e-09
9.3405122090054e-09
9.4066169968891e-09
9.3255343514049e-09
9.0294377720482e-09
9.3154745576739e-09
9.4944626013946e-09
9.621984044525e-09
9.2821034933493e-09
9.1107323420421e-09
9.2376541957425e-09
9.5489922963136e-09
9.4185669651737e-09
9.4735426988258e-09
9.2327757444961e-09
9.5568474312383e-09
9.054860760286e-09
9.4040715933279e-09
9.5218042649579e-09
9.181358913945e-09
9.2596913356306e-09
9.6380477194661e-09
9.2920615993696e-09
9.069330393274e-09
9.2316965899027e-09
9.1865017259893e-09
9.2411359411184e-09
9.6046305948891e-09
9.0791713766693e-09
9.2462160948397e-09
9.276715501799e-09
9.1972816725603e-09
9.2071896062519e-09
9.4574568613519e-09
9.3170087685611e-09
9.321295958105e-09
9.2785919157516e-09
9.172230609522e-09
9.5758953853306e-09
9.1340350638624e-09
9.2600803764011e-09
9.1566646905074e-09
9.4428018696399e-09
9.3762821735501e-09
9.3261175078213e-09
9.1510766687515e-09
9.1631893233287e-09
9.2853636771408e-09
9.5237264297632e-09
9.0501825764403e-09
9.5042074266744e-09
9.1893599476426e-09
9.2589621587413e-09
9.3673884429261e-09
9.5286331881458e-09
9.3275446547236e-09
9.2933065825635e-09
9.7603091649239e-09
9.2656733248757e-09
9.1577703887376e-09
9.4205845953892e-09
9.2931522465596e-09
9.5278605522851e-09
9.4101014147934e-09
9.3963689388562e-09
9.3418946471816e-09
9.4098068790509e-09
9.2857087332407e-09
9.5011402099645e-09
9.0171661504951e-09
9.2151775423448e-09
9.4175388007408e-09
9.0664808070187e-09
9.2093527207919e-09
9.5580650734696e-09
9.2424110578128e-09
9.3517183480871e-09
9.1178425201337e-09
9.2835846401047e-09
9.4937863404806e-09
9.338073016838e-09
9.1865296706631e-09
9.1801402927418e-09
9.2329354014187e-09
9.2027053742345e-09
9.2537467289584e-09
9.4517887932818e-09
9.44742219048e-09
9.557837714277e-09
9.2109156811038e-09
